1000
0 121243.00
1 121090.89
2 120984.08
3 121026.99
4 121026.99
5 121040.11
6 121060.13
7 121082.07
8 121030.09
9 121065.86
10 120944.98
11 121014.83
12 120980.02
13 121011.02
14 121068.00
15 121039.15
16 121065.14
17 121062.04
18 121050.12
19 121067.05
20 121058.94
21 121070.15
22 121060.13
23 121037.01
24 120975.02
25 121043.92
26 121064.90
27 121049.17
28 120969.06
29 121041.06
30 121038.20
31 121031.05
32 120985.03
33 121024.13
34 121028.90
35 120984.08
36 121053.93
37 121069.91
38 121055.13
39 121066.09
40 121052.98
41 121059.89
42 121043.92
43 121052.98
44 121073.96
45 121056.08
46 121086.12
47 121040.11
48 121048.93
49 121044.87
50 121045.11
51 121002.91
52 120999.10
53 121067.05
54 121069.19
55 121067.05
56 121067.05
57 121066.09
58 121037.96
59 121037.01
60 121049.88
61 121054.89
62 121050.83
63 121071.82
64 120949.98
65 121035.10
66 121073.01
67 121047.02
68 121069.91
69 121044.16
70 121073.01
71 121049.17
72 120987.89
73 121014.83
74 121075.87
75 121066.09
76 121025.09
77 121068.00
78 121065.14
79 121122.84
80 121063.95
81 121018.89
82 121068.00
83 121032.95
84 121031.05
85 121037.96
86 121052.98
87 121059.89
88 121053.93
89 121061.09
90 121060.85
91 121057.03
92 121060.13
93 120905.16
94 121124.98
95 121104.96
96 121072.05
97 120920.90
98 121009.11
99 120962.86
100 121001.01
101 120983.12
102 121014.83
103 121091.13
104 121037.96
105 121372.22
106 120973.11
107 121412.99
108 122350.93
109 123507.98
110 120686.05
111 121864.80
112 121745.11
113 123487.00
114 123401.88
115 123523.00
116 125119.21
117 122596.03
118 123382.81
119 124331.00
120 124987.13
121 123410.94
122 124630.93
123 125426.05
124 124228.00
125 122746.94
126 125275.85
127 122762.92
128 123158.22
129 122573.85
130 123180.15
131 123270.99
132 123860.84
133 125490.90
134 122972.01
135 122736.93
136 122776.03
137 122754.81
138 123431.92
139 122441.05
140 123460.05
141 122462.03
142 122535.94
143 123495.10
144 122771.98
145 122751.00
146 123373.99
147 122392.18
148 122470.14
149 122292.04
150 124104.02
151 123255.01
152 124067.78
153 122481.82
154 122601.03
155 122560.98
156 122531.89
157 122471.81
158 123462.92
159 123408.08
160 122651.10
161 123409.03
162 123423.10
163 122707.84
164 123400.93
165 122740.03
166 122035.03
167 123496.06
168 122385.03
169 124327.18
170 123863.94
171 122626.07
172 122860.91
173 122910.98
174 122074.13
175 123776.91
176 122972.01
177 122148.99
178 123037.10
179 122101.07
180 123306.99
181 123844.86
182 123188.02
183 122257.95
184 123242.14
185 122891.19
186 123960.02
187 123252.87
188 122195.01
189 122356.89
190 123014.21
191 122991.09
192 123095.04
193 123469.11
194 123715.88
195 124424.93
196 124525.07
197 122861.15
198 124348.16
199 122567.89
200 122350.93
201 122380.97
202 124683.86
203 123112.92
204 123734.00
205 122421.03
206 124129.06
207 124240.88
208 123628.85
209 123352.05
210 122087.96
211 122806.07
212 122596.03
213 122153.04
214 122843.98
215 122993.95
216 124114.99
217 123862.98
218 123885.87
219 124014.14
220 123155.83
221 122920.04
222 122679.00
223 121871.95
224 124373.91
225 122776.03
226 122611.05
227 123531.10
228 122605.09
229 124303.10
230 123592.85
231 123475.79
232 122138.02
233 122984.89
234 124391.08
235 123131.04
236 122311.83
237 123218.06
238 123526.10
239 122836.11
240 123569.01
241 122662.07
242 124973.06
243 123214.01
244 122295.14
245 122353.08
246 123121.98
247 122971.06
248 122833.01
249 122141.12
250 123089.79
251 123615.98
252 123018.98
253 122444.87
254 122796.06
255 122788.91
256 122941.97
257 123651.03
258 122883.80
259 123898.98
260 123121.98
261 123312.95
262 123167.04
263 123312.00
264 122330.19
265 125032.19
266 123230.93
267 123346.09
268 122692.11
269 122638.94
270 124274.02
271 122586.01
272 124094.01
273 123485.80
274 122499.94
275 122463.94
276 122232.91
277 123214.01
278 124946.12
279 124967.10
280 123659.13
281 122142.79
282 122832.06
283 124358.18
284 123561.86
285 122563.12
286 122758.15
287 123281.00
288 122830.15
289 122838.02
290 122740.98
291 123039.01
292 123618.84
293 122843.03
294 123105.05
295 123245.00
296 123312.00
297 123077.15
298 123538.02
299 122714.04
300 122653.96
301 122873.07
302 124287.13
303 124565.12
304 125406.03
305 124168.16
306 123173.00
307 122999.19
308 123926.88
309 122848.03
310 123631.00
311 122759.82
312 123795.03
313 122766.02
314 123146.06
315 123202.09
316 123211.86
317 123968.12
318 122580.05
319 123291.02
320 122516.16
321 122651.10
322 122176.89
323 125113.01
324 121950.86
325 123530.86
326 122765.06
327 122736.93
328 125306.84
329 123703.00
330 123390.91
331 123524.90
332 122823.95
333 123697.04
334 125351.19
335 122824.19
336 123893.98
337 122279.17
338 123805.05
339 122217.89
340 123378.04
341 123413.09
342 123340.85
343 123344.90
344 123621.94
345 123683.93
346 122806.07
347 123440.03
348 123676.78
349 123542.07
350 123498.92
351 123728.04
352 122487.07
353 124015.09
354 123198.03
355 123047.11
356 123530.15
357 123224.02
358 123029.95
359 121881.96
360 121925.12
361 122095.11
362 122301.10
363 121898.89
364 122311.12
365 122292.04
366 122093.92
367 122161.87
368 122331.86
369 121999.03
370 122358.08
371 122176.89
372 122437.00
373 122375.01
374 122598.17
375 122291.09
376 122565.98
377 122128.96
378 122627.02
379 122452.97
380 122103.93
381 122175.93
382 122023.11
383 122051.00
384 122421.03
385 122509.00
386 122597.93
387 122297.05
388 122380.02
389 121917.96
390 122541.19
391 122629.88
392 122504.95
393 122680.19
394 122189.04
395 122364.04
396 122405.05
397 122283.94
398 122116.09
399 122799.87
400 122379.06
401 122714.04
402 122415.07
403 122335.91
404 122173.07
405 122336.86
406 122002.84
407 122517.82
408 122095.82
409 122339.01
410 122382.88
411 122486.83
412 122569.08
413 122123.96
414 122895.00
415 122300.86
416 122441.05
417 122710.94
418 122553.11
419 122025.01
420 121784.93
421 122051.95
422 122476.82
423 122260.09
424 122195.01
425 122267.96
426 122176.89
427 122110.13
428 122385.03
429 122403.86
430 122082.00
431 122549.06
432 122483.02
433 122121.81
434 122360.94
435 122076.99
436 122350.93
437 122667.07
438 122149.94
439 122367.86
440 122704.98
441 122121.10
442 122830.87
443 122823.00
444 122080.80
445 122768.88
446 122074.13
447 122559.07
448 122392.89
449 122368.10
450 122001.89
451 121178.87
452 121798.04
453 120905.16
454 121028.90
455 121008.87
456 120954.99
457 120877.03
458 120999.81
459 121049.17
460 120677.95
461 120933.77
462 120841.03
463 120937.11
464 120914.94
465 120921.13
466 121084.93
467 120870.83
468 121104.96
469 120837.93
470 120850.09
471 121104.96
472 121141.20
473 120854.85
474 121059.89
475 120782.85
476 120913.98
477 120745.18
478 120805.98
479 120882.03
480 120863.91
481 120699.88
482 120890.14
483 120735.17
484 120863.20
485 121104.96
486 120668.89
487 121088.03
488 120636.94
489 120777.85
490 120912.79
491 120741.13
492 120796.92
493 120937.82
494 120874.17
495 120846.03
496 120798.11
497 120827.91
498 120922.80
499 121142.86
500 120796.92
501 120839.83
502 121024.85
503 120733.02
504 120865.11
505 120857.00
506 120866.78
507 120754.00
508 121182.20
509 120970.01
510 121068.00
511 120874.17
512 120984.08
513 120977.88
514 120904.21
515 121237.04
516 121000.05
517 120744.94
518 120804.07
519 120831.01
520 120739.94
521 121006.01
522 121004.10
523 121020.79
524 120868.92
525 121195.08
526 121038.91
527 121316.91
528 120713.00
529 120984.08
530 120754.96
531 120829.11
532 120824.10
533 120820.05
534 121021.99
535 121128.08
536 121001.01
537 121046.78
538 120766.16
539 121062.99
540 121013.16
541 120746.14
542 121098.04
543 120846.99
544 120945.93
545 121109.96
546 120781.18
547 121073.96
548 120966.91
549 120852.95
550 120913.98
551 120808.12
552 120782.14
553 121216.06
554 120997.91
555 121057.99
556 120805.98
557 120939.02
558 120855.09
559 120806.22
560 120840.07
561 120939.02
562 120782.85
563 120826.01
564 120720.86
565 121035.10
566 120870.11
567 121015.07
568 120718.00
569 120912.08
570 121024.13
571 120687.96
572 120855.09
573 121005.06
574 120913.98
575 120813.13
576 121099.00
577 120815.04
578 120890.86
579 120785.00
580 120879.89
581 121150.97
582 120716.81
583 121047.02
584 120707.99
585 120732.07
586 121021.03
587 121029.85
588 120836.97
589 120846.99
590 120934.01
591 120827.91
592 120803.12
593 120793.10
594 120964.05
595 121104.00
596 120726.11
597 121159.79
598 120798.11
599 120785.95
600 120779.99
601 120992.90
602 120855.09
603 121024.85
604 120767.83
605 121036.05
606 120837.93
607 121098.04
608 120909.93
609 120775.94
610 121109.96
611 120800.97
612 121032.00
613 120790.96
614 121109.96
615 120691.06
616 120824.81
617 120864.87
618 120805.98
619 121039.87
620 121043.92
621 120850.09
622 120837.93
623 120861.05
624 120942.83
625 120946.17
626 120970.01
627 120738.98
628 121008.16
629 121097.09
630 120661.02
631 121139.05
632 121005.06
633 120954.99
634 120979.07
635 120750.90
636 120785.00
637 121099.95
638 120833.16
639 120969.06
640 120952.13
641 121171.95
642 120944.98
643 120870.11
644 121132.14
645 121091.13
646 120711.09
647 120920.18
648 120905.16
649 120929.96
650 121145.96
651 120828.87
652 120849.85
653 120738.03
654 121041.06
655 120877.03
656 120836.02
657 120986.94
658 121078.01
659 120766.88
660 120818.85
661 120792.87
662 120774.03
663 120779.99
664 120867.01
665 121131.90
666 120857.95
667 120772.12
668 120865.11
669 120890.86
670 120960.95
671 120677.95
672 120979.07
673 120882.03
674 120743.04
675 120831.97
676 121090.89
677 120932.10
678 120780.94
679 121150.97
680 120762.11
681 121091.84
682 120797.87
683 120981.22
684 120855.09
685 120702.03
686 120971.92
687 120707.99
688 120790.00
689 121151.21
690 120870.83
691 120898.96
692 121062.04
693 120646.95
694 120686.05
695 120723.96
696 120881.08
697 120909.93
698 121009.11
699 121070.86
700 120687.01
701 120702.98
702 121071.10
703 121000.05
704 120715.14
705 121094.94
706 120781.90
707 120790.00
708 121165.99
709 120981.93
710 120897.77
711 120785.95
712 121059.18
713 120774.98
714 120965.00
715 121064.90
716 120862.01
717 120841.98
718 120829.82
719 121012.93
720 121010.07
721 121055.13
722 120667.93
723 120731.12
724 121060.85
725 120855.09
726 120872.02
727 120625.02
728 120990.99
729 120658.16
730 120910.88
731 121030.09
732 120718.00
733 120969.06
734 121090.89
735 121046.07
736 121058.94
737 120724.92
738 120716.09
739 121186.02
740 120855.09
741 120599.99
742 120630.98
743 121088.98
744 121123.08
745 120680.09
746 121019.84
747 121156.93
748 120699.88
749 121005.06
750 120738.03
751 120944.02
752 121057.03
753 120817.90
754 120881.08
755 120680.09
756 120691.06
757 120980.98
758 120831.01
759 121006.01
760 121150.02
761 121026.99
762 121003.87
763 121087.07
764 120772.84
765 121313.81
766 120836.02
767 120810.03
768 120914.94
769 120908.02
770 120975.97
771 120789.05
772 121000.05
773 120857.00
774 120850.09
775 121004.82
776 120990.99
777 120979.07
778 121046.07
779 121056.08
780 120930.19
781 120808.12
782 120984.08
783 120909.93
784 120834.11
785 120723.96
786 121057.03
787 120738.03
788 120957.85
789 121207.00
790 120923.04
791 120972.87
792 121052.03
793 121054.17
794 121061.80
795 121061.09
796 121060.85
797 120977.16
798 121041.06
799 121025.09
800 121052.98
801 120980.98
802 121057.99
803 121073.96
804 120982.89
805 121006.01
806 121052.98
807 121044.87
808 121032.95
809 121057.99
810 121041.06
811 121070.15
812 121011.02
813 121016.98
814 121056.08
815 121050.83
816 121057.03
817 121059.89
818 121040.82
819 121032.95
820 121089.94
821 121052.98
822 121022.94
823 121002.20
824 121039.87
825 121037.96
826 121061.09
827 121042.01
828 120994.81
829 121055.84
830 121055.84
831 121055.84
832 121021.99
833 121057.99
834 121054.17
835 121037.96
836 121057.99
837 121049.17
838 121061.80
839 121055.13
840 121040.82
841 120980.98
842 121047.97
843 121057.03
844 121057.03
845 121058.94
846 121057.99
847 121006.97
848 121057.03
849 121087.07
850 121001.01
851 121026.99
852 121022.94
853 121053.93
854 121049.88
855 121084.93
856 121001.01
857 121024.85
858 121070.86
859 121075.87
860 121078.01
861 121036.05
862 121021.03
863 121047.97
864 121038.91
865 121036.05
866 121055.13
867 121037.96
868 120968.10
869 120969.06
870 120978.12
871 121005.06
872 121020.08
873 121090.17
874 121050.83
875 121017.93
876 121070.15
877 121042.01
878 121008.87
879 121067.05
880 121062.99
881 121010.07
882 121037.96
883 121045.83
884 121057.99
885 121045.11
886 121001.01
887 121039.87
888 121042.97
889 121062.04
890 121051.07
891 121000.05
892 120991.95
893 121062.99
894 121058.94
895 121050.12
896 121047.02
897 121079.21
898 121060.85
899 121047.02
900 121041.06
901 120978.12
902 121050.83
903 121052.98
904 121038.91
905 121012.93
906 121057.99
907 121001.01
908 120969.06
909 121025.09
910 121066.81
911 121051.07
912 121011.02
913 121067.05
914 121075.15
915 121046.78
916 121017.93
917 121062.99
918 121044.16
919 121074.20
920 121057.03
921 120996.95
922 121039.15
923 121045.11
924 121061.09
925 120980.02
926 121003.87
927 121078.97
928 121051.07
929 121019.12
930 121068.95
931 121064.90
932 121011.97
933 121006.01
934 121038.20
935 121041.06
936 121056.08
937 121061.80
938 121038.91
939 121034.86
940 121045.11
941 120974.06
942 121052.03
943 121098.04
944 121062.99
945 121014.83
946 121003.15
947 121021.03
948 120943.07
949 121083.02
950 121037.96
951 121021.03
952 121021.03
953 121063.95
954 121081.83
955 121073.01
956 121016.03
957 121055.13
958 121052.03
959 121061.09
960 121072.05
961 120960.95
962 121007.92
963 121040.82
964 121038.91
965 121052.98
966 121060.13
967 121032.00
968 121035.81
969 121049.88
970 121057.99
971 121011.02
972 121040.82
973 121052.03
974 121062.99
975 121072.05
976 121047.97
977 121011.97
978 121051.07
979 121042.01
980 121068.95
981 120985.98
982 121069.91
983 121062.99
984 120996.95
985 121036.05
986 121031.05
987 121047.97
988 120968.82
989 120983.12
990 121060.13
991 121055.84
992 121021.03
993 121041.06
994 121042.97
995 121058.23
996 121030.81
997 121032.95
998 121048.93
999 120974.06
