1000
0 121068.95
1 120970.96
2 120945.93
3 120920.18
4 120963.10
5 120970.01
6 120961.19
7 120898.96
8 120899.20
9 120958.09
10 120954.99
11 120960.95
12 120965.00
13 120970.96
14 120868.92
15 120918.04
16 120964.05
17 120957.85
18 120955.94
19 120960.00
20 120963.10
21 120967.86
22 120965.00
23 120906.11
24 120933.06
25 120951.18
26 120934.01
27 120949.98
28 120898.01
29 120949.98
30 120970.96
31 120956.90
32 120972.87
33 120957.85
34 120904.92
35 120926.14
36 120897.05
37 120970.01
38 120933.06
39 120898.01
40 120957.85
41 120949.03
42 120960.00
43 120914.94
44 120893.96
45 120942.12
46 120949.03
47 120957.14
48 120944.98
49 120975.97
50 120965.00
51 120901.82
52 120896.10
53 120956.90
54 120863.91
55 120935.92
56 120971.92
57 120952.13
58 120904.92
59 120958.09
60 120920.90
61 120966.91
62 120938.06
63 120909.21
64 120948.08
65 120934.96
66 120989.08
67 120939.97
68 120916.84
69 120947.12
70 120886.09
71 120952.84
72 120923.04
73 120958.81
74 120955.94
75 120960.00
76 120953.08
77 120889.90
78 120954.99
79 120954.99
80 120954.99
81 120960.00
82 120954.99
83 120841.98
84 120960.00
85 120965.00
86 120959.04
87 120967.15
88 120958.09
89 120949.98
90 120957.85
91 120949.03
92 120877.03
93 120900.15
94 120853.90
95 120942.12
96 120929.96
97 120939.02
98 120943.07
99 120973.11
100 120894.91
101 120933.06
102 121248.96
103 121675.01
104 121044.16
105 121275.19
106 121276.86
107 122659.21
108 121571.06
109 122061.01
110 121419.91
111 122996.09
112 122954.85
113 122760.06
114 125359.06
115 126236.92
116 126031.88
117 127671.96
118 126281.98
119 127011.06
120 126984.12
121 126204.01
122 124747.99
123 126523.97
124 126432.90
125 126948.12
126 126119.85
127 125390.05
128 127310.99
129 127264.02
130 126512.05
131 128046.99
132 127174.14
133 125590.80
134 126362.09
135 126283.88
136 126523.97
137 126228.09
138 128877.88
139 126360.18
140 129075.05
141 126424.07
142 127573.01
143 126089.10
144 128597.97
145 127572.06
146 126547.10
147 127007.01
148 126903.06
149 126123.91
150 126595.97
151 125479.94
152 127319.81
153 126477.00
154 123121.02
155 125006.91
156 124788.05
157 123900.89
158 124303.10
159 123259.07
160 124271.87
161 124228.00
162 124387.98
163 126082.90
164 124837.88
165 124347.93
166 124218.94
167 124107.12
168 124087.81
169 125664.95
170 125755.07
171 125389.81
172 123543.02
173 124608.99
174 123016.83
175 124886.99
176 124419.93
177 125894.07
178 124109.98
179 124715.09
180 124166.01
181 124006.03
182 125463.01
183 125785.11
184 125465.15
185 124792.10
186 123986.96
187 123888.97
188 126353.98
189 124621.15
190 123861.07
191 123906.14
192 123922.11
193 125494.96
194 124639.99
195 123825.07
196 123661.99
197 124436.14
198 123744.01
199 124603.99
200 124283.08
201 125160.93
202 123369.93
203 122930.05
204 124386.07
205 126188.04
206 125364.07
207 123604.06
208 123445.03
209 125054.84
210 123448.13
211 124614.00
212 125292.06
213 124373.91
214 123557.81
215 125149.01
216 124281.17
217 125262.98
218 124391.08
219 123752.83
220 125647.78
221 124778.99
222 124610.90
223 125207.19
224 124005.08
225 123934.98
226 126305.10
227 124675.04
228 125401.97
229 123788.12
230 123714.92
231 123790.03
232 125226.97
233 124691.01
234 124633.79
235 125449.90
236 124588.97
237 124414.21
238 125250.82
239 123721.12
240 123711.82
241 123523.00
242 126877.07
243 123744.01
244 124557.02
245 123814.82
246 123768.09
247 123819.11
248 125317.10
249 124554.87
250 124536.04
251 124614.00
252 126385.21
253 124749.18
254 125972.99
255 125052.93
256 124332.90
257 125195.03
258 125795.13
259 126650.81
260 126238.11
261 125867.13
262 125046.01
263 125194.79
264 123997.93
265 124889.14
266 125016.93
267 124279.02
268 123927.12
269 126219.03
270 123945.95
271 124627.83
272 124828.10
273 125387.91
274 126415.97
275 126343.97
276 123042.11
277 124573.95
278 124887.94
279 125029.09
280 125562.91
281 124099.02
282 124027.97
283 124186.04
284 124918.94
285 124189.14
286 125920.06
287 124938.01
288 123348.95
289 124988.08
290 123301.98
291 124213.93
292 124977.83
293 124207.02
294 124621.15
295 123764.04
296 123444.08
297 124182.94
298 125286.10
299 125219.11
300 124309.06
301 125127.08
302 123754.02
303 124341.01
304 126425.98
305 123942.14
306 126528.98
307 123977.90
308 125678.06
309 124175.07
310 124934.91
311 124787.09
312 123998.17
313 124982.12
314 124608.04
315 123762.13
316 123607.87
317 123926.88
318 127147.91
319 124567.99
320 124578.00
321 124418.02
322 124595.88
323 123894.21
324 123843.19
325 124039.89
326 125545.02
327 124882.94
328 124727.96
329 123922.11
330 125622.99
331 124122.86
332 124886.99
333 124183.89
334 124319.08
335 123449.80
336 125016.93
337 123079.06
338 124134.06
339 124077.08
340 127051.12
341 124117.14
342 125437.97
343 123727.08
344 125812.05
345 125711.92
346 125935.79
347 123217.11
348 125952.01
349 124972.82
350 123537.06
351 124383.93
352 125744.10
353 125839.95
354 123399.97
355 125974.89
356 124311.92
357 123406.89
358 124427.08
359 123450.04
360 124089.96
361 123296.98
362 123629.09
363 123603.11
364 123287.92
365 123833.18
366 123644.11
367 123549.94
368 123096.94
369 123221.16
370 123706.10
371 124125.00
372 123498.92
373 124506.00
374 124106.88
375 124302.86
376 124054.91
377 123650.07
378 123224.02
379 124315.98
380 124320.98
381 124858.14
382 123872.04
383 124024.87
384 123628.85
385 124768.97
386 124511.96
387 124605.89
388 124276.88
389 124207.02
390 123825.07
391 124179.84
392 123628.85
393 123784.07
394 124320.98
395 124337.91
396 123983.14
397 123541.12
398 123800.04
399 124421.12
400 124606.85
401 123950.00
402 124109.03
403 123970.03
404 124588.97
405 123718.02
406 124229.91
407 124234.91
408 123703.96
409 123908.04
410 123475.07
411 124200.82
412 124012.95
413 124720.10
414 124047.99
415 123646.97
416 123575.93
417 125064.85
418 124286.89
419 123774.05
420 123636.01
421 123501.06
422 123116.02
423 123913.05
424 124121.90
425 123487.95
426 124226.09
427 123705.15
428 123945.95
429 124593.02
430 123708.96
431 123903.04
432 123498.92
433 123844.15
434 123436.93
435 123725.89
436 123569.97
437 123270.99
438 123458.15
439 123472.21
440 123324.16
441 123214.01
442 123049.97
443 122962.95
444 122821.09
445 123444.08
446 123080.02
447 123393.06
448 123251.91
449 122792.96
450 121019.12
451 120818.85
452 121106.86
453 120826.01
454 121218.92
455 120804.07
456 120911.12
457 121099.00
458 120831.01
459 120893.96
460 121039.87
461 120846.03
462 121268.99
463 120727.06
464 120806.93
465 120887.04
466 121086.12
467 120871.07
468 121021.03
469 120954.04
470 120920.90
471 120810.03
472 121062.04
473 121299.98
474 120810.03
475 120749.00
476 121266.84
477 120911.12
478 121057.03
479 121183.87
480 120943.07
481 121065.86
482 121021.03
483 121259.93
484 121073.96
485 120730.88
486 120850.09
487 120695.11
488 121139.05
489 120895.86
490 120949.03
491 121145.96
492 121040.82
493 120814.09
494 121150.97
495 121135.95
496 120891.09
497 121087.79
498 120866.78
499 121142.86
500 120916.13
501 120886.80
502 120748.04
503 121121.88
504 121278.05
505 120910.17
506 120956.90
507 121180.06
508 120747.09
509 120706.08
510 121065.86
511 120857.00
512 120975.02
513 121213.91
514 120845.79
515 121094.94
516 121087.07
517 120837.93
518 120852.95
519 121115.92
520 120862.01
521 120973.83
522 121207.00
523 120914.94
524 120858.91
525 120818.85
526 120858.91
527 121374.13
528 120910.88
529 121078.97
530 120905.16
531 120918.99
532 121116.88
533 121200.08
534 120809.79
535 120718.00
536 121073.01
537 121071.10
538 121061.09
539 121066.81
540 120825.05
541 121280.91
542 121272.09
543 121150.02
544 120942.83
545 121082.07
546 120787.86
547 121078.01
548 120964.05
549 121006.01
550 121135.00
551 121174.81
552 121275.90
553 120751.86
554 120829.11
555 120972.16
556 120938.78
557 121000.05
558 120728.02
559 120975.97
560 120983.84
561 120967.86
562 120886.09
563 120879.17
564 121000.05
565 120912.08
566 120865.82
567 120866.06
568 120774.98
569 120851.99
570 121339.80
571 120972.87
572 121083.02
573 120898.01
574 120830.06
575 121294.02
576 120948.08
577 120760.92
578 121074.91
579 120692.97
580 121031.05
581 121052.98
582 120728.97
583 121006.97
584 120758.06
585 121029.85
586 120755.91
587 120961.19
588 121086.84
589 120841.98
590 120958.09
591 121033.91
592 121312.14
593 121061.80
594 120975.02
595 120795.97
596 121196.99
597 121078.97
598 120714.90
599 120942.12
600 120936.87
601 121011.97
602 120761.16
603 121330.02
604 121344.09
605 121057.03
606 121289.97
607 121005.06
608 121276.86
609 120929.00
610 121098.04
611 121013.88
612 120846.99
613 121102.09
614 120802.16
615 120652.91
616 120851.99
617 121013.88
618 120990.04
619 121015.07
620 120746.85
621 121026.04
622 121196.99
623 120969.06
624 121047.02
625 121146.92
626 120995.04
627 120939.02
628 120917.08
629 120854.14
630 120858.91
631 121134.04
632 120953.08
633 120914.94
634 120980.98
635 121000.05
636 121091.13
637 121043.92
638 121398.93
639 121013.88
640 121089.94
641 120689.87
642 120845.08
643 120969.06
644 121049.88
645 121109.01
646 121145.96
647 121168.14
648 120805.03
649 120996.00
650 120970.96
651 120973.11
652 120963.10
653 121150.02
654 121109.96
655 121227.98
656 121200.08
657 120748.04
658 120960.95
659 120955.94
660 120840.07
661 121065.86
662 120825.05
663 121109.01
664 120872.97
665 120904.92
666 120908.98
667 120992.90
668 121032.95
669 121124.03
670 121262.07
671 120892.05
672 120947.12
673 120914.94
674 120894.91
675 121010.07
676 121070.86
677 120961.90
678 120909.93
679 120759.01
680 120893.00
681 120981.93
682 120954.04
683 121093.03
684 120859.86
685 120994.81
686 120926.86
687 120963.81
688 120769.02
689 121002.91
690 121106.15
691 120778.08
692 121032.95
693 121222.02
694 120958.09
695 121125.94
696 121075.87
697 121006.01
698 121068.00
699 121017.93
700 120872.97
701 120810.99
702 121026.99
703 121059.89
704 120826.01
705 120791.91
706 120964.05
707 121032.00
708 120899.92
709 121006.97
710 120884.18
711 120877.03
712 120961.90
713 120853.19
714 121036.05
715 121078.01
716 121041.06
717 120996.00
718 120813.13
719 120972.16
720 121002.91
721 120970.96
722 120965.96
723 120879.89
724 121060.13
725 121062.99
726 120889.90
727 120932.10
728 121142.15
729 121111.87
730 120970.96
731 120996.95
732 121011.97
733 120906.11
734 121132.14
735 121300.94
736 121048.93
737 121104.96
738 120762.11
739 121086.12
740 121207.00
741 121353.86
742 121040.82
743 120872.02
744 120896.10
745 120979.07
746 121062.99
747 120914.94
748 121175.05
749 120950.94
750 120949.03
751 121160.98
752 120779.04
753 120927.10
754 121084.93
755 120821.95
756 120826.96
757 121007.92
758 120826.01
759 121148.11
760 121073.01
761 121262.07
762 121035.10
763 120854.14
764 121093.03
765 121115.92
766 121213.91
767 121181.01
768 120893.96
769 120980.98
770 121224.16
771 120950.94
772 120980.98
773 120901.11
774 120957.85
775 120921.13
776 121133.09
777 120893.00
778 121174.10
779 121015.79
780 121063.95
781 121241.09
782 121278.05
783 120699.88
784 121284.01
785 120976.92
786 121160.03
787 121053.93
788 121199.85
789 120909.93
790 121025.09
791 121131.90
792 120970.96
793 120915.89
794 120995.04
795 121026.99
796 120989.08
797 120992.90
798 120983.84
799 121015.07
800 120996.00
801 121007.92
802 120941.16
803 121006.01
804 121002.20
805 121016.03
806 120992.90
807 121052.98
808 120963.10
809 120994.09
810 120999.10
811 121040.11
812 120992.18
813 121003.87
814 121021.99
815 121035.10
816 120990.99
817 120970.96
818 121021.99
819 121047.02
820 121006.01
821 120988.85
822 120947.12
823 121037.96
824 121013.88
825 121016.98
826 121005.06
827 121008.87
828 121009.11
829 121016.98
830 121016.98
831 121013.16
832 121012.93
833 121023.89
834 121005.06
835 121010.07
836 120990.99
837 121016.98
838 121012.93
839 120948.08
840 121025.80
841 121016.98
842 120939.97
843 121006.97
844 121026.04
845 121005.06
846 121014.12
847 121001.96
848 120954.04
849 121008.87
850 121010.07
851 121006.01
852 121018.89
853 121013.16
854 121006.97
855 121023.89
856 121011.97
857 121008.87
858 121009.11
859 121018.17
860 121021.99
861 121005.06
862 120938.06
863 121010.07
864 121008.16
865 121006.01
866 121003.87
867 120980.02
868 120997.91
869 121008.16
870 120996.00
871 120992.90
872 120987.18
873 121017.93
874 120988.13
875 120998.14
876 120996.00
877 121006.01
878 120929.96
879 120948.79
880 120995.04
881 120990.04
882 120929.00
883 120988.13
884 121001.96
885 121032.00
886 120989.08
887 120960.95
888 120997.19
889 121021.03
890 120985.03
891 120986.22
892 121007.92
893 121026.04
894 120982.89
895 121009.11
896 120980.98
897 121005.06
898 121000.05
899 120997.19
900 120984.08
901 121002.91
902 120947.12
903 120924.95
904 120997.19
905 121020.08
906 121001.01
907 120990.99
908 120987.89
909 121016.98
910 121007.92
911 121005.06
912 121012.93
913 121021.99
914 121009.11
915 121006.01
916 121011.97
917 121018.17
918 121006.97
919 120946.17
920 121001.01
921 121006.01
922 120924.95
923 121006.97
924 121013.16
925 121004.10
926 120999.10
927 120996.00
928 120990.99
929 121019.12
930 121002.91
931 121010.07
932 120996.95
933 121000.77
934 121006.97
935 120922.09
936 120991.95
937 120999.81
938 120996.95
939 120994.81
940 121001.96
941 121026.04
942 120953.08
943 121028.90
944 120990.99
945 121021.03
946 121019.12
947 121013.88
948 121016.03
949 121014.12
950 121000.05
951 121013.88
952 121015.07
953 121018.89
954 121012.93
955 121026.04
956 121019.12
957 121026.99
958 121021.03
959 120991.95
960 121013.16
961 121016.98
962 120938.06
963 121007.92
964 121015.07
965 121006.97
966 121021.03
967 121025.09
968 121013.88
969 121013.16
970 121014.83
971 121007.92
972 121016.98
973 121026.04
974 121109.01
975 121006.97
976 120967.15
977 121006.01
978 121027.95
979 121015.07
980 121008.16
981 121008.16
982 120967.15
983 121009.83
984 121018.89
985 121011.02
986 121028.90
987 121023.89
988 121011.97
989 120988.85
990 121030.09
991 120920.90
992 121012.93
993 121001.96
994 121048.93
995 120994.09
996 121021.99
997 120990.04
998 121086.12
999 120958.09
