1000
0 121204.85
1 121156.93
2 121099.00
3 121093.99
4 121128.08
5 121142.86
6 121124.98
7 121118.07
8 121101.86
9 121105.91
10 121152.88
11 121127.13
12 121128.80
13 121134.04
14 121136.90
15 121101.14
16 121145.01
17 121139.05
18 121140.00
19 121118.07
20 121114.97
21 121066.09
22 121154.79
23 121086.12
24 121140.00
25 121136.90
26 121140.96
27 121086.84
28 121116.88
29 121145.96
30 121132.85
31 121119.02
32 121144.06
33 121177.91
34 121111.87
35 121093.03
36 121128.08
37 121134.04
38 121138.10
39 121145.96
40 121138.81
41 121115.92
42 121139.05
43 121123.79
44 121145.01
45 121103.05
46 121117.83
47 121143.10
48 121124.03
49 121143.82
50 121135.95
51 121145.96
52 121064.90
53 121121.88
54 121145.96
55 121096.85
56 121164.08
57 121111.87
58 121099.00
59 121118.78
60 121109.96
61 121135.00
62 121145.01
63 121077.06
64 121115.92
65 121134.04
66 121124.03
67 121113.78
68 121080.16
69 121136.19
70 121140.00
71 121145.96
72 121165.04
73 121145.01
74 121121.88
75 121091.13
76 121129.04
77 121129.04
78 121142.15
79 120987.18
80 121082.07
81 121083.97
82 121137.14
83 121142.86
84 121140.00
85 121160.03
86 121118.78
87 121084.93
88 121136.90
89 121124.98
90 121093.03
91 121145.96
92 121121.17
93 121096.13
94 121052.98
95 121094.94
96 121074.91
97 120992.90
98 121037.96
99 120964.05
100 121121.17
101 121083.02
102 121665.00
103 121019.12
104 122691.87
105 121020.08
106 121857.88
107 122090.10
108 122677.80
109 122672.08
110 121708.87
111 122565.03
112 123485.80
113 122660.88
114 123221.87
115 122323.04
116 123095.99
117 123163.94
118 122973.92
119 126442.91
120 123492.00
121 124087.10
122 123478.89
123 123992.20
124 125041.96
125 124279.98
126 124235.87
127 123135.81
128 123361.11
129 123178.01
130 124737.02
131 123547.79
132 123460.05
133 124259.00
134 125147.10
135 126659.87
136 124445.92
137 123835.80
138 123018.03
139 123924.02
140 122956.04
141 124611.14
142 122821.81
143 122951.98
144 122819.90
145 123528.00
146 123744.96
147 123157.02
148 123233.08
149 124207.02
150 123557.81
151 122682.09
152 123214.01
153 123276.95
154 122418.17
155 123142.00
156 124930.14
157 122279.88
158 123456.00
159 122682.09
160 122817.99
161 122967.96
162 123689.89
163 122988.94
164 125352.86
165 122694.02
166 124715.81
167 124727.01
168 123596.19
169 123174.91
170 123921.87
171 123751.88
172 124589.92
173 123107.19
174 123682.02
175 123659.13
176 122735.98
177 124546.05
178 123034.95
179 122792.01
180 124309.06
181 123723.98
182 125339.03
183 122210.03
184 122940.06
185 124458.79
186 124636.89
187 123177.05
188 123082.16
189 123190.16
190 122959.14
191 123892.07
192 124743.94
193 123043.06
194 123044.01
195 123225.93
196 123394.01
197 123460.05
198 122753.14
199 125006.91
200 123364.93
201 124211.07
202 124915.12
203 124293.09
204 125774.15
205 123311.04
206 122697.83
207 124363.90
208 122941.97
209 125211.00
210 125298.98
211 124310.02
212 122345.92
213 123152.02
214 122898.10
215 123950.00
216 124937.06
217 123960.02
218 123342.99
219 123299.12
220 122360.94
221 122884.99
222 125848.05
223 123850.82
224 123066.19
225 123943.09
226 124353.17
227 123595.95
228 123645.07
229 123512.03
230 123504.88
231 123718.98
232 123630.05
233 125067.95
234 123764.04
235 123665.09
236 122061.97
237 124416.11
238 123113.87
239 123704.91
240 122874.02
241 122812.99
242 122631.07
243 124411.82
244 122796.06
245 122906.92
246 123780.01
247 123049.02
248 123224.02
249 123728.99
250 122964.86
251 123073.10
252 123034.95
253 124006.99
254 124346.02
255 124215.13
256 123724.94
257 123698.95
258 122923.85
259 124312.88
260 124429.94
261 122246.98
262 123298.88
263 123805.05
264 123184.20
265 123686.08
266 122120.86
267 123521.80
268 122715.00
269 123539.92
270 122764.83
271 122926.00
272 122329.95
273 123049.97
274 123666.05
275 122870.92
276 123775.96
277 122872.83
278 124542.00
279 123646.97
280 123169.90
281 124137.88
282 122406.01
283 123099.80
284 123075.96
285 122956.99
286 125056.98
287 122639.89
288 124189.85
289 122344.02
290 122527.12
291 124192.95
292 123320.82
293 122668.98
294 124244.93
295 124956.13
296 124144.08
297 124871.02
298 124279.02
299 124330.04
300 123988.15
301 122987.99
302 122380.02
303 122939.11
304 122447.97
305 123306.04
306 123183.01
307 123466.97
308 122807.98
309 124283.08
310 124267.10
311 123643.88
312 123090.03
313 123054.03
314 123739.96
315 123099.80
316 123906.85
317 123796.94
318 123188.02
319 124130.01
320 123378.99
321 123425.01
322 123986.01
323 122490.88
324 124087.10
325 122256.99
326 122991.09
327 123744.96
328 123718.98
329 122851.13
330 122914.08
331 123932.84
332 124490.02
333 122162.10
334 123054.03
335 122864.96
336 122665.17
337 123306.04
338 122722.86
339 122672.08
340 122518.06
341 124135.97
342 125192.17
343 124234.91
344 125300.88
345 123700.14
346 124331.00
347 123000.86
348 123656.03
349 124114.04
350 124058.01
351 123937.13
352 123460.05
353 122887.85
354 123610.02
355 122648.00
356 123428.82
357 122740.98
358 124614.95
359 122329.95
360 123197.08
361 122781.99
362 122611.05
363 122261.05
364 122491.12
365 122568.85
366 122266.05
367 122682.09
368 123028.04
369 122572.90
370 122397.90
371 122555.97
372 122614.86
373 122915.98
374 122223.85
375 122581.96
376 123560.19
377 122159.00
378 122868.06
379 122798.92
380 122276.78
381 122565.98
382 122336.86
383 122660.16
384 122401.00
385 122196.20
386 122013.09
387 123228.07
388 122707.84
389 122123.00
390 123098.85
391 122803.21
392 122991.09
393 123192.07
394 122467.99
395 122441.05
396 122343.06
397 122206.21
398 123046.16
399 122644.90
400 122442.01
401 122775.08
402 122755.05
403 122824.91
404 122619.87
405 122756.96
406 123059.03
407 122543.10
408 122733.12
409 123195.17
410 122538.09
411 122252.94
412 122539.04
413 123049.02
414 122634.89
415 122381.93
416 122740.03
417 122781.99
418 122689.01
419 122903.11
420 122429.85
421 122448.21
422 122919.08
423 122883.08
424 122737.17
425 122908.83
426 122626.07
427 122545.96
428 122685.91
429 123059.99
430 122586.01
431 122134.92
432 122512.10
433 122596.98
434 122970.82
435 122504.95
436 121806.14
437 122318.98
438 122713.09
439 122509.96
440 122104.88
441 122658.97
442 122435.09
443 122127.06
444 122564.08
445 123024.94
446 122673.99
447 122384.07
448 122109.89
449 120934.96
450 121087.07
451 120966.91
452 121307.13
453 120851.04
454 121036.05
455 121243.95
456 121111.87
457 121019.12
458 121012.93
459 121015.79
460 121020.08
461 121614.93
462 121249.91
463 120851.99
464 121200.80
465 120933.06
466 120910.88
467 121279.95
468 121433.97
469 121099.00
470 121172.90
471 121126.89
472 121145.96
473 121129.99
474 120919.94
475 120908.02
476 120985.98
477 120949.03
478 121124.98
479 120957.14
480 120986.94
481 121245.15
482 121445.18
483 121066.09
484 121077.06
485 121147.87
486 121150.02
487 120667.93
488 120806.93
489 121081.83
490 121007.92
491 121176.00
492 121037.01
493 120741.84
494 121134.04
495 120887.99
496 121484.04
497 120921.85
498 121009.11
499 120916.13
500 121253.97
501 121122.84
502 121159.08
503 120956.90
504 120794.06
505 120971.92
506 120754.00
507 121037.96
508 121080.16
509 121114.97
510 121288.06
511 120974.06
512 120913.03
513 121248.01
514 121052.03
515 120904.92
516 120684.15
517 120924.00
518 121092.08
519 121028.90
520 120804.07
521 121011.97
522 121062.99
523 120851.99
524 121017.93
525 121062.04
526 120852.95
527 120940.21
528 121235.85
529 121266.13
530 121220.83
531 120752.10
532 120992.18
533 120981.93
534 121124.98
535 120852.95
536 121347.90
537 120913.03
538 121031.05
539 120769.98
540 121191.02
541 120843.17
542 120868.92
543 121074.20
544 120963.10
545 121233.22
546 121073.01
547 121053.93
548 120882.99
549 120954.99
550 121208.91
551 120989.08
552 121082.07
553 121042.01
554 121153.83
555 120738.98
556 120818.14
557 121474.98
558 121114.02
559 121336.94
560 121164.08
561 121059.89
562 121259.93
563 121027.95
564 120893.00
565 120940.92
566 121076.11
567 121032.00
568 120956.90
569 120939.02
570 120948.08
571 121044.16
572 120792.15
573 120979.07
574 120996.00
575 121006.01
576 120953.08
577 120957.14
578 121026.99
579 121385.10
580 121160.03
581 121001.01
582 120856.05
583 120985.98
584 120974.06
585 120975.02
586 120923.04
587 121152.88
588 120995.04
589 121142.86
590 121014.83
591 120861.05
592 121021.99
593 121220.11
594 121024.85
595 121299.98
596 121096.85
597 120969.06
598 120954.04
599 121016.03
600 121299.98
601 121227.98
602 121004.10
603 121025.80
604 121044.87
605 120905.16
606 120878.93
607 120887.04
608 120931.86
609 120756.15
610 121030.09
611 121004.10
612 121207.00
613 120935.20
614 121196.99
615 120795.01
616 121249.91
617 121077.06
618 120948.08
619 121131.18
620 121164.08
621 121109.01
622 121103.05
623 120949.98
624 121309.04
625 121381.04
626 121251.82
627 121108.06
628 120792.87
629 121171.95
630 121047.02
631 120690.82
632 120913.03
633 120831.97
634 121105.91
635 121079.92
636 121246.10
637 120939.97
638 121072.05
639 120856.05
640 121187.93
641 121105.19
642 120823.86
643 120971.92
644 120993.14
645 120893.00
646 120871.07
647 121073.96
648 121167.90
649 121328.12
650 120970.01
651 121005.06
652 120924.95
653 120957.85
654 120904.92
655 120909.93
656 120809.08
657 120877.98
658 121134.04
659 120844.13
660 121178.87
661 121179.10
662 120857.00
663 121008.87
664 121070.15
665 121132.85
666 120944.98
667 121191.98
668 120848.18
669 121041.06
670 121148.82
671 121145.01
672 121112.11
673 120974.06
674 120972.87
675 121337.18
676 121066.09
677 121208.91
678 121092.08
679 121184.11
680 121227.98
681 121222.97
682 120889.90
683 121232.03
684 121284.96
685 121223.93
686 121179.10
687 120893.00
688 121024.85
689 121125.94
690 121042.01
691 121149.06
692 120714.90
693 120991.95
694 121164.80
695 120797.87
696 120798.11
697 120918.99
698 121042.97
699 121037.96
700 120877.98
701 120857.00
702 120962.14
703 121243.95
704 121145.01
705 121047.02
706 121091.84
707 120995.04
708 121298.07
709 121036.05
710 120873.93
711 121110.20
712 121015.07
713 121083.02
714 120937.11
715 120970.01
716 121203.18
717 120855.09
718 120989.80
719 121070.86
720 121088.03
721 121138.10
722 120983.12
723 120830.06
724 120831.01
725 120954.99
726 121155.98
727 121062.99
728 121130.94
729 120731.83
730 120997.91
731 121115.92
732 121242.05
733 120872.02
734 121002.91
735 121011.02
736 120778.08
737 121148.11
738 120961.19
739 120734.93
740 120877.03
741 120888.95
742 121068.95
743 120899.20
744 121113.06
745 121127.84
746 120970.96
747 120964.05
748 121106.86
749 120877.98
750 121203.18
751 121221.07
752 120836.97
753 120985.03
754 121002.91
755 121145.96
756 121082.07
757 120779.04
758 120836.02
759 120979.07
760 121211.05
761 120996.00
762 121149.06
763 121204.85
764 121002.91
765 121114.02
766 120870.11
767 120923.04
768 120970.01
769 121160.98
770 120922.80
771 120768.07
772 120779.99
773 120993.85
774 121066.81
775 121135.00
776 120681.05
777 120998.14
778 120942.12
779 120827.91
780 121117.12
781 121139.05
782 120965.96
783 121030.81
784 120989.08
785 120846.99
786 120932.82
787 120896.10
788 121236.09
789 120887.04
790 120918.99
791 121103.05
792 121069.91
793 120858.19
794 120955.94
795 120953.08
796 121013.88
797 120964.05
798 121011.02
799 121027.95
800 121011.02
801 121024.85
802 120990.99
803 121021.03
804 121006.01
805 121009.83
806 121020.79
807 121032.95
808 120927.81
809 120982.89
810 121023.89
811 121001.01
812 121030.09
813 121017.93
814 120919.94
815 121019.12
816 121028.18
817 121006.01
818 121009.83
819 121016.03
820 121037.01
821 121019.12
822 121017.93
823 121021.99
824 121086.12
825 120977.88
826 120980.98
827 121025.09
828 121029.85
829 120989.80
830 121001.01
831 121026.04
832 121037.96
833 121019.12
834 121027.95
835 121042.97
836 121015.07
837 121013.16
838 121009.83
839 121009.11
840 121014.83
841 121011.02
842 121008.87
843 121036.05
844 121036.05
845 120958.81
846 121036.05
847 121010.07
848 120922.09
849 120990.04
850 120971.92
851 121011.97
852 121035.10
853 121011.02
854 121022.94
855 121003.15
856 121053.93
857 121063.95
858 120990.04
859 120996.95
860 121032.95
861 120949.98
862 121021.03
863 121030.81
864 121027.95
865 120957.14
866 121016.03
867 121031.05
868 121045.11
869 121026.99
870 121026.04
871 121007.92
872 121029.14
873 121056.08
874 121012.93
875 121029.14
876 121019.84
877 121011.02
878 121001.96
879 121026.99
880 121044.16
881 120988.85
882 121033.91
883 121045.11
884 121052.98
885 120936.87
886 121026.99
887 121025.09
888 121018.17
889 120999.10
890 121008.16
891 121014.12
892 120959.04
893 121016.98
894 121031.05
895 121041.06
896 121026.04
897 121023.89
898 120935.92
899 121026.04
900 121045.83
901 121022.94
902 121034.86
903 121015.07
904 121032.00
905 120960.24
906 121009.11
907 121030.81
908 121042.97
909 120990.04
910 121026.99
911 121088.98
912 121035.81
913 121010.07
914 121040.82
915 121042.01
916 121006.97
917 121017.93
918 121039.15
919 121021.99
920 121024.13
921 121016.03
922 121048.93
923 121017.93
924 121037.01
925 120960.00
926 121028.18
927 121021.99
928 120940.92
929 120959.04
930 121035.81
931 121016.98
932 121028.90
933 121041.06
934 121017.93
935 121026.99
936 121020.08
937 121015.07
938 121077.06
939 121004.10
940 121043.92
941 121027.95
942 121036.05
943 121047.97
944 121025.09
945 120921.13
946 121028.90
947 121025.80
948 121022.94
949 121000.05
950 121026.99
951 121018.89
952 121014.12
953 121046.07
954 121058.94
955 121017.93
956 121026.99
957 121010.78
958 121027.95
959 121011.97
960 121016.98
961 121005.06
962 121016.03
963 121015.07
964 121021.99
965 120980.02
966 121031.05
967 121039.15
968 120934.96
969 120930.19
970 121033.19
971 121020.08
972 121022.94
973 121029.14
974 121027.95
975 121024.13
976 121062.99
977 121025.80
978 121052.03
979 121012.93
980 121034.15
981 121026.99
982 121026.04
983 121030.09
984 121021.03
985 120947.84
986 121017.93
987 121021.99
988 121014.12
989 121027.95
990 121040.82
991 121020.08
992 121040.82
993 121013.88
994 121021.99
995 121042.97
996 121028.90
997 121025.09
998 121017.93
999 121009.11
