1000
0 121388.91
1 121139.05
2 121099.95
3 121076.11
4 121114.02
5 121105.91
6 121123.08
7 121032.00
8 121117.12
9 121135.00
10 121101.86
11 121069.91
12 121105.19
13 121128.08
14 121121.17
15 121087.07
16 121123.08
17 121083.02
18 121148.11
19 121116.88
20 121108.06
21 121127.13
22 121109.01
23 121079.92
24 121111.15
25 121017.93
26 121116.16
27 121058.94
28 121097.09
29 121134.04
30 121083.97
31 121118.78
32 121099.95
33 121093.99
34 121112.11
35 121041.06
36 121125.94
37 121121.88
38 121105.91
39 121135.00
40 121113.06
41 121073.01
42 121116.88
43 121107.10
44 121093.99
45 121112.11
46 121147.16
47 121100.90
48 120938.06
49 121083.97
50 121109.01
51 121105.91
52 121121.88
53 121115.92
54 121095.18
55 121121.88
56 121109.01
57 121098.04
58 121120.93
59 121109.01
60 121095.18
61 121030.09
62 121110.92
63 121073.01
64 121101.86
65 121120.93
66 121110.92
67 121113.06
68 121105.91
69 121124.98
70 121005.06
71 121114.97
72 121123.08
73 121098.04
74 121077.06
75 121052.98
76 121103.05
77 121120.93
78 121110.92
79 121056.08
80 121117.83
81 121118.07
82 121119.98
83 121093.99
84 121093.99
85 121098.04
86 121102.09
87 121104.00
88 121105.91
89 121109.96
90 121119.02
91 121111.87
92 121127.84
93 120916.13
94 121101.86
95 121021.03
96 121042.01
97 120893.96
98 121059.89
99 121072.05
100 121022.94
101 121140.96
102 121141.91
103 122585.06
104 121762.04
105 121080.88
106 120939.02
107 121136.90
108 121670.01
109 121303.80
110 121065.14
111 120845.08
112 120953.08
113 121277.09
114 121074.91
115 121407.03
116 121544.12
117 120951.89
118 121243.95
119 121481.90
120 121005.06
121 121026.04
122 121173.86
123 121551.04
124 121139.05
125 121599.91
126 120949.98
127 121130.94
128 121351.96
129 121186.97
130 121101.86
131 121038.91
132 121277.09
133 121083.97
134 121046.07
135 121045.11
136 121104.96
137 121428.97
138 122164.01
139 121261.12
140 121400.12
141 121611.83
142 121542.93
143 121111.15
144 121022.94
145 122408.87
146 121428.01
147 121509.08
148 121686.94
149 121481.18
150 120933.06
151 121104.96
152 121562.96
153 121567.01
154 121314.05
155 121717.93
156 121644.02
157 121182.20
158 121484.99
159 121349.10
160 121066.09
161 121027.95
162 121395.11
163 121489.05
164 121006.01
165 121171.95
166 121131.18
167 121392.01
168 121452.81
169 120905.88
170 121052.03
171 121077.06
172 121608.02
173 121734.14
174 121047.97
175 121209.86
176 122514.96
177 121088.98
178 121875.05
179 121709.82
180 121088.98
181 121003.15
182 121008.87
183 120907.07
184 121874.09
185 121053.22
186 121497.87
187 121607.07
188 120919.94
189 121130.94
190 121268.99
191 121804.95
192 121119.02
193 121729.85
194 121552.94
195 120980.02
196 121613.03
197 121599.20
198 122012.85
199 121114.02
200 121002.91
201 121681.93
202 121984.00
203 121296.88
204 122015.00
205 121080.88
206 120952.13
207 121114.02
208 122043.13
209 122175.93
210 121450.90
211 121522.19
212 121720.08
213 121086.12
214 121922.97
215 120987.18
216 121310.00
217 120697.98
218 121016.03
219 121419.91
220 120888.95
221 122204.07
222 121163.13
223 121135.95
224 121621.85
225 121400.83
226 121063.95
227 121095.90
228 122492.07
229 121523.14
230 121598.96
231 121083.97
232 122598.89
233 121637.11
234 121499.06
235 121407.03
236 121320.01
237 121469.97
238 121816.87
239 121412.04
240 121104.96
241 120920.18
242 121628.05
243 121456.15
244 122103.93
245 120867.01
246 121289.01
247 122314.93
248 120966.91
249 121501.92
250 121171.95
251 121256.11
252 121069.91
253 121526.00
254 121614.93
255 120821.00
256 121200.08
257 121119.98
258 121090.89
259 122146.84
260 121984.00
261 120932.10
262 121677.88
263 122090.82
264 121587.04
265 121237.04
266 120982.17
267 122103.93
268 121163.85
269 121119.98
270 121026.99
271 121026.99
272 121020.08
273 121424.91
274 121910.10
275 121068.00
276 121796.85
277 121737.96
278 121077.06
279 121295.93
280 122071.98
281 121016.03
282 121618.03
283 120943.07
284 121804.00
285 120885.85
286 121082.07
287 122094.87
288 121387.96
289 121395.83
290 121414.18
291 121008.16
292 121299.98
293 120903.97
294 120836.02
295 121711.02
296 121017.93
297 121369.12
298 121814.97
299 121537.92
300 120987.18
301 121223.93
302 122210.98
303 121014.83
304 120956.90
305 121469.97
306 121390.82
307 121622.80
308 121834.99
309 121139.05
310 120979.07
311 120975.02
312 120904.21
313 121670.01
314 120728.97
315 121214.15
316 121069.91
317 121160.03
318 121042.01
319 120960.95
320 121029.85
321 121038.91
322 121568.92
323 121117.83
324 121991.87
325 121649.98
326 120985.98
327 121197.94
328 120969.06
329 121271.13
330 121449.95
331 121725.08
332 120834.11
333 121474.03
334 121952.06
335 121034.86
336 121042.01
337 120906.11
338 121527.19
339 121340.04
340 121242.05
341 121680.02
342 122030.02
343 120949.03
344 121575.12
345 121444.94
346 121435.88
347 121249.91
348 121162.89
349 122433.90
350 121503.11
351 121290.92
352 120911.12
353 120882.99
354 120877.03
355 122292.04
356 121668.10
357 122108.94
358 121087.07
359 120975.02
360 120876.07
361 120977.16
362 120836.02
363 120924.00
364 120915.89
365 120783.09
366 120949.03
367 120836.02
368 121062.04
369 120884.18
370 121032.00
371 120885.13
372 120902.06
373 120965.00
374 120927.10
375 121139.05
376 120970.96
377 121082.07
378 120895.86
379 120903.02
380 120985.03
381 121082.07
382 121024.13
383 121153.83
384 121012.93
385 120960.00
386 120794.06
387 121279.00
388 121340.04
389 120906.11
390 120831.01
391 121021.03
392 121552.94
393 120961.90
394 121092.08
395 120996.00
396 120939.02
397 120874.88
398 120850.09
399 121499.06
400 121065.86
401 120977.16
402 120869.87
403 120918.04
404 121125.94
405 121000.05
406 120757.10
407 121051.07
408 120932.82
409 121314.05
410 121474.98
411 120899.92
412 120848.89
413 120948.79
414 120922.09
415 121384.14
416 120898.01
417 120810.03
418 120992.90
419 120883.94
420 120821.00
421 121128.08
422 120867.97
423 120830.06
424 120926.86
425 120891.09
426 121136.90
427 120990.99
428 121310.95
429 120942.12
430 120941.88
431 120990.04
432 120960.00
433 120736.84
434 120805.98
435 121009.11
436 120907.07
437 121006.01
438 120904.21
439 121015.07
440 121124.03
441 121114.02
442 120903.02
443 120811.94
444 120900.15
445 121201.99
446 120761.16
447 120985.03
448 120922.09
449 120949.98
450 120793.10
451 121040.11
452 120793.82
453 121074.91
454 120973.11
455 121154.07
456 120886.80
457 121937.99
458 120745.18
459 120610.95
460 120779.04
461 120951.89
462 121352.91
463 121319.06
464 121238.23
465 121205.09
466 120876.07
467 121537.92
468 120806.93
469 120664.83
470 121209.14
471 120890.86
472 120996.00
473 120949.03
474 121297.12
475 121191.02
476 121399.88
477 121353.15
478 120896.10
479 121226.07
480 120930.91
481 120665.07
482 121605.16
483 121124.98
484 121747.02
485 120999.81
486 121303.08
487 121145.96
488 120925.19
489 120970.96
490 121098.04
491 121102.81
492 121284.01
493 121248.01
494 121116.88
495 120999.81
496 121155.02
497 121062.99
498 121490.00
499 121147.16
500 121298.07
501 121168.85
502 121014.12
503 121494.05
504 121565.10
505 120924.00
506 121335.03
507 120963.10
508 120948.79
509 121187.93
510 121369.12
511 121379.85
512 121415.85
513 121318.10
514 121447.09
515 121030.09
516 121381.04
517 121590.85
518 121355.06
519 121459.01
520 121004.10
521 121234.89
522 121687.89
523 121292.11
524 121179.10
525 121131.90
526 121577.98
527 121551.99
528 121430.87
529 121618.99
530 121258.02
531 121849.06
532 120776.89
533 121125.22
534 121237.99
535 121056.08
536 121249.91
537 121646.17
538 121142.15
539 121295.93
540 121256.11
541 121381.04
542 121349.10
543 121032.00
544 120782.14
545 121308.09
546 120830.06
547 121480.94
548 121286.15
549 120913.98
550 120935.92
551 121270.90
552 120929.96
553 121050.83
554 121404.89
555 121198.89
556 121043.92
557 121608.02
558 121532.92
559 121325.97
560 121175.05
561 121427.06
562 121155.98
563 121288.06
564 121392.01
565 121332.88
566 121232.99
567 121006.97
568 121237.04
569 121513.13
570 120992.90
571 121691.94
572 121587.99
573 121318.10
574 121143.10
575 121846.91
576 121016.98
577 121553.18
578 121047.97
579 121104.96
580 121151.92
581 121019.12
582 121519.09
583 121400.83
584 121299.98
585 121059.89
586 121191.98
587 121390.82
588 121462.11
589 121392.97
590 121333.84
591 121335.98
592 121085.88
593 120852.95
594 121527.91
595 121177.91
596 121229.89
597 121507.17
598 121476.89
599 121356.96
600 121232.03
601 121354.82
602 121163.13
603 121442.08
604 120885.85
605 121653.08
606 121069.19
607 121056.08
608 121021.03
609 121456.86
610 121101.14
611 121261.84
612 121163.85
613 121497.87
614 121333.12
615 121711.97
616 121131.90
617 120991.23
618 121088.98
619 121126.89
620 121373.89
621 121125.94
622 121171.00
623 121000.05
624 121129.99
625 121241.81
626 120898.96
627 121063.95
628 121001.96
629 121221.07
630 121168.14
631 121072.05
632 121585.85
633 121505.98
634 121120.93
635 121241.09
636 121264.93
637 121473.07
638 121237.04
639 121495.96
640 121239.90
641 120929.96
642 121648.07
643 121281.15
644 121227.03
645 121439.93
646 121155.98
647 121598.01
648 121765.14
649 121339.08
650 121450.19
651 121160.98
652 121350.05
653 120615.96
654 121320.96
655 121228.93
656 121206.05
657 120978.12
658 121144.06
659 121358.87
660 121842.86
661 121307.85
662 121160.98
663 121232.99
664 120934.01
665 120905.16
666 121740.10
667 121280.91
668 121570.11
669 120997.91
670 121255.16
671 121382.00
672 121423.01
673 121568.92
674 120973.11
675 121300.94
676 121159.08
677 121519.09
678 121082.07
679 121821.88
680 121119.02
681 120750.90
682 121568.92
683 121421.10
684 120901.11
685 120836.02
686 121312.86
687 120899.92
688 121270.90
689 121232.03
690 121289.97
691 121629.00
692 120875.12
693 120829.11
694 120849.85
695 121470.93
696 122068.88
697 121109.01
698 121401.07
699 121046.07
700 120852.95
701 121241.81
702 121310.00
703 121346.00
704 121701.96
705 121220.11
706 121032.00
707 121318.10
708 121027.95
709 121538.88
710 121493.10
711 121137.86
712 121468.07
713 120906.11
714 121241.09
715 121490.96
716 121963.98
717 121281.15
718 120724.92
719 121214.15
720 121090.17
721 120968.10
722 121074.20
723 121369.12
724 120646.00
725 120794.06
726 121047.97
727 120955.94
728 121050.12
729 121223.93
730 121104.96
731 121203.18
732 121228.93
733 121046.07
734 121429.92
735 121129.99
736 121382.95
737 121022.94
738 121425.87
739 121054.17
740 121124.98
741 121237.04
742 121550.80
743 120954.99
744 121276.14
745 121519.09
746 120942.12
747 121523.14
748 121363.16
749 121215.11
750 120858.91
751 121217.97
752 121391.06
753 120887.99
754 121676.92
755 121573.93
756 121142.15
757 121133.80
758 121575.83
759 121152.16
760 121105.91
761 121343.85
762 121316.91
763 121603.97
764 121420.15
765 121356.01
766 121424.91
767 121260.88
768 121077.06
769 122009.04
770 121443.03
771 121410.13
772 121464.01
773 120984.08
774 121551.04
775 121322.87
776 121304.99
777 120974.06
778 121020.08
779 120989.08
780 121495.01
781 121083.02
782 121738.91
783 121374.13
784 120876.07
785 121340.99
786 121362.92
787 121346.00
788 121253.97
789 121171.00
790 121043.92
791 121245.15
792 120951.18
793 121116.16
794 121238.95
795 121086.12
796 120996.00
797 121199.13
798 121101.86
799 121562.00
800 121123.08
801 121140.96
802 121049.17
803 121245.15
804 121268.03
805 121178.15
806 121390.10
807 121265.17
808 121111.87
809 120905.16
810 121479.99
811 121294.02
812 121732.95
813 121570.83
814 120960.95
815 121784.93
816 121196.03
817 120950.94
818 121309.04
819 120941.16
820 121210.10
821 121610.16
822 121407.99
823 121526.00
824 120926.86
825 121495.96
826 120999.10
827 121029.85
828 121097.09
829 120802.88
830 121218.92
831 121629.95
832 120723.01
833 121131.90
834 121493.10
835 120897.05
836 121114.97
837 121047.97
838 120840.07
839 121481.90
840 120940.92
841 121273.99
842 121021.03
843 120805.98
844 121249.91
845 121293.07
846 121272.09
847 121051.07
848 121195.79
849 121349.10
850 121674.06
851 121016.03
852 121999.98
853 121576.07
854 120981.93
855 121414.90
856 121155.02
857 121209.14
858 120831.97
859 121673.11
860 121363.16
861 120923.04
862 121618.03
863 121285.20
864 121205.09
865 121298.07
866 121363.88
867 120732.07
868 120991.95
869 121158.12
870 121349.10
871 121068.00
872 121083.02
873 121111.87
874 121309.04
875 120775.94
876 120922.09
877 120944.02
878 120842.93
879 120826.01
880 121682.17
881 120933.06
882 121258.02
883 121068.95
884 121162.18
885 121206.05
886 121003.87
887 120929.00
888 121539.83
889 120733.02
890 120753.05
891 121023.89
892 120844.84
893 120810.99
894 121346.95
895 120856.05
896 121050.83
897 120955.23
898 120826.01
899 121295.93
900 121158.12
901 120889.90
902 120952.13
903 121001.01
904 120848.18
905 120825.05
906 120851.04
907 120949.03
908 120932.82
909 120896.10
910 120932.10
911 121052.98
912 121124.98
913 121093.99
914 121093.03
915 121120.21
916 121027.95
917 121129.04
918 121136.90
919 121139.05
920 121115.92
921 121076.11
922 121083.97
923 121135.95
924 121088.98
925 121165.04
926 121062.99
927 121101.14
928 121135.95
929 121119.02
930 121072.05
931 121044.87
932 121127.84
933 121131.90
934 121143.10
935 121109.96
936 121083.97
937 121129.04
938 121112.82
939 121133.09
940 121126.89
941 121136.90
942 121139.05
943 121083.97
944 121090.17
945 121063.95
946 121047.97
947 121140.00
948 121145.01
949 121117.12
950 120990.99
951 121127.84
952 121140.00
953 121092.08
954 121150.02
955 121135.95
956 121074.91
957 121100.90
958 121143.10
959 121133.09
960 121123.08
961 121138.10
962 121130.94
963 121187.93
964 121065.14
965 121099.95
966 121065.86
967 121114.97
968 121137.86
969 121124.98
970 121144.06
971 121140.00
972 121109.01
973 121107.10
974 121131.18
975 121109.96
976 121135.95
977 121159.08
978 121104.00
979 121083.97
980 121104.96
981 121137.14
982 121111.87
983 121135.00
984 121119.98
985 121133.09
986 121059.18
987 121114.97
988 121119.02
989 121087.07
990 121129.99
991 121135.95
992 121135.95
993 121090.89
994 121139.05
995 121093.99
996 121137.86
997 121114.02
998 121135.00
999 121124.98
