1000
0 121285.92
1 121161.22
2 121145.01
3 121151.21
4 121093.99
5 121130.94
6 121141.91
7 121127.13
8 121078.01
9 121132.85
10 121119.02
11 121135.23
12 121065.14
13 121135.00
14 121146.20
15 121145.01
16 121124.98
17 121135.95
18 121153.83
19 121145.01
20 121149.06
21 121131.90
22 121125.94
23 121135.00
24 121136.90
25 121145.96
26 121141.91
27 121127.13
28 121144.06
29 121123.08
30 121120.93
31 121129.99
32 121119.98
33 121151.92
34 121142.86
35 121123.79
36 121145.01
37 121148.82
38 121126.89
39 121140.00
40 121134.04
41 121144.06
42 121147.87
43 121143.10
44 121109.96
45 121135.00
46 121101.14
47 121122.12
48 121114.02
49 121140.00
50 121146.92
51 121145.96
52 121104.00
53 121139.05
54 121141.91
55 121124.98
56 121127.13
57 121140.96
58 121144.06
59 121144.06
60 121143.10
61 121140.96
62 121136.90
63 120977.88
64 121065.14
65 121062.04
66 121082.07
67 121068.00
68 121033.91
69 121021.99
70 121052.03
71 121060.13
72 121029.85
73 121068.95
74 121071.82
75 121095.18
76 121041.06
77 121048.93
78 121049.88
79 121067.05
80 121065.86
81 121031.05
82 121068.00
83 121069.19
84 121073.01
85 121048.93
86 121049.17
87 121056.08
88 121098.04
89 121061.09
90 121071.10
91 121068.00
92 121045.11
93 120975.97
94 120979.79
95 121006.97
96 120979.07
97 121062.99
98 121146.20
99 120981.93
100 120988.13
101 121139.05
102 120940.92
103 120825.05
104 120843.89
105 121495.01
106 120924.00
107 120689.87
108 121104.00
109 121008.87
110 120950.94
111 121006.01
112 121742.01
113 121217.01
114 120859.15
115 120911.84
116 121233.94
117 121223.93
118 121077.06
119 121310.00
120 121778.96
121 121037.96
122 121352.20
123 121991.87
124 121593.00
125 121032.00
126 120875.84
127 120829.11
128 121124.98
129 121519.09
130 121029.14
131 120898.96
132 120992.90
133 121701.96
134 121285.92
135 120936.87
136 121363.88
137 121237.04
138 121713.16
139 121349.81
140 121057.03
141 121522.90
142 120981.93
143 121418.00
144 121098.04
145 121371.03
146 120862.96
147 120949.03
148 120868.92
149 120999.10
150 121430.87
151 120953.08
152 121366.98
153 120917.80
154 121115.92
155 121458.05
156 121331.93
157 121248.96
158 120893.00
159 120995.04
160 120834.83
161 121267.08
162 121875.05
163 121696.00
164 121039.87
165 120902.06
166 120934.01
167 120822.91
168 121053.93
169 120985.03
170 121999.03
171 120915.89
172 120937.11
173 121498.11
174 121173.86
175 121662.86
176 121052.98
177 120969.06
178 121806.14
179 121227.03
180 121144.06
181 121625.90
182 121681.93
183 121006.97
184 121696.95
185 121206.05
186 120960.00
187 121499.78
188 122457.03
189 121059.89
190 121780.16
191 120926.14
192 120827.91
193 121591.09
194 120969.06
195 120959.04
196 121923.92
197 121845.96
198 121344.09
199 120672.94
200 121033.91
201 121638.06
202 121580.84
203 121330.98
204 121926.07
205 122064.11
206 121470.93
207 121294.98
208 120886.09
209 121341.94
210 121588.95
211 121158.84
212 121593.00
213 121567.96
214 120878.93
215 121119.98
216 121192.93
217 120975.97
218 121569.87
219 121593.00
220 121337.89
221 121525.05
222 120965.00
223 121401.07
224 120984.08
225 121330.98
226 121785.88
227 121714.12
228 121579.89
229 121340.99
230 121397.02
231 120960.95
232 121011.97
233 121562.00
234 121368.17
235 120939.97
236 121893.88
237 121114.97
238 121863.13
239 121227.98
240 121257.07
241 121081.11
242 121570.11
243 120940.92
244 121183.87
245 122021.91
246 121047.97
247 121004.82
248 121091.84
249 120892.05
250 121088.03
251 121028.90
252 121031.05
253 121004.10
254 122600.08
255 120901.11
256 121125.94
257 122092.96
258 121099.00
259 121762.04
260 120922.09
261 121032.00
262 121112.11
263 121855.02
264 120931.86
265 121046.07
266 121018.17
267 120990.99
268 121418.00
269 121435.88
270 121109.01
271 120989.08
272 121561.05
273 121373.89
274 120867.97
275 120972.87
276 120921.13
277 120962.86
278 121320.01
279 121279.00
280 121415.14
281 120918.04
282 121049.88
283 121441.84
284 121459.96
285 121421.81
286 121350.05
287 121330.02
288 121211.05
289 121493.82
290 121415.85
291 120986.94
292 121515.04
293 121308.09
294 120917.80
295 121438.03
296 121410.13
297 121031.05
298 120917.08
299 121639.01
300 122081.04
301 121500.97
302 121277.09
303 121083.02
304 121646.17
305 121512.89
306 121207.95
307 121066.09
308 120983.84
309 121679.07
310 121706.01
311 120859.15
312 120953.08
313 121833.09
314 121335.98
315 121686.94
316 121722.94
317 121243.00
318 121438.03
319 121352.91
320 121083.02
321 121573.93
322 121048.93
323 121945.86
324 121351.00
325 121011.02
326 121496.92
327 121035.10
328 122041.94
329 121861.93
330 122210.03
331 121399.16
332 120929.96
333 121218.20
334 120984.08
335 121151.21
336 121704.82
337 120990.99
338 120938.06
339 121555.09
340 121298.07
341 121432.07
342 121137.86
343 121033.91
344 121745.11
345 121230.84
346 121638.06
347 121508.84
348 121279.00
349 121062.99
350 121124.03
351 120760.92
352 121378.18
353 121490.00
354 121148.11
355 120872.97
356 121626.14
357 121011.02
358 121220.11
359 121042.97
360 120902.06
361 121151.92
362 120770.93
363 120882.03
364 120865.11
365 121216.06
366 121013.88
367 121041.06
368 120782.85
369 120817.90
370 120853.90
371 120928.05
372 120894.91
373 121093.03
374 120945.93
375 121284.01
376 120977.88
377 120986.94
378 121114.02
379 121116.88
380 120865.11
381 120976.21
382 120675.09
383 120982.89
384 120893.96
385 120924.00
386 120890.14
387 120820.05
388 121006.97
389 120973.11
390 120905.16
391 121016.98
392 120954.99
393 120990.04
394 120997.91
395 120945.93
396 121193.17
397 121187.93
398 120876.07
399 120866.06
400 120913.03
401 120951.18
402 120930.91
403 121274.95
404 121070.86
405 121340.04
406 121069.91
407 121412.04
408 121155.98
409 121032.95
410 120948.08
411 120841.03
412 120767.12
413 120842.93
414 121082.07
415 120841.98
416 121192.93
417 120934.96
418 121160.98
419 120854.85
420 121042.01
421 120934.96
422 120873.93
423 120861.05
424 120800.97
425 120959.04
426 120850.09
427 120856.05
428 121379.85
429 121228.93
430 120800.02
431 121452.09
432 121309.04
433 121298.07
434 121045.83
435 121540.78
436 121344.09
437 120841.98
438 121114.02
439 120899.92
440 121037.01
441 120947.12
442 121089.94
443 120837.93
444 120811.94
445 121042.01
446 121060.13
447 121006.01
448 121001.96
449 121026.04
450 120936.87
451 120775.94
452 121011.02
453 121165.04
454 120965.00
455 120783.09
456 120907.07
457 121032.00
458 120882.99
459 120815.99
460 120880.13
461 121382.00
462 120918.99
463 121109.96
464 120860.82
465 120866.06
466 120964.05
467 120809.08
468 120922.09
469 121114.02
470 121218.92
471 120986.94
472 121313.81
473 120887.04
474 121056.08
475 120904.92
476 120859.86
477 121016.98
478 120785.00
479 121411.09
480 121267.80
481 121032.95
482 121443.99
483 121365.07
484 120907.78
485 121072.05
486 120868.92
487 120941.16
488 121418.95
489 121402.03
490 121316.19
491 121483.09
492 120892.05
493 120846.99
494 120774.98
495 121203.90
496 121459.01
497 120908.98
498 121110.92
499 121289.97
500 120815.04
501 121400.83
502 121182.20
503 121395.83
504 120962.14
505 121088.03
506 120876.79
507 121076.11
508 121000.05
509 121211.05
510 120938.06
511 121103.05
512 121686.94
513 121380.81
514 120797.16
515 121423.96
516 121155.98
517 121263.03
518 121351.00
519 121460.91
520 121050.83
521 121384.86
522 120969.06
523 121244.91
524 120882.99
525 120952.13
526 121248.01
527 121212.96
528 121073.96
529 121264.93
530 121417.05
531 120818.14
532 121352.91
533 120737.79
534 121371.98
535 120949.03
536 121043.21
537 121544.12
538 121006.01
539 121238.95
540 120794.06
541 120933.06
542 121294.02
543 121194.12
544 120916.84
545 121396.06
546 121070.86
547 121713.16
548 121239.90
549 120834.11
550 120715.86
551 120726.82
552 121568.20
553 121742.01
554 121085.17
555 121189.83
556 120916.13
557 121339.08
558 121238.95
559 121073.01
560 121279.00
561 121517.90
562 120914.94
563 121485.95
564 121119.02
565 121595.14
566 121129.04
567 121536.02
568 121298.07
569 121243.00
570 120717.05
571 120962.86
572 121577.02
573 121176.00
574 121232.99
575 121258.97
576 121521.00
577 121072.05
578 121388.91
579 120704.89
580 121680.02
581 121096.13
582 120702.98
583 121188.88
584 121287.11
585 120953.08
586 121319.06
587 121629.95
588 120959.04
589 121078.97
590 121126.89
591 121183.16
592 121306.18
593 120912.08
594 120905.88
595 121521.00
596 121159.08
597 121244.91
598 121104.00
599 121170.04
600 121127.84
601 120928.05
602 121053.93
603 121307.13
604 121199.13
605 120985.03
606 121232.03
607 120929.00
608 121148.11
609 121069.19
610 121058.94
611 120965.00
612 121629.95
613 121532.92
614 121141.91
615 121111.15
616 121103.05
617 121121.88
618 121218.20
619 121458.05
620 121371.03
621 121371.98
622 121297.84
623 121368.89
624 121189.12
625 121207.00
626 121612.07
627 121304.04
628 121665.00
629 121218.92
630 121127.84
631 121134.04
632 120934.01
633 120991.95
634 121222.02
635 121538.88
636 120877.98
637 120847.94
638 120935.92
639 120933.06
640 120823.86
641 121075.15
642 121251.11
643 121515.99
644 121423.01
645 121052.03
646 121002.20
647 121340.04
648 121423.01
649 121099.95
650 121185.78
651 120851.99
652 121181.01
653 121135.00
654 120963.10
655 121135.95
656 121147.16
657 121299.98
658 121039.87
659 121149.06
660 121093.03
661 121179.10
662 120872.02
663 121180.06
664 121576.07
665 120882.99
666 121304.99
667 120887.04
668 121141.20
669 121256.11
670 121563.91
671 121451.85
672 121190.07
673 120846.99
674 121294.02
675 121150.02
676 121005.06
677 120838.88
678 121312.86
679 121106.15
680 121315.96
681 121436.12
682 121128.80
683 121114.02
684 120693.92
685 121024.85
686 121747.02
687 121082.78
688 121516.94
689 120824.10
690 121102.81
691 121025.80
692 120951.89
693 121500.02
694 120707.99
695 120847.94
696 121121.17
697 121208.19
698 121644.97
699 121120.21
700 120717.05
701 121239.19
702 121194.84
703 121217.97
704 120688.92
705 121201.04
706 120817.90
707 121200.08
708 121422.05
709 120911.84
710 121506.93
711 121075.15
712 121104.96
713 121176.00
714 121413.95
715 120913.98
716 121489.05
717 121112.82
718 121337.89
719 121382.00
720 121459.96
721 120805.98
722 121092.08
723 120970.96
724 120996.00
725 121190.79
726 121675.97
727 121364.83
728 121068.00
729 120942.83
730 121047.02
731 121557.00
732 121060.13
733 121779.92
734 121128.80
735 121382.00
736 120863.91
737 120621.92
738 120991.95
739 121359.11
740 121155.98
741 121062.04
742 120983.12
743 120887.99
744 120841.03
745 121191.02
746 120764.02
747 120980.98
748 121064.19
749 121420.15
750 120946.17
751 121690.03
752 121408.94
753 121098.04
754 121313.81
755 121311.90
756 121433.02
757 121750.83
758 121036.05
759 121837.14
760 121325.02
761 121745.82
762 121227.98
763 121253.01
764 120952.13
765 121074.91
766 121781.11
767 121325.02
768 121061.09
769 121480.94
770 120921.13
771 121201.04
772 121290.92
773 121140.96
774 121030.09
775 121170.04
776 121259.21
777 121320.01
778 121488.81
779 121299.03
780 120786.19
781 121296.17
782 120841.03
783 121542.22
784 121174.10
785 121515.04
786 121059.89
787 120707.04
788 121057.03
789 120678.90
790 121520.04
791 121037.01
792 121316.91
793 121449.95
794 121207.00
795 121052.03
796 121433.02
797 121215.82
798 121234.18
799 121186.02
800 121103.05
801 121649.98
802 121129.99
803 121688.84
804 121560.10
805 121211.05
806 121458.05
807 121137.86
808 121223.93
809 121485.95
810 121235.85
811 121073.01
812 121307.85
813 121267.80
814 121248.01
815 120731.83
816 120757.82
817 120948.08
818 121354.10
819 121289.01
820 120929.00
821 121489.05
822 121469.97
823 120646.95
824 121023.89
825 120924.00
826 120669.84
827 120904.92
828 121212.96
829 121484.99
830 121649.03
831 121438.03
832 120935.20
833 121431.11
834 120985.03
835 121286.15
836 121301.89
837 121117.83
838 121286.15
839 121444.94
840 121577.98
841 121641.16
842 121122.84
843 121201.04
844 121072.05
845 120795.01
846 121080.16
847 120824.10
848 121235.85
849 120739.94
850 120889.90
851 120841.03
852 121260.88
853 120996.00
854 121004.10
855 121389.87
856 120983.12
857 120676.04
858 121394.87
859 120960.95
860 121077.78
861 120990.04
862 121678.83
863 121072.05
864 120880.13
865 120851.04
866 120723.96
867 121237.04
868 120798.11
869 120970.01
870 120936.87
871 120791.91
872 121116.16
873 121127.13
874 121312.86
875 120769.02
876 121128.08
877 121322.87
878 120754.96
879 120879.89
880 121284.01
881 120834.11
882 121097.09
883 121137.86
884 121044.16
885 121109.01
886 121199.85
887 121181.01
888 120868.92
889 121217.97
890 121068.00
891 121258.97
892 121156.93
893 121043.92
894 120722.06
895 120933.06
896 120977.88
897 120846.03
898 120906.11
899 121052.98
900 120800.02
901 120829.82
902 121174.10
903 121003.87
904 121035.10
905 120784.04
906 120918.04
907 120940.92
908 120749.95
909 120819.09
910 120704.89
911 121217.97
912 120867.97
913 121085.17
914 120743.99
915 120830.06
916 121509.08
917 121268.99
918 121108.06
919 121086.12
920 120872.02
921 121055.13
922 120946.88
923 120826.96
924 121057.99
925 121127.84
926 120795.97
927 120717.05
928 120903.97
929 120719.19
930 120717.05
931 120798.83
932 120791.91
933 120777.85
934 120733.98
935 120808.12
936 121002.91
937 120859.15
938 121329.78
939 121034.15
940 121361.97
941 120749.95
942 120937.11
943 120925.19
944 121097.09
945 121101.14
946 121087.07
947 121132.85
948 121104.00
949 121089.94
950 121114.97
951 121089.94
952 121132.85
953 121129.04
954 121128.08
955 121121.88
956 121118.07
957 121109.96
958 121138.10
959 121129.99
960 121124.98
961 121124.98
962 121121.88
963 121118.07
964 121127.13
965 121127.84
966 121129.99
967 121132.14
968 121111.15
969 121140.96
970 121119.02
971 121069.91
972 121121.17
973 121119.98
974 121125.94
975 121127.84
976 121124.03
977 121131.90
978 121128.08
979 121129.99
980 121128.08
981 121129.04
982 121126.17
983 121128.80
984 121125.94
985 121130.94
986 121124.03
987 121135.00
988 121127.13
989 121126.89
990 121127.13
991 121079.92
992 121129.04
993 121127.84
994 121118.07
995 121123.08
996 121068.00
997 121109.96
998 121124.03
999 121124.03
