1000
0 121066.81
1 120973.11
2 120938.06
3 120910.17
4 120968.82
5 120949.03
6 120956.18
7 120953.08
8 120955.23
9 120963.81
10 120961.90
11 120947.12
12 120961.90
13 120952.84
14 120894.91
15 121025.09
16 120941.88
17 120921.85
18 120954.04
19 120876.07
20 121017.93
21 120977.88
22 120934.96
23 120884.18
24 120944.02
25 120918.99
26 120893.00
27 120939.02
28 120938.06
29 120949.98
30 120981.93
31 120959.04
32 120919.94
33 120965.00
34 120942.12
35 120902.06
36 120944.02
37 120948.08
38 120957.14
39 120957.14
40 120966.91
41 120962.14
42 120924.00
43 120962.14
44 120941.88
45 120895.15
46 120953.80
47 120920.90
48 120948.08
49 120961.19
50 120872.97
51 120968.10
52 120939.97
53 120942.12
54 120891.09
55 120960.95
56 120959.04
57 120952.13
58 120969.06
59 120960.95
60 120936.87
61 120969.06
62 120954.04
63 120941.88
64 120963.10
65 120953.08
66 120970.96
67 120959.04
68 120939.97
69 120857.00
70 120949.03
71 120959.04
72 120975.02
73 120965.96
74 120909.21
75 120968.82
76 120965.96
77 120970.01
78 120969.06
79 120923.04
80 120902.06
81 120947.12
82 120924.00
83 120953.08
84 120972.16
85 120924.00
86 120950.94
87 120944.02
88 120961.19
89 120970.96
90 120964.05
91 120972.16
92 120967.86
93 120851.99
94 120939.02
95 120903.02
96 120879.89
97 120886.09
98 120949.03
99 120980.02
100 120898.96
101 120928.05
102 120661.97
103 121083.02
104 122248.89
105 121227.03
106 122201.92
107 122147.08
108 121243.00
109 121109.01
110 122702.12
111 122482.06
112 123413.80
113 123434.07
114 122668.03
115 123630.05
116 123405.93
117 123154.16
118 122273.21
119 122969.87
120 124492.17
121 123741.87
122 122585.77
123 123258.11
124 122584.10
125 124005.08
126 122323.04
127 122899.06
128 122957.94
129 122749.09
130 122734.07
131 124431.85
132 122713.80
133 123464.11
134 124067.78
135 123108.15
136 123059.03
137 122903.11
138 124584.91
139 123002.05
140 122935.06
141 124758.96
142 123598.10
143 122289.90
144 122291.09
145 123838.90
146 122068.17
147 124417.07
148 124606.85
149 122852.09
150 121908.19
151 122606.99
152 122063.16
153 124205.11
154 122572.90
155 123018.98
156 122251.99
157 122761.96
158 124509.10
159 123434.07
160 122658.01
161 122498.99
162 122353.08
163 122134.92
164 122757.91
165 122076.99
166 123284.10
167 122352.12
168 123775.96
169 122100.11
170 122092.96
171 123568.06
172 123394.01
173 122384.07
174 124234.91
175 122493.98
176 123428.11
177 122766.97
178 122648.00
179 123247.15
180 123752.83
181 123070.00
182 122825.86
183 122183.08
184 124620.91
185 123196.13
186 123181.82
187 122103.21
188 122599.12
189 123008.01
190 123903.04
191 123029.95
192 122837.07
193 122910.98
194 123381.14
195 122559.07
196 122435.09
197 122435.09
198 122566.94
199 123146.06
200 122177.84
201 122898.82
202 123170.14
203 124648.81
204 121922.97
205 123226.17
206 122507.10
207 124073.98
208 122317.08
209 123904.94
210 122910.98
211 122754.10
212 123378.04
213 122481.11
214 124156.00
215 123322.01
216 123126.98
217 123836.04
218 123634.10
219 122725.01
220 123595.00
221 123337.98
222 124808.07
223 123881.10
224 124650.96
225 123206.14
226 122727.87
227 123071.19
228 123887.06
229 123512.03
230 122702.12
231 123438.12
232 123271.94
233 123322.96
234 123117.92
235 124555.83
236 122925.04
237 122057.91
238 122824.19
239 122901.92
240 123589.99
241 122595.79
242 124066.11
243 122386.93
244 123755.22
245 122703.79
246 123842.00
247 121955.16
248 123538.97
249 122621.06
250 122405.05
251 123195.17
252 123893.98
253 122601.99
254 123063.09
255 123676.06
256 124461.17
257 123049.02
258 123034.00
259 122119.90
260 122636.08
261 123759.98
262 122584.10
263 124236.11
264 122035.03
265 122671.84
266 122575.04
267 123651.03
268 123116.97
269 123925.21
270 123940.94
271 123457.91
272 122716.90
273 122432.95
274 123265.03
275 122793.91
276 123634.10
277 123649.84
278 122800.11
279 124830.01
280 122975.11
281 124465.23
282 125114.92
283 124431.13
284 124197.01
285 123693.23
286 122958.18
287 122934.82
288 121884.11
289 122547.15
290 123322.01
291 123369.93
292 124295.00
293 122374.06
294 123121.02
295 122926.00
296 123136.04
297 122272.01
298 122053.15
299 123209.00
300 122191.91
301 123969.08
302 121928.22
303 121989.01
304 122724.77
305 122567.89
306 123326.06
307 123867.99
308 122853.04
309 123613.12
310 123456.00
311 124196.05
312 122637.99
313 124948.98
314 122365.00
315 124651.91
316 123738.05
317 122011.18
318 123518.94
319 124367.00
320 123327.97
321 122348.79
322 122524.98
323 122252.94
324 122099.88
325 122186.18
326 123698.95
327 124835.01
328 122752.90
329 123608.11
330 122618.20
331 122958.90
332 123672.01
333 123720.17
334 124689.82
335 123749.97
336 124434.95
337 121905.09
338 124305.96
339 122684.96
340 124876.02
341 123117.92
342 122125.86
343 122196.91
344 122242.93
345 122709.99
346 122545.96
347 122220.99
348 123008.97
349 122801.07
350 122783.90
351 123476.03
352 123318.91
353 123296.98
354 122210.03
355 122993.95
356 122992.99
357 122843.03
358 122829.91
359 121733.19
360 122217.18
361 122378.11
362 122131.11
363 121984.00
364 122107.03
365 122129.92
366 122763.87
367 121975.90
368 122491.84
369 122018.81
370 121908.90
371 122406.96
372 122153.04
373 121888.16
374 122262.95
375 122219.80
376 122071.98
377 122365.00
378 122085.09
379 122181.89
380 122047.90
381 122222.90
382 121778.96
383 122184.99
384 122314.93
385 121976.14
386 122004.03
387 122215.99
388 122258.90
389 122406.01
390 122243.88
391 122439.15
392 121986.15
393 122530.94
394 122311.12
395 122030.02
396 122214.08
397 122543.10
398 122711.18
399 122249.13
400 121787.07
401 122066.02
402 122513.06
403 122588.87
404 122132.06
405 122416.97
406 122405.05
407 122673.99
408 122300.15
409 122316.84
410 121809.96
411 122190.00
412 122128.96
413 122349.02
414 122448.21
415 122431.04
416 122394.08
417 122499.94
418 122244.83
419 122293.00
420 122109.17
421 122069.84
422 122670.89
423 122355.94
424 122332.10
425 122087.96
426 122065.07
427 122439.86
428 122320.18
429 122555.97
430 122047.19
431 122186.90
432 122058.15
433 122338.06
434 121865.99
435 122611.05
436 122658.97
437 122320.89
438 121963.02
439 121984.96
440 122303.01
441 122357.85
442 122185.95
443 122097.02
444 122614.15
445 122536.18
446 122558.83
447 122570.99
448 122380.02
449 121459.01
450 121232.99
451 121083.97
452 121258.02
453 121258.02
454 121173.14
455 121315.96
456 121112.82
457 121085.17
458 120893.96
459 120948.08
460 121190.07
461 120879.89
462 121090.17
463 120778.08
464 120864.15
465 120880.13
466 121043.92
467 121269.94
468 121081.11
469 121087.07
470 121209.14
471 121078.97
472 120857.00
473 120806.93
474 120924.00
475 120923.04
476 120970.96
477 121151.92
478 120879.89
479 121202.95
480 121015.07
481 120908.02
482 121060.13
483 121358.16
484 120979.07
485 121198.18
486 120929.96
487 120750.19
488 121221.07
489 121012.93
490 121145.01
491 121113.06
492 120969.06
493 121062.04
494 120978.83
495 120865.11
496 121073.96
497 121081.83
498 120918.99
499 120897.05
500 121161.94
501 121231.08
502 120949.98
503 120985.03
504 121149.06
505 121078.01
506 121165.99
507 121010.07
508 120965.96
509 121529.10
510 121231.08
511 120944.02
512 121011.02
513 121132.85
514 121303.08
515 121039.15
516 120912.08
517 121108.06
518 121020.08
519 121086.84
520 121110.92
521 120965.96
522 121317.15
523 121168.85
524 120888.95
525 120921.85
526 121113.06
527 121093.99
528 121030.81
529 120933.06
530 120834.11
531 120935.92
532 120865.82
533 121155.02
534 121332.88
535 121366.98
536 121060.85
537 121163.85
538 120798.83
539 120974.78
540 121028.18
541 121007.92
542 121086.84
543 120868.21
544 120934.96
545 120801.93
546 121119.98
547 121256.11
548 120995.04
549 120954.99
550 120858.91
551 121438.98
552 121042.97
553 120929.96
554 120886.09
555 121083.02
556 121028.90
557 120707.99
558 121427.06
559 121212.96
560 121119.98
561 121022.94
562 121012.93
563 121382.00
564 121290.21
565 120987.18
566 121006.97
567 121356.01
568 121424.91
569 121052.98
570 120927.10
571 121112.82
572 121325.02
573 121028.90
574 120930.91
575 120851.99
576 120908.02
577 121217.01
578 120929.00
579 120920.90
580 121243.95
581 121123.08
582 120966.91
583 120949.03
584 120998.14
585 120846.99
586 120978.12
587 121081.11
588 121332.88
589 120945.93
590 121066.81
591 120899.92
592 121134.04
593 120932.10
594 121119.02
595 120959.04
596 120969.06
597 120908.02
598 120914.94
599 120990.04
600 121048.93
601 121196.03
602 121176.96
603 121114.02
604 120995.04
605 120887.04
606 121295.93
607 121024.85
608 121021.99
609 121048.93
610 121238.95
611 121021.99
612 120882.03
613 120946.88
614 120851.04
615 120877.03
616 121083.02
617 120850.80
618 120985.98
619 121063.95
620 121079.92
621 120781.18
622 121354.10
623 120917.08
624 120793.10
625 120806.22
626 120960.00
627 121195.08
628 121253.97
629 121188.88
630 121149.06
631 121007.92
632 121162.89
633 121363.88
634 120835.07
635 120998.14
636 121022.94
637 121454.95
638 121088.98
639 120958.81
640 120955.94
641 121164.80
642 120882.99
643 120978.12
644 121050.83
645 120830.06
646 120928.05
647 121113.06
648 121174.10
649 120887.99
650 121114.97
651 120954.04
652 120923.04
653 120849.13
654 121047.02
655 121036.05
656 120887.99
657 120836.97
658 120726.11
659 120935.92
660 120942.12
661 120913.98
662 120779.99
663 121011.02
664 121165.04
665 120871.07
666 120835.07
667 121053.93
668 120930.91
669 120855.09
670 120955.94
671 121119.02
672 121168.85
673 120963.10
674 121176.00
675 120954.99
676 121139.05
677 121230.84
678 120812.89
679 121017.93
680 121001.01
681 120870.83
682 120985.03
683 121094.94
684 121313.10
685 121143.10
686 120982.89
687 120996.00
688 120866.06
689 121004.10
690 121261.84
691 120903.97
692 121248.96
693 121300.94
694 121072.05
695 121178.87
696 121245.86
697 121009.11
698 121188.88
699 120951.18
700 121200.08
701 121044.16
702 121252.06
703 121110.92
704 121197.94
705 121229.89
706 121162.89
707 121071.82
708 121066.09
709 121068.00
710 121257.07
711 121083.02
712 121167.18
713 120983.12
714 121149.06
715 121228.93
716 120973.11
717 121034.15
718 121213.91
719 121213.20
720 120810.03
721 121066.09
722 121073.01
723 121038.91
724 121082.78
725 121313.10
726 121105.19
727 121236.09
728 120863.91
729 121037.01
730 121151.21
731 121227.98
732 121021.03
733 120826.96
734 120846.99
735 121288.06
736 121140.96
737 120808.84
738 121144.06
739 120960.00
740 121081.11
741 121433.02
742 120939.02
743 120965.00
744 120978.12
745 120896.10
746 121273.99
747 121079.92
748 121276.14
749 120927.10
750 120819.09
751 121022.94
752 120995.04
753 120893.96
754 121077.06
755 120858.91
756 121292.11
757 121007.92
758 121196.03
759 120972.87
760 120847.94
761 121056.08
762 121002.91
763 121283.05
764 121091.84
765 121034.86
766 121001.01
767 120817.90
768 121187.93
769 121136.90
770 121045.83
771 121142.86
772 121320.01
773 121084.21
774 120911.12
775 121055.84
776 121063.95
777 121022.94
778 120757.82
779 121417.05
780 121243.95
781 121092.08
782 120893.96
783 120832.92
784 120984.08
785 120964.05
786 121243.95
787 121021.03
788 121518.14
789 120834.11
790 121063.95
791 121135.00
792 121137.14
793 121116.16
794 121129.99
795 121133.80
796 121130.94
797 121137.14
798 121138.10
799 121135.00
800 121061.80
801 121135.00
802 121140.96
803 121040.82
804 121145.96
805 121119.98
806 121081.11
807 121061.09
808 121089.94
809 121159.08
810 121135.00
811 121108.06
812 121143.10
813 121125.94
814 121140.00
815 121124.98
816 121104.96
817 121125.94
818 121123.08
819 121131.90
820 121125.22
821 121109.01
822 121131.18
823 121091.13
824 121109.96
825 121112.11
826 120963.81
827 121061.09
828 121117.12
829 121146.92
830 121119.98
831 121140.00
832 121194.12
833 121124.98
834 121097.09
835 121113.06
836 121143.10
837 121117.12
838 121149.06
839 121119.02
840 121088.03
841 121130.94
842 121140.96
843 121135.00
844 121145.01
845 121129.99
846 121107.82
847 121058.94
848 121087.07
849 121141.91
850 121153.83
851 121145.01
852 121083.97
853 121138.81
854 121145.96
855 121145.01
856 121144.06
857 121140.96
858 121154.79
859 121145.01
860 121113.06
861 121153.12
862 121119.02
863 121148.11
864 121126.89
865 121148.82
866 121112.11
867 121038.91
868 121141.91
869 121140.00
870 121135.00
871 121140.00
872 121142.15
873 121116.88
874 121139.05
875 121141.91
876 121134.04
877 121145.01
878 121148.11
879 121108.06
880 121121.88
881 121119.98
882 121131.18
883 121135.23
884 121144.06
885 121139.05
886 121149.06
887 121067.05
888 121095.18
889 121132.14
890 121136.90
891 121040.11
892 121108.06
893 121141.20
894 121128.08
895 121151.92
896 121136.90
897 121080.88
898 121144.06
899 121104.96
900 121163.85
901 121113.06
902 121123.08
903 121121.88
904 121127.84
905 121127.13
906 121110.20
907 121077.06
908 121119.98
909 121140.96
910 121131.18
911 121169.09
912 121133.09
913 121068.00
914 121141.20
915 121149.06
916 121140.00
917 121150.02
918 121140.96
919 121141.91
920 121077.06
921 121114.02
922 121107.82
923 121161.94
924 121120.93
925 121093.03
926 121129.04
927 121062.99
928 121099.00
929 121165.99
930 121139.05
931 121087.07
932 121140.96
933 121119.02
934 121134.04
935 121126.89
936 121131.90
937 121129.04
938 121140.96
939 121134.04
940 121143.10
941 121137.86
942 121141.20
943 121139.05
944 121144.06
945 121140.00
946 121189.12
947 121141.91
948 121084.21
949 121109.96
950 121110.92
951 121126.17
952 121124.98
953 121133.09
954 121124.03
955 121133.80
956 121123.08
957 121139.05
958 121129.04
959 121143.10
960 121135.00
961 121109.96
962 121138.10
963 121132.14
964 121119.02
965 121135.00
966 121094.94
967 121047.97
968 121093.99
969 121123.08
970 121137.86
971 121129.99
972 121140.00
973 121131.90
974 121147.87
975 121145.01
976 121143.10
977 121110.92
978 121114.97
979 121201.04
980 121109.96
981 121104.00
982 121127.13
983 121108.06
984 121124.98
985 121129.99
986 121135.00
987 121026.99
988 121089.94
989 121141.91
990 121123.08
991 121121.17
992 121121.88
993 121125.94
994 121133.80
995 121139.05
996 121145.01
997 121150.97
998 121110.92
999 121114.97
