1000
0 121260.17
1 121086.84
2 121057.99
3 121021.99
4 121005.06
5 121039.87
6 121049.17
7 121052.03
8 121047.97
9 121068.00
10 121047.02
11 121087.79
12 121050.83
13 121016.98
14 121062.04
15 121044.87
16 121039.87
17 121035.10
18 120951.89
19 121052.98
20 121052.98
21 121061.09
22 121021.99
23 121068.00
24 121044.87
25 121072.05
26 121053.93
27 120982.89
28 121063.95
29 121061.09
30 121080.88
31 121032.95
32 121017.93
33 120982.17
34 121088.03
35 121025.09
36 121006.97
37 121050.12
38 121047.97
39 121061.09
40 121026.99
41 121029.14
42 121051.07
43 121047.97
44 121059.89
45 121060.13
46 121047.97
47 121040.82
48 121040.11
49 121049.17
50 120972.87
51 121059.89
52 121037.96
53 121061.09
54 121037.01
55 120980.98
56 121053.22
57 121062.04
58 121051.07
59 121061.09
60 121048.93
61 121059.89
62 121019.12
63 121061.09
64 121042.01
65 121072.05
66 121047.97
67 120993.14
68 121062.99
69 121053.93
70 121068.00
71 121057.99
72 121037.96
73 121073.01
74 121055.84
75 121019.84
76 121058.94
77 121045.11
78 121055.13
79 121063.95
80 121024.13
81 120906.11
82 121052.03
83 121070.15
84 121055.13
85 121037.01
86 121081.11
87 121051.07
88 121063.95
89 121057.03
90 121032.00
91 121059.89
92 121062.04
93 121001.01
94 120924.95
95 121053.93
96 120962.86
97 121004.82
98 121045.83
99 120899.20
100 121052.03
101 120847.23
102 121031.05
103 121191.02
104 120929.00
105 121568.20
106 121641.16
107 121717.93
108 122381.93
109 122164.01
110 123023.03
111 121949.91
112 121943.00
113 123497.96
114 123581.89
115 124979.97
116 124284.98
117 122907.16
118 122905.02
119 122971.06
120 123464.82
121 124195.81
122 123472.93
123 123412.13
124 122335.91
125 122416.02
126 123970.99
127 123159.89
128 122545.96
129 122609.85
130 123528.96
131 122672.08
132 124390.84
133 123258.11
134 122494.94
135 122760.06
136 122303.96
137 123703.00
138 123591.18
139 123538.02
140 122786.05
141 122756.00
142 124125.00
143 124175.07
144 122544.05
145 123508.93
146 122189.04
147 122860.91
148 122064.11
149 123958.11
150 123893.02
151 124657.15
152 123050.93
153 122966.05
154 122849.94
155 122551.92
156 123490.81
157 123420.00
158 122513.06
159 123282.91
160 123144.87
161 123212.10
162 123445.99
163 122642.99
164 122673.03
165 123271.94
166 123694.90
167 123199.22
168 122283.94
169 124106.17
170 123837.95
171 124718.90
172 122828.01
173 124005.08
174 122946.02
175 124073.98
176 122828.01
177 123706.10
178 123532.06
179 122751.95
180 123200.89
181 123079.06
182 122695.92
183 122263.91
184 124066.11
185 124758.01
186 122076.03
187 123115.06
188 123604.06
189 123908.04
190 122645.85
191 124197.01
192 123420.95
193 123459.82
194 122495.17
195 123591.18
196 123062.13
197 124981.88
198 122622.97
199 122725.96
200 122516.87
201 123111.96
202 123903.99
203 124715.09
204 123192.07
205 122706.17
206 124438.05
207 123044.01
208 123675.11
209 125324.01
210 123186.11
211 122339.01
212 122260.81
213 122876.88
214 122198.10
215 124312.88
216 123459.82
217 123881.10
218 124101.88
219 124725.10
220 124669.08
221 123692.99
222 123595.00
223 122967.00
224 123525.86
225 124055.15
226 124015.09
227 124114.04
228 122985.12
229 122994.18
230 123765.95
231 122765.06
232 123483.18
233 123434.07
234 123531.10
235 125585.08
236 122170.93
237 123569.97
238 125034.09
239 125283.96
240 122590.07
241 123157.02
242 124076.84
243 123709.92
244 122959.85
245 124419.93
246 123610.97
247 123058.08
248 122712.85
249 124314.07
250 123258.83
251 124428.99
252 122236.01
253 122747.90
254 123461.96
255 122435.09
256 124207.02
257 123754.02
258 122645.85
259 123016.83
260 122907.16
261 123904.94
262 123034.00
263 124881.98
264 123883.96
265 123363.97
266 122636.80
267 122596.98
268 122506.14
269 122351.88
270 122606.04
271 123275.04
272 123031.14
273 122808.93
274 124497.18
275 122681.86
276 122530.94
277 126427.17
278 122251.99
279 122296.09
280 124701.02
281 122209.07
282 123718.98
283 122095.11
284 123839.86
285 123748.06
286 123924.02
287 122944.83
288 123177.05
289 123018.98
290 123698.00
291 122807.98
292 122891.19
293 122421.98
294 123698.00
295 122957.94
296 124621.15
297 123528.96
298 124009.13
299 122447.01
300 123312.95
301 122629.17
302 122251.99
303 123023.03
304 124427.08
305 124084.95
306 123216.87
307 123950.96
308 123158.93
309 123571.87
310 125333.07
311 124504.09
312 122762.92
313 123414.04
314 124278.07
315 123176.10
316 125744.10
317 123039.96
318 122790.10
319 123605.01
320 124230.86
321 122498.04
322 124188.90
323 125022.89
324 123934.98
325 123055.93
326 122195.01
327 122756.96
328 124570.85
329 122941.02
330 123880.15
331 122865.20
332 123811.01
333 123487.95
334 123471.02
335 123488.90
336 123981.95
337 124722.00
338 125601.05
339 123887.78
340 123957.87
341 122979.88
342 123006.11
343 122841.12
344 123646.97
345 123540.16
346 123484.13
347 122090.10
348 123220.21
349 123698.00
350 122684.96
351 122670.89
352 124361.04
353 124385.12
354 125019.07
355 122404.10
356 123991.97
357 122266.05
358 122324.94
359 122618.91
360 122318.03
361 122915.98
362 121971.13
363 122197.87
364 122745.04
365 122083.19
366 121994.02
367 122386.93
368 122991.09
369 122545.00
370 122800.11
371 122639.89
372 122894.05
373 122864.96
374 122439.15
375 122777.94
376 122667.07
377 123143.91
378 122992.99
379 122158.05
380 122718.81
381 122228.86
382 122596.03
383 122286.08
384 122462.03
385 122766.02
386 121798.99
387 122253.89
388 122830.87
389 123301.98
390 122422.93
391 122280.12
392 121897.94
393 122427.94
394 122617.01
395 122401.95
396 122454.17
397 122344.02
398 122637.03
399 122855.19
400 122795.10
401 122601.03
402 122353.08
403 122766.97
404 122564.08
405 122447.01
406 122323.99
407 122331.86
408 122357.85
409 122483.02
410 122686.86
411 122103.93
412 123042.11
413 122545.00
414 122730.02
415 122568.13
416 122318.98
417 122483.02
418 122725.01
419 122624.87
420 122581.96
421 122920.99
422 122336.15
423 122246.03
424 122891.90
425 121603.01
426 122413.16
427 122630.83
428 122561.93
429 122573.85
430 122406.96
431 122315.17
432 122265.82
433 123296.98
434 122715.00
435 122743.84
436 122538.09
437 122326.14
438 122656.11
439 122475.15
440 122915.03
441 122177.84
442 122717.86
443 122483.97
444 122218.13
445 122524.02
446 122596.98
447 122208.12
448 122651.10
449 122276.07
450 121564.87
451 121080.88
452 120826.96
453 121100.90
454 120778.08
455 120853.19
456 121007.20
457 121132.85
458 120768.07
459 121176.00
460 121310.00
461 120891.09
462 121047.97
463 120982.89
464 120981.93
465 121194.84
466 121082.07
467 121082.07
468 121185.06
469 121049.17
470 120969.06
471 120965.00
472 121076.11
473 120818.85
474 120969.06
475 121027.95
476 120893.00
477 120958.09
478 121042.97
479 120928.05
480 121081.11
481 120933.06
482 121051.07
483 120892.05
484 121006.97
485 120821.95
486 121244.19
487 121075.87
488 120821.95
489 121130.94
490 121059.89
491 120962.86
492 120923.04
493 120923.04
494 120908.02
495 120984.08
496 121127.13
497 120985.03
498 120990.99
499 120989.08
500 121060.85
501 120903.02
502 120839.12
503 121118.07
504 121193.89
505 120948.08
506 120893.96
507 120985.98
508 121063.95
509 121052.03
510 120910.17
511 120899.92
512 121244.91
513 121182.92
514 120812.18
515 121067.05
516 121181.96
517 120810.99
518 121020.08
519 120965.00
520 121005.06
521 121233.94
522 120939.97
523 121255.87
524 120828.87
525 121088.03
526 121103.05
527 121089.94
528 120985.03
529 121005.06
530 121052.03
531 120975.97
532 121265.17
533 120908.98
534 120866.06
535 120730.88
536 121083.02
537 121073.96
538 121006.97
539 120917.08
540 120976.92
541 120736.12
542 120965.00
543 120800.02
544 120892.05
545 120810.03
546 121140.00
547 121155.98
548 121040.11
549 120876.07
550 120921.85
551 120972.87
552 120888.95
553 120975.02
554 121017.93
555 121183.16
556 121033.91
557 120913.03
558 120957.85
559 120990.99
560 120984.08
561 120956.90
562 121070.86
563 121211.05
564 120809.08
565 120686.05
566 121010.07
567 120963.81
568 120902.06
569 120893.00
570 120942.12
571 120948.08
572 120946.88
573 120872.97
574 120964.05
575 121013.16
576 121026.99
577 121064.90
578 120997.91
579 121002.91
580 120900.87
581 120928.05
582 120908.02
583 120914.94
584 120872.97
585 121191.98
586 121059.89
587 121109.96
588 121032.95
589 120792.87
590 120954.04
591 120779.04
592 120823.14
593 120785.95
594 120712.04
595 121269.94
596 121057.99
597 120779.99
598 121020.08
599 120801.93
600 121018.89
601 120854.85
602 120951.89
603 121250.87
604 120917.08
605 121085.88
606 121073.01
607 121111.15
608 121128.08
609 121004.10
610 120927.81
611 120798.11
612 120879.89
613 121006.97
614 120789.77
615 120841.03
616 121304.99
617 121079.92
618 121140.00
619 121021.03
620 120794.06
621 120999.10
622 120882.99
623 121155.02
624 120877.98
625 121140.00
626 120924.00
627 121062.04
628 121031.05
629 120843.17
630 121105.91
631 120926.14
632 120921.13
633 120864.15
634 121038.91
635 120959.04
636 121107.10
637 120772.12
638 121026.99
639 121003.15
640 121032.00
641 120888.95
642 121025.80
643 120826.96
644 121158.12
645 121017.93
646 121041.06
647 121051.07
648 120925.90
649 120925.90
650 121146.92
651 121009.83
652 120838.88
653 120879.89
654 121133.09
655 121370.79
656 121147.87
657 121157.88
658 121117.83
659 121000.05
660 121030.09
661 120980.98
662 120933.06
663 120853.90
664 121082.07
665 121189.12
666 121102.09
667 121114.02
668 120956.18
669 121170.04
670 120933.06
671 120963.81
672 121244.91
673 121235.13
674 121275.90
675 120995.04
676 121017.93
677 121254.92
678 121008.16
679 120903.97
680 120959.04
681 120924.00
682 121191.98
683 121068.95
684 121150.02
685 121055.13
686 121094.94
687 121188.88
688 121008.87
689 121057.03
690 120800.97
691 120919.94
692 121157.88
693 120821.95
694 121115.92
695 121162.18
696 120899.92
697 121088.03
698 121053.93
699 120995.04
700 120850.09
701 120919.94
702 121248.01
703 121175.05
704 120954.99
705 121119.02
706 121017.93
707 121035.10
708 120991.95
709 121084.21
710 120890.86
711 120875.12
712 121485.95
713 121105.91
714 121032.00
715 120875.12
716 121057.03
717 121224.88
718 120919.94
719 121077.06
720 120954.99
721 120925.90
722 120960.00
723 121134.04
724 120918.99
725 121088.03
726 120975.02
727 121053.93
728 121019.12
729 121042.97
730 121010.07
731 120910.88
732 120867.01
733 120927.81
734 120790.00
735 120990.99
736 121065.14
737 121052.03
738 121078.01
739 121019.84
740 121021.99
741 120819.09
742 120783.09
743 121194.12
744 120990.99
745 121127.13
746 121091.13
747 121015.79
748 121001.96
749 120789.05
750 120934.96
751 121237.04
752 120829.11
753 120846.03
754 120982.17
755 120825.05
756 121114.97
757 120793.10
758 120893.96
759 120986.94
760 121257.07
761 121221.07
762 120843.89
763 121046.07
764 121308.09
765 121076.11
766 121010.07
767 120990.99
768 121027.95
769 121050.12
770 121099.00
771 121150.02
772 121244.19
773 121150.02
774 121075.15
775 121013.88
776 120846.03
777 121013.88
778 120861.05
779 120877.98
780 120769.02
781 120826.96
782 120879.89
783 121168.14
784 120871.07
785 121021.03
786 121022.94
787 121152.88
788 121047.97
789 121005.06
790 121092.08
791 121100.19
792 121086.12
793 121011.97
794 121093.99
795 121109.96
796 121099.95
797 121099.95
798 121068.95
799 121108.06
800 121104.96
801 121083.02
802 121097.09
803 121113.06
804 121119.98
805 121081.83
806 121083.97
807 121083.02
808 121057.99
809 121097.09
810 121098.04
811 121099.00
812 121120.93
813 121078.97
814 121082.07
815 121104.00
816 121105.19
817 121130.94
818 121129.04
819 121085.88
820 121109.01
821 121119.98
822 121111.87
823 121124.03
824 121067.05
825 121092.08
826 121101.86
827 121097.80
828 121068.95
829 121095.90
830 121123.08
831 121133.09
832 121116.88
833 121137.86
834 121089.94
835 121110.92
836 121117.12
837 121128.08
838 121195.08
839 121093.03
840 121129.99
841 121084.93
842 121109.01
843 121153.12
844 121052.03
845 121127.84
846 121083.97
847 121088.98
848 121124.98
849 121119.98
850 121116.88
851 121118.07
852 121114.97
853 121109.01
854 121123.08
855 121073.96
856 121056.80
857 121117.12
858 121110.92
859 121133.09
860 121126.89
861 121119.98
862 121110.92
863 121139.05
864 121137.86
865 121134.04
866 121120.93
867 121114.02
868 121086.84
869 121128.08
870 121141.91
871 121140.00
872 121117.83
873 121119.02
874 121105.91
875 121117.12
876 121135.95
877 121140.96
878 121097.09
879 121121.88
880 121128.08
881 121129.99
882 121176.00
883 121138.10
884 121099.00
885 121104.96
886 121052.98
887 121135.00
888 121101.14
889 121121.17
890 121114.02
891 121121.17
892 121138.10
893 121129.99
894 121080.88
895 121035.10
896 121119.98
897 121106.15
898 121065.86
899 121131.18
900 121137.86
901 121115.92
902 121128.08
903 121111.87
904 121160.98
905 121109.96
906 121078.01
907 121122.12
908 121093.03
909 121124.03
910 121118.07
911 121134.04
912 121103.05
913 121097.09
914 121101.86
915 121110.92
916 121136.19
917 121114.97
918 121119.02
919 121115.92
920 121135.00
921 121134.04
922 121128.08
923 121129.99
924 121132.14
925 121135.95
926 121045.83
927 121087.07
928 121102.09
929 121129.04
930 121142.86
931 121124.03
932 121142.15
933 121116.88
934 121125.94
935 121124.98
936 121143.10
937 121060.13
938 121109.01
939 121141.91
940 121137.14
941 121104.00
942 121120.93
943 121147.16
944 121130.94
945 121132.85
946 121066.09
947 121151.92
948 121136.90
949 121123.79
950 121122.84
951 121121.17
952 121117.12
953 121132.14
954 121136.90
955 121143.10
956 121022.94
957 121122.12
958 121138.10
959 121140.00
960 121171.00
961 121125.94
962 121104.00
963 121122.84
964 121101.86
965 121140.96
966 121142.15
967 121140.00
968 121090.89
969 121128.08
970 121114.02
971 121124.03
972 121107.10
973 121149.06
974 121115.92
975 121114.97
976 121135.00
977 121174.10
978 121066.09
979 121093.03
980 121124.03
981 121128.08
982 121122.84
983 121139.05
984 121080.16
985 121120.93
986 121058.94
987 121149.06
988 121141.91
989 121098.04
990 121131.90
991 121142.86
992 121116.88
993 121109.96
994 121130.94
995 121127.84
996 121132.85
997 121140.96
998 121169.09
999 121104.96
