900
0 121459.96
1 121103.05
2 121074.91
3 121089.94
4 121106.86
5 121105.91
6 121135.00
7 121124.98
8 121101.86
9 121142.86
10 121153.83
11 121118.07
12 121109.96
13 121129.04
14 121143.10
15 121124.98
16 121126.17
17 121119.02
18 121119.98
19 121142.86
20 121131.90
21 121077.06
22 121093.03
23 121140.96
24 121132.14
25 121131.90
26 121133.09
27 121041.06
28 120932.10
29 121016.98
30 121037.01
31 121024.13
32 121055.13
33 121024.13
34 121021.03
35 121024.13
36 121021.99
37 121035.10
38 121031.05
39 121009.11
40 121026.04
41 121035.10
42 120990.04
43 121023.18
44 121035.10
45 120980.98
46 121028.18
47 121020.08
48 121036.05
49 121082.07
50 121017.22
51 121026.99
52 121033.19
53 121028.90
54 121011.02
55 121047.02
56 121034.86
57 121024.85
58 121032.00
59 121032.95
60 121032.95
61 120979.07
62 121003.15
63 121037.01
64 121042.97
65 121030.09
66 121007.92
67 120978.12
68 121021.03
69 121013.88
70 121002.91
71 121026.04
72 121011.02
73 121031.05
74 121017.22
75 121032.00
76 121025.09
77 121033.91
78 121031.05
79 121024.13
80 121032.00
81 120970.96
82 120991.23
83 121036.05
84 121012.21
85 120998.14
86 121017.93
87 120724.20
88 120925.90
89 120945.93
90 120975.02
91 120934.96
92 120944.02
93 120924.00
94 120957.14
95 120893.00
96 120845.08
97 120846.03
98 120927.10
99 120919.94
100 120855.09
101 120882.99
102 121510.03
103 120905.16
104 120846.03
105 121143.82
106 120974.06
107 120656.97
108 121095.90
109 121083.97
110 121376.04
111 120866.06
112 121663.09
113 121016.98
114 120752.10
115 121350.05
116 120872.02
117 120904.21
118 120918.04
119 121315.96
120 120879.89
121 120991.95
122 121135.95
123 120920.18
124 121411.09
125 120970.01
126 120749.95
127 120946.88
128 120949.03
129 120832.92
130 120962.86
131 120826.96
132 122208.12
133 120862.96
134 121026.99
135 120919.94
136 121690.99
137 121478.80
138 121259.93
139 121026.99
140 121102.09
141 121018.17
142 120930.91
143 120759.96
144 121029.14
145 120898.01
146 121209.86
147 120954.04
148 121121.17
149 121609.93
150 120882.99
151 121268.03
152 120927.10
153 121605.16
154 121515.04
155 122041.94
156 122031.93
157 121181.01
158 121497.87
159 121312.86
160 120887.99
161 120860.82
162 120806.93
163 121034.86
164 120743.04
165 120837.93
166 121403.22
167 121058.94
168 120950.94
169 120785.95
170 121284.01
171 121356.01
172 120945.93
173 120901.11
174 120937.11
175 121007.92
176 121606.11
177 120979.07
178 121203.18
179 121105.91
180 121198.18
181 121436.12
182 120826.01
183 121007.20
184 121180.06
185 121987.82
186 121366.98
187 121293.78
188 121482.85
189 121320.01
190 120934.01
191 121752.98
192 120965.96
193 121679.07
194 121567.96
195 120776.89
196 120894.91
197 121629.00
198 120952.13
199 121321.92
200 120957.14
201 121640.92
202 121480.94
203 121115.92
204 121434.93
205 121193.89
206 122068.17
207 121356.96
208 121263.03
209 121735.10
210 120924.95
211 120808.84
212 121254.92
213 121135.95
214 121621.85
215 120967.86
216 121249.91
217 122055.05
218 121579.89
219 120965.96
220 121269.94
221 122425.08
222 120899.92
223 120812.89
224 121253.97
225 120889.90
226 121399.88
227 121266.13
228 120772.84
229 121625.19
230 120747.09
231 120624.07
232 121480.94
233 120812.89
234 121188.88
235 121463.78
236 121827.13
237 121761.08
238 121277.09
239 121037.96
240 120815.04
241 121690.99
242 121268.03
243 120997.91
244 120871.07
245 120953.08
246 121757.03
247 121808.05
248 121344.09
249 121048.21
250 121921.06
251 121104.96
252 121008.87
253 121441.13
254 121112.11
255 122484.92
256 120870.11
257 121290.92
258 121608.97
259 122007.13
260 121543.17
261 121300.94
262 121052.03
263 122637.03
264 121048.93
265 121500.97
266 121255.87
267 122411.97
268 121351.96
269 121016.03
270 120901.11
271 121547.94
272 121487.14
273 121243.95
274 121381.04
275 121109.01
276 120952.13
277 121078.01
278 121226.07
279 121514.08
280 121509.79
281 120954.04
282 123018.98
283 121191.98
284 121646.17
285 120767.12
286 121078.01
287 120869.87
288 121573.93
289 121967.08
290 121639.01
291 120977.88
292 121418.95
293 121016.03
294 122267.96
295 120951.18
296 121007.92
297 121010.07
298 120956.90
299 120837.93
300 121537.92
301 120923.04
302 120992.90
303 120834.83
304 121385.10
305 121521.95
306 121663.09
307 121427.06
308 120880.84
309 121006.01
310 120862.96
311 121010.07
312 121181.01
313 121132.85
314 120908.02
315 121747.02
316 120914.94
317 121949.91
318 120873.93
319 121176.96
320 121418.95
321 121242.05
322 120959.04
323 121524.10
324 121485.95
325 120875.12
326 121470.93
327 121225.83
328 121010.07
329 120844.13
330 120943.07
331 121194.12
332 121125.94
333 120926.14
334 121259.93
335 121203.18
336 122351.88
337 120944.98
338 121148.82
339 121140.96
340 121463.06
341 120831.01
342 121335.03
343 121489.05
344 120986.94
345 121634.96
346 120941.88
347 121352.91
348 121083.02
349 120737.08
350 120944.98
351 120924.95
352 121599.91
353 121072.05
354 121260.17
355 121201.99
356 121238.95
357 121665.95
358 121392.97
359 121345.04
360 120732.07
361 120967.86
362 120875.12
363 120827.20
364 121574.88
365 120961.19
366 120838.88
367 120946.88
368 121037.96
369 121139.05
370 121071.10
371 120697.02
372 121277.09
373 120828.15
374 120930.19
375 121072.05
376 120933.06
377 120847.94
378 120923.04
379 120853.90
380 121183.87
381 121279.95
382 120683.91
383 120969.06
384 121453.05
385 121570.83
386 121021.03
387 121204.85
388 121335.98
389 121099.00
390 120800.02
391 121253.97
392 121044.16
393 121299.03
394 120991.95
395 120903.97
396 120961.19
397 121007.92
398 120994.09
399 120788.10
400 120995.04
401 121008.87
402 121023.89
403 121110.92
404 121516.94
405 120862.96
406 120897.05
407 120970.01
408 120944.98
409 120710.85
410 121098.04
411 121564.15
412 121401.07
413 121299.03
414 121413.95
415 120903.97
416 120872.97
417 121038.91
418 120860.10
419 121016.98
420 121407.03
421 120918.99
422 120815.04
423 120813.13
424 120794.06
425 120890.14
426 120907.07
427 121026.99
428 120941.88
429 121013.16
430 120764.97
431 120729.92
432 120938.06
433 120939.02
434 121140.96
435 121178.15
436 121454.00
437 120843.89
438 120871.07
439 120953.08
440 121201.99
441 120706.08
442 120660.07
443 121176.96
444 120735.88
445 121177.91
446 120670.80
447 120695.11
448 120747.09
449 121400.12
450 121438.98
451 121453.05
452 121341.94
453 121243.95
454 121078.01
455 121328.12
456 121100.19
457 121201.99
458 121387.96
459 121407.99
460 121273.04
461 120907.07
462 121370.79
463 121443.99
464 120781.90
465 120934.01
466 121060.85
467 120665.07
468 121743.92
469 120963.10
470 120997.91
471 120985.98
472 120848.89
473 121259.93
474 121295.93
475 121297.12
476 121471.88
477 121275.19
478 120844.13
479 121371.98
480 121192.22
481 120945.93
482 121237.99
483 121054.17
484 120768.07
485 121407.03
486 121841.19
487 121154.07
488 121546.03
489 120886.09
490 121478.08
491 121382.95
492 121147.87
493 121365.07
494 120733.02
495 121155.02
496 121268.03
497 121425.87
498 120980.02
499 121089.94
500 121048.93
501 121163.13
502 120977.88
503 121351.96
504 121757.03
505 121015.07
506 121187.93
507 121679.07
508 121046.07
509 121253.01
510 121135.00
511 120960.00
512 120795.01
513 121165.04
514 121161.94
515 121000.05
516 121340.99
517 121566.06
518 121256.83
519 121284.01
520 121227.98
521 120964.05
522 121639.01
523 121131.90
524 121462.11
525 121711.02
526 121156.93
527 121546.98
528 121185.78
529 121407.03
530 121433.97
531 121120.93
532 120944.98
533 120884.90
534 121205.09
535 121088.98
536 120946.88
537 121392.97
538 120780.94
539 121091.13
540 121237.99
541 121480.94
542 121222.02
543 121618.99
544 121034.86
545 121166.94
546 121655.94
547 121285.92
548 121580.84
549 121215.11
550 121449.95
551 121714.12
552 120930.91
553 121507.88
554 121561.05
555 121187.21
556 121314.05
557 121078.97
558 120992.90
559 120796.92
560 121450.90
561 120898.01
562 121470.21
563 121097.09
564 121368.17
565 120790.96
566 121551.04
567 121519.09
568 121469.02
569 121577.98
570 121237.04
571 121060.85
572 121351.00
573 121282.10
574 121325.02
575 121270.90
576 121740.10
577 120834.83
578 121814.01
579 121366.02
580 121088.03
581 121567.96
582 121321.92
583 121190.79
584 121083.97
585 121151.92
586 121373.89
587 121167.90
588 121343.14
589 120990.04
590 121469.02
591 121436.83
592 121134.04
593 121512.89
594 121548.89
595 121120.93
596 121469.97
597 121582.03
598 120782.85
599 121624.95
600 121125.94
601 121181.01
602 121155.02
603 121364.12
604 121449.95
605 121279.00
606 121001.01
607 121545.08
608 121147.16
609 120875.84
610 121684.07
611 121068.00
612 121893.88
613 121747.02
614 121389.87
615 121055.84
616 121237.04
617 121330.02
618 120997.91
619 121390.10
620 121339.08
621 121327.88
622 121042.01
623 121513.13
624 121069.91
625 121545.08
626 121192.93
627 120785.00
628 120923.04
629 121101.86
630 121345.04
631 120915.89
632 121327.88
633 121332.88
634 121487.14
635 121038.20
636 121085.88
637 121337.89
638 121488.81
639 121069.19
640 121361.97
641 121346.00
642 121489.05
643 121912.00
644 120746.14
645 121277.09
646 120976.92
647 121412.04
648 120970.01
649 120980.02
650 121865.03
651 121546.98
652 120961.19
653 121507.88
654 121233.94
655 121019.84
656 121497.87
657 121620.89
658 121101.14
659 121299.98
660 120936.87
661 121283.05
662 120940.92
663 121594.19
664 121428.97
665 121260.88
666 120960.00
667 121411.09
668 121495.01
669 121412.99
670 121068.00
671 121222.02
672 121475.93
673 120840.07
674 121122.12
675 121053.93
676 121131.90
677 121688.13
678 121226.79
679 121118.07
680 121459.01
681 121082.07
682 121401.07
683 121608.97
684 121845.01
685 121020.08
686 121109.96
687 121098.04
688 120981.93
689 121359.83
690 121150.97
691 121710.06
692 121765.14
693 121337.18
694 121208.91
695 121038.91
696 121549.84
697 121527.91
698 121409.89
699 121314.05
700 121349.10
701 121123.08
702 121442.08
703 121079.92
704 120853.90
705 121734.86
706 121106.15
707 121272.09
708 120886.80
709 121261.84
710 121267.08
711 121414.90
712 121796.13
713 120825.05
714 121433.97
715 121221.07
716 121459.96
717 121301.89
718 121186.02
719 121361.02
720 121355.77
721 121477.13
722 121155.98
723 121414.90
724 121222.02
725 121506.21
726 121183.87
727 121095.18
728 121166.94
729 121685.03
730 120893.00
731 121504.07
732 121204.14
733 121392.97
734 121510.03
735 120952.84
736 120739.94
737 121090.89
738 121346.00
739 121042.01
740 121639.01
741 121151.92
742 121038.91
743 121141.91
744 121335.98
745 121312.86
746 120949.03
747 121787.07
748 121447.09
749 120703.94
750 121397.02
751 120697.02
752 121450.19
753 121222.97
754 120955.94
755 121021.99
756 120886.09
757 120895.15
758 120665.07
759 121155.98
760 121387.96
761 121081.11
762 121505.98
763 121395.11
764 121170.04
765 120935.92
766 121289.97
767 120893.00
768 120785.00
769 121260.88
770 121062.04
771 121510.98
772 121109.01
773 121037.01
774 121354.10
775 121150.97
776 121197.94
777 120738.03
778 121221.78
779 120942.12
780 121283.05
781 121362.21
782 121712.92
783 121081.11
784 121386.05
785 121123.08
786 121356.01
787 121124.03
788 121720.08
789 121542.93
790 121391.06
791 121283.05
792 121523.86
793 121043.21
794 121560.81
795 121366.98
796 121150.97
797 121307.13
798 120840.07
799 121500.02
800 121347.90
801 121411.09
802 121135.95
803 121546.98
804 121109.96
805 120884.90
806 120995.04
807 121284.96
808 121119.98
809 121468.07
810 121432.07
811 121599.91
812 121184.11
813 121267.08
814 121332.88
815 121048.93
816 121320.01
817 121062.04
818 121337.18
819 121068.00
820 121208.19
821 121112.11
822 121598.01
823 121603.01
824 121397.97
825 121062.04
826 121454.00
827 121202.95
828 121315.00
829 121113.06
830 121233.94
831 121721.98
832 121149.06
833 121341.94
834 121196.03
835 120910.88
836 121060.85
837 121451.85
838 121169.09
839 121315.96
840 121527.19
841 121292.11
842 120934.96
843 121253.97
844 121792.08
845 121306.90
846 121385.81
847 121258.02
848 121392.01
849 121062.99
850 121521.95
851 121471.88
852 120972.16
853 120935.92
854 120999.81
855 121086.12
856 120932.82
857 120799.06
858 121110.20
859 120869.16
860 121021.99
861 121369.84
862 121560.10
863 121037.01
864 121341.94
865 120857.00
866 121344.09
867 120683.19
868 120691.06
869 120927.10
870 121122.12
871 121459.96
872 120886.09
873 120851.99
874 120619.06
875 120834.83
876 120910.17
877 121029.85
878 121437.07
879 120970.96
880 121558.90
881 121174.81
882 120893.96
883 121121.17
884 120755.91
885 121285.92
886 121285.20
887 121137.86
888 121119.02
889 120949.03
890 121035.10
891 121343.85
892 121293.07
893 120995.04
894 120723.96
895 121062.99
896 120849.85
897 121101.86
898 120895.86
899 121327.16
