1000
0 121320.96
1 121211.05
2 121150.02
3 121187.93
4 121150.97
5 121196.99
6 121069.91
7 121197.94
8 121179.10
9 121211.05
10 121195.08
11 121172.90
12 121195.08
13 121152.16
14 121202.95
15 121181.96
16 121169.81
17 121170.04
18 121240.85
19 121187.21
20 121155.02
21 121192.93
22 121200.08
23 121197.94
24 121182.92
25 121202.95
26 121181.01
27 121177.20
28 121182.20
29 121185.06
30 121183.16
31 121185.78
32 121186.02
33 121145.96
34 121207.00
35 121212.01
36 121196.03
37 121136.90
38 121196.03
39 121212.01
40 121197.94
41 121208.91
42 121207.95
43 121187.93
44 121182.92
45 121198.18
46 121263.98
47 121075.87
48 121150.97
49 121139.05
50 121183.87
51 121214.15
52 121210.81
53 121161.94
54 121183.16
55 121186.02
56 121186.02
57 121192.93
58 121193.89
59 121196.99
60 121190.07
61 121196.99
62 121195.08
63 121219.87
64 121192.22
65 121154.07
66 121199.85
67 121173.14
68 121127.13
69 121169.81
70 121108.06
71 121189.12
72 121118.07
73 121160.98
74 121197.94
75 121181.01
76 121207.95
77 121187.93
78 121202.95
79 121192.93
80 121205.09
81 121195.79
82 121140.00
83 121173.86
84 121195.08
85 121195.79
86 121152.88
87 121186.02
88 121176.96
89 121155.98
90 121185.06
91 121193.89
92 121049.88
93 121166.94
94 121143.82
95 121016.03
96 121071.10
97 121033.19
98 121259.93
99 121130.94
100 121140.00
101 121129.99
102 121026.04
103 120852.95
104 121898.17
105 121091.13
106 121025.09
107 120999.81
108 121231.08
109 121025.09
110 120888.95
111 120939.02
112 120909.93
113 120867.97
114 121711.02
115 121737.96
116 121978.04
117 121045.11
118 121494.05
119 121002.91
120 121013.16
121 120851.99
122 120954.04
123 120950.94
124 121105.19
125 120952.84
126 120964.05
127 121526.00
128 121052.98
129 121236.09
130 121132.14
131 120893.00
132 122079.85
133 121341.94
134 121032.95
135 120866.06
136 121821.17
137 120934.96
138 121139.05
139 121009.83
140 121005.06
141 120860.82
142 120918.99
143 121982.10
144 121045.11
145 120908.02
146 121006.01
147 121653.08
148 121510.03
149 120944.98
150 120870.11
151 120973.11
152 121320.96
153 120985.03
154 121068.95
155 120922.09
156 121041.06
157 121042.01
158 121071.10
159 120993.14
160 120965.00
161 120790.96
162 121086.84
163 121727.94
164 121075.87
165 120965.00
166 121408.94
167 120915.89
168 121457.10
169 121954.92
170 121759.89
171 121171.95
172 121233.94
173 120889.90
174 121726.99
175 120860.10
176 121668.10
177 121035.10
178 121613.98
179 121011.97
180 122172.12
181 120975.02
182 121885.06
183 121037.01
184 121069.91
185 121536.02
186 121725.80
187 121600.87
188 121426.11
189 120857.95
190 121352.91
191 121535.06
192 121397.02
193 121119.98
194 121379.14
195 121836.90
196 121018.17
197 121681.93
198 121604.92
199 121092.08
200 121468.78
201 121182.20
202 121089.94
203 121689.08
204 121059.89
205 121407.99
206 121149.06
207 122354.98
208 121397.97
209 122177.84
210 122001.89
211 121463.06
212 121087.07
213 121011.97
214 120836.02
215 120861.05
216 121077.06
217 121035.10
218 121774.91
219 121351.96
220 122014.05
221 121104.96
222 121113.06
223 120998.14
224 121883.87
225 121629.00
226 120965.00
227 121068.00
228 121523.14
229 121474.98
230 121198.18
231 121192.93
232 121377.94
233 121797.08
234 122692.11
235 121593.00
236 121596.81
237 121843.10
238 121783.02
239 121346.00
240 121583.94
241 121401.79
242 121266.13
243 121392.97
244 121236.09
245 122030.97
246 121058.23
247 121068.00
248 120936.87
249 120822.91
250 121654.03
251 121726.04
252 121344.80
253 121340.04
254 121481.90
255 122228.15
256 121739.86
257 121273.04
258 121201.99
259 121142.86
260 121148.11
261 122123.00
262 121032.00
263 121227.98
264 121121.88
265 121228.93
266 121452.09
267 121019.84
268 121743.92
269 121088.03
270 121240.14
271 121365.79
272 120966.91
273 121979.95
274 121026.99
275 121568.20
276 120925.90
277 121207.00
278 121352.91
279 121072.05
280 120891.09
281 121543.88
282 121531.01
283 121674.06
284 120954.04
285 121390.82
286 122123.96
287 121129.04
288 120975.97
289 121112.11
290 121726.04
291 121510.03
292 121273.04
293 120925.90
294 121062.99
295 121069.19
296 121451.14
297 121115.21
298 121221.07
299 120779.04
300 121029.85
301 120860.10
302 121026.99
303 122133.97
304 121045.11
305 121300.94
306 121649.03
307 121490.00
308 121205.09
309 121704.10
310 121348.86
311 121383.19
312 121871.95
313 121773.00
314 120960.00
315 120980.98
316 121206.05
317 120997.91
318 121532.92
319 121324.06
320 121407.03
321 121362.92
322 121113.06
323 121843.10
324 121664.05
325 120990.99
326 120914.94
327 120933.06
328 121297.12
329 121136.19
330 120954.99
331 121350.05
332 121546.03
333 121639.01
334 121152.16
335 121078.01
336 122226.00
337 121567.96
338 120986.94
339 121004.82
340 120939.97
341 121968.03
342 121380.81
343 121112.11
344 121385.10
345 120948.08
346 120812.18
347 121435.17
348 121099.95
349 121469.02
350 121440.17
351 122158.05
352 121083.97
353 120898.01
354 121870.04
355 121336.94
356 120857.95
357 121721.98
358 121412.99
359 121720.08
360 120833.87
361 120890.86
362 121340.99
363 121093.99
364 121251.82
365 120994.81
366 121095.18
367 121091.13
368 120977.88
369 121589.18
370 121031.05
371 121253.97
372 120939.97
373 121278.05
374 120873.93
375 121350.05
376 120937.11
377 120895.15
378 120890.86
379 120882.99
380 121155.98
381 121095.90
382 120779.99
383 121030.09
384 121104.96
385 120910.17
386 121169.81
387 120991.95
388 121642.11
389 120901.11
390 120939.02
391 121168.85
392 121068.00
393 121541.02
394 121176.96
395 121251.11
396 121165.99
397 121091.13
398 121086.84
399 120987.89
400 120831.01
401 121093.03
402 120922.09
403 121011.02
404 120978.12
405 121170.04
406 121330.98
407 120906.11
408 120897.05
409 121175.05
410 120978.83
411 121182.20
412 120963.10
413 121001.96
414 120985.03
415 121287.11
416 121306.90
417 121300.94
418 120939.97
419 121319.06
420 121253.01
421 121048.93
422 121087.07
423 121145.01
424 121071.10
425 121059.18
426 120804.79
427 121032.00
428 121047.97
429 120980.98
430 121080.88
431 121519.09
432 121189.12
433 121039.87
434 121284.01
435 120988.85
436 121111.87
437 120857.00
438 121074.91
439 120940.92
440 121204.85
441 121253.01
442 121291.88
443 120788.81
444 121593.95
445 121028.90
446 121051.07
447 121050.83
448 121158.12
449 121145.01
450 121158.12
451 121135.95
452 120913.98
453 120858.91
454 121026.99
455 120814.09
456 121084.21
457 121001.01
458 120903.02
459 121426.11
460 121464.01
461 120993.14
462 121638.06
463 121060.13
464 121032.95
465 121583.94
466 120946.88
467 121269.94
468 121070.15
469 121096.85
470 121516.94
471 121042.97
472 120851.04
473 121081.83
474 120912.08
475 121043.92
476 121344.09
477 120938.06
478 121057.03
479 121059.89
480 120933.06
481 120922.80
482 121416.09
483 120907.07
484 121619.94
485 121064.19
486 121619.22
487 121301.89
488 120918.04
489 121152.16
490 121071.10
491 121442.08
492 120975.02
493 121577.98
494 121169.09
495 121325.02
496 121746.06
497 121218.92
498 120988.13
499 121177.91
500 121049.88
501 121313.81
502 121170.04
503 121344.09
504 121146.92
505 121097.09
506 120994.09
507 121084.21
508 121874.81
509 121490.96
510 120971.92
511 121064.90
512 121020.79
513 121608.97
514 121267.08
515 121676.92
516 121690.99
517 121124.98
518 121415.85
519 121750.12
520 120994.09
521 121312.14
522 121363.16
523 121107.10
524 121289.97
525 121279.00
526 121526.96
527 121171.00
528 121168.14
529 121397.97
530 121104.96
531 121306.90
532 121081.11
533 121534.11
534 121484.99
535 120942.83
536 120903.97
537 121129.99
538 121504.07
539 121080.16
540 121390.82
541 121876.00
542 121417.05
543 121754.88
544 120980.02
545 121409.89
546 121159.08
547 121176.00
548 121487.86
549 121109.01
550 121208.91
551 121232.03
552 121505.98
553 121394.87
554 121623.99
555 121721.03
556 120862.01
557 120945.93
558 121382.95
559 121062.04
560 121366.02
561 121206.05
562 121643.07
563 121336.94
564 120937.11
565 121702.91
566 121349.81
567 121002.91
568 121057.03
569 121280.19
570 121366.02
571 121101.14
572 121083.02
573 121051.07
574 121322.15
575 121413.95
576 120881.08
577 122045.04
578 121269.94
579 121706.01
580 121646.88
581 121209.86
582 121155.02
583 121692.18
584 121171.95
585 121702.91
586 121146.92
587 121169.09
588 121250.87
589 121711.02
590 121160.03
591 121577.02
592 120995.04
593 121390.10
594 121440.17
595 121265.89
596 121613.98
597 121395.83
598 121128.80
599 121078.97
600 121232.03
601 121500.97
602 120882.99
603 121193.89
604 121120.21
605 121176.00
606 120810.99
607 120960.00
608 121485.95
609 121279.00
610 121071.82
611 120939.97
612 120926.14
613 121762.99
614 120769.98
615 120918.04
616 120941.88
617 120846.03
618 121280.91
619 121545.08
620 121423.01
621 121556.04
622 121408.22
623 120841.03
624 121052.98
625 121407.03
626 121477.13
627 121281.86
628 121576.07
629 121205.09
630 121423.96
631 121179.10
632 121068.00
633 121015.07
634 121495.96
635 121284.96
636 121433.97
637 121458.05
638 121006.01
639 120985.03
640 121644.97
641 121253.97
642 121266.84
643 121052.98
644 121327.88
645 121441.84
646 121362.92
647 121452.09
648 121235.13
649 121461.87
650 121250.15
651 121402.03
652 121048.21
653 121330.02
654 121381.04
655 121605.16
656 121146.92
657 121934.89
658 121783.02
659 121538.16
660 121269.23
661 121578.93
662 120903.02
663 121030.81
664 120918.04
665 121421.10
666 121608.02
667 121410.85
668 121315.96
669 121330.02
670 121663.09
671 121736.05
672 121517.90
673 121169.09
674 121609.93
675 121810.91
676 121186.97
677 121329.07
678 121229.89
679 121405.84
680 121985.91
681 120899.92
682 121575.83
683 121202.95
684 121321.20
685 121299.98
686 121522.90
687 121361.02
688 121331.93
689 120916.13
690 121447.09
691 121236.09
692 121311.90
693 121406.79
694 121303.08
695 121581.08
696 121143.10
697 121591.81
698 121388.20
699 121387.00
700 121251.11
701 121191.02
702 121436.83
703 120951.89
704 121386.05
705 121414.90
706 121062.04
707 121711.97
708 121526.96
709 121215.82
710 120954.04
711 121215.11
712 121441.13
713 120871.78
714 121438.03
715 121068.00
716 121459.01
717 121577.98
718 120789.05
719 121517.18
720 121577.02
721 121292.11
722 121475.93
723 121595.14
724 121304.99
725 121805.91
726 121145.96
727 121184.11
728 121325.02
729 121349.10
730 121326.92
731 121572.97
732 121119.02
733 121135.00
734 121513.13
735 121612.07
736 121829.03
737 121389.87
738 121823.07
739 121178.87
740 121508.12
741 121268.99
742 121481.18
743 121253.01
744 121217.97
745 121042.01
746 121363.88
747 121584.89
748 121195.08
749 121230.84
750 120918.99
751 121713.88
752 121152.16
753 121816.87
754 120887.04
755 121181.96
756 122107.03
757 121289.97
758 120913.03
759 121306.18
760 121632.81
761 121418.00
762 121200.08
763 121706.01
764 121273.04
765 121205.09
766 121469.97
767 121489.05
768 121091.84
769 120989.08
770 120985.98
771 121635.91
772 121008.87
773 121419.19
774 121040.11
775 121335.03
776 120923.04
777 121371.98
778 121351.00
779 121369.84
780 121435.88
781 121076.11
782 121331.93
783 121299.98
784 120990.04
785 121256.11
786 121668.82
787 121489.05
788 121473.07
789 120966.91
790 121312.86
791 121186.02
792 121159.08
793 122164.01
794 121515.99
795 121057.99
796 121186.97
797 121356.01
798 120859.86
799 120975.02
800 121196.03
801 120975.97
802 121244.19
803 121706.01
804 121149.06
805 121071.10
806 121783.02
807 121213.91
808 121139.05
809 121044.16
810 121046.07
811 121247.77
812 121356.01
813 121305.94
814 121432.07
815 120884.90
816 121371.98
817 121305.94
818 120773.08
819 121136.90
820 121391.06
821 121989.01
822 121219.87
823 120987.89
824 121284.96
825 120991.95
826 121057.99
827 120834.11
828 120978.12
829 120944.02
830 121305.94
831 121118.07
832 121355.06
833 121198.89
834 121124.98
835 121459.01
836 121241.09
837 121366.02
838 121218.20
839 121293.07
840 121390.10
841 121003.15
842 121346.00
843 121217.97
844 121303.08
845 121636.15
846 121207.00
847 120993.85
848 121381.04
849 120940.21
850 120893.00
851 121360.06
852 121548.89
853 120952.13
854 121214.15
855 121052.98
856 120779.99
857 121321.20
858 120770.93
859 121889.83
860 121722.94
861 121131.18
862 121100.90
863 121382.00
864 121845.01
865 120840.07
866 121769.91
867 121296.88
868 121018.89
869 120846.99
870 121106.86
871 120697.98
872 121750.83
873 121088.98
874 120950.94
875 121062.04
876 121282.10
877 121245.86
878 120798.83
879 120877.98
880 121207.95
881 120881.08
882 120881.08
883 121017.93
884 121061.80
885 121054.17
886 120984.79
887 120918.99
888 121568.92
889 120980.98
890 121139.05
891 121016.98
892 120814.09
893 121183.87
894 120749.00
895 121019.84
896 120958.81
897 120687.01
898 121016.98
899 121004.10
900 120838.17
901 121137.14
902 120755.91
903 120805.03
904 121356.96
905 121017.93
906 120918.04
907 120935.92
908 121046.07
909 121180.77
910 121238.95
911 120810.99
912 120680.81
913 120938.06
914 120815.99
915 120903.97
916 120977.16
917 120907.07
918 121360.06
919 121120.93
920 120987.89
921 121363.16
922 121264.93
923 121160.98
924 121259.93
925 120908.02
926 120814.09
927 120695.11
928 120940.92
929 120788.10
930 120929.00
931 120951.89
932 120931.86
933 120908.02
934 121144.06
935 120941.88
936 120899.92
937 121151.92
938 120956.90
939 121126.17
940 120913.98
941 121080.16
942 120937.82
943 120875.12
944 121037.96
945 121148.11
946 120954.04
947 120863.91
948 121028.90
949 120996.95
950 120865.11
951 121390.82
952 121069.19
953 120893.00
954 121036.05
955 120982.89
956 121032.00
957 120970.01
958 121125.94
959 121021.99
960 121083.02
961 121036.05
962 120758.77
963 121032.95
964 120976.21
965 121130.94
966 121207.00
967 121038.91
968 120867.97
969 121021.99
970 121094.94
971 121073.01
972 121025.09
973 121065.86
974 121074.91
975 121106.86
976 121096.85
977 121121.17
978 121114.02
979 121115.92
980 121113.06
981 120989.80
982 120998.14
983 121130.94
984 121032.00
985 121056.08
986 121047.97
987 121088.03
988 121127.84
989 121106.86
990 121091.13
991 121119.02
992 121106.86
993 121085.17
994 121120.21
995 121092.08
996 121073.96
997 121113.06
998 121112.11
999 121119.98
