1000
0 121232.99
1 121130.94
2 121102.09
3 121122.12
4 121111.87
5 121120.93
6 121138.10
7 121108.06
8 121095.18
9 121125.94
10 121111.15
11 121124.03
12 121018.89
13 121102.09
14 121098.04
15 121131.18
16 121105.91
17 121109.01
18 121135.95
19 121124.03
20 121116.88
21 121100.90
22 121019.84
23 121109.01
24 121124.03
25 121122.12
26 121118.07
27 121121.17
28 121121.17
29 121107.10
30 121108.06
31 121119.02
32 121051.79
33 121122.12
34 121130.94
35 121092.80
36 121162.18
37 121058.94
38 121110.20
39 121135.95
40 121123.08
41 121122.12
42 121114.97
43 121101.86
44 121088.03
45 121124.03
46 121122.12
47 121095.18
48 121118.07
49 121144.06
50 121119.02
51 121122.12
52 121054.89
53 121096.13
54 121237.04
55 121105.19
56 121118.07
57 121109.01
58 121119.98
59 121114.97
60 121096.13
61 121104.00
62 121100.90
63 121108.06
64 121119.02
65 121115.92
66 121125.94
67 121113.06
68 121125.94
69 121094.94
70 121104.96
71 121057.99
72 121035.81
73 121095.18
74 121122.12
75 121026.99
76 121105.19
77 121103.05
78 121118.07
79 121127.13
80 121114.97
81 121118.07
82 121082.07
83 121068.95
84 121095.18
85 121116.88
86 121118.78
87 121099.95
88 121124.98
89 121111.15
90 121106.15
91 121121.88
92 121062.99
93 120978.12
94 121149.06
95 121052.03
96 121001.96
97 120900.87
98 121100.19
99 120985.03
100 121077.06
101 121040.11
102 120881.80
103 120948.08
104 121217.97
105 121276.14
106 120975.02
107 121208.91
108 121530.06
109 120840.07
110 121450.90
111 121048.93
112 120918.04
113 120933.06
114 122229.10
115 121685.03
116 120954.99
117 121070.15
118 120992.90
119 120880.84
120 120969.06
121 120962.86
122 121061.09
123 121047.97
124 120826.01
125 121734.86
126 120804.07
127 121011.02
128 120789.05
129 121225.83
130 121341.94
131 120883.94
132 120857.00
133 120886.80
134 120870.11
135 120912.79
136 121393.92
137 121071.10
138 120901.11
139 120999.10
140 120908.02
141 121438.03
142 121146.92
143 121080.88
144 121177.91
145 121950.15
146 121638.06
147 121544.12
148 121511.94
149 120744.94
150 121342.90
151 120800.02
152 120920.90
153 121319.06
154 121309.04
155 120827.91
156 120923.04
157 120855.09
158 121451.14
159 121402.98
160 120882.99
161 120951.89
162 121382.00
163 121598.96
164 121404.89
165 120993.85
166 121244.91
167 121166.94
168 121431.83
169 120809.08
170 122346.88
171 121590.85
172 120781.90
173 121287.82
174 121304.04
175 121648.07
176 121541.98
177 120998.14
178 121243.00
179 121422.05
180 121892.93
181 121045.83
182 121010.07
183 121224.16
184 121180.06
185 120837.93
186 121557.95
187 121650.93
188 121807.81
189 121267.08
190 121887.92
191 120892.05
192 120776.18
193 120832.92
194 121024.13
195 121696.00
196 121681.93
197 121171.00
198 120942.83
199 121900.80
200 121408.94
201 121704.10
202 120743.04
203 121459.01
204 120913.98
205 121025.09
206 121093.99
207 121585.85
208 121973.04
209 121870.04
210 121305.94
211 121602.06
212 120976.92
213 120954.04
214 121096.13
215 121142.15
216 120779.04
217 121271.85
218 121410.13
219 122001.89
220 121382.00
221 121054.89
222 121968.03
223 121121.88
224 121541.98
225 121413.95
226 121289.01
227 121178.87
228 120951.18
229 121826.89
230 121690.99
231 121560.10
232 122324.94
233 121258.02
234 121212.01
235 121708.15
236 121150.97
237 121324.78
238 121591.09
239 120878.93
240 121452.09
241 120849.13
242 121703.86
243 121051.07
244 120769.02
245 120908.98
246 120903.97
247 120880.13
248 121246.10
249 121609.93
250 121622.80
251 121354.82
252 121232.03
253 121229.89
254 121598.01
255 120959.04
256 121186.02
257 121389.15
258 121096.85
259 121582.98
260 120909.21
261 121313.10
262 121076.11
263 121102.09
264 121484.99
265 121165.04
266 121829.03
267 122665.88
268 121467.83
269 122047.19
270 121229.89
271 120815.99
272 121577.02
273 120798.11
274 121325.02
275 120937.82
276 120934.01
277 121171.95
278 121518.14
279 121541.98
280 120805.98
281 121788.02
282 121707.92
283 120760.20
284 121273.99
285 121271.13
286 121917.96
287 121623.04
288 120877.98
289 121594.91
290 121380.81
291 122209.07
292 121896.98
293 120849.85
294 121797.08
295 121753.93
296 121020.08
297 121191.98
298 121057.99
299 120843.89
300 120702.03
301 122586.01
302 121237.99
303 121189.12
304 121796.85
305 122370.00
306 120893.96
307 120687.96
308 121566.06
309 121034.15
310 122036.93
311 121159.08
312 121675.01
313 121396.06
314 121040.11
315 120972.16
316 121152.88
317 121001.01
318 120799.06
319 120808.12
320 121164.08
321 120945.93
322 121764.90
323 121459.96
324 121147.87
325 122180.94
326 121222.97
327 120973.83
328 121601.10
329 120961.90
330 121490.00
331 120990.99
332 121078.01
333 120945.93
334 120821.95
335 120975.02
336 121226.07
337 120957.14
338 121977.09
339 121261.12
340 121042.97
341 120965.96
342 121475.93
343 121148.82
344 121902.94
345 121062.99
346 121203.90
347 121539.12
348 121495.01
349 121815.92
350 121567.96
351 120832.92
352 121104.00
353 121067.05
354 121389.87
355 122082.95
356 120732.07
357 121264.93
358 120994.09
359 120908.02
360 120874.88
361 120770.93
362 120954.99
363 120764.97
364 120985.98
365 121423.96
366 121035.10
367 120735.88
368 120979.07
369 121006.01
370 121014.12
371 120764.97
372 120790.00
373 121588.95
374 120835.07
375 121495.96
376 121111.15
377 121109.01
378 120911.84
379 121044.87
380 120956.18
381 121443.03
382 121068.00
383 121064.90
384 121219.16
385 121057.03
386 121151.92
387 121145.96
388 121099.95
389 120926.14
390 121267.08
391 121142.15
392 120741.84
393 120968.82
394 120838.17
395 120945.93
396 120853.90
397 120763.06
398 120817.90
399 120795.01
400 120957.14
401 121423.01
402 121332.17
403 121236.80
404 120893.96
405 120826.01
406 120819.09
407 120862.96
408 120830.06
409 121276.14
410 120742.08
411 120802.88
412 120903.97
413 120991.95
414 121213.91
415 120779.04
416 120986.94
417 121170.04
418 120867.01
419 121134.04
420 120863.91
421 120833.87
422 120970.01
423 120957.14
424 120887.04
425 120886.80
426 121051.07
427 120821.95
428 120885.85
429 121038.91
430 120976.92
431 121039.15
432 121016.98
433 120944.02
434 120730.88
435 121206.05
436 120790.00
437 121418.95
438 121448.04
439 120943.07
440 120631.93
441 120704.89
442 121335.03
443 121617.79
444 120972.16
445 120972.87
446 121494.05
447 120964.05
448 120862.01
449 120924.95
450 121296.17
451 121329.07
452 121434.21
453 121029.14
454 120939.02
455 120934.96
456 120868.21
457 120920.18
458 120680.09
459 120974.06
460 121172.90
461 121260.88
462 120884.90
463 120968.10
464 120919.94
465 120774.03
466 121238.95
467 121190.79
468 120924.00
469 120764.02
470 120954.99
471 121398.93
472 121362.92
473 120789.05
474 120810.99
475 121181.96
476 121191.02
477 121294.98
478 120871.07
479 121248.96
480 120822.91
481 121431.11
482 121337.18
483 121085.88
484 121043.92
485 121004.10
486 120924.00
487 120939.97
488 121127.13
489 120866.06
490 121593.00
491 121016.03
492 121443.99
493 121196.99
494 120792.87
495 120884.90
496 120860.82
497 121085.88
498 120830.06
499 121298.07
500 121267.08
501 121257.07
502 120728.02
503 120965.00
504 121158.84
505 120950.22
506 121025.09
507 120798.11
508 121639.97
509 121276.14
510 121100.19
511 120960.95
512 121035.10
513 121209.86
514 121173.14
515 120884.18
516 121231.08
517 121171.00
518 121337.18
519 121239.90
520 120734.93
521 121014.12
522 121387.00
523 121318.10
524 120949.03
525 121146.92
526 121093.99
527 121223.93
528 121211.05
529 121351.00
530 121484.99
531 121511.94
532 120795.97
533 121207.00
534 121410.13
535 121155.98
536 121442.08
537 121120.21
538 121225.83
539 121308.09
540 120974.06
541 121041.06
542 121764.18
543 121118.07
544 121127.84
545 121549.84
546 121320.96
547 121469.97
548 121184.83
549 121062.04
550 121472.12
551 121019.84
552 121562.96
553 121153.83
554 121014.12
555 121418.00
556 121757.98
557 120938.06
558 120965.00
559 121516.94
560 121244.91
561 121501.92
562 121458.05
563 121540.07
564 121368.89
565 120663.17
566 121212.01
567 120960.95
568 121148.11
569 121207.95
570 120932.82
571 121370.08
572 121529.10
573 121382.00
574 120927.10
575 121102.09
576 120949.98
577 121828.08
578 121382.00
579 121160.98
580 121513.84
581 121762.04
582 121160.98
583 121002.91
584 121577.98
585 121199.13
586 121028.90
587 120910.88
588 120979.07
589 120841.98
590 121237.04
591 121165.99
592 120768.07
593 121392.97
594 121020.08
595 121396.06
596 121104.00
597 121815.92
598 121056.08
599 121136.90
600 121169.09
601 121458.05
602 121299.98
603 120985.03
604 121434.93
605 121041.06
606 121201.99
607 121385.81
608 121124.03
609 121649.98
610 121113.06
611 121443.03
612 120819.09
613 121474.03
614 121629.00
615 120944.02
616 121097.09
617 121168.14
618 121316.19
619 122072.94
620 120961.19
621 121249.91
622 121228.93
623 120933.06
624 121003.15
625 121044.87
626 121359.11
627 121277.09
628 120970.96
629 121464.01
630 121032.00
631 121039.15
632 121006.01
633 121302.13
634 121201.99
635 121131.90
636 121209.86
637 121008.87
638 121218.20
639 121481.90
640 121418.00
641 121387.00
642 121443.03
643 121207.95
644 121665.95
645 121221.07
646 122155.90
647 121402.98
648 121094.94
649 121350.05
650 121261.84
651 121376.99
652 121213.91
653 121060.13
654 121388.91
655 121024.85
656 120983.12
657 121420.86
658 121482.13
659 121054.89
660 120934.96
661 121218.92
662 121141.20
663 121253.97
664 120731.12
665 121486.90
666 121004.82
667 121068.00
668 121279.95
669 121225.12
670 120745.18
671 121089.94
672 121097.09
673 121471.17
674 121215.11
675 121299.98
676 120741.84
677 121004.10
678 120890.86
679 121075.15
680 121155.02
681 121032.00
682 121171.00
683 120986.94
684 121447.80
685 120921.13
686 121179.82
687 121521.00
688 121003.15
689 121107.10
690 121529.82
691 121307.13
692 120782.85
693 121720.08
694 121546.98
695 120670.08
696 121051.07
697 121711.02
698 121678.11
699 121273.99
700 121335.98
701 121397.02
702 121594.91
703 121246.10
704 120750.90
705 121078.01
706 121207.95
707 121382.00
708 120943.07
709 121036.05
710 121702.91
711 120975.02
712 121099.95
713 121366.98
714 121252.06
715 121488.09
716 121333.12
717 121155.98
718 121392.01
719 121090.17
720 121521.95
721 121163.13
722 121250.87
723 121083.97
724 121353.15
725 120963.10
726 120899.20
727 121062.04
728 121376.04
729 121466.16
730 121237.04
731 121385.81
732 120908.98
733 121443.99
734 121366.02
735 121510.98
736 121392.01
737 121145.96
738 121325.97
739 121110.92
740 121258.97
741 121201.04
742 121413.95
743 121382.95
744 121759.89
745 121667.15
746 121134.04
747 121136.90
748 121351.00
749 121250.87
750 121023.89
751 121449.95
752 120932.10
753 121343.14
754 121436.12
755 121827.84
756 121077.78
757 121476.89
758 121149.06
759 121312.86
760 121351.00
761 120996.00
762 121554.14
763 121397.02
764 121336.94
765 121423.01
766 120914.94
767 121341.94
768 121204.85
769 121616.84
770 121097.09
771 121489.05
772 121174.10
773 121319.06
774 121726.99
775 120996.00
776 121500.97
777 121283.05
778 120769.98
779 120835.07
780 121075.15
781 121147.87
782 120831.01
783 121263.98
784 121386.05
785 121007.92
786 121343.85
787 121143.10
788 121886.97
789 120974.06
790 121197.94
791 121137.86
792 121394.16
793 121439.93
794 121219.87
795 120973.11
796 121275.90
797 121408.94
798 121586.80
799 121082.07
800 121574.88
801 121283.05
802 121103.05
803 121402.98
804 121913.19
805 121164.08
806 121294.98
807 121161.94
808 121255.87
809 121121.88
810 121089.94
811 120745.90
812 121626.14
813 120944.02
814 120935.92
815 121352.91
816 121138.10
817 121212.01
818 120966.91
819 121216.06
820 121427.06
821 121219.87
822 120916.84
823 120877.03
824 121134.04
825 120885.85
826 121534.11
827 121446.13
828 121337.89
829 121327.88
830 121386.05
831 121638.06
832 121531.01
833 121476.17
834 121006.01
835 121336.94
836 121059.18
837 121181.96
838 120938.06
839 121012.21
840 120864.15
841 121474.98
842 120962.14
843 120876.07
844 120726.82
845 121038.20
846 120847.94
847 121344.09
848 121007.92
849 121107.10
850 121434.93
851 121969.94
852 121237.04
853 121492.86
854 120975.97
855 120813.13
856 121439.93
857 121166.94
858 121114.97
859 121259.21
860 121459.01
861 121784.21
862 121447.80
863 121531.96
864 120978.12
865 121146.92
866 121721.03
867 120918.99
868 121171.00
869 120862.01
870 121389.87
871 121113.06
872 121155.02
873 121087.07
874 121286.15
875 121201.04
876 121268.03
877 121081.11
878 121534.11
879 121030.09
880 121546.98
881 121425.87
882 121400.12
883 121693.85
884 121155.98
885 121454.95
886 121596.10
887 121296.88
888 121239.90
889 121433.02
890 120992.90
891 120805.98
892 120968.10
893 120815.04
894 120766.88
895 121234.89
896 120862.01
897 120898.96
898 120892.76
899 120937.82
900 120877.03
901 121001.96
902 120849.13
903 120875.84
904 120942.12
905 120903.02
906 120975.02
907 121270.90
908 121222.97
909 120932.82
910 120812.89
911 120888.95
912 120857.00
913 121021.03
914 120877.98
915 120961.90
916 120859.15
917 121010.07
918 121258.97
919 120888.95
920 121171.95
921 121034.86
922 120977.16
923 121033.19
924 121038.91
925 121036.05
926 121029.85
927 121012.93
928 120924.95
929 121039.15
930 121042.01
931 121037.96
932 121042.97
933 121007.92
934 121016.03
935 121032.00
936 121037.01
937 121034.86
938 121036.77
939 121014.12
940 120934.01
941 121030.09
942 121033.19
943 121052.98
944 121014.12
945 121014.83
946 121017.22
947 121034.15
948 121027.95
949 121023.89
950 121032.95
951 120965.00
952 121031.05
953 121013.88
954 121026.99
955 121037.01
956 121039.87
957 121037.96
958 121059.89
959 120922.09
960 120975.02
961 121037.96
962 121024.85
963 121044.16
964 121021.99
965 121012.93
966 121025.09
967 121032.00
968 121020.08
969 121096.13
970 120986.94
971 121042.97
972 121021.99
973 121028.90
974 121035.10
975 121043.21
976 121015.07
977 121024.85
978 121044.16
979 121000.05
980 121026.04
981 121023.89
982 121026.99
983 121036.05
984 121029.14
985 121038.20
986 121035.10
987 121043.92
988 121038.91
989 120999.81
990 121032.00
991 121032.95
992 121037.01
993 120991.95
994 121000.05
995 121017.93
996 121037.96
997 121045.11
998 121011.97
999 121016.03
