1000
0 121253.01
1 121139.05
2 121140.00
3 121114.02
4 121119.98
5 121143.82
6 121147.16
7 121059.89
8 121147.87
9 121157.88
10 121145.96
11 121123.08
12 121114.02
13 121135.95
14 121139.05
15 121160.98
16 121136.90
17 121145.01
18 121158.84
19 121149.06
20 121124.03
21 121119.02
22 121141.91
23 121150.97
24 121141.91
25 121135.95
26 121147.87
27 121071.10
28 121129.99
29 121139.05
30 121140.96
31 121140.96
32 121050.12
33 121119.98
34 121128.08
35 121142.15
36 121149.06
37 121140.96
38 121096.13
39 121155.98
40 121135.00
41 121124.98
42 121164.08
43 121138.10
44 121140.96
45 121136.19
46 121136.19
47 121143.10
48 121143.10
49 121147.87
50 121134.04
51 121110.20
52 121143.10
53 121153.12
54 121141.91
55 121140.00
56 121139.05
57 121135.00
58 121123.08
59 121120.93
60 121140.00
61 121140.00
62 121140.96
63 121044.87
64 121144.06
65 121134.04
66 121120.21
67 121077.06
68 121125.94
69 121133.09
70 121160.03
71 121141.91
72 121142.15
73 121102.09
74 121111.15
75 121126.89
76 121137.14
77 121140.00
78 121042.01
79 121145.01
80 121106.15
81 121124.03
82 121144.06
83 121143.10
84 121141.91
85 121141.20
86 121138.10
87 121058.94
88 121112.11
89 121116.88
90 121140.96
91 121145.96
92 121140.96
93 120962.14
94 121074.91
95 121011.02
96 121020.79
97 120936.87
98 121061.09
99 121030.09
100 121065.14
101 121062.04
102 121028.90
103 121610.16
104 120970.96
105 121068.00
106 121016.03
107 120983.12
108 121156.93
109 121441.13
110 121184.83
111 120908.02
112 121100.19
113 121608.97
114 120943.07
115 122156.14
116 121154.07
117 120941.88
118 121558.90
119 120954.04
120 120920.90
121 120918.04
122 121042.97
123 121477.84
124 120879.17
125 121591.09
126 121451.85
127 121026.99
128 121333.12
129 121052.03
130 120917.08
131 121227.98
132 121755.84
133 121021.99
134 120991.95
135 120964.05
136 121034.86
137 120929.00
138 121131.90
139 120990.04
140 121761.08
141 120987.18
142 120977.88
143 121390.10
144 121764.18
145 121711.02
146 120966.91
147 120741.84
148 121024.13
149 121208.91
150 121099.95
151 120949.03
152 121803.05
153 121489.05
154 121788.98
155 120888.95
156 120863.91
157 121364.83
158 121429.92
159 121057.03
160 121848.82
161 121181.01
162 121726.04
163 120980.02
164 121788.98
165 121259.93
166 121459.01
167 120936.16
168 121707.92
169 121643.07
170 120901.11
171 121453.05
172 121310.95
173 121787.07
174 121506.93
175 121155.98
176 121207.00
177 120972.87
178 121740.10
179 120766.88
180 120919.94
181 120965.96
182 121526.00
183 120810.03
184 121099.00
185 120945.93
186 121878.86
187 121354.82
188 121152.16
189 121747.02
190 121808.05
191 121151.92
192 120760.92
193 121013.16
194 121160.98
195 120893.00
196 121095.90
197 121427.77
198 121632.10
199 122156.14
200 121356.01
201 120844.84
202 120907.07
203 121572.97
204 121362.92
205 121735.81
206 120887.99
207 121329.07
208 120870.11
209 121539.12
210 120881.08
211 121464.97
212 120882.03
213 120934.96
214 121891.02
215 122137.78
216 121059.18
217 121589.90
218 121287.11
219 120898.96
220 121186.02
221 122110.13
222 121489.05
223 120915.89
224 121397.97
225 121413.95
226 120985.03
227 120865.11
228 121040.11
229 121000.05
230 121557.00
231 121297.12
232 121194.12
233 120899.92
234 121008.87
235 121281.15
236 120932.10
237 121299.98
238 121802.09
239 120974.06
240 120903.97
241 121508.12
242 120953.08
243 121460.20
244 121085.88
245 121701.00
246 120827.20
247 120946.88
248 121339.80
249 121016.98
250 121521.00
251 121912.00
252 121045.11
253 121115.92
254 121313.10
255 121596.81
256 121620.18
257 121164.08
258 121879.82
259 120720.15
260 121346.00
261 122300.86
262 120911.12
263 122269.15
264 121005.06
265 122497.80
266 120903.02
267 121156.93
268 121613.98
269 120780.94
270 121405.84
271 120779.04
272 121232.03
273 122021.20
274 120859.15
275 121706.01
276 120987.89
277 121217.01
278 121305.94
279 120738.98
280 122505.19
281 120801.93
282 121232.99
283 121222.02
284 120810.99
285 121216.77
286 121016.98
287 121534.11
288 121434.21
289 121095.90
290 121066.09
291 120991.95
292 120939.02
293 121001.01
294 121040.82
295 122483.02
296 120984.79
297 121170.04
298 121313.10
299 120821.00
300 121397.02
301 121597.05
302 121093.03
303 120794.06
304 121832.13
305 120989.08
306 120856.05
307 121376.99
308 121277.81
309 120908.98
310 121802.09
311 122169.97
312 122509.96
313 121047.97
314 122251.03
315 121100.19
316 121217.97
317 121929.88
318 120799.06
319 121054.89
320 121188.16
321 121181.96
322 121828.79
323 121915.82
324 121117.12
325 122210.03
326 121570.11
327 121140.00
328 122715.00
329 120862.01
330 121742.96
331 121202.95
332 120929.96
333 121494.05
334 120783.09
335 121506.93
336 120763.06
337 120723.96
338 121793.03
339 121032.00
340 121575.83
341 121625.19
342 121277.81
343 121955.16
344 121124.03
345 121454.95
346 121101.86
347 120868.92
348 121414.90
349 120974.06
350 121128.08
351 121514.08
352 122305.87
353 120965.96
354 121097.09
355 121732.00
356 121093.03
357 121613.98
358 120781.90
359 120953.08
360 120955.94
361 120927.81
362 120886.09
363 121280.91
364 120821.00
365 121083.02
366 121237.99
367 121246.10
368 120884.90
369 120990.99
370 120817.90
371 121423.01
372 120698.93
373 120826.96
374 120934.01
375 120958.09
376 120853.19
377 120977.88
378 120939.02
379 120846.03
380 120910.17
381 121501.92
382 121606.11
383 120987.89
384 120882.99
385 120733.02
386 121467.11
387 120928.05
388 120831.01
389 120896.82
390 120833.87
391 120756.15
392 121243.00
393 120891.81
394 121032.95
395 121046.07
396 121005.06
397 121438.98
398 120949.03
399 121463.06
400 121321.92
401 120919.94
402 121135.00
403 120893.96
404 120938.06
405 121338.13
406 121218.92
407 121569.16
408 120890.14
409 121200.08
410 121127.13
411 121547.94
412 120938.06
413 120857.95
414 121157.88
415 120868.92
416 120991.95
417 120929.96
418 120961.90
419 120947.12
420 120810.99
421 120987.89
422 120981.93
423 121000.05
424 121388.91
425 121068.00
426 121620.89
427 120836.97
428 121819.02
429 120837.93
430 120958.09
431 121763.94
432 120957.85
433 121084.93
434 120938.06
435 121223.21
436 121414.90
437 121201.99
438 121112.11
439 121361.97
440 121259.93
441 120901.11
442 121165.04
443 121448.04
444 121164.08
445 121001.96
446 120937.82
447 120950.22
448 120718.96
449 120728.02
450 120822.19
451 121402.03
452 120931.86
453 120875.84
454 120768.07
455 121161.94
456 121056.08
457 121759.18
458 121136.90
459 120701.07
460 121200.08
461 121179.82
462 121597.05
463 120749.95
464 121112.82
465 121377.94
466 120943.07
467 121495.01
468 121335.98
469 121266.13
470 121087.07
471 121244.91
472 121307.13
473 121173.86
474 121376.99
475 120692.01
476 120984.08
477 121283.05
478 120950.94
479 121816.16
480 121821.88
481 120919.94
482 121614.93
483 120968.82
484 121443.99
485 121338.13
486 121650.93
487 121402.03
488 121055.13
489 121347.90
490 121078.97
491 121705.06
492 121787.07
493 120685.82
494 121056.80
495 120917.08
496 121489.05
497 121340.99
498 121196.03
499 121263.03
500 120980.98
501 121281.15
502 121241.09
503 121582.98
504 121080.88
505 121076.11
506 121012.93
507 121407.03
508 121358.87
509 121346.00
510 120769.02
511 120894.19
512 121514.08
513 120925.90
514 121175.05
515 121259.93
516 121862.17
517 120979.79
518 121073.01
519 121319.06
520 121354.10
521 121659.99
522 121031.05
523 121205.09
524 121078.01
525 120971.92
526 121201.99
527 120821.95
528 121346.95
529 121194.12
530 121445.89
531 121298.07
532 121345.04
533 121402.98
534 121073.01
535 120810.99
536 121542.93
537 121261.84
538 121340.04
539 121133.09
540 121385.10
541 121357.20
542 121625.90
543 121381.04
544 121110.20
545 121479.99
546 120773.79
547 121370.08
548 120932.82
549 121574.88
550 120977.16
551 121227.03
552 120918.04
553 120666.03
554 121407.03
555 121792.08
556 120750.90
557 121181.01
558 121371.98
559 121310.95
560 121479.99
561 120618.82
562 121466.16
563 120979.07
564 121562.00
565 121389.15
566 121130.94
567 121384.14
568 121257.07
569 121507.88
570 121327.16
571 120816.95
572 121664.05
573 121387.00
574 121120.93
575 121368.89
576 121521.95
577 121374.85
578 121425.15
579 121646.17
580 121239.90
581 120665.79
582 121363.88
583 121367.93
584 121400.12
585 121260.17
586 121533.16
587 121185.06
588 121438.03
589 121115.92
590 120974.06
591 121250.87
592 121199.85
593 121550.08
594 120704.89
595 121335.98
596 121017.93
597 121768.95
598 120937.11
599 121189.83
600 121458.05
601 121384.14
602 121429.92
603 121158.12
604 121332.88
605 121416.09
606 121227.03
607 120736.84
608 121158.84
609 121521.95
610 121309.04
611 120975.97
612 121426.82
613 121265.89
614 121106.86
615 121188.88
616 121639.01
617 121251.11
618 121128.08
619 121048.93
620 121671.92
621 121460.20
622 120963.10
623 121408.94
624 120949.98
625 120992.90
626 121072.05
627 121957.06
628 121361.02
629 121722.94
630 121381.04
631 121201.04
632 121492.15
633 121608.97
634 120743.04
635 121541.02
636 121433.02
637 121639.01
638 121064.90
639 121432.07
640 121527.19
641 121681.93
642 121533.87
643 121315.00
644 121187.93
645 121216.06
646 121495.96
647 121059.89
648 121406.08
649 121358.87
650 121132.14
651 120945.93
652 121215.82
653 121322.87
654 121603.97
655 121004.10
656 121418.00
657 121098.04
658 121443.03
659 121538.88
660 121521.00
661 120736.84
662 121283.05
663 121343.85
664 121454.95
665 121366.02
666 121103.05
667 120918.04
668 121857.88
669 121033.91
670 121237.04
671 121569.16
672 121685.03
673 121263.98
674 121174.81
675 121569.87
676 120865.11
677 121495.01
678 121376.04
679 121260.88
680 121354.10
681 121494.05
682 121157.88
683 121171.95
684 121432.07
685 120749.00
686 121519.09
687 121080.88
688 121210.10
689 120948.08
690 120969.06
691 121454.95
692 121625.90
693 121947.05
694 120888.95
695 121429.20
696 121775.15
697 121187.21
698 121981.86
699 121204.85
700 121539.83
701 121443.99
702 120704.17
703 121341.94
704 121212.01
705 121601.82
706 120952.13
707 121019.12
708 120800.97
709 121073.96
710 121006.97
711 121890.07
712 121345.04
713 121335.98
714 120814.09
715 121118.07
716 121367.93
717 121232.99
718 121330.02
719 121120.93
720 121568.20
721 121236.09
722 121488.09
723 121615.89
724 121897.94
725 121496.92
726 121840.95
727 121546.03
728 121696.00
729 121669.77
730 121718.88
731 121266.13
732 121484.04
733 120991.95
734 121583.22
735 121629.00
736 121490.00
737 121752.02
738 121276.14
739 121666.91
740 121446.85
741 121768.00
742 120857.00
743 121380.81
744 121416.09
745 121043.21
746 121464.97
747 121346.00
748 121126.89
749 121116.88
750 121124.03
751 121740.82
752 121594.91
753 121597.05
754 121063.95
755 121151.92
756 120903.97
757 121247.05
758 121666.91
759 121340.04
760 120967.15
761 121159.08
762 121057.99
763 121616.84
764 121701.00
765 121459.96
766 121330.98
767 121056.80
768 121281.86
769 121392.97
770 121200.08
771 121688.13
772 121263.98
773 121475.93
774 121092.08
775 121318.10
776 120777.13
777 121025.09
778 121511.94
779 121251.82
780 121343.85
781 121062.99
782 121463.06
783 121304.04
784 120912.08
785 121453.05
786 120989.08
787 121567.01
788 121306.90
789 121245.15
790 121232.99
791 121880.05
792 120877.98
793 121510.98
794 121443.99
795 121376.99
796 121214.15
797 121657.13
798 121015.07
799 121244.19
800 121332.88
801 121397.97
802 120948.08
803 121327.16
804 121537.92
805 121464.97
806 121170.04
807 121355.06
808 121161.94
809 120965.96
810 121205.09
811 121398.93
812 121333.12
813 121153.12
814 121048.93
815 120974.06
816 120912.08
817 120970.01
818 121366.98
819 120769.02
820 121177.91
821 121278.05
822 121088.98
823 120947.84
824 121138.10
825 121894.12
826 121186.02
827 120957.14
828 120888.95
829 121429.92
830 121213.91
831 121459.01
832 121355.06
833 121488.09
834 121109.01
835 121895.07
836 121746.06
837 121690.03
838 121685.03
839 120980.02
840 120778.80
841 121438.98
842 121419.91
843 121618.03
844 121047.02
845 121026.04
846 121387.00
847 121192.93
848 121572.02
849 120808.12
850 121224.88
851 121125.94
852 121174.10
853 120960.00
854 121261.12
855 121156.93
856 121263.03
857 121004.10
858 121623.04
859 121073.96
860 121656.89
861 120786.91
862 120887.99
863 121491.91
864 121178.15
865 121227.98
866 121411.09
867 121323.11
868 121543.17
869 121001.01
870 121521.00
871 121068.95
872 121059.18
873 121243.00
874 121203.90
875 121027.95
876 120888.95
877 121166.94
878 121340.99
879 121312.14
880 121514.08
881 120676.04
882 121364.12
883 121473.79
884 121507.17
885 120917.08
886 120872.97
887 120866.06
888 121307.13
889 120707.99
890 120915.89
891 121058.94
892 121124.03
893 121545.08
894 120971.92
895 120934.01
896 121061.09
897 121247.05
898 120851.99
899 120857.95
900 121000.05
901 121029.85
902 120837.93
903 121054.89
904 121085.17
905 121018.89
906 120844.84
907 120927.10
908 121276.86
909 120810.99
910 120809.08
911 121228.93
912 121279.95
913 120999.81
914 121099.00
915 120917.08
916 120990.04
917 121126.17
918 121463.06
919 120929.96
920 121088.98
921 120857.00
922 121080.16
923 120985.98
924 121003.87
925 120945.93
926 121014.83
927 120893.00
928 121135.00
929 120857.00
930 120968.10
931 121026.04
932 121021.99
933 120851.04
934 120963.10
935 120851.04
936 121006.01
937 121507.88
938 120981.93
939 120872.97
940 121361.97
941 121011.97
942 121236.09
943 120869.87
944 121006.01
945 121178.87
946 121243.00
947 120913.03
948 121037.96
949 121076.11
950 121063.95
951 121016.98
952 121083.02
953 121042.01
954 121099.00
955 121076.11
956 120975.97
957 121041.06
958 121089.94
959 121068.95
960 121083.02
961 121040.11
962 120937.11
963 121066.09
964 121073.96
965 121080.88
966 121019.84
967 121017.93
968 121056.08
969 121058.94
970 121078.01
971 121068.95
972 121078.97
973 121061.80
974 121070.86
975 121069.91
976 121082.07
977 121078.01
978 121050.83
979 121089.22
980 121071.10
981 121046.07
982 121090.89
983 121070.15
984 121029.85
985 121084.93
986 121053.93
987 121011.02
988 121079.92
989 121052.98
990 121065.86
991 121070.86
992 121073.96
993 121080.16
994 121073.96
995 121060.13
996 121009.83
997 121069.91
998 120985.98
999 121084.93
