1000
0 121248.01
1 121115.92
2 121102.09
3 121124.03
4 121109.96
5 121019.12
6 121085.88
7 121119.98
8 121116.16
9 121101.86
10 121104.00
11 121104.96
12 121116.16
13 121093.03
14 121104.96
15 121136.90
16 121096.13
17 121124.98
18 121122.12
19 121071.10
20 121149.06
21 121109.01
22 121096.85
23 121105.91
24 121108.06
25 121084.93
26 121114.02
27 121098.04
28 121116.88
29 121086.12
30 121106.86
31 121135.00
32 121100.90
33 121123.08
34 121104.00
35 121074.91
36 121097.09
37 121058.94
38 121093.03
39 121098.04
40 121103.05
41 121101.14
42 121125.94
43 121116.88
44 121026.04
45 121100.90
46 121109.01
47 121128.08
48 121114.02
49 121103.05
50 121104.00
51 121102.09
52 121096.85
53 121099.95
54 121099.95
55 121071.10
56 121099.95
57 121124.03
58 121126.17
59 121110.92
60 121104.96
61 121099.00
62 121101.14
63 121106.15
64 121091.84
65 121103.05
66 121078.01
67 121103.05
68 121104.00
69 121111.87
70 121103.05
71 121100.90
72 121088.98
73 121013.88
74 121128.08
75 121036.05
76 121081.11
77 121109.96
78 121078.97
79 121104.96
80 121049.88
81 121104.96
82 121112.11
83 121113.06
84 121100.90
85 121010.07
86 121099.95
87 121122.84
88 121099.00
89 121105.91
90 121099.00
91 121125.22
92 121100.19
93 121110.92
94 121084.93
95 121076.11
96 120923.04
97 120931.86
98 121077.06
99 120906.11
100 120977.16
101 120986.22
102 120918.04
103 120983.12
104 121688.13
105 121002.91
106 121610.88
107 122189.04
108 122020.96
109 121130.94
110 122843.98
111 124725.10
112 123636.96
113 122798.92
114 122872.83
115 122884.99
116 123830.08
117 122783.90
118 123579.03
119 123285.06
120 125637.05
121 122626.07
122 124396.09
123 123654.13
124 122882.13
125 125329.02
126 124369.86
127 122833.01
128 122649.91
129 123670.10
130 122858.05
131 123040.91
132 123666.05
133 123986.96
134 123637.91
135 122811.08
136 123804.09
137 122980.12
138 123678.21
139 123050.93
140 122452.02
141 122642.99
142 123591.90
143 122668.03
144 122871.16
145 123444.08
146 123691.08
147 123494.86
148 122829.91
149 122759.10
150 123607.87
151 123614.79
152 124270.92
153 124598.98
154 123093.13
155 122775.79
156 122992.99
157 122859.95
158 124553.92
159 123934.98
160 122982.03
161 123122.93
162 123018.03
163 124280.93
164 122431.99
165 123361.83
166 123305.08
167 123963.12
168 122545.96
169 123440.98
170 122862.10
171 124312.88
172 124498.84
173 122728.82
174 122895.00
175 123700.86
176 123512.03
177 122114.18
178 123809.10
179 124429.94
180 122904.06
181 123643.88
182 123676.78
183 125283.00
184 124399.90
185 122928.86
186 123852.01
187 124454.98
188 124691.96
189 122101.07
190 123676.06
191 123105.05
192 123127.94
193 122957.94
194 122601.99
195 121985.91
196 123100.04
197 123023.03
198 124049.90
199 123923.06
200 122882.13
201 121974.95
202 123054.98
203 123704.91
204 124023.20
205 123193.98
206 123310.80
207 123227.12
208 122376.92
209 123219.01
210 124112.84
211 122530.94
212 124819.99
213 123686.08
214 123238.09
215 123952.87
216 123949.05
217 122475.86
218 124857.90
219 124100.21
220 124814.99
221 123883.01
222 124903.20
223 123966.22
224 122283.94
225 122395.04
226 123823.17
227 123952.87
228 123059.99
229 122259.14
230 123842.95
231 124140.02
232 123291.02
233 124128.10
234 123199.94
235 122577.91
236 122607.23
237 122298.00
238 122817.04
239 124603.03
240 124086.14
241 122820.85
242 123280.05
243 123281.00
244 122645.14
245 123097.18
246 123297.93
247 123218.06
248 124091.86
249 122299.91
250 122651.10
251 123152.97
252 123307.94
253 123874.19
254 123339.89
255 123935.22
256 123255.97
257 123053.07
258 124789.95
259 123108.86
260 122972.01
261 123962.88
262 123818.87
263 122368.10
264 123422.15
265 123190.16
266 123978.14
267 124956.13
268 123762.13
269 122645.14
270 122121.10
271 122320.18
272 123070.00
273 124857.90
274 122426.99
275 123568.06
276 122656.11
277 122733.83
278 122589.83
279 123733.04
280 123071.91
281 123057.13
282 123089.08
283 122951.98
284 122383.12
285 124788.05
286 123943.81
287 123878.96
288 124682.19
289 123164.18
290 124714.14
291 123143.91
292 123888.02
293 124655.96
294 123116.02
295 123335.84
296 123250.96
297 123059.99
298 123169.90
299 124231.10
300 122356.18
301 124999.05
302 123389.01
303 122299.91
304 124009.85
305 124151.95
306 123039.01
307 123367.07
308 123145.10
309 122467.99
310 123301.98
311 123409.99
312 125741.96
313 122595.07
314 122642.04
315 124289.04
316 123306.99
317 124346.02
318 122911.93
319 122728.11
320 123436.93
321 122586.01
322 122495.89
323 122505.19
324 122679.00
325 122926.00
326 122794.87
327 122777.94
328 123494.15
329 125092.03
330 122601.99
331 124280.93
332 123538.97
333 123455.05
334 122871.88
335 122791.05
336 122549.06
337 122579.10
338 122769.83
339 123743.06
340 124420.88
341 122951.98
342 125278.00
343 123073.10
344 122356.89
345 122586.01
346 122681.14
347 124458.07
348 122864.96
349 124413.01
350 123616.22
351 122190.95
352 125296.12
353 122838.02
354 122790.10
355 124472.86
356 124399.90
357 123905.18
358 124521.02
359 121968.03
360 123148.20
361 122186.90
362 122183.08
363 123168.95
364 122501.85
365 122636.08
366 122625.83
367 122401.00
368 122435.81
369 122773.89
370 123133.90
371 122570.04
372 122920.04
373 122381.93
374 122339.96
375 122589.11
376 122429.13
377 122505.90
378 122210.03
379 122816.09
380 122563.84
381 122776.99
382 123034.95
383 122544.05
384 122241.97
385 122928.86
386 122463.94
387 123394.97
388 122612.00
389 122114.90
390 123207.09
391 122787.00
392 122551.20
393 122590.07
394 122475.15
395 122617.01
396 123138.90
397 122114.18
398 122287.99
399 123118.88
400 122390.03
401 123188.02
402 122441.05
403 122713.80
404 123272.18
405 122391.94
406 122941.97
407 122163.06
408 122240.78
409 122683.76
410 122743.13
411 122045.99
412 122570.04
413 122519.02
414 122853.04
415 122655.15
416 122558.12
417 123018.03
418 122271.06
419 123101.00
420 122892.86
421 122584.10
422 123095.04
423 122530.94
424 122614.86
425 122696.88
426 122337.10
427 122987.99
428 122690.92
429 122354.98
430 122187.14
431 122344.02
432 122340.92
433 122072.94
434 122259.86
435 122427.23
436 122338.06
437 122601.03
438 122927.90
439 122525.93
440 122766.02
441 122560.02
442 122620.11
443 122704.03
444 121840.00
445 122264.15
446 122082.95
447 122339.01
448 122467.04
449 121256.11
450 121362.21
451 121057.03
452 121012.93
453 121030.81
454 121414.90
455 121258.02
456 121133.09
457 121032.95
458 121316.19
459 121173.14
460 120766.88
461 121119.02
462 121128.80
463 120938.06
464 121010.07
465 121132.85
466 120881.08
467 120908.98
468 121067.05
469 121144.06
470 121255.87
471 120857.95
472 120750.19
473 121253.01
474 120936.87
475 120968.10
476 121495.01
477 120999.10
478 121160.98
479 121051.07
480 120940.92
481 121160.98
482 120981.22
483 120978.12
484 121011.02
485 121141.91
486 121077.06
487 120821.00
488 121037.96
489 121026.04
490 121088.98
491 121009.11
492 120789.05
493 120861.05
494 120749.00
495 121180.06
496 121078.01
497 121111.15
498 120944.02
499 121349.10
500 120841.03
501 120947.12
502 121174.10
503 121044.16
504 120946.17
505 121074.20
506 121227.98
507 121100.90
508 121227.03
509 120741.13
510 120815.04
511 120888.95
512 120748.04
513 121007.92
514 121097.80
515 121174.10
516 120943.07
517 121031.05
518 121114.02
519 120970.01
520 121173.86
521 120893.00
522 120756.15
523 121156.93
524 120925.90
525 120997.91
526 121132.85
527 120908.98
528 120815.99
529 121218.92
530 120850.09
531 120807.17
532 120960.95
533 120649.81
534 120836.97
535 120879.89
536 120884.18
537 121072.05
538 121121.17
539 120786.91
540 121060.85
541 120994.09
542 120944.98
543 121097.80
544 120865.11
545 120911.12
546 120915.89
547 120816.95
548 120779.04
549 120776.89
550 121062.04
551 120826.96
552 120934.96
553 121020.08
554 120951.89
555 121093.03
556 120800.02
557 121385.10
558 120967.86
559 120855.09
560 121192.93
561 121150.02
562 121036.05
563 120817.90
564 120931.15
565 120723.01
566 121098.04
567 121027.95
568 120841.98
569 120815.04
570 120844.84
571 121329.78
572 121185.06
573 120990.04
574 121073.01
575 121091.13
576 121051.07
577 120960.95
578 121109.01
579 121068.00
580 121058.94
581 120920.90
582 121075.15
583 120914.94
584 121058.23
585 120884.90
586 120671.99
587 120892.05
588 120723.01
589 120942.12
590 120871.78
591 121155.98
592 120803.12
593 120860.82
594 120825.05
595 121011.97
596 121279.95
597 121357.92
598 120723.96
599 120838.88
600 121010.07
601 121045.11
602 121269.94
603 120665.07
604 121046.07
605 120868.92
606 120841.98
607 121289.97
608 120791.91
609 121198.89
610 121052.98
611 121107.10
612 120985.98
613 120811.94
614 121165.99
615 120737.08
616 120733.98
617 121079.92
618 120716.09
619 120946.88
620 120985.03
621 120872.97
622 121134.04
623 120912.08
624 120877.98
625 121010.07
626 121168.85
627 121028.90
628 120876.07
629 120660.07
630 120910.88
631 120970.01
632 121145.96
633 120970.96
634 120899.92
635 120931.15
636 120764.02
637 120858.91
638 120846.99
639 121011.97
640 120988.13
641 120630.98
642 120831.01
643 121261.12
644 120667.93
645 121546.03
646 121117.12
647 120753.05
648 121192.93
649 120635.03
650 120778.08
651 120750.19
652 121070.15
653 121207.00
654 120978.12
655 120848.18
656 120793.10
657 120965.00
658 120846.03
659 120991.95
660 120887.04
661 121212.96
662 121211.05
663 120868.21
664 120702.98
665 121320.96
666 121039.15
667 120824.10
668 120885.13
669 121048.93
670 120691.06
671 121006.97
672 120970.96
673 121117.12
674 120843.89
675 121073.01
676 120723.96
677 121196.03
678 120899.92
679 120862.96
680 120946.88
681 121042.97
682 120720.86
683 120859.86
684 121002.91
685 121006.97
686 120862.01
687 121137.86
688 120895.15
689 120829.11
690 121223.93
691 121023.89
692 121186.97
693 120797.87
694 120760.92
695 121015.07
696 121025.09
697 120990.99
698 121030.09
699 120959.04
700 120915.89
701 121007.20
702 120791.91
703 121013.16
704 121071.10
705 121081.11
706 121035.81
707 121175.05
708 120699.17
709 120759.96
710 120955.94
711 120898.96
712 120995.04
713 121405.84
714 120844.13
715 121058.94
716 120785.00
717 120610.95
718 120873.93
719 120700.84
720 121124.03
721 120900.15
722 121014.12
723 121096.85
724 121115.92
725 120749.00
726 120952.84
727 121137.86
728 120651.96
729 120721.82
730 121196.99
731 120826.96
732 121111.87
733 120808.12
734 120876.07
735 121280.91
736 120961.19
737 120897.05
738 120878.93
739 120805.98
740 121142.15
741 120996.95
742 120841.98
743 121139.05
744 120851.04
745 120836.02
746 121310.00
747 120659.83
748 120953.08
749 121060.13
750 120802.16
751 121127.13
752 121119.98
753 120908.02
754 120655.06
755 120724.92
756 120944.98
757 121240.14
758 120774.98
759 121223.93
760 120883.94
761 121023.89
762 120876.07
763 120774.03
764 121078.01
765 120863.91
766 120876.07
767 120953.08
768 120848.89
769 120973.83
770 120985.03
771 121016.03
772 120767.12
773 120676.99
774 120647.91
775 121048.93
776 121012.93
777 120982.89
778 120933.06
779 121191.02
780 121143.10
781 120972.87
782 120939.02
783 121075.15
784 120881.08
785 121026.04
786 120797.87
787 121179.10
788 121238.95
789 121148.82
790 120866.06
791 120753.05
792 120877.03
793 120947.84
794 120944.98
795 120943.07
796 120959.04
797 120908.98
798 120950.22
799 120952.84
800 120943.07
801 120913.03
802 120939.02
803 120938.06
804 120949.03
805 120933.06
806 120938.06
807 120894.91
808 120858.19
809 120946.88
810 120956.18
811 120945.93
812 120952.84
813 120938.06
814 120949.03
815 120930.91
816 120934.01
817 120900.87
818 120987.89
819 120965.96
820 120943.07
821 120954.99
822 120943.07
823 120947.12
824 120949.03
825 120940.92
826 120934.96
827 120878.93
828 120929.00
829 120976.92
830 120937.11
831 120934.01
832 120940.92
833 120944.02
834 120949.03
835 120934.96
836 120933.06
837 120937.11
838 120893.96
839 120915.89
840 120882.99
841 120945.93
842 120943.78
843 120869.87
844 120954.99
845 120968.10
846 120969.06
847 120907.07
848 120796.92
849 120858.91
850 120939.02
851 120969.06
852 120936.87
853 120954.04
854 120965.00
855 120944.98
856 120870.83
857 120922.09
858 120935.92
859 120964.05
860 120973.83
861 120954.04
862 120964.05
863 120951.89
864 120927.10
865 120950.94
866 120934.01
867 120867.97
868 120934.96
869 120937.11
870 120929.96
871 120943.07
872 120959.04
873 120955.94
874 120953.08
875 120949.03
876 120947.12
877 120908.98
878 120938.06
879 120956.90
880 120928.05
881 120944.02
882 120970.96
883 120934.96
884 120967.15
885 120949.03
886 120952.84
887 120882.99
888 120941.16
889 120945.93
890 120941.88
891 120969.06
892 120939.02
893 120954.04
894 120934.01
895 120945.93
896 120944.02
897 120939.02
898 120943.07
899 120948.08
900 120975.97
901 120957.14
902 120894.19
903 120940.92
904 120949.98
905 120970.01
906 120940.92
907 120861.05
908 120936.87
909 120943.07
910 120962.14
911 120974.06
912 120956.18
913 120904.92
914 120933.06
915 120960.00
916 120958.81
917 120923.04
918 120944.98
919 120964.05
920 120944.02
921 120952.84
922 120948.08
923 120946.88
924 120939.02
925 120929.00
926 120936.87
927 120887.04
928 120947.12
929 120838.17
930 120942.12
931 120913.03
932 120939.97
933 120959.04
934 120931.86
935 120955.94
936 120939.97
937 120918.99
938 120977.88
939 120934.01
940 120966.20
941 120944.98
942 120956.18
943 120983.84
944 120946.17
945 120954.99
946 120934.96
947 120873.93
948 120946.17
949 120961.90
950 120939.97
951 120952.84
952 120970.96
953 120941.16
954 120960.95
955 120967.86
956 120951.89
957 120914.94
958 120939.02
959 120970.96
960 120957.14
961 120952.13
962 120960.00
963 120946.88
964 120868.92
965 120936.16
966 120954.99
967 120952.84
968 120881.08
969 120841.98
970 120939.97
971 120995.04
972 120949.03
973 120761.87
974 120934.96
975 120929.00
976 120987.89
977 120908.98
978 120944.02
979 120944.98
980 120934.01
981 120946.88
982 120944.02
983 120942.83
984 120947.12
985 120923.04
986 120940.92
987 120913.03
988 120946.17
989 120951.89
990 120941.16
991 120950.94
992 120946.17
993 120967.15
994 120954.04
995 120950.22
996 120944.98
997 120911.12
998 120960.00
999 120957.85
