900
0 121102.81
1 121078.01
2 121048.93
3 121045.11
4 120906.11
5 121088.98
6 121056.08
7 121043.21
8 121041.06
9 121094.94
10 121059.89
11 121062.04
12 121057.99
13 121083.97
14 121062.99
15 120989.08
16 121055.13
17 121094.94
18 121038.91
19 121041.06
20 121067.05
21 121083.97
22 121059.89
23 121042.01
24 121063.95
25 121081.11
26 121055.13
27 121060.85
28 121052.98
29 121083.02
30 121070.86
31 121021.99
32 121026.99
33 121011.97
34 121057.99
35 120996.00
36 121036.05
37 121069.91
38 121042.97
39 121043.92
40 121035.81
41 121038.91
42 121046.07
43 121049.88
44 121042.01
45 121059.89
46 121068.95
47 121056.08
48 121058.94
49 121072.05
50 121037.01
51 121068.00
52 121060.85
53 121057.99
54 121067.05
55 120990.99
56 121062.04
57 121063.95
58 121058.94
59 121061.80
60 121047.97
61 121039.87
62 121071.10
63 121044.87
64 121062.04
65 121057.99
66 120991.95
67 121061.09
68 121054.17
69 121066.09
70 121039.87
71 121055.13
72 121061.80
73 121068.95
74 121043.92
75 120963.81
76 121059.89
77 121031.05
78 121061.80
79 121062.99
80 121050.12
81 121057.03
82 121058.94
83 121063.95
84 121030.09
85 121062.04
86 121054.89
87 121068.00
88 121065.14
89 121056.80
90 121058.94
91 121059.89
92 121053.93
93 120958.09
94 121043.21
95 120944.02
96 120940.92
97 120990.99
98 121016.03
99 120990.99
100 121185.06
101 121051.07
102 121774.91
103 121059.89
104 122002.12
105 121265.17
106 121090.89
107 121572.02
108 120911.84
109 121026.99
110 120826.01
111 121129.99
112 120910.17
113 121082.07
114 121308.09
115 121102.09
116 121150.97
117 120990.04
118 120999.10
119 122246.03
120 120725.15
121 121270.90
122 121178.15
123 121051.07
124 120863.20
125 121009.11
126 121027.95
127 121555.09
128 120981.93
129 121562.00
130 121062.04
131 121283.05
132 120956.90
133 121439.93
134 120800.97
135 120841.98
136 120909.93
137 121140.96
138 121149.06
139 121138.81
140 121411.80
141 120787.14
142 121011.97
143 120819.09
144 121620.89
145 120990.99
146 120918.04
147 120934.01
148 120944.98
149 120953.08
150 121277.09
151 121034.15
152 121065.14
153 120887.04
154 121198.89
155 121168.14
156 120882.03
157 121869.09
158 121115.92
159 121260.17
160 121207.00
161 120929.00
162 120903.97
163 121752.02
164 120769.02
165 121303.08
166 121340.04
167 121114.97
168 121519.09
169 121952.06
170 121069.91
171 121200.08
172 122245.07
173 121102.09
174 121518.85
175 121021.99
176 121670.01
177 122042.89
178 121505.02
179 121504.07
180 121609.21
181 120893.00
182 121897.94
183 121214.87
184 121193.17
185 122010.95
186 121980.91
187 121026.99
188 121079.92
189 121834.99
190 120928.05
191 120888.95
192 120795.97
193 120966.91
194 121540.07
195 120887.99
196 120990.04
197 121329.07
198 121488.09
199 121268.99
200 120922.09
201 120867.01
202 121484.99
203 120824.10
204 121009.83
205 121027.95
206 120857.00
207 121067.05
208 121698.14
209 121675.01
210 120856.05
211 122171.88
212 121073.96
213 121139.05
214 121546.98
215 121867.90
216 122051.00
217 120972.16
218 121463.06
219 122276.07
220 121973.04
221 121124.98
222 121302.84
223 120889.19
224 121105.91
225 121317.15
226 120915.89
227 121578.93
228 121567.01
229 120970.96
230 120924.00
231 121449.95
232 121352.91
233 121257.07
234 121106.86
235 121973.04
236 120800.97
237 121591.09
238 121463.06
239 121405.12
240 121295.93
241 120825.05
242 121271.13
243 121226.79
244 122520.92
245 120927.10
246 120707.04
247 120810.03
248 121505.02
249 121310.00
250 121529.82
251 121467.83
252 121351.96
253 121712.92
254 121346.95
255 120946.17
256 121263.98
257 121236.09
258 121495.96
259 121197.94
260 121366.02
261 121317.86
262 121958.02
263 121453.05
264 121034.86
265 122261.05
266 122159.96
267 121237.99
268 121296.17
269 122383.12
270 121152.16
271 121141.91
272 121144.77
273 121510.98
274 121174.10
275 121345.04
276 121306.90
277 122330.90
278 121577.02
279 120996.95
280 121870.04
281 120847.94
282 120929.00
283 121693.13
284 120981.93
285 121044.16
286 121675.01
287 121444.94
288 120834.11
289 121289.97
290 121344.80
291 121129.99
292 122578.86
293 121464.01
294 121110.92
295 120866.06
296 121508.84
297 121296.17
298 122256.04
299 121690.99
300 121180.06
301 122040.99
302 121073.96
303 120906.11
304 120997.91
305 120893.00
306 121042.97
307 120899.92
308 121395.11
309 121088.03
310 121479.99
311 120936.87
312 121010.07
313 121971.85
314 121046.07
315 120805.98
316 120640.99
317 121194.12
318 121238.95
319 121070.86
320 121032.00
321 121360.06
322 121526.00
323 123639.82
324 121523.14
325 120886.09
326 120929.00
327 120913.03
328 121073.96
329 121922.02
330 121447.09
331 120975.97
332 121083.97
333 121052.03
334 121604.92
335 121034.86
336 121195.79
337 120955.94
338 121249.91
339 121020.79
340 121083.97
341 121237.04
342 121007.92
343 121814.01
344 120815.99
345 121125.94
346 121290.92
347 120918.04
348 120918.99
349 122101.07
350 120902.06
351 121824.98
352 121626.85
353 120882.03
354 121499.06
355 120782.85
356 121423.01
357 120702.98
358 121179.10
359 121064.90
360 120993.14
361 121582.03
362 120943.78
363 120894.91
364 120722.06
365 121052.98
366 120706.08
367 120742.80
368 120812.89
369 120813.13
370 121024.13
371 121005.06
372 120954.99
373 121490.00
374 121006.01
375 121098.04
376 121047.02
377 120859.15
378 120713.95
379 121253.01
380 120983.12
381 121052.98
382 120954.99
383 120882.03
384 121188.16
385 121008.16
386 120987.18
387 121087.07
388 120913.98
389 120805.98
390 120900.15
391 121059.89
392 121093.99
393 120894.91
394 121474.03
395 120790.00
396 120891.09
397 121495.01
398 121433.02
399 121283.05
400 121105.91
401 120929.00
402 121418.00
403 121263.03
404 120875.12
405 121036.05
406 121788.02
407 121136.90
408 120961.90
409 120855.09
410 121046.07
411 121328.83
412 120841.03
413 121157.17
414 121361.97
415 120998.86
416 121173.14
417 121164.08
418 121028.90
419 121308.09
420 121025.09
421 120986.94
422 121052.03
423 121561.05
424 120908.98
425 121165.99
426 121258.02
427 121689.08
428 121160.03
429 120894.19
430 120936.87
431 121367.22
432 121162.89
433 120788.81
434 121006.97
435 121724.13
436 120872.02
437 121237.04
438 120739.94
439 120992.90
440 121381.04
441 120887.99
442 120757.10
443 121681.93
444 121641.87
445 120800.02
446 121464.01
447 120989.08
448 121354.10
449 121105.91
450 121532.92
451 120836.97
452 121474.03
453 121196.03
454 121017.93
455 121376.04
456 120951.18
457 121258.97
458 121052.98
459 121352.91
460 121417.05
461 121222.02
462 121217.01
463 120739.94
464 120935.92
465 121578.22
466 121149.78
467 120685.82
468 121337.89
469 121209.86
470 121145.96
471 121007.92
472 121311.90
473 120985.98
474 121177.20
475 121111.87
476 121197.94
477 121239.19
478 121810.20
479 121315.00
480 121164.08
481 121582.98
482 121431.11
483 121220.11
484 121367.93
485 121115.92
486 121185.78
487 121256.11
488 120939.02
489 120962.14
490 121211.05
491 121051.07
492 121001.01
493 121502.16
494 121172.90
495 121279.95
496 121522.19
497 121241.09
498 121033.19
499 121314.05
500 121257.07
501 121097.09
502 121262.79
503 121296.88
504 121779.92
505 120963.10
506 120941.16
507 120753.05
508 121289.97
509 121131.90
510 121129.99
511 121186.02
512 121274.95
513 121026.04
514 121042.97
515 121330.02
516 121222.97
517 121491.91
518 120949.03
519 121366.02
520 121254.92
521 120894.19
522 121670.96
523 121093.03
524 121585.85
525 121766.09
526 121032.95
527 121211.05
528 121258.02
529 121163.85
530 121200.80
531 121459.01
532 121763.94
533 121284.01
534 121567.96
535 121308.09
536 121341.94
537 121275.19
538 121016.03
539 121189.12
540 121400.12
541 120927.10
542 121195.08
543 121221.07
544 120790.00
545 120918.04
546 120980.02
547 121336.94
548 122030.97
549 120965.96
550 120831.01
551 121366.02
552 121151.92
553 121003.15
554 121359.83
555 122048.85
556 121183.87
557 121346.00
558 121129.99
559 121148.11
560 121430.87
561 121422.05
562 121429.92
563 121255.87
564 120928.05
565 121013.88
566 121061.09
567 121711.02
568 121071.82
569 121745.11
570 121047.02
571 121502.88
572 121917.96
573 121325.02
574 120887.99
575 121441.13
576 121334.08
577 121581.08
578 120883.94
579 121483.09
580 121022.94
581 121167.90
582 121186.97
583 121868.85
584 121598.01
585 121320.96
586 121261.84
587 121181.01
588 121412.04
589 121414.18
590 121392.97
591 121434.21
592 121300.22
593 121718.88
594 121500.97
595 121591.09
596 120918.99
597 121232.03
598 121335.98
599 121307.13
600 121084.93
601 121764.18
602 121531.01
603 121572.97
604 121418.00
605 121081.11
606 121592.04
607 121232.99
608 121275.19
609 121343.14
610 121857.88
611 121167.90
612 121302.84
613 121350.05
614 121501.92
615 121165.04
616 121093.99
617 121206.05
618 121171.00
619 120947.84
620 121812.11
621 121062.99
622 121344.09
623 121104.96
624 121412.99
625 121580.12
626 121686.94
627 121268.03
628 121242.05
629 120996.95
630 121004.82
631 120941.88
632 121644.97
633 121336.94
634 121100.90
635 120941.88
636 121095.90
637 121360.06
638 121236.09
639 121067.05
640 121310.00
641 121487.86
642 120918.99
643 121350.05
644 121106.86
645 121463.06
646 120929.96
647 121235.13
648 121657.85
649 121015.07
650 120983.84
651 121760.13
652 121470.21
653 121084.93
654 121309.04
655 121190.07
656 121593.00
657 121702.91
658 121340.99
659 121165.04
660 121357.20
661 120992.18
662 121100.19
663 121225.83
664 121671.20
665 121063.95
666 120867.97
667 121079.92
668 121335.98
669 121264.93
670 121324.06
671 121727.94
672 120932.10
673 121248.01
674 121537.92
675 121666.19
676 121051.07
677 120924.95
678 121645.93
679 121120.93
680 121114.02
681 121348.14
682 121530.06
683 120924.00
684 120892.05
685 121770.14
686 121234.18
687 120818.85
688 121418.95
689 121310.00
690 120855.09
691 121587.99
692 121813.06
693 121333.12
694 121245.86
695 121268.03
696 120950.94
697 121246.10
698 121439.93
699 121509.08
700 121362.92
701 121149.78
702 121423.01
703 121114.02
704 121165.99
705 121077.06
706 121417.05
707 121250.15
708 120815.99
709 122061.01
710 121185.06
711 120862.01
712 121526.00
713 121459.01
714 121344.09
715 121132.85
716 121372.94
717 121275.90
718 121638.06
719 121313.10
720 121527.91
721 121140.96
722 121438.98
723 121785.88
724 120970.96
725 121567.01
726 120975.02
727 121444.94
728 121050.12
729 121444.94
730 121406.08
731 120864.15
732 121313.10
733 121768.95
734 121471.88
735 121325.02
736 121031.05
737 120867.97
738 121608.02
739 121419.91
740 121339.08
741 121679.07
742 121135.95
743 121361.97
744 121140.96
745 121176.96
746 121068.00
747 121911.05
748 121201.04
749 121191.98
750 121433.97
751 121332.17
752 121524.10
753 120856.05
754 121047.02
755 121270.18
756 121286.87
757 121321.20
758 121162.18
759 121057.03
760 120867.01
761 121138.81
762 120669.13
763 120814.09
764 121452.81
765 121135.00
766 121006.97
767 120832.92
768 120844.84
769 120818.14
770 121138.10
771 121469.97
772 121510.03
773 121193.89
774 121240.14
775 121700.05
776 120787.14
777 121582.98
778 121071.10
779 121736.05
780 121376.99
781 121352.20
782 121050.12
783 121239.90
784 120857.00
785 121021.99
786 120980.98
787 121865.99
788 121716.02
789 121115.92
790 121110.92
791 121145.96
792 121018.17
793 121350.05
794 120919.94
795 121031.05
796 121325.02
797 121318.10
798 121059.89
799 121397.02
800 120882.99
801 121207.00
802 121113.78
803 121428.01
804 120943.07
805 121238.95
806 120943.07
807 121230.13
808 120960.95
809 121238.95
810 120890.86
811 121551.99
812 120989.80
813 121370.08
814 121724.84
815 121562.00
816 121248.01
817 121399.88
818 121465.21
819 121026.99
820 121135.95
821 121292.11
822 120659.11
823 121427.06
824 120902.06
825 121041.06
826 120912.08
827 121709.82
828 121171.95
829 121047.97
830 121448.99
831 120975.02
832 121272.09
833 121281.15
834 121330.98
835 121392.01
836 121771.10
837 121379.85
838 121346.00
839 121125.94
840 121351.00
841 120950.22
842 121036.05
843 121288.06
844 121044.87
845 121371.98
846 120859.15
847 121508.84
848 121060.13
849 121884.11
850 121126.89
851 121504.07
852 121284.01
853 120974.06
854 120859.86
855 121419.19
856 120802.88
857 120944.98
858 121309.04
859 121320.96
860 120834.83
861 121169.09
862 121325.02
863 121516.94
864 121166.94
865 120796.92
866 121068.95
867 120799.06
868 120831.01
869 120867.01
870 120910.88
871 120778.08
872 120950.94
873 120990.04
874 120898.01
875 121039.15
876 120877.98
877 121066.09
878 120914.94
879 120940.92
880 121152.16
881 120903.97
882 120892.05
883 120880.84
884 120973.11
885 121106.86
886 121096.13
887 121119.02
888 121113.06
889 121129.99
890 121089.94
891 121116.16
892 121124.03
893 121063.95
894 121126.89
895 121092.08
896 121054.89
897 121122.12
898 121136.90
899 121128.08
