1000
0 121140.96
1 120958.09
2 121042.01
3 121022.94
4 120978.12
5 121023.18
6 121028.90
7 120978.83
8 120944.02
9 121021.03
10 121026.04
11 120950.94
12 121026.99
13 121023.89
14 121033.91
15 120953.08
16 121000.05
17 120921.85
18 120996.00
19 121029.14
20 120999.10
21 120958.09
22 121010.07
23 121006.01
24 121012.93
25 121018.89
26 121001.96
27 120968.10
28 120922.09
29 121016.98
30 121006.01
31 121073.01
32 121007.20
33 121022.94
34 120945.22
35 121004.10
36 121011.02
37 121016.03
38 120994.09
39 120986.94
40 121011.02
41 120996.95
42 120997.91
43 121006.01
44 121011.02
45 121008.16
46 121010.07
47 120976.92
48 121017.93
49 121023.18
50 121016.03
51 120989.08
52 120979.07
53 121030.09
54 120941.88
55 121024.85
56 121003.87
57 120925.90
58 121011.97
59 121020.08
60 121011.02
61 121000.05
62 121011.97
63 121001.96
64 121016.98
65 121001.96
66 121014.12
67 121009.83
68 120932.82
69 121007.92
70 121128.08
71 121005.06
72 120929.00
73 121001.01
74 121010.07
75 121001.01
76 121047.02
77 121006.01
78 121024.13
79 121006.97
80 120995.04
81 120994.09
82 121017.93
83 121004.10
84 121015.07
85 121001.01
86 121010.07
87 121003.15
88 121007.92
89 121005.06
90 121010.07
91 121011.02
92 121011.97
93 121042.97
94 120953.08
95 120913.03
96 120875.12
97 120903.02
98 120975.02
99 121032.00
100 120868.92
101 121005.06
102 120918.99
103 120996.00
104 121140.00
105 121055.13
106 121005.06
107 121629.00
108 120878.93
109 121431.11
110 121333.84
111 121038.91
112 121011.97
113 121007.92
114 121577.98
115 121344.09
116 121025.09
117 121089.94
118 121050.83
119 121034.86
120 121062.04
121 120989.08
122 121119.98
123 120854.85
124 121379.85
125 121148.11
126 120883.94
127 121526.96
128 121016.03
129 121051.07
130 121073.96
131 121356.01
132 120841.03
133 120923.04
134 121242.05
135 121032.00
136 121870.99
137 121284.01
138 120983.84
139 120941.16
140 120882.03
141 120975.97
142 121297.12
143 121834.04
144 121156.93
145 120963.10
146 121563.91
147 121292.11
148 121319.06
149 121164.08
150 121018.89
151 120851.99
152 120963.10
153 121444.94
154 120974.06
155 121439.93
156 121078.01
157 121057.03
158 121075.87
159 121488.09
160 121377.94
161 120977.88
162 121001.01
163 121142.86
164 121356.96
165 121431.83
166 121258.02
167 121316.19
168 120975.97
169 120994.09
170 121556.04
171 120980.98
172 121330.98
173 120960.95
174 121469.02
175 121385.10
176 121504.07
177 121145.01
178 120884.90
179 121429.92
180 122040.03
181 122534.99
182 120954.04
183 120934.96
184 121298.07
185 121634.01
186 121192.93
187 122324.94
188 120869.16
189 121150.97
190 121073.01
191 121058.94
192 121785.16
193 121321.92
194 121665.00
195 121155.98
196 121330.98
197 122123.96
198 120937.82
199 121078.97
200 121219.87
201 121021.99
202 121372.94
203 121079.92
204 121297.12
205 121631.15
206 121536.97
207 121436.12
208 121085.17
209 121080.16
210 121443.99
211 121685.03
212 121484.99
213 121231.08
214 120962.86
215 121119.98
216 121550.08
217 121099.00
218 120817.90
219 121253.97
220 121335.03
221 122033.12
222 121354.10
223 121165.99
224 121207.95
225 121526.96
226 121002.91
227 121280.91
228 121289.97
229 121229.89
230 121150.02
231 121003.15
232 121347.90
233 121460.91
234 121765.14
235 121189.12
236 121649.98
237 121459.96
238 122083.90
239 120937.11
240 120933.06
241 121639.97
242 120856.05
243 121256.83
244 121243.95
245 121003.87
246 121087.07
247 121032.00
248 121904.85
249 121756.08
250 121032.00
251 120921.13
252 121342.90
253 121833.09
254 120952.13
255 121003.87
256 121365.07
257 121032.00
258 121546.98
259 121209.14
260 120878.22
261 121371.98
262 121119.02
263 121243.95
264 121375.08
265 121871.95
266 121653.08
267 121407.99
268 120873.93
269 121412.99
270 121232.99
271 121886.01
272 121052.03
273 121144.06
274 121025.09
275 120954.04
276 121628.05
277 121450.19
278 122055.05
279 121222.97
280 120929.00
281 120883.23
282 121292.11
283 121289.97
284 122106.08
285 121026.04
286 121135.95
287 121256.83
288 122412.92
289 121613.98
290 122411.01
291 122150.90
292 121487.86
293 121103.05
294 120931.15
295 121542.93
296 121431.83
297 122004.99
298 121267.08
299 121143.10
300 120912.08
301 121102.09
302 121477.84
303 122162.10
304 121412.99
305 121905.09
306 121058.23
307 120918.99
308 120822.91
309 121117.83
310 121737.00
311 121024.85
312 121608.97
313 120888.95
314 120965.96
315 121194.12
316 121005.06
317 120987.89
318 121124.03
319 122045.04
320 121572.02
321 120811.94
322 120881.80
323 121107.10
324 122155.90
325 121155.98
326 121013.16
327 121042.97
328 121042.01
329 121503.11
330 121569.16
331 123341.08
332 122013.09
333 121160.03
334 122305.87
335 121480.94
336 121186.97
337 121144.06
338 121275.90
339 121332.88
340 122093.92
341 121371.98
342 122555.02
343 121345.04
344 121038.20
345 121026.04
346 120938.06
347 121147.16
348 121661.19
349 120950.94
350 121228.93
351 121953.01
352 121802.09
353 121599.91
354 121030.09
355 121099.95
356 121012.93
357 121537.92
358 121316.91
359 121123.79
360 120892.05
361 120849.13
362 121179.82
363 120942.12
364 120781.90
365 121023.18
366 120956.90
367 120896.82
368 121366.02
369 121058.94
370 121057.99
371 120951.89
372 121021.99
373 121147.87
374 121214.87
375 120860.82
376 121129.04
377 120930.91
378 121096.13
379 121016.98
380 120993.14
381 121035.81
382 121134.04
383 121049.88
384 120949.98
385 121078.97
386 121025.09
387 121032.95
388 121225.12
389 121117.83
390 121298.07
391 121065.14
392 121032.00
393 121047.97
394 121026.04
395 120740.89
396 120880.13
397 120902.06
398 121129.99
399 121443.03
400 120984.08
401 121015.79
402 120924.95
403 121310.95
404 121297.84
405 121048.93
406 121120.93
407 121006.01
408 121041.06
409 121156.93
410 120933.06
411 120866.06
412 120956.90
413 121489.05
414 121204.85
415 121198.89
416 121029.85
417 121239.90
418 120869.16
419 121547.94
420 120896.82
421 121429.92
422 121055.84
423 120793.10
424 120973.11
425 121031.05
426 121685.98
427 121052.98
428 121039.87
429 121121.88
430 120852.95
431 120946.17
432 121068.95
433 120874.17
434 121322.87
435 121265.89
436 121310.00
437 120988.85
438 120847.94
439 120966.91
440 121243.00
441 121089.94
442 121129.04
443 121085.88
444 120888.95
445 120964.05
446 120929.00
447 120968.10
448 121313.81
449 121353.86
450 121567.01
451 121099.00
452 120790.96
453 121325.02
454 121011.97
455 121463.06
456 121021.03
457 121389.87
458 120790.00
459 120826.01
460 121030.81
461 120881.80
462 120863.20
463 120986.94
464 121139.05
465 121490.96
466 121077.06
467 120920.90
468 121145.96
469 121582.98
470 120948.08
471 120801.93
472 120690.11
473 121196.99
474 121346.00
475 121150.02
476 120939.02
477 121015.07
478 120944.02
479 121165.04
480 120890.86
481 121002.91
482 121272.80
483 121305.94
484 121331.93
485 120718.00
486 120892.05
487 121352.91
488 121296.17
489 120808.12
490 120922.09
491 121080.16
492 120843.89
493 121665.00
494 121227.03
495 121205.09
496 121565.82
497 121320.01
498 121340.99
499 121698.86
500 121433.97
501 121037.01
502 121219.87
503 121226.07
504 121853.11
505 121118.07
506 121726.04
507 121377.94
508 121683.12
509 121252.06
510 121412.04
511 120632.89
512 121365.07
513 121142.15
514 121173.86
515 121362.92
516 121056.08
517 121523.86
518 121551.99
519 121353.15
520 121196.03
521 121354.10
522 121096.13
523 121386.05
524 121124.98
525 121044.16
526 121199.85
527 120814.09
528 120998.14
529 121189.12
530 121379.85
531 121407.03
532 121139.05
533 121273.04
534 120984.08
535 121189.83
536 121301.89
537 121093.99
538 121462.11
539 121571.06
540 121006.97
541 120581.87
542 121118.07
543 121448.99
544 121178.15
545 121979.00
546 121932.98
547 121727.94
548 120877.03
549 120918.04
550 121255.16
551 121273.99
552 121124.03
553 121083.02
554 121448.04
555 121313.10
556 121191.98
557 121560.81
558 121332.17
559 121037.96
560 120797.87
561 121393.92
562 121418.95
563 121129.04
564 121154.07
565 121330.02
566 121150.02
567 121311.90
568 121724.84
569 121410.13
570 121681.93
571 121156.93
572 121215.82
573 120690.11
574 121696.95
575 121758.94
576 121077.06
577 121336.94
578 121448.99
579 120934.96
580 121479.99
581 121345.04
582 121510.03
583 121434.93
584 121469.97
585 120989.08
586 121598.96
587 121595.14
588 121261.84
589 121377.23
590 121589.90
591 120919.94
592 121639.01
593 121226.07
594 121273.99
595 121304.99
596 121169.09
597 121341.94
598 121346.00
599 120858.91
600 121233.94
601 121443.99
602 121037.01
603 121212.01
604 121011.02
605 121304.99
606 121298.79
607 120966.91
608 121592.04
609 121294.02
610 121174.10
611 121261.84
612 121219.87
613 121736.05
614 121258.02
615 120914.94
616 121958.97
617 121587.99
618 121155.98
619 121359.11
620 121194.12
621 121253.01
622 121069.91
623 121015.07
624 121340.04
625 121316.91
626 121037.01
627 121506.93
628 121252.06
629 121248.96
630 121201.04
631 121315.00
632 121762.04
633 120819.09
634 121490.00
635 121404.89
636 121125.94
637 120842.93
638 121376.04
639 121458.05
640 120949.98
641 121146.92
642 121014.83
643 121418.95
644 121258.97
645 121160.03
646 121217.01
647 121136.90
648 121334.08
649 121096.13
650 121373.89
651 121217.97
652 121289.97
653 121330.98
654 120929.00
655 121558.90
656 120977.88
657 121167.90
658 121205.09
659 121189.83
660 120888.95
661 121152.16
662 121125.94
663 121701.00
664 120997.19
665 121423.01
666 121473.07
667 121356.01
668 121256.83
669 121494.05
670 120866.06
671 121173.14
672 121559.14
673 121119.98
674 121263.03
675 121484.04
676 121501.92
677 121189.83
678 121638.06
679 121099.95
680 120954.04
681 121032.95
682 121029.85
683 121310.95
684 121583.94
685 120811.94
686 121053.93
687 121410.85
688 121567.96
689 121692.90
690 121503.83
691 121441.13
692 121217.97
693 121044.87
694 121512.17
695 120873.21
696 121127.13
697 121258.02
698 121320.01
699 121353.86
700 121024.85
701 121371.03
702 121795.89
703 121211.05
704 120914.94
705 121401.79
706 121401.07
707 121051.07
708 121711.02
709 121561.05
710 122076.99
711 121124.03
712 121536.97
713 121426.11
714 121298.07
715 121196.03
716 121709.11
717 121089.94
718 121235.85
719 121088.03
720 121163.85
721 121243.95
722 121102.81
723 121393.92
724 121078.01
725 121711.02
726 121099.00
727 121299.98
728 121345.04
729 120979.07
730 121137.86
731 121218.92
732 121254.92
733 121352.91
734 121104.00
735 121201.04
736 121075.87
737 121095.90
738 121229.89
739 121403.93
740 121295.93
741 121030.81
742 121057.99
743 121466.16
744 121124.03
745 121222.02
746 121500.97
747 121087.07
748 121505.98
749 120855.81
750 121326.92
751 120832.92
752 121332.88
753 121205.81
754 121392.01
755 121114.02
756 121049.17
757 121304.04
758 121204.85
759 121037.01
760 120901.11
761 120894.19
762 121747.97
763 121535.06
764 121062.04
765 120851.99
766 121123.08
767 121110.92
768 121212.01
769 121350.05
770 121420.86
771 121011.97
772 120855.09
773 121149.06
774 121487.14
775 121260.17
776 121076.82
777 121118.07
778 121395.11
779 121336.94
780 121495.96
781 121255.87
782 121151.92
783 121176.96
784 121131.18
785 121637.82
786 120917.80
787 121320.01
788 121044.87
789 121168.14
790 121382.00
791 121386.05
792 121011.97
793 120922.09
794 121097.09
795 120926.14
796 121395.83
797 121603.97
798 121119.98
799 121105.91
800 121423.01
801 121058.94
802 121155.02
803 121085.17
804 121320.96
805 120862.01
806 121029.85
807 121198.18
808 121158.12
809 121140.00
810 121593.95
811 120977.88
812 121000.05
813 120893.00
814 121321.20
815 120980.02
816 121649.03
817 121756.79
818 120854.14
819 121410.85
820 121215.11
821 121091.84
822 121346.00
823 121521.00
824 121266.13
825 121096.13
826 121000.05
827 121528.15
828 121611.83
829 121045.11
830 121001.96
831 120908.98
832 121269.23
833 121356.01
834 121347.90
835 121056.80
836 121226.07
837 121133.09
838 121393.92
839 120718.96
840 121392.01
841 121068.95
842 121469.97
843 121541.98
844 121249.91
845 121438.03
846 120800.97
847 120996.95
848 120749.95
849 121336.94
850 121479.99
851 121123.08
852 120929.00
853 121684.07
854 121252.06
855 120851.99
856 121577.98
857 121659.99
858 121304.04
859 121456.86
860 121684.07
861 120713.00
862 121111.87
863 120969.77
864 121196.03
865 120871.07
866 121052.98
867 121873.86
868 121061.80
869 121243.00
870 121135.95
871 120758.06
872 121557.95
873 120760.92
874 121045.11
875 120845.79
876 121368.17
877 120731.83
878 121505.02
879 120763.78
880 120967.15
881 120840.07
882 121084.93
883 120826.01
884 121256.11
885 121501.21
886 121177.20
887 121106.15
888 121073.96
889 121315.00
890 121011.02
891 121407.03
892 121363.88
893 120737.08
894 120859.86
895 121186.97
896 121226.07
897 121073.96
898 120769.98
899 121152.16
900 121454.95
901 121578.93
902 121402.98
903 121139.05
904 121535.06
905 120938.06
906 121131.90
907 121236.80
908 121388.91
909 121006.01
910 120857.00
911 120841.98
912 121333.12
913 120732.07
914 120980.02
915 120659.11
916 121115.92
917 121050.12
918 120965.00
919 120971.92
920 121418.00
921 120772.12
922 120947.12
923 121192.93
924 121019.12
925 120790.00
926 121050.12
927 121115.92
928 121118.07
929 121128.08
930 121100.90
931 121108.06
932 121124.98
933 121114.02
934 121113.06
935 121170.04
936 121100.90
937 121101.86
938 121073.01
939 121139.05
940 121072.05
941 121104.96
942 121104.00
943 121123.08
944 121127.13
945 121021.03
946 121092.08
947 121110.20
948 121143.82
949 121109.01
950 121122.12
951 121123.08
952 121098.04
953 121101.14
954 121116.16
955 121122.12
956 121108.06
957 121127.13
958 121084.93
959 121113.06
960 121098.04
961 121128.80
962 121132.14
963 121114.02
964 121127.84
965 121035.10
966 121125.94
967 121116.88
968 121096.13
969 121109.96
970 121110.92
971 121116.16
972 121133.09
973 121106.15
974 121123.08
975 121099.00
976 121106.86
977 121116.16
978 121114.02
979 121118.07
980 121127.13
981 121107.10
982 121108.06
983 121093.99
984 121122.12
985 121118.07
986 121123.79
987 121162.89
988 121135.95
989 121100.90
990 121109.01
991 121140.96
992 121064.90
993 121101.14
994 121119.02
995 121128.08
996 121122.12
997 121101.14
998 121103.05
999 121102.09
