1000
0 121284.96
1 121039.15
2 120994.09
3 120967.86
4 120803.83
5 121002.91
6 121000.05
7 121016.03
8 121014.83
9 121042.01
10 121018.89
11 121034.15
12 121029.85
13 120996.00
14 120939.02
15 121031.05
16 121026.04
17 121023.18
18 121011.02
19 121016.03
20 121031.05
21 121025.09
22 121029.14
23 121025.80
24 120996.00
25 121011.97
26 121006.01
27 121007.92
28 121041.06
29 121023.89
30 121045.11
31 121025.09
32 121026.99
33 121033.91
34 121030.09
35 121020.08
36 121025.09
37 120954.99
38 121030.81
39 121023.89
40 121031.05
41 121011.97
42 121017.93
43 120970.96
44 120979.07
45 121005.06
46 120988.13
47 121038.91
48 121011.97
49 121026.99
50 121022.94
51 121029.14
52 121016.03
53 121029.85
54 121026.99
55 121022.22
56 120986.22
57 121020.08
58 120985.03
59 121009.11
60 121027.95
61 121027.95
62 121026.04
63 121026.99
64 120980.98
65 121021.99
66 120988.85
67 121041.06
68 121028.90
69 121027.95
70 121032.95
71 121026.04
72 121009.11
73 121018.89
74 121012.93
75 121026.99
76 121026.04
77 121024.13
78 121021.99
79 121030.09
80 121040.11
81 121025.09
82 121021.03
83 121026.99
84 121024.85
85 120964.05
86 120983.84
87 121029.85
88 121015.07
89 121016.98
90 121009.83
91 121027.95
92 121006.01
93 120852.95
94 120944.02
95 120952.84
96 121014.83
97 120893.96
98 120723.96
99 120887.04
100 120988.85
101 120857.00
102 120974.06
103 120821.95
104 120954.04
105 121160.98
106 122146.13
107 121344.09
108 122349.98
109 121297.12
110 121212.01
111 122143.98
112 122979.88
113 122891.90
114 123755.93
115 122187.85
116 125235.08
117 123312.00
118 123106.96
119 123082.88
120 123251.91
121 123912.10
122 123199.94
123 124740.12
124 124724.15
125 125093.94
126 125741.96
127 125602.01
128 124997.14
129 124013.90
130 124009.13
131 125456.09
132 126351.12
133 125585.08
134 125733.14
135 125872.14
136 122551.92
137 122355.94
138 125494.96
139 123169.18
140 122836.83
141 123661.99
142 123878.00
143 123800.99
144 122926.00
145 123652.94
146 123270.03
147 125005.96
148 124043.94
149 122997.05
150 123983.14
151 123941.90
152 122256.04
153 122822.05
154 122936.96
155 123885.15
156 122864.01
157 123965.98
158 122915.03
159 124490.02
160 123806.00
161 122802.97
162 124465.94
163 122963.19
164 124077.08
165 124404.91
166 124661.92
167 123729.94
168 124500.99
169 122583.87
170 124372.96
171 122715.95
172 122829.91
173 122229.81
174 123798.13
175 124274.97
176 122784.85
177 123768.09
178 124316.93
179 123682.02
180 123472.21
181 123755.93
182 124492.88
183 122862.10
184 123610.97
185 122878.07
186 124337.91
187 122807.03
188 123610.02
189 123108.15
190 122551.92
191 123258.11
192 123808.86
193 122354.03
194 123114.82
195 123962.88
196 122251.03
197 123898.03
198 123302.22
199 123214.01
200 123063.09
201 122545.00
202 122612.95
203 123568.06
204 123208.05
205 123800.99
206 122826.10
207 122679.00
208 123616.93
209 123417.14
210 124210.12
211 123584.99
212 122946.02
213 123643.16
214 123633.15
215 122761.01
216 124193.91
217 123440.03
218 123304.84
219 122712.85
220 124547.00
221 122800.83
222 123799.09
223 122249.84
224 123255.97
225 123428.11
226 124508.14
227 122179.99
228 123559.00
229 123583.79
230 123789.07
231 122220.99
232 122985.84
233 124393.94
234 123022.08
235 123106.00
236 123090.03
237 124585.87
238 122942.92
239 125430.11
240 123771.19
241 122783.90
242 122187.14
243 123787.88
244 123168.95
245 124670.03
246 122096.06
247 124042.99
248 123229.98
249 123001.10
250 125635.86
251 122977.02
252 123023.99
253 123095.04
254 123102.90
255 123192.79
256 123806.95
257 122467.04
258 123121.02
259 123112.92
260 123129.13
261 123181.82
262 122321.84
263 122514.01
264 123987.91
265 122327.80
266 123879.91
267 122238.87
268 122390.99
269 122338.77
270 124089.00
271 123452.90
272 122288.94
273 123971.94
274 123496.06
275 124175.07
276 122376.20
277 122447.01
278 122266.05
279 124143.12
280 123910.90
281 123161.08
282 124887.94
283 122267.01
284 123205.18
285 123247.15
286 123937.13
287 124830.01
288 123173.00
289 123978.85
290 123878.00
291 123080.97
292 123852.97
293 122455.12
294 123162.03
295 123287.92
296 123146.06
297 122483.97
298 123397.11
299 124516.01
300 124140.02
301 122442.96
302 123189.93
303 124290.94
304 122721.91
305 123418.09
306 123296.02
307 125183.11
308 123687.98
309 123497.01
310 122709.99
311 122751.00
312 122881.89
313 122269.87
314 122952.94
315 124983.07
316 123233.08
317 123775.96
318 122187.85
319 123933.08
320 122343.06
321 123040.91
322 123780.01
323 122311.12
324 122342.11
325 123281.00
326 123492.00
327 124331.95
328 123744.96
329 125259.16
330 122046.95
331 122631.07
332 123613.12
333 122895.00
334 123539.92
335 123521.09
336 124450.92
337 122992.04
338 123588.09
339 122689.01
340 123007.06
341 123220.92
342 123065.95
343 124022.96
344 123404.03
345 122473.00
346 122588.87
347 124016.05
348 124804.97
349 123155.83
350 123982.91
351 123203.99
352 122987.99
353 123691.80
354 123808.86
355 123941.90
356 123467.92
357 123167.99
358 122174.98
359 123698.00
360 121741.06
361 122251.99
362 122538.09
363 121920.11
364 122291.09
365 122739.79
366 122431.04
367 122467.99
368 122385.03
369 122992.04
370 122386.22
371 122776.99
372 122560.98
373 123126.03
374 122278.93
375 121944.90
376 122256.04
377 122323.04
378 122366.91
379 122376.20
380 122218.13
381 122137.07
382 122078.90
383 122486.83
384 122338.06
385 122481.11
386 122411.97
387 122272.97
388 121783.02
389 122721.20
390 122164.96
391 122606.04
392 122650.86
393 122504.00
394 122462.99
395 122097.02
396 122426.99
397 122859.00
398 122066.97
399 122516.16
400 122648.95
401 122541.90
402 122862.10
403 123046.16
404 121897.94
405 122744.08
406 122925.04
407 122999.91
408 123142.96
409 122148.04
410 122115.14
411 122409.11
412 122248.17
413 122627.02
414 122343.06
415 122325.90
416 123076.92
417 122407.20
418 122587.92
419 122657.06
420 122214.79
421 122803.93
422 122840.17
423 122327.09
424 122250.08
425 122148.04
426 122660.88
427 122823.00
428 122018.81
429 122031.93
430 122652.05
431 122051.95
432 122375.97
433 123178.01
434 122020.96
435 123015.17
436 122080.80
437 123737.10
438 123003.96
439 122056.96
440 121860.98
441 123386.86
442 122040.99
443 122504.95
444 122584.10
445 122506.14
446 121855.97
447 122214.79
448 121957.06
449 120841.03
450 121040.11
451 120974.78
452 121273.04
453 121211.05
454 120892.05
455 120992.90
456 120980.98
457 120795.97
458 120831.01
459 120774.03
460 120737.08
461 120764.02
462 120757.10
463 121143.10
464 120669.13
465 120660.07
466 120803.12
467 120994.09
468 120874.17
469 121209.86
470 121058.94
471 120999.81
472 120823.14
473 120752.10
474 120725.15
475 120795.01
476 120735.88
477 121126.89
478 121299.03
479 120776.18
480 120740.89
481 121077.06
482 120770.93
483 121091.13
484 120886.09
485 120768.07
486 121035.81
487 121047.97
488 120667.93
489 120738.98
490 121051.79
491 120957.14
492 120989.80
493 120758.06
494 120985.98
495 120997.91
496 121115.92
497 120983.84
498 120744.94
499 120913.98
500 121188.88
501 120918.99
502 121108.06
503 120875.84
504 121038.20
505 120942.12
506 120749.00
507 120635.99
508 121074.91
509 120805.03
510 121066.09
511 120846.99
512 120887.99
513 120821.95
514 120762.83
515 120990.99
516 120738.98
517 120996.00
518 120924.00
519 121070.86
520 120984.79
521 120866.06
522 120823.14
523 121109.96
524 120843.17
525 120926.86
526 120858.19
527 121013.16
528 121031.05
529 120762.83
530 120970.96
531 120994.81
532 121041.06
533 120995.04
534 120923.04
535 120812.89
536 121050.12
537 120763.06
538 121242.05
539 120933.06
540 120718.00
541 121162.89
542 121198.18
543 121028.90
544 120933.06
545 120974.06
546 121098.04
547 121105.19
548 121224.16
549 121155.02
550 121091.84
551 121004.10
552 121153.12
553 120934.96
554 120910.88
555 120902.06
556 120959.04
557 121021.99
558 120884.18
559 120887.04
560 120867.01
561 120841.98
562 121068.00
563 120740.89
564 120746.14
565 121025.80
566 120899.92
567 121034.86
568 120883.94
569 120826.01
570 120901.11
571 120968.82
572 120990.04
573 120744.94
574 121155.02
575 120828.87
576 120987.18
577 121100.90
578 121001.96
579 120725.87
580 120980.98
581 121383.91
582 120627.16
583 120846.03
584 120741.84
585 120908.98
586 121338.84
587 120964.05
588 120996.00
589 121003.87
590 121016.03
591 120961.90
592 121047.97
593 120980.98
594 121547.94
595 121114.02
596 120970.01
597 120933.06
598 120935.92
599 120852.95
600 121265.89
601 120928.05
602 121232.03
603 120835.07
604 121054.89
605 120904.92
606 120935.92
607 120966.91
608 121037.01
609 120902.06
610 120936.16
611 121131.90
612 120914.94
613 120938.06
614 120951.89
615 120898.96
616 121232.03
617 120836.02
618 121129.04
619 120801.21
620 120955.94
621 121107.10
622 120892.05
623 120952.84
624 121073.96
625 120970.01
626 120738.98
627 120821.00
628 121001.01
629 120924.00
630 121006.01
631 121075.87
632 120835.07
633 120955.94
634 121222.97
635 120907.07
636 120738.03
637 120967.86
638 120718.96
639 120887.04
640 120732.07
641 121114.02
642 120775.94
643 120774.98
644 121243.00
645 120817.18
646 121135.95
647 120902.06
648 121005.77
649 121269.94
650 120752.10
651 120805.98
652 120910.17
653 121062.04
654 121074.91
655 121128.08
656 121222.97
657 121119.98
658 120907.07
659 120948.08
660 121165.04
661 120756.86
662 121189.12
663 121017.93
664 120862.96
665 120909.93
666 121143.82
667 120903.02
668 121696.00
669 120983.84
670 120959.04
671 120963.10
672 121227.98
673 120878.93
674 120692.01
675 121157.88
676 120883.94
677 121424.91
678 120940.21
679 121129.04
680 120944.98
681 120949.98
682 121049.17
683 121062.99
684 120952.13
685 120944.02
686 120898.01
687 121041.06
688 120947.12
689 120905.16
690 121145.01
691 121176.00
692 121024.13
693 120820.05
694 120956.18
695 121057.99
696 120898.96
697 120852.95
698 121279.95
699 120868.92
700 121052.98
701 120958.09
702 120897.05
703 121044.87
704 121021.99
705 120893.00
706 121124.03
707 121176.96
708 120896.10
709 121053.93
710 120756.15
711 121167.90
712 121248.96
713 121005.06
714 121265.89
715 120765.92
716 120924.95
717 120897.05
718 120955.94
719 121110.20
720 121040.82
721 120986.94
722 121303.08
723 121055.13
724 121079.92
725 121060.13
726 121063.95
727 120950.94
728 120984.08
729 121209.86
730 121119.02
731 120892.05
732 121019.84
733 120909.93
734 120957.85
735 121207.95
736 121088.98
737 121207.00
738 121017.93
739 120896.10
740 121109.96
741 121155.02
742 121243.00
743 121067.05
744 120909.93
745 120841.98
746 120876.07
747 120874.88
748 121057.03
749 121002.20
750 121124.03
751 121110.92
752 120861.05
753 121008.87
754 121108.06
755 120939.97
756 121023.89
757 120997.91
758 121094.94
759 121182.92
760 120795.97
761 121006.97
762 120907.07
763 120954.04
764 120857.95
765 121129.99
766 121259.93
767 121046.07
768 120920.90
769 120872.97
770 120742.08
771 121036.05
772 121004.10
773 121051.07
774 121118.07
775 121031.05
776 120829.82
777 121308.80
778 120761.16
779 121127.84
780 121072.05
781 120966.91
782 121150.02
783 121003.87
784 120924.00
785 121268.03
786 121026.99
787 121128.08
788 121159.08
789 120969.06
790 120923.04
791 121117.12
792 121093.99
793 121055.13
794 121110.20
795 121140.00
796 121110.92
797 121073.96
798 121121.88
799 121097.09
800 121122.12
801 121111.15
802 121093.99
803 121126.89
804 121115.21
805 121096.85
806 121076.11
807 121017.93
808 121119.02
809 121099.00
810 121044.16
811 121107.82
812 121119.98
813 121119.02
814 121093.03
815 121119.02
816 121110.20
817 121120.93
818 121102.09
819 121127.84
820 121124.98
821 121060.13
822 121126.89
823 121140.96
824 121126.89
825 121096.13
826 121083.02
827 121114.02
828 121045.11
829 121137.14
830 121124.03
831 121109.01
832 121119.98
833 121103.05
834 121124.03
835 121099.95
836 121101.86
837 121103.05
838 121116.16
839 121111.87
840 121117.83
841 121114.02
842 121124.03
843 121119.02
844 121092.08
845 121120.93
846 121088.03
847 121052.98
848 121093.99
849 121110.92
850 121105.91
851 121095.90
852 121123.08
853 121125.94
854 121129.04
855 121102.09
856 121103.05
857 121110.92
858 121105.19
859 121124.03
860 121122.12
861 121051.07
862 121125.94
863 121117.83
864 121120.93
865 121120.93
866 121082.78
867 121104.00
868 121041.77
869 121104.96
870 121106.86
871 121123.08
872 121114.97
873 121093.99
874 121143.82
875 121135.95
876 121098.04
877 121111.15
878 121109.01
879 121121.88
880 121124.98
881 121093.99
882 121101.86
883 121117.12
884 121117.83
885 121123.08
886 121066.09
887 121031.05
888 120952.84
889 121108.06
890 121129.04
891 121127.84
892 121127.13
893 121109.96
894 121124.98
895 121104.00
896 121127.13
897 121160.98
898 121097.09
899 121088.03
900 121103.05
901 121104.96
902 121120.93
903 121110.92
904 121118.78
905 121117.83
906 121047.97
907 121116.88
908 121086.12
909 121114.97
910 121123.08
911 121110.92
912 121017.22
913 121118.07
914 121191.98
915 121119.98
916 121113.06
917 121066.09
918 121123.08
919 121114.97
920 121109.01
921 121124.98
922 121068.00
923 121129.99
924 121124.98
925 121099.00
926 121129.99
927 121119.02
928 121047.97
929 121120.93
930 121124.98
931 121128.08
932 121098.04
933 121100.19
934 121088.03
935 121103.05
936 121092.08
937 121147.87
938 121103.05
939 121084.93
940 121109.96
941 121099.95
942 121110.92
943 121118.07
944 121118.07
945 121129.99
946 121082.07
947 121128.08
948 121044.16
949 121100.90
950 121121.17
951 121108.06
952 121123.08
953 121108.06
954 121131.90
955 121119.02
956 121101.14
957 121119.02
958 121099.00
959 121118.07
960 121108.06
961 121118.07
962 121114.02
963 121130.23
964 121127.84
965 121120.21
966 121067.05
967 121113.06
968 120971.92
969 121039.87
970 121129.04
971 121155.02
972 121125.94
973 121083.97
974 121129.04
975 121102.81
976 121135.95
977 121112.11
978 121099.00
979 121114.02
980 121098.04
981 121119.98
982 121129.99
983 121122.12
984 121112.11
985 121131.90
986 121077.06
987 121103.05
988 121119.02
989 121093.99
990 121101.86
991 121109.01
992 121104.96
993 121115.92
994 121106.15
995 121160.98
996 121116.88
997 121073.01
998 121116.16
999 121125.94
