900
0 121174.10
1 121078.01
2 120975.02
3 121080.88
4 121061.09
5 121057.03
6 120949.03
7 121055.84
8 121029.85
9 121061.09
10 121044.16
11 121059.89
12 120980.98
13 121096.85
14 121055.84
15 121129.99
16 121063.95
17 121016.03
18 121044.87
19 121059.18
20 121046.78
21 121053.93
22 121010.07
23 121057.03
24 121065.14
25 121072.05
26 121063.95
27 121037.01
28 121035.10
29 121041.06
30 121049.17
31 121047.97
32 120985.03
33 121049.88
34 121056.08
35 120989.08
36 121057.99
37 121034.15
38 121026.99
39 121021.03
40 121044.16
41 121018.17
42 121078.97
43 121057.99
44 121063.95
45 121056.80
46 121032.95
47 121034.86
48 121060.85
49 121045.83
50 120977.16
51 121050.83
52 121009.11
53 121061.09
54 121021.99
55 121035.10
56 121042.01
57 121050.12
58 121043.92
59 121051.07
60 121044.87
61 120974.06
62 120998.14
63 121063.95
64 121057.03
65 120996.00
66 121061.09
67 121072.05
68 121055.84
69 121057.99
70 121022.94
71 121034.15
72 120996.95
73 121041.06
74 120921.85
75 121045.11
76 121071.10
77 121047.97
78 121038.91
79 121049.88
80 121045.83
81 121053.93
82 121012.93
83 121051.07
84 121054.89
85 121047.02
86 121056.08
87 121063.95
88 120954.99
89 120975.02
90 121052.98
91 121049.88
92 121062.99
93 121030.09
94 120924.95
95 121042.01
96 120962.14
97 120970.01
98 120960.95
99 121083.97
100 121166.94
101 121144.06
102 121078.01
103 121224.88
104 121066.09
105 121018.17
106 120918.99
107 121036.05
108 121558.19
109 121682.88
110 121065.14
111 121093.99
112 121116.88
113 121237.04
114 121050.12
115 120843.17
116 121024.13
117 121114.97
118 121561.05
119 121116.88
120 121228.93
121 121106.15
122 121093.99
123 121863.13
124 121155.02
125 121029.85
126 120992.90
127 120903.02
128 122277.02
129 121610.88
130 120887.04
131 120982.89
132 121267.08
133 121576.79
134 120961.19
135 121460.91
136 121270.90
137 121344.80
138 121325.97
139 120987.18
140 122514.96
141 121006.01
142 121549.13
143 121062.99
144 120805.98
145 121237.99
146 120941.16
147 121896.98
148 121094.94
149 121007.20
150 121019.84
151 121577.02
152 120976.92
153 120954.04
154 121850.97
155 121314.05
156 121012.93
157 121043.92
158 121665.95
159 121152.88
160 121011.97
161 121194.84
162 120965.96
163 121587.99
164 121288.06
165 120991.95
166 120853.90
167 120850.09
168 121574.88
169 121327.88
170 120990.99
171 121014.83
172 120870.11
173 121202.95
174 120993.85
175 121192.93
176 120935.92
177 121104.96
178 121341.94
179 121568.92
180 121189.12
181 121212.96
182 120990.99
183 122003.08
184 122651.10
185 120921.85
186 121000.05
187 120928.05
188 120876.07
189 121842.15
190 121707.92
191 121922.02
192 121742.01
193 121247.05
194 120922.09
195 121454.00
196 120965.96
197 120986.22
198 120892.05
199 120971.92
200 121011.02
201 121261.84
202 120944.98
203 121607.78
204 121984.96
205 121057.99
206 121393.20
207 121150.02
208 121597.05
209 121237.99
210 120955.94
211 121206.05
212 121174.81
213 121214.15
214 121917.96
215 121033.91
216 121701.96
217 121974.95
218 120885.13
219 121041.06
220 120927.10
221 121006.01
222 121410.85
223 121317.15
224 121313.10
225 121944.90
226 120954.99
227 121649.98
228 121809.96
229 121242.05
230 121121.88
231 121044.87
232 121605.87
233 121727.94
234 121891.98
235 122258.90
236 121855.02
237 121537.92
238 122194.05
239 121268.03
240 121107.82
241 120890.86
242 121175.05
243 121198.18
244 120973.83
245 121757.98
246 120935.20
247 121417.05
248 122369.05
249 121362.21
250 121289.01
251 122071.98
252 121007.92
253 121269.94
254 121258.02
255 121511.94
256 121035.81
257 121469.02
258 121392.97
259 121189.83
260 122132.06
261 121066.09
262 121582.03
263 121418.95
264 121494.05
265 121829.99
266 120998.86
267 121101.14
268 121058.94
269 120905.16
270 121022.22
271 121460.91
272 121257.07
273 121130.94
274 121649.98
275 121835.95
276 121778.96
277 121478.08
278 121524.10
279 121706.01
280 121925.12
281 121072.05
282 121590.85
283 121670.96
284 121043.92
285 121699.09
286 122526.88
287 122030.02
288 121588.95
289 121677.88
290 122292.04
291 121360.06
292 121268.03
293 121228.93
294 122159.00
295 121152.88
296 121329.07
297 121993.78
298 121184.83
299 121846.91
300 120963.10
301 121768.95
302 120900.15
303 120984.08
304 121464.01
305 121258.02
306 121144.06
307 120925.90
308 121026.04
309 120801.93
310 121599.91
311 121706.01
312 120971.92
313 122179.99
314 122020.96
315 121208.91
316 121176.00
317 121837.85
318 121676.92
319 120882.99
320 120970.01
321 121435.88
322 121911.05
323 122282.98
324 121614.93
325 121212.96
326 121499.06
327 120937.82
328 121264.93
329 120942.83
330 121587.99
331 121505.98
332 120971.92
333 121312.14
334 121360.06
335 121680.02
336 121147.87
337 121131.18
338 121125.94
339 121871.95
340 121103.05
341 121523.14
342 121366.98
343 121716.98
344 120918.04
345 120993.14
346 120980.02
347 121566.06
348 121073.01
349 121578.93
350 120790.00
351 120802.88
352 120939.97
353 120985.03
354 120880.13
355 121201.99
356 121664.05
357 121042.97
358 121493.10
359 121022.94
360 120933.06
361 121273.04
362 120836.02
363 120916.13
364 120871.07
365 120823.14
366 120908.02
367 121119.98
368 120949.98
369 120997.91
370 120872.97
371 120830.06
372 121037.01
373 120884.90
374 120814.80
375 121438.98
376 120833.87
377 121123.08
378 120938.06
379 121258.02
380 120903.02
381 120837.93
382 120920.18
383 121052.03
384 121315.96
385 121070.86
386 121112.11
387 120977.16
388 121129.04
389 121015.07
390 121057.99
391 120910.17
392 121341.94
393 120887.04
394 121134.04
395 121695.04
396 121074.91
397 121040.11
398 121320.01
399 120898.01
400 121540.07
401 121283.05
402 121032.00
403 121310.00
404 121112.11
405 121144.06
406 121044.87
407 121077.06
408 121074.91
409 120908.98
410 120957.85
411 121561.05
412 121067.05
413 121009.11
414 121023.18
415 120944.98
416 121086.12
417 121145.96
418 120974.06
419 121061.09
420 120904.92
421 121042.97
422 121061.09
423 121159.08
424 121043.92
425 121711.02
426 121124.98
427 121002.91
428 120949.03
429 121101.86
430 120882.03
431 121042.01
432 120840.07
433 121052.98
434 120945.93
435 121024.85
436 120945.93
437 121085.17
438 121037.01
439 120985.03
440 121409.89
441 121332.88
442 121699.09
443 121070.86
444 120925.19
445 121035.81
446 121234.89
447 120895.86
448 121002.91
449 120962.14
450 120939.02
451 120990.04
452 121112.11
453 121290.92
454 121192.93
455 121658.09
456 120998.14
457 121419.91
458 120980.98
459 121006.97
460 121172.90
461 121449.95
462 120980.02
463 121190.07
464 121069.91
465 121159.79
466 121291.16
467 121237.99
468 120857.95
469 121189.12
470 121284.01
471 120985.98
472 121363.88
473 120810.03
474 120783.81
475 121309.04
476 121261.84
477 120990.99
478 121193.17
479 121330.98
480 121140.00
481 121005.77
482 121444.94
483 120771.17
484 122558.12
485 120903.97
486 121239.90
487 121272.09
488 121116.16
489 121370.08
490 121396.06
491 121295.93
492 120815.99
493 121352.91
494 121430.16
495 121357.92
496 121282.10
497 121294.98
498 121021.99
499 121242.05
500 121109.96
501 121346.95
502 121424.20
503 121403.93
504 121425.87
505 121057.03
506 121356.01
507 121217.97
508 121392.97
509 121167.90
510 121030.09
511 121594.91
512 121034.86
513 120845.08
514 121327.88
515 121447.09
516 121587.04
517 121006.97
518 121343.85
519 121266.84
520 121648.07
521 121589.90
522 120980.98
523 121511.94
524 121711.02
525 121130.94
526 121369.12
527 121392.01
528 121042.97
529 121332.17
530 121586.80
531 121376.04
532 121475.93
533 121459.96
534 121227.98
535 121223.93
536 121263.98
537 121100.90
538 121456.86
539 120989.80
540 121114.02
541 120927.10
542 121595.14
543 121181.01
544 120921.13
545 121232.99
546 121132.14
547 121183.87
548 121425.15
549 121296.88
550 121042.97
551 121646.88
552 120913.03
553 121464.01
554 121318.10
555 121240.14
556 121616.84
557 121759.89
558 120909.93
559 121220.11
560 120908.02
561 121470.93
562 121515.99
563 121566.06
564 121399.88
565 120747.09
566 121408.94
567 121408.94
568 121220.11
569 121158.84
570 121338.84
571 121169.09
572 121474.98
573 121104.00
574 121140.96
575 121650.93
576 121459.01
577 121435.88
578 121418.95
579 121422.05
580 120941.88
581 121664.05
582 120975.97
583 120885.13
584 121530.06
585 121376.04
586 121531.01
587 121136.19
588 121389.87
589 121623.04
590 121296.17
591 121455.91
592 121056.08
593 121436.12
594 121285.92
595 121142.86
596 121086.84
597 121508.84
598 121660.95
599 121187.93
600 121387.96
601 121408.94
602 121911.05
603 121399.16
604 120994.09
605 121028.90
606 121043.92
607 121624.95
608 121426.11
609 121427.06
610 121124.98
611 121238.95
612 121610.88
613 121317.15
614 121848.11
615 121232.03
616 121406.08
617 121310.00
618 121838.09
619 121199.85
620 121284.01
621 121315.96
622 121433.02
623 122035.98
624 121163.13
625 121196.03
626 121364.83
627 121243.95
628 121573.21
629 121244.91
630 121444.94
631 121570.11
632 121212.96
633 120911.12
634 121711.97
635 121687.89
636 121490.96
637 122187.85
638 121103.05
639 121397.97
640 121632.10
641 121161.94
642 121511.94
643 121068.95
644 121339.08
645 121462.11
646 121403.93
647 121377.94
648 121177.91
649 121635.91
650 121520.04
651 121705.06
652 121465.92
653 121466.88
654 121284.01
655 121541.98
656 121152.88
657 121362.92
658 121413.95
659 121169.09
660 121299.98
661 121628.05
662 121145.96
663 121466.88
664 121173.14
665 121032.95
666 121271.13
667 121599.91
668 120992.90
669 121460.91
670 121101.14
671 121557.00
672 121124.03
673 121037.01
674 121351.96
675 121798.04
676 121408.22
677 121242.05
678 121152.16
679 121001.01
680 121564.15
681 121160.03
682 121098.04
683 121330.02
684 121439.93
685 121410.13
686 121104.00
687 121804.00
688 121554.85
689 121008.16
690 121091.13
691 120889.19
692 121080.88
693 121778.01
694 121400.12
695 121227.98
696 121057.99
697 121474.98
698 121150.02
699 120876.79
700 121435.88
701 121137.14
702 121374.85
703 121251.82
704 121431.11
705 121119.98
706 120966.20
707 121444.94
708 121099.00
709 121521.95
710 121260.88
711 120769.02
712 121494.05
713 121165.99
714 121522.19
715 121307.85
716 121003.15
717 120872.02
718 121484.04
719 120980.02
720 121299.03
721 121309.04
722 120834.83
723 121428.97
724 121163.85
725 121581.08
726 121313.10
727 121140.00
728 120949.98
729 121196.99
730 121085.88
731 120810.99
732 121227.98
733 121072.05
734 121647.83
735 121256.83
736 121343.14
737 121186.02
738 121555.09
739 121286.87
740 121480.94
741 121269.23
742 121145.96
743 121918.20
744 121502.16
745 121433.02
746 121289.01
747 120993.14
748 121162.89
749 121047.02
750 121374.13
751 121227.03
752 121145.01
753 121522.90
754 121598.96
755 121539.12
756 121359.11
757 121176.00
758 121121.17
759 121540.07
760 121665.00
761 121091.13
762 121068.95
763 121577.98
764 121298.79
765 121407.99
766 121346.00
767 121099.95
768 121348.86
769 121243.00
770 121790.89
771 121497.87
772 121009.83
773 121107.10
774 120640.04
775 120925.90
776 121383.91
777 121531.96
778 121060.85
779 121866.23
780 121234.89
781 121166.94
782 121395.11
783 121591.09
784 121763.94
785 120891.81
786 121500.02
787 120873.93
788 121354.82
789 121279.95
790 121233.94
791 121213.20
792 121469.97
793 121160.98
794 121063.95
795 121278.05
796 120723.96
797 121166.94
798 121284.01
799 121346.00
800 121422.05
801 121980.91
802 121310.95
803 121048.21
804 121220.11
805 121541.02
806 121347.90
807 121505.98
808 121107.82
809 121653.08
810 121121.88
811 121240.85
812 120927.10
813 121257.07
814 121027.95
815 121423.96
816 121484.04
817 121387.96
818 121169.81
819 121443.99
820 121486.90
821 121119.02
822 121155.98
823 121279.95
824 121188.88
825 121206.05
826 121148.11
827 121624.95
828 120906.83
829 121033.91
830 121381.04
831 121639.01
832 121361.02
833 121173.86
834 121080.88
835 120975.02
836 121486.19
837 120867.97
838 120851.04
839 120794.06
840 120778.08
841 121082.07
842 120857.95
843 121218.92
844 121366.02
845 121217.97
846 120944.02
847 120960.95
848 121146.20
849 120965.00
850 121042.01
851 121559.86
852 121166.94
853 121207.00
854 120811.22
855 120775.94
856 120903.97
857 121171.95
858 121369.12
859 120775.94
860 121489.05
861 121222.97
862 120763.06
863 121591.09
864 121153.12
865 120899.92
866 120759.01
867 121213.91
868 121161.22
869 120769.98
870 120630.03
871 120845.08
872 121014.83
873 120903.02
874 121042.97
875 120764.97
876 120981.93
877 121016.03
878 120984.08
879 120903.02
880 121227.03
881 121311.90
882 120763.06
883 120824.10
884 121258.02
885 120871.07
886 120758.06
887 121352.91
888 120850.09
889 121498.11
890 120778.08
891 120796.92
892 121375.08
893 120984.08
894 120884.90
895 120878.22
896 120913.03
897 121205.09
898 121562.00
899 121051.79
