900
0 121252.06
1 121124.03
2 121076.11
3 121118.07
4 121093.03
5 121114.02
6 121103.05
7 121124.03
8 121122.12
9 121145.01
10 121109.96
11 121060.85
12 121122.12
13 121112.82
14 121110.92
15 121120.93
16 121034.86
17 121131.90
18 121119.02
19 121088.03
20 121118.07
21 121119.02
22 121077.06
23 121108.06
24 121114.02
25 121053.93
26 121102.09
27 121073.01
28 121118.07
29 121115.92
30 121121.88
31 121097.09
32 121109.01
33 121129.99
34 121099.00
35 121064.90
36 121024.85
37 121114.02
38 121112.11
39 121219.16
40 121124.98
41 121125.94
42 121080.88
43 121119.98
44 121122.12
45 121119.98
46 121116.88
47 121118.07
48 121122.84
49 121117.12
50 121028.18
51 121112.11
52 121114.97
53 121113.78
54 121105.91
55 121102.09
56 121109.01
57 121100.90
58 121093.99
59 121092.08
60 121120.93
61 121102.09
62 121073.96
63 121104.96
64 121122.12
65 121097.09
66 121104.96
67 121106.15
68 121119.02
69 121102.81
70 121064.90
71 121111.87
72 121103.05
73 121098.04
74 121104.96
75 121095.90
76 121096.85
77 121094.94
78 121111.15
79 121113.06
80 121122.12
81 121120.93
82 121001.01
83 121111.15
84 121117.12
85 121111.87
86 121109.96
87 121104.96
88 121119.02
89 121110.92
90 121025.09
91 121109.01
92 121084.93
93 120975.97
94 121114.02
95 121101.14
96 120934.01
97 120982.89
98 121047.02
99 121010.78
100 120939.02
101 121071.82
102 121080.88
103 120965.96
104 121102.09
105 121665.95
106 121036.05
107 121047.02
108 121122.12
109 121076.11
110 121474.98
111 121104.96
112 121356.96
113 121804.00
114 120868.92
115 121433.02
116 121078.97
117 121093.99
118 121030.09
119 121176.00
120 121001.96
121 121113.06
122 120901.11
123 121856.93
124 121175.05
125 121063.95
126 121144.06
127 121371.98
128 121162.18
129 121058.23
130 120995.04
131 121166.94
132 121836.19
133 121109.96
134 121052.98
135 121196.99
136 121099.00
137 121337.89
138 121157.17
139 121059.18
140 121443.03
141 121095.18
142 121593.95
143 121068.95
144 121975.90
145 121047.02
146 121040.82
147 120924.95
148 121031.05
149 121945.86
150 121374.85
151 121107.10
152 121486.90
153 121093.99
154 121322.15
155 121119.02
156 121485.95
157 121519.09
158 121130.94
159 121165.04
160 121329.07
161 122134.92
162 121772.05
163 121032.00
164 121462.11
165 120985.98
166 121935.13
167 121026.99
168 121514.80
169 121093.03
170 121347.90
171 121673.11
172 120949.03
173 121536.97
174 121793.99
175 121149.06
176 121080.16
177 121235.13
178 120926.86
179 121237.04
180 121674.06
181 121754.88
182 120929.00
183 122281.07
184 122333.77
185 120991.95
186 120923.04
187 121075.15
188 121222.97
189 121192.93
190 120903.97
191 121613.98
192 121397.02
193 121514.08
194 121005.06
195 121158.84
196 121047.97
197 121301.89
198 121045.83
199 121078.97
200 122061.01
201 120795.97
202 121040.82
203 122186.90
204 122421.03
205 122028.11
206 121452.81
207 120924.95
208 121515.99
209 121726.99
210 121398.93
211 121170.04
212 121796.85
213 121052.03
214 121838.09
215 121163.13
216 121505.02
217 121162.89
218 121089.94
219 121379.14
220 121490.00
221 122173.07
222 121292.11
223 120998.14
224 120925.90
225 121483.09
226 121174.10
227 121147.16
228 121546.98
229 121591.09
230 121515.99
231 121883.15
232 121804.95
233 120847.94
234 121495.01
235 120961.90
236 120801.93
237 120937.11
238 122097.02
239 121930.84
240 121500.97
241 121016.03
242 120841.03
243 122374.06
244 121272.09
245 121488.09
246 121293.07
247 121592.04
248 121315.96
249 120839.12
250 121785.16
251 120949.98
252 121351.96
253 121088.98
254 121592.04
255 121374.13
256 121409.18
257 120976.21
258 121006.01
259 120951.18
260 120893.00
261 121253.01
262 121197.94
263 120970.01
264 121853.83
265 120893.00
266 120918.99
267 122328.04
268 121725.08
269 121225.12
270 121647.83
271 120779.04
272 121555.81
273 121156.93
274 121315.00
275 121196.03
276 120815.04
277 121439.93
278 120913.03
279 121051.07
280 121136.90
281 120926.14
282 120774.98
283 120733.98
284 120838.17
285 120862.96
286 121406.08
287 121582.98
288 120897.05
289 121923.92
290 121032.00
291 122291.09
292 121040.11
293 120975.97
294 121768.95
295 121327.88
296 121629.95
297 121515.99
298 120884.90
299 121371.98
300 120881.80
301 121417.05
302 121016.98
303 121248.01
304 120930.19
305 121013.88
306 121464.97
307 120902.06
308 122236.97
309 121177.91
310 121574.88
311 121373.89
312 122136.83
313 120917.08
314 120959.04
315 121485.95
316 120778.80
317 120918.04
318 120974.06
319 121340.99
320 121391.06
321 121040.11
322 120747.09
323 121128.08
324 121155.98
325 121168.14
326 122390.03
327 121294.02
328 121762.99
329 120857.00
330 120849.13
331 120849.85
332 121244.19
333 121042.97
334 120920.90
335 120914.94
336 120961.90
337 120880.13
338 121486.90
339 121392.01
340 121943.00
341 121974.95
342 122480.15
343 121554.14
344 122272.01
345 121133.09
346 121039.87
347 120827.91
348 121060.13
349 121530.06
350 120954.04
351 120985.98
352 120851.04
353 122334.00
354 121764.90
355 120951.18
356 120789.05
357 121546.03
358 121394.16
359 121441.13
360 120845.08
361 120888.95
362 121150.97
363 121058.94
364 121026.99
365 120993.14
366 120904.92
367 120893.00
368 120943.07
369 120808.84
370 120945.93
371 120836.97
372 120916.13
373 121357.92
374 120994.09
375 120969.06
376 120829.82
377 120995.04
378 121145.96
379 120951.89
380 120882.99
381 120882.03
382 121441.13
383 120908.98
384 120991.95
385 120822.91
386 121013.16
387 121099.95
388 120916.13
389 120984.79
390 120801.93
391 120762.11
392 120893.00
393 120823.14
394 120807.89
395 121048.93
396 121397.97
397 121264.93
398 120784.04
399 121379.85
400 120928.05
401 121511.94
402 121018.89
403 121107.82
404 121008.16
405 120859.86
406 120784.04
407 120848.89
408 121244.91
409 120918.99
410 120798.11
411 121093.03
412 120926.14
413 121070.86
414 120917.08
415 120775.94
416 121367.93
417 121054.89
418 120944.98
419 120866.06
420 121056.08
421 120855.09
422 120875.84
423 121108.06
424 120825.05
425 120789.05
426 120908.02
427 121051.07
428 121114.02
429 120785.00
430 120885.85
431 121044.87
432 120861.05
433 120846.03
434 120953.08
435 120940.92
436 120924.00
437 120918.99
438 120962.86
439 121104.00
440 121113.06
441 120908.98
442 121045.83
443 120836.97
444 120894.91
445 120698.93
446 121114.02
447 121162.18
448 120774.03
449 120787.86
450 120836.97
451 120964.05
452 120932.10
453 121391.06
454 120918.04
455 120934.96
456 121016.98
457 120779.99
458 121074.91
459 120889.19
460 121035.10
461 120769.98
462 120871.07
463 121355.06
464 121288.06
465 120987.89
466 120815.99
467 120930.19
468 120954.04
469 120948.08
470 120882.03
471 121047.02
472 120914.94
473 121037.96
474 121042.97
475 121262.07
476 121281.86
477 121052.98
478 121474.03
479 120891.09
480 121630.91
481 120804.07
482 120868.92
483 120770.93
484 121382.00
485 120903.02
486 121442.08
487 121671.92
488 121273.99
489 121095.90
490 121218.92
491 121070.86
492 121165.04
493 120975.97
494 120975.02
495 121192.93
496 121142.86
497 120875.12
498 121279.95
499 120913.98
500 121533.87
501 121010.07
502 121119.98
503 121002.91
504 121258.02
505 121213.20
506 120915.89
507 121194.12
508 120868.92
509 121321.92
510 120996.00
511 121006.01
512 121406.79
513 121150.02
514 121150.97
515 121346.00
516 121038.20
517 121958.97
518 121174.10
519 121107.10
520 121222.97
521 120967.86
522 121133.09
523 121418.00
524 121051.07
525 120901.82
526 120745.90
527 121376.99
528 120957.85
529 121045.83
530 120793.10
531 121132.14
532 121644.02
533 121473.07
534 121614.93
535 121249.20
536 121165.04
537 121356.01
538 121411.09
539 121091.84
540 121087.07
541 120988.13
542 121043.92
543 121150.97
544 120749.95
545 121253.97
546 121110.20
547 121003.15
548 121378.18
549 121536.97
550 121440.17
551 121448.99
552 121499.06
553 120942.12
554 120923.04
555 120945.93
556 121162.18
557 121569.87
558 120939.97
559 121404.89
560 120735.17
561 121421.10
562 121098.04
563 120855.09
564 121011.97
565 120999.10
566 121763.94
567 121599.20
568 121365.07
569 121386.05
570 120964.05
571 121355.06
572 121053.22
573 121572.97
574 120943.78
575 121427.06
576 121292.83
577 121654.03
578 121415.85
579 121345.04
580 121423.96
581 121326.21
582 121503.11
583 121155.02
584 120861.05
585 121537.92
586 120896.10
587 121320.96
588 121032.95
589 121648.07
590 121385.10
591 121003.87
592 121371.98
593 120732.07
594 121092.80
595 121005.06
596 121263.98
597 121536.97
598 120954.04
599 120954.04
600 120934.96
601 121258.02
602 121268.03
603 121278.05
604 121037.01
605 121280.91
606 120679.14
607 121349.10
608 121319.06
609 121520.04
610 121031.05
611 121382.00
612 121273.99
613 121222.97
614 120970.96
615 121848.11
616 121784.21
617 121226.07
618 121556.04
619 121211.05
620 121818.78
621 121173.14
622 121316.91
623 121008.87
624 121417.05
625 121622.09
626 120770.93
627 121737.96
628 120928.05
629 120914.94
630 121169.09
631 121157.17
632 121095.18
633 121429.92
634 120963.81
635 121432.07
636 121073.96
637 121407.99
638 121083.97
639 121179.82
640 121162.89
641 121172.90
642 121440.89
643 121594.91
644 121195.79
645 120957.85
646 121106.86
647 121164.08
648 121402.98
649 121035.10
650 121088.03
651 121274.95
652 121466.16
653 120996.00
654 121197.94
655 121248.01
656 121071.10
657 120931.15
658 120996.00
659 121146.20
660 121318.82
661 121376.04
662 121023.89
663 121255.87
664 121071.82
665 120571.85
666 121227.98
667 121365.07
668 121002.91
669 121386.05
670 121402.03
671 121243.95
672 121715.07
673 120836.02
674 121289.01
675 121175.05
676 121244.91
677 121452.09
678 121377.94
679 121255.16
680 121296.17
681 121130.94
682 121958.02
683 121196.03
684 120763.06
685 121649.03
686 121161.94
687 120949.98
688 121513.84
689 121840.00
690 121854.07
691 121541.98
692 121264.93
693 121462.11
694 121052.98
695 120797.87
696 121498.11
697 121179.82
698 121474.03
699 121327.88
700 121373.89
701 121533.87
702 120955.94
703 121312.86
704 121473.07
705 121370.08
706 121196.03
707 121729.14
708 120811.94
709 120880.13
710 121726.99
711 121308.09
712 121201.99
713 121017.93
714 121408.94
715 120836.97
716 121506.93
717 120956.90
718 121257.07
719 120738.98
720 121464.97
721 121154.07
722 120913.98
723 121201.99
724 121735.81
725 121152.16
726 121041.06
727 121393.92
728 121129.99
729 121101.14
730 121310.95
731 121111.87
732 121551.04
733 120790.00
734 121230.84
735 121044.16
736 121282.10
737 121083.97
738 121140.00
739 121231.08
740 121306.90
741 120960.00
742 120983.12
743 121656.89
744 122206.93
745 121099.00
746 121199.85
747 121525.05
748 121180.06
749 121153.83
750 121497.15
751 121284.01
752 121007.92
753 121326.92
754 121450.19
755 121287.82
756 121119.02
757 121521.95
758 122010.95
759 120841.03
760 121057.03
761 121048.21
762 121275.90
763 121259.21
764 121292.11
765 121470.93
766 121402.03
767 121128.80
768 120613.10
769 121099.00
770 120912.08
771 121468.07
772 121353.15
773 121519.80
774 121131.18
775 120929.00
776 120655.06
777 121194.12
778 121190.07
779 121622.09
780 121309.04
781 121233.94
782 121066.81
783 121253.01
784 121127.84
785 121279.95
786 121674.06
787 121262.79
788 121193.17
789 121094.94
790 121298.07
791 121304.99
792 121532.20
793 121013.16
794 121225.12
795 121248.01
796 121283.05
797 121074.20
798 121334.08
799 121124.98
800 121242.05
801 121494.05
802 120782.85
803 121043.92
804 121331.93
805 121036.05
806 121379.85
807 121007.92
808 121015.79
809 121057.99
810 121605.16
811 121297.84
812 121068.00
813 121414.90
814 121470.93
815 121181.96
816 121380.09
817 121303.08
818 121224.88
819 121191.02
820 121300.94
821 121450.90
822 121396.06
823 121171.00
824 121310.00
825 121210.10
826 121113.06
827 121063.23
828 121173.14
829 120930.91
830 121129.04
831 121221.07
832 120921.13
833 121557.00
834 120756.86
835 121289.01
836 121419.91
837 121143.10
838 121549.13
839 121349.81
840 120911.12
841 121325.02
842 121251.82
843 120966.20
844 121051.07
845 120886.09
846 121369.84
847 121044.87
848 121022.94
849 121145.01
850 121679.07
851 121338.13
852 121067.76
853 121680.02
854 121237.99
855 121512.89
856 121315.00
857 120741.84
858 121753.93
859 121107.10
860 120954.99
861 121096.13
862 120862.96
863 121288.06
864 121657.13
865 121731.04
866 121001.96
867 121373.18
868 121537.92
869 121407.99
870 120745.90
871 121382.00
872 121561.77
873 121348.14
874 120911.84
875 121410.13
876 121044.16
877 120872.97
878 120972.87
879 121146.92
880 121495.96
881 121545.08
882 121155.98
883 121405.12
884 121032.95
885 121090.89
886 121397.97
887 121263.03
888 120711.80
889 120899.92
890 121329.07
891 121132.85
892 120921.85
893 120724.92
894 121327.88
895 121183.16
896 121234.89
897 120938.06
898 120810.03
899 120858.19
