275
0 121918.92
1 121747.97
2 121629.95
3 121777.06
4 121770.86
5 121758.94
6 121635.91
7 121995.93
8 121757.03
9 121633.05
10 121515.99
11 121639.97
12 121394.16
13 121521.00
14 121511.94
15 121383.19
16 121271.85
17 121877.91
18 121384.86
19 121532.92
20 121504.07
21 121626.14
22 121611.12
23 121781.11
24 121911.05
25 121896.03
26 121402.03
27 122009.99
28 121509.08
29 122146.13
30 121643.07
31 121785.88
32 121769.91
33 121919.16
34 121906.04
35 121546.98
36 122156.14
37 121526.96
38 121795.18
39 121799.95
40 121929.88
41 121932.98
42 121433.97
43 122066.02
44 121424.91
45 121501.92
46 121645.93
47 122256.04
48 121767.04
49 121893.88
50 122509.96
51 121412.99
52 121397.02
53 122164.96
54 121667.86
55 122048.14
56 121400.12
57 121557.95
58 121531.96
59 121685.03
60 121796.13
61 121779.92
62 121933.94
63 121917.01
64 121435.88
65 121422.05
66 121562.00
67 121683.84
68 121698.86
69 121821.88
70 121827.13
71 121969.94
72 121948.00
73 121454.95
74 121587.04
75 121573.93
76 121698.86
77 121660.95
78 121782.06
79 121783.02
80 121924.88
81 122052.91
82 121405.12
83 121536.97
84 121675.97
85 121679.07
86 121654.99
87 121812.11
88 121922.97
89 121279.00
90 121300.94
91 121548.18
92 121549.13
93 121659.99
94 121798.04
95 121917.96
96 121908.19
97 122041.94
98 121412.99
99 121536.97
100 121560.10
101 121665.00
102 121672.87
103 121804.95
104 121861.93
105 121336.94
106 121478.08
107 121477.84
108 121603.97
109 121695.04
110 121721.03
111 121867.90
112 121870.99
113 122001.89
114 121494.05
115 121475.93
116 121625.90
117 121757.98
118 121865.03
119 121936.08
120 121994.97
121 121496.92
122 122104.88
123 121640.92
124 121771.10
125 121762.99
126 121800.90
127 121877.91
128 121873.14
129 122132.06
130 121535.06
131 121648.07
132 121654.03
133 121795.89
134 121922.97
135 121901.99
136 122047.19
137 121556.04
138 121559.86
139 121548.89
140 121812.82
141 121817.11
142 121941.09
143 121943.95
144 121461.15
145 121582.98
146 121588.95
147 121711.97
148 121712.92
149 121840.95
150 121821.88
151 121958.97
152 121886.01
153 121396.06
154 121531.01
155 121519.80
156 121653.08
157 121775.87
158 121778.96
159 121760.85
160 121282.10
161 122039.08
162 121538.88
163 121515.99
164 121659.04
165 121651.17
166 121795.89
167 121799.95
168 121934.89
169 121302.84
170 121562.00
171 121570.11
172 121686.94
173 121710.06
174 121828.08
175 121829.03
176 121347.19
177 121963.02
178 121464.97
179 121718.88
180 121738.91
181 121721.98
182 121853.11
183 121845.96
184 121980.91
185 121485.95
186 121603.97
187 121603.97
188 121717.93
189 121720.08
190 121788.02
191 121847.87
192 121324.78
193 121960.88
194 121474.98
195 121598.96
196 121727.23
197 121726.04
198 121711.02
199 121852.87
200 121834.99
201 121344.09
202 121474.03
203 121465.92
204 121604.92
205 121587.99
206 121718.17
207 121710.06
208 121832.13
209 121974.95
210 121330.98
211 122096.06
212 121461.87
213 121584.89
214 121731.04
215 121707.92
216 121855.02
217 121979.95
218 121958.97
219 121483.80
220 121611.12
221 121606.83
222 121716.02
223 121716.02
224 121984.00
225 121851.92
226 121981.86
227 121477.84
228 121455.91
229 121579.89
230 121566.06
231 121706.01
232 121697.90
233 121963.02
234 121964.93
235 121317.15
236 121438.98
237 121454.95
238 121718.88
239 121702.91
240 121840.00
241 121845.01
242 121459.01
243 121948.00
244 121474.03
245 121608.02
246 121583.94
247 121657.85
248 121705.06
249 121827.13
250 121820.93
251 121334.08
252 122102.02
253 121455.91
254 121582.03
255 121584.18
256 121858.12
257 121707.92
258 121983.05
259 121979.00
260 121336.94
261 121468.78
262 121611.12
263 121732.00
264 121735.10
265 121827.84
266 121944.90
267 121466.16
268 122088.91
269 121588.95
270 121567.96
271 121710.06
272 121875.05
273 121876.96
274 121380.09
