275
0 121777.06
1 121646.17
2 121468.07
3 121656.18
4 121600.87
5 121620.18
6 121557.95
7 121755.84
8 121549.13
9 121473.07
10 121533.87
11 121605.87
12 121527.91
13 122734.07
14 122405.05
15 122445.82
16 121395.11
17 122194.05
18 121755.12
19 122442.01
20 121999.98
21 122058.15
22 121617.08
23 122422.93
24 121980.91
25 122528.08
26 121945.86
27 122258.90
28 121869.80
29 122400.05
30 121977.81
31 121536.02
32 122207.88
33 122530.94
34 121948.96
35 122529.03
36 122191.91
37 122861.15
38 122502.09
39 122056.01
40 122374.06
41 122949.12
42 122504.95
43 121923.92
44 122748.14
45 122380.97
46 122438.91
47 123232.84
48 122790.10
49 122215.99
50 123040.20
51 122594.83
52 122778.89
53 122207.16
54 122889.04
55 122451.07
56 123137.00
57 122550.01
58 122733.12
59 122422.93
60 123111.96
61 122532.13
62 122104.88
63 122910.02
64 122338.06
65 122648.00
66 123210.91
67 122715.00
68 122190.95
69 123033.05
70 122591.02
71 122776.99
72 122194.05
73 121894.84
74 121447.09
75 122270.11
76 121685.03
77 122008.80
78 121435.17
79 122127.06
80 121665.95
81 122370.00
82 121804.00
83 121971.85
84 121550.08
85 122220.99
86 121918.20
87 121415.85
88 122240.07
89 122279.88
90 121965.17
91 122594.12
92 122037.89
93 121454.00
94 122285.13
95 121706.96
96 121902.94
97 121457.82
98 122123.00
99 121704.10
100 122513.06
101 121930.84
102 122131.82
103 121548.89
104 122306.11
105 121672.15
106 122556.92
107 122050.05
108 122051.00
109 121557.95
110 122174.98
111 121680.02
112 122433.90
113 121794.22
114 121999.03
115 121501.21
116 121943.00
117 121477.13
118 122089.86
119 121768.95
120 122395.99
121 122375.01
122 121893.17
123 121515.99
124 122004.03
125 121500.97
126 122263.19
127 122264.86
128 121740.82
129 122382.16
130 121747.02
131 122643.95
132 121996.88
133 122143.03
134 121644.02
135 122133.02
136 121771.10
137 122378.11
138 121896.03
139 122642.99
140 121391.06
141 122004.03
142 121376.04
143 122268.92
144 121526.96
145 122399.09
146 122519.97
147 121891.98
148 122648.00
149 122018.10
150 121497.15
151 122186.90
152 122441.05
153 121689.08
154 122418.17
155 121934.18
156 121407.99
157 122045.99
158 121563.20
159 121688.13
160 122319.94
161 121677.88
162 122562.89
163 121923.92
164 121419.19
165 121562.96
166 122176.89
167 121683.12
168 122314.93
169 121808.05
170 122419.12
171 122545.00
172 122066.97
173 121423.96
174 122052.91
175 121686.94
176 122315.17
177 121834.99
178 121824.98
179 122587.92
180 121892.93
181 121450.90
182 121968.03
183 121595.14
184 121464.97
185 122351.17
186 121706.01
187 122601.99
188 121836.90
189 121469.02
190 121351.00
191 122152.09
192 121654.99
193 122401.00
194 121890.07
195 122498.04
196 121389.87
197 122142.08
198 121515.04
199 122127.06
200 121638.77
201 122385.03
202 121884.11
203 121865.03
204 122632.03
205 121863.13
206 121488.09
207 122128.96
208 121613.98
209 121626.14
210 122243.17
211 121737.96
212 122487.07
213 121865.99
214 121492.86
215 121509.08
216 122121.81
217 121636.15
218 122371.20
219 121737.96
220 122487.78
221 122004.03
222 121992.83
223 121366.02
224 122126.82
225 121589.90
226 122465.13
227 121816.16
228 121941.09
229 121320.96
230 122078.90
231 121451.85
232 122211.93
233 121716.98
234 121593.95
235 122735.02
236 121836.90
237 122598.89
238 121956.83
239 121598.01
240 122084.14
241 122223.85
242 121722.22
243 122473.00
244 121975.18
245 121480.94
246 122112.04
247 122108.94
248 121600.87
249 122238.16
250 121725.80
251 122483.97
252 121863.13
253 121846.91
254 121489.05
255 121973.99
256 121613.98
257 122241.02
258 121740.10
259 122349.02
260 122481.11
261 121851.92
262 121498.82
263 122120.14
264 121622.09
265 122237.21
266 122249.84
267 121733.90
268 122372.15
269 121868.85
270 121495.96
271 121984.00
272 122147.80
273 121521.00
274 122279.88
