275
0 121927.98
1 121747.02
2 121757.03
3 121764.90
4 121629.95
5 121742.96
6 121734.86
7 121752.02
8 121613.98
9 121718.88
10 121593.95
11 121739.86
12 121543.17
13 121686.94
14 121568.92
15 121562.00
16 121433.97
17 122063.16
18 121564.15
19 121920.11
20 121564.15
21 121559.14
22 121687.89
23 121692.90
24 121820.93
25 121948.00
26 121932.98
27 121925.12
28 121561.05
29 121426.11
30 121685.98
31 121694.09
32 121816.87
33 121813.06
34 121943.95
35 121917.96
36 121433.02
37 122040.99
38 121553.90
39 121546.98
40 121662.86
41 121802.09
42 121933.22
43 122066.02
44 121422.05
45 121567.96
46 121546.98
47 121677.16
48 121804.00
49 121922.97
50 121779.92
51 121914.15
52 122679.00
53 121421.10
54 122307.06
55 121708.15
56 122303.01
57 121438.03
58 121403.93
59 122175.93
60 121583.94
61 121711.97
62 121843.10
63 121845.96
64 121975.90
65 121334.08
66 121469.02
67 121585.13
68 121589.90
69 121722.94
70 121694.09
71 121821.88
72 121819.02
73 121968.98
74 121444.94
75 121405.84
76 121591.09
77 121718.88
78 121841.91
79 121845.96
80 122106.08
81 121979.95
82 121469.97
83 121448.99
84 121451.14
85 121715.07
86 121718.17
87 121842.86
88 121842.15
89 121862.89
90 121932.98
91 121454.95
92 121509.08
93 121785.88
94 121779.92
95 121911.05
96 122039.08
97 122041.94
98 121413.95
99 121396.06
100 121712.92
101 121908.90
102 121914.86
103 121901.99
104 121416.81
105 121539.83
106 121537.92
107 121669.05
108 121790.17
109 121782.06
110 121772.05
111 122035.03
112 122035.98
113 122017.86
114 122164.96
115 121521.00
116 121666.19
117 121791.12
118 121918.92
119 121913.91
120 122046.95
121 122048.85
122 121408.94
123 122173.07
124 121682.88
125 121665.00
126 121792.08
127 121922.02
128 121922.02
129 122054.10
130 122035.98
131 121541.02
132 121746.06
133 121937.99
134 121883.87
135 121912.00
136 121434.93
137 121573.93
138 121546.03
139 121546.98
140 121809.96
141 121797.08
142 122061.01
143 122073.17
144 121438.98
145 121567.96
146 121695.04
147 121690.99
148 121679.07
149 121814.01
150 121944.90
151 121943.00
152 121445.89
153 122061.01
154 121554.85
155 121701.00
156 121818.07
157 121680.97
158 121945.14
159 121928.93
160 121932.03
161 121449.95
162 121582.03
163 121571.06
164 121711.97
165 121832.85
166 121819.02
167 121944.90
168 121474.98
169 122094.15
170 121615.17
171 121477.13
172 121735.10
173 121869.09
174 121765.85
175 122001.89
176 121999.03
177 121511.94
178 122116.80
179 121629.95
180 121769.91
181 121768.95
182 121906.04
183 121898.89
184 121392.01
185 122165.92
186 121525.05
187 121677.88
188 121654.99
189 121798.99
190 121933.94
191 121916.06
192 121428.97
193 121562.00
194 121693.13
195 121690.03
196 121814.97
197 121804.00
198 121804.00
199 121948.96
200 121421.10
201 122082.00
202 121577.02
203 121564.87
204 121701.00
205 121690.99
206 121808.05
207 121960.16
208 121956.83
209 121458.05
210 122067.93
211 121567.01
212 121565.10
213 121763.94
214 121915.82
215 121893.17
216 121536.02
217 121392.97
218 121659.04
219 121645.93
220 121648.07
221 121764.90
222 121912.96
223 121916.77
224 121900.08
225 121397.02
226 121536.97
227 121670.01
228 121646.17
229 121794.94
230 121918.92
231 121909.86
232 121420.86
233 121399.88
234 121528.15
235 121677.16
236 121666.19
237 121799.95
238 121782.06
239 121926.78
240 121545.08
241 121374.13
242 121547.94
243 121676.92
244 121658.80
245 121809.01
246 121794.94
247 121930.12
248 122056.01
249 122072.94
250 121363.88
251 122179.99
252 121701.00
253 121762.99
254 121900.08
255 121389.87
256 121520.04
257 121515.99
258 121646.88
259 121643.07
260 121774.91
261 121760.85
262 121903.90
263 121523.14
264 121392.97
265 121526.00
266 121517.18
267 121783.97
268 121783.97
269 121771.10
270 121907.00
271 121903.90
272 122025.01
273 121535.78
274 121523.86
