550
0 121122.84
1 121039.87
2 121001.01
3 121037.01
4 121016.98
5 121019.12
6 121021.03
7 121034.86
8 121039.87
9 121041.77
10 121032.00
11 121032.00
12 120982.89
13 121017.93
14 121011.97
15 121023.89
16 121034.15
17 121034.86
18 121044.87
19 121035.81
20 121051.07
21 121015.07
22 121024.13
23 121033.19
24 121038.20
25 121027.95
26 120954.04
27 121015.07
28 121012.93
29 121020.08
30 121026.99
31 120972.16
32 120881.08
33 121069.19
34 121037.01
35 120996.95
36 121047.02
37 121042.01
38 121016.03
39 121017.93
40 121033.19
41 121037.01
42 121033.91
43 121037.01
44 121016.03
45 120995.04
46 121051.07
47 121020.08
48 121027.95
49 121036.05
50 121042.97
51 121034.15
52 121041.06
53 121017.93
54 121013.88
55 121035.81
56 121032.95
57 121032.95
58 121035.10
59 121025.09
60 121030.09
61 121011.97
62 121016.03
63 121042.01
64 121034.15
65 120983.84
66 120928.05
67 121046.07
68 121047.02
69 121014.12
70 121042.97
71 121017.93
72 120994.09
73 121024.85
74 121026.99
75 121039.15
76 121001.96
77 121031.05
78 121017.93
79 121026.99
80 121021.03
81 121032.00
82 121021.99
83 121030.81
84 121033.91
85 121014.12
86 121074.20
87 121186.97
88 121017.93
89 120979.07
90 121031.05
91 121029.14
92 120961.90
93 121038.91
94 121058.23
95 120964.05
96 120958.09
97 120946.88
98 121018.17
99 120998.14
100 121032.00
101 121017.22
102 121052.03
103 121039.87
104 121043.92
105 121031.05
106 120976.92
107 120991.95
108 121052.98
109 121083.97
110 120897.05
111 121053.93
112 121000.05
113 120861.05
114 121752.02
115 121582.03
116 121443.03
117 121414.90
118 122198.10
119 121193.89
120 121140.00
121 120877.03
122 120867.97
123 121566.06
124 121554.85
125 121345.04
126 121292.11
127 121247.05
128 122632.98
129 120976.92
130 121676.92
131 121590.14
132 121546.98
133 121387.00
134 121248.01
135 121163.85
136 121021.99
137 120980.98
138 120925.90
139 121014.12
140 121021.99
141 121463.06
142 121352.20
143 121148.82
144 120910.88
145 120919.94
146 120986.22
147 120928.05
148 120866.06
149 120779.04
150 120970.01
151 120851.99
152 121340.99
153 120987.89
154 121105.19
155 121286.15
156 121510.03
157 121396.06
158 120968.10
159 120969.06
160 120921.13
161 120971.92
162 121011.02
163 120997.91
164 120898.01
165 120993.85
166 121175.05
167 121445.89
168 121032.95
169 121280.91
170 120975.02
171 121194.12
172 120841.03
173 120907.78
174 120864.87
175 120976.92
176 120909.93
177 121144.06
178 120861.05
179 121011.97
180 121479.99
181 121433.97
182 121017.93
183 121190.07
184 121072.05
185 120927.10
186 121394.16
187 120713.00
188 121437.07
189 120882.03
190 120940.92
191 121156.93
192 120957.14
193 121151.21
194 120975.97
195 120949.03
196 121103.05
197 121020.79
198 120894.19
199 121052.03
200 121338.13
201 120983.12
202 121345.04
203 121120.93
204 120934.96
205 120867.01
206 120924.00
207 120984.08
208 121421.81
209 121650.22
210 120820.05
211 120929.96
212 121523.86
213 121047.97
214 120990.04
215 120935.92
216 121141.91
217 121014.83
218 120944.98
219 120996.00
220 121270.90
221 120965.96
222 121494.05
223 121431.11
224 120956.18
225 120984.08
226 120895.86
227 121392.97
228 120830.06
229 121500.02
230 120867.01
231 121742.96
232 121192.93
233 121315.96
234 121550.08
235 120883.94
236 120763.06
237 121076.11
238 120879.17
239 120868.21
240 121625.90
241 120917.08
242 121222.97
243 121211.05
244 120728.97
245 121013.88
246 121640.92
247 120957.14
248 121050.12
249 120944.98
250 120832.92
251 121357.92
252 120940.92
253 121022.94
254 121366.98
255 120893.96
256 121276.14
257 121098.04
258 120835.78
259 121099.00
260 121148.11
261 121079.92
262 121111.87
263 121387.00
264 121181.01
265 121011.02
266 120908.98
267 121157.88
268 121293.07
269 120953.80
270 120900.87
271 121536.02
272 120962.14
273 121707.92
274 121122.12
275 121769.91
276 121685.98
277 120962.86
278 121216.06
279 121194.12
280 120916.84
281 121697.90
282 121567.96
283 121300.94
284 120969.06
285 121011.02
286 121721.98
287 121012.93
288 121380.09
289 121530.06
290 121028.90
291 120992.18
292 121253.01
293 121317.86
294 121340.99
295 121075.87
296 120952.84
297 120929.96
298 121511.94
299 120887.04
300 120872.02
301 120902.06
302 120858.91
303 120850.09
304 120862.01
305 121080.88
306 121006.01
307 120922.09
308 120978.12
309 120984.08
310 120850.09
311 121170.04
312 120980.02
313 120878.93
314 121186.97
315 120985.03
316 121234.18
317 120878.93
318 120927.10
319 120882.03
320 120781.90
321 120790.00
322 120939.97
323 120878.93
324 121126.17
325 120863.20
326 120795.97
327 120850.80
328 120792.15
329 120929.96
330 120898.96
331 121266.13
332 120971.92
333 120736.12
334 120857.95
335 120848.89
336 120898.01
337 120738.98
338 120888.95
339 121026.04
340 120760.92
341 120661.97
342 121446.85
343 120862.96
344 120704.89
345 120900.87
346 121259.93
347 120877.03
348 120866.06
349 120880.84
350 121200.08
351 120722.06
352 121055.13
353 121083.02
354 121016.03
355 121049.88
356 121104.00
357 121110.20
358 121459.96
359 121359.11
360 121293.07
361 121249.91
362 121043.21
363 121016.03
364 120985.98
365 120951.89
366 120805.98
367 120918.99
368 121710.06
369 120971.92
370 120992.18
371 120929.00
372 121218.92
373 121075.15
374 120895.15
375 121220.11
376 121091.84
377 121288.78
378 121195.08
379 121468.07
380 120976.92
381 120965.00
382 120941.16
383 121511.22
384 120831.97
385 120785.00
386 120982.17
387 121028.90
388 120872.97
389 120646.95
390 121228.93
391 121136.90
392 121050.12
393 120860.82
394 121167.90
395 120913.03
396 121201.99
397 121191.98
398 120816.95
399 121272.80
400 121093.99
401 121145.01
402 121129.99
403 120815.99
404 121266.13
405 120880.84
406 120870.11
407 120900.15
408 121378.18
409 121086.84
410 120831.97
411 121675.97
412 121421.10
413 120856.05
414 120786.91
415 121031.05
416 121065.86
417 120963.81
418 121099.00
419 120937.82
420 121357.92
421 120768.07
422 120831.97
423 121416.09
424 121284.01
425 121159.08
426 121099.95
427 121173.86
428 121477.13
429 121225.83
430 121057.99
431 121285.92
432 121150.02
433 120959.04
434 121116.16
435 121094.94
436 121195.08
437 121190.07
438 121191.98
439 121187.93
440 121188.88
441 121186.97
442 121192.22
443 121190.07
444 121104.00
445 121188.16
446 121174.10
447 121191.02
448 121182.92
449 121188.16
450 121184.11
451 121211.05
452 121193.89
453 121168.14
454 121183.16
455 121186.02
456 121196.99
457 121191.02
458 121196.03
459 121189.12
460 121186.97
461 121190.07
462 121173.86
463 121170.04
464 121175.05
465 121191.98
466 121172.19
467 121129.99
468 121148.11
469 121153.12
470 121178.15
471 121173.14
472 121177.20
473 121087.79
474 121042.97
475 121188.88
476 121188.88
477 121191.02
478 121155.98
479 121186.97
480 121206.05
481 121188.88
482 121187.93
483 121186.97
484 121209.86
485 121186.02
486 121191.98
487 121186.97
488 121196.03
489 121185.78
490 121143.10
491 121178.15
492 121196.03
493 121184.11
494 121173.14
495 121171.95
496 121191.98
497 121188.16
498 121181.01
499 121172.90
500 121115.92
501 121194.84
502 121155.98
503 121173.86
504 121186.97
505 121183.87
506 121172.90
507 121150.97
508 121190.07
509 121171.00
510 121075.15
511 121171.00
512 121175.05
513 121172.19
514 121174.81
515 121172.90
516 121150.02
517 121181.96
518 121201.04
519 121181.01
520 121166.94
521 121202.95
522 121201.04
523 121190.07
524 121201.99
525 121186.97
526 121193.17
527 121196.03
528 121208.91
529 121186.02
530 121140.00
531 121205.09
532 121204.85
533 121207.95
534 121178.87
535 121203.90
536 121207.00
537 121188.88
538 121194.12
539 121191.98
540 121207.24
541 121191.02
542 121189.12
543 121191.02
544 121206.05
545 121186.97
546 121184.83
547 121191.98
548 121155.02
549 121184.11
