550
0 121304.04
1 121150.97
2 121053.93
3 121159.79
4 121137.86
5 121052.03
6 121135.00
7 121129.04
8 121137.86
9 121107.10
10 121119.98
11 121118.07
12 121174.10
13 121125.94
14 121101.86
15 121126.89
16 120878.93
17 121134.04
18 121150.02
19 121124.98
20 121115.21
21 121129.99
22 121117.12
23 121152.16
24 121116.88
25 120910.17
26 121121.88
27 121136.19
28 121128.08
29 121139.05
30 121132.14
31 121140.00
32 121133.09
33 121122.84
34 121092.08
35 121141.91
36 121149.06
37 121124.98
38 121091.84
39 121134.04
40 121099.00
41 121137.14
42 121119.98
43 121058.94
44 121135.95
45 121053.93
46 121143.10
47 121147.87
48 121126.17
49 121059.89
50 121132.85
51 121126.17
52 121181.01
53 121129.99
54 121089.94
55 121134.04
56 121016.98
57 121144.06
58 121150.97
59 121135.95
60 121135.95
61 121143.10
62 121139.05
63 121073.01
64 121140.96
65 121052.03
66 121137.14
67 121140.00
68 121137.14
69 121123.08
70 121135.00
71 121100.90
72 121140.96
73 121123.08
74 121099.00
75 121142.86
76 121114.97
77 121136.19
78 121119.98
79 121140.96
80 121125.94
81 121080.16
82 121096.13
83 121091.13
84 121115.21
85 121053.22
86 121110.92
87 121143.82
88 121126.89
89 121132.14
90 121114.97
91 121140.00
92 121122.84
93 121136.90
94 121095.90
95 121136.90
96 121158.12
97 121129.99
98 121084.93
99 121134.04
100 121099.95
101 121137.14
102 121124.03
103 121135.00
104 121127.13
105 121015.07
106 121128.08
107 121119.02
108 121119.98
109 121122.12
110 121125.94
111 121127.13
112 121135.00
113 121133.80
114 121074.91
115 121150.02
116 121142.15
117 121077.06
118 121138.10
119 121100.90
120 121140.96
121 121151.92
122 121108.06
123 121078.97
124 121068.00
125 121003.87
126 121136.19
127 121108.06
128 121104.96
129 121129.99
130 121117.83
131 121139.05
132 121121.17
133 121112.11
134 121093.03
135 121143.10
136 121133.09
137 120906.83
138 120890.86
139 120986.94
140 120972.87
141 120971.92
142 120974.06
143 120974.06
144 120973.11
145 120884.18
146 120969.77
147 120972.87
148 120974.06
149 120975.97
150 120975.02
151 120942.83
152 120975.97
153 120971.92
154 120833.87
155 120980.02
156 120996.95
157 120975.02
158 120924.00
159 120978.12
160 120975.02
161 120974.06
162 120989.08
163 120975.02
164 120974.06
165 120897.05
166 120879.89
167 120970.96
168 120902.78
169 120975.97
170 120970.01
171 120976.92
172 120975.02
173 121027.95
174 120927.10
175 120937.11
176 120976.92
177 120841.98
178 120972.87
179 120991.23
180 120976.92
181 120956.18
182 120972.87
183 120954.99
184 120975.02
185 120958.09
186 120975.97
187 120957.14
188 120974.06
189 120957.14
190 120977.16
191 120990.99
192 120959.04
193 120967.86
194 120928.05
195 120970.01
196 121005.06
197 120970.96
198 120933.06
199 120985.03
200 120960.00
201 120954.04
202 120964.05
203 120956.18
204 120967.15
205 120893.96
206 120960.00
207 120970.01
208 120868.92
209 120962.14
210 120954.04
211 120976.92
212 120960.00
213 120977.88
214 120930.91
215 120975.97
216 120952.13
217 120882.99
218 120954.99
219 120973.11
220 120959.04
221 120972.16
222 120875.84
223 120973.83
224 120970.96
225 120913.03
226 120903.02
227 120965.00
228 120984.08
229 121041.06
230 120976.92
231 120931.86
232 120977.88
233 120956.90
234 120929.00
235 120960.95
236 120851.99
237 120977.88
238 120980.02
239 120967.86
240 120981.93
241 120966.91
242 120952.84
243 120966.91
244 120954.99
245 120901.11
246 120953.08
247 120942.12
248 120976.92
249 120956.18
250 120975.02
251 120960.95
252 120977.88
253 120967.15
254 120926.14
255 120966.20
256 120950.22
257 120874.17
258 120975.02
259 120970.01
260 120978.83
261 120975.02
262 120975.02
263 120973.11
264 120971.92
265 120885.85
266 120971.92
267 120959.04
268 120973.11
269 120959.04
270 120975.02
271 120982.89
272 120977.16
273 120951.89
274 120980.02
275 120962.14
276 120976.92
277 120980.98
278 120954.04
279 120915.89
280 120960.00
281 120971.20
282 120965.96
283 120986.94
284 120978.12
285 120881.08
286 120907.07
287 120953.80
288 120939.02
289 120990.04
290 120952.84
291 120968.10
292 120956.90
293 120914.22
294 120920.90
295 120840.07
296 120930.91
297 120884.90
298 120806.93
299 120827.91
300 120874.88
301 120953.08
302 120960.00
303 120960.00
304 120956.90
305 120892.05
306 120973.11
307 120957.14
308 120972.16
309 120959.04
310 120976.21
311 120885.13
312 120990.99
313 120951.89
314 120949.98
315 120959.04
316 120953.08
317 120960.95
318 120958.09
319 120965.96
320 120957.85
321 120896.82
322 120965.96
323 121001.01
324 120969.06
325 120887.99
326 120969.06
327 120959.04
328 120972.87
329 120975.02
330 121026.99
331 120978.12
332 120934.96
333 120974.06
334 120926.14
335 120991.23
336 120935.20
337 120971.92
338 120974.06
339 120974.06
340 120970.01
341 120971.92
342 120920.18
343 120975.97
344 120954.04
345 120898.01
346 120972.16
347 120901.82
348 120974.06
349 120943.07
350 120954.99
351 120965.96
352 120975.02
353 120971.92
354 120950.22
355 120978.12
356 120956.90
357 120949.98
358 120957.14
359 120967.86
360 120946.17
361 120969.06
362 120965.96
363 120973.83
364 120986.22
365 120924.00
366 120974.06
367 120880.84
368 120978.83
369 120953.08
370 120813.85
371 120958.09
372 120970.01
373 120962.86
374 120929.00
375 120973.11
376 120972.87
377 120901.11
378 120963.10
379 120976.21
380 120970.01
381 120982.17
382 120967.86
383 120949.98
384 120973.83
385 120882.99
386 120973.83
387 120965.00
388 120975.97
389 120949.98
390 120973.83
391 120957.85
392 120970.96
393 120914.94
394 120976.92
395 120960.00
396 120975.02
397 120959.04
398 120972.16
399 120966.20
400 120975.97
401 120965.96
402 120972.87
403 120967.86
404 120980.98
405 120875.84
406 120909.93
407 120961.90
408 120976.92
409 120969.06
410 120985.98
411 120960.95
412 120970.01
413 121014.12
414 120928.05
415 120934.96
416 120972.16
417 120954.99
418 120972.16
419 120954.99
420 120975.02
421 120962.14
422 120975.97
423 120966.91
424 120970.01
425 120899.20
426 120972.16
427 120982.17
428 120974.06
429 120977.16
430 120974.06
431 120976.92
432 120976.92
433 120976.92
434 120953.08
435 120950.94
436 120959.04
437 120876.07
438 120969.06
439 120975.97
440 120974.06
441 120976.92
442 120975.97
443 120944.98
444 120979.07
445 120908.02
446 120982.17
447 120953.08
448 120977.88
449 120960.95
450 120977.88
451 120970.01
452 120950.94
453 120943.07
454 120908.02
455 120952.84
456 120980.98
457 120960.00
458 120908.98
459 120963.81
460 120956.90
461 120965.96
462 120999.10
463 120960.95
464 120957.14
465 120907.07
466 120963.10
467 120970.01
468 120980.98
469 120972.16
470 120949.03
471 120971.92
472 120955.94
473 120970.96
474 120959.04
475 120968.10
476 120972.16
477 120966.91
478 120975.02
479 120974.06
480 120990.99
481 120882.99
482 120973.11
483 120962.14
484 120973.11
485 120880.13
486 120977.16
487 120968.82
488 120972.87
489 120974.06
490 121054.17
491 121029.85
492 120954.04
493 120933.06
494 120925.90
495 120973.11
496 120939.97
497 120974.06
498 120867.01
499 120975.02
500 120958.09
501 120978.12
502 120960.95
503 120975.97
504 120962.86
505 120898.96
506 120968.10
507 120968.10
508 120976.92
509 120960.95
510 120970.96
511 120960.95
512 120975.02
513 120939.02
514 120999.10
515 120962.14
516 120926.14
517 120970.96
518 120972.87
519 120976.92
520 120978.83
521 120974.06
522 120979.79
523 120977.88
524 120949.98
525 120844.13
526 121080.88
527 120961.19
528 120965.00
529 120970.96
530 120953.08
531 120813.13
532 120975.02
533 120961.90
534 120929.00
535 120970.01
536 120955.94
537 120915.89
538 120957.14
539 120970.96
540 120963.10
541 120976.21
542 120965.96
543 120983.12
544 120968.82
545 120867.01
546 120971.92
547 120973.11
548 120955.94
549 120979.07
