575
0 121753.93
1 121618.99
2 121626.14
3 121634.01
4 121620.89
5 121644.02
6 121618.99
7 121619.94
8 121624.95
9 121740.10
10 121740.82
11 121738.91
12 121737.00
13 121736.05
14 121738.20
15 121740.10
16 121702.91
17 121680.97
18 121674.06
19 121682.88
20 121682.17
21 121676.92
22 121689.08
23 121685.98
24 121675.97
25 121676.92
26 121641.87
27 121649.98
28 121605.87
29 121665.00
30 121663.81
31 121664.05
32 121647.12
33 121664.05
34 121642.11
35 121659.04
36 121639.97
37 121644.97
38 121639.97
39 121626.85
40 121629.95
41 121634.96
42 121634.96
43 121633.05
44 121653.08
45 121649.98
46 121639.97
47 121613.98
48 121603.97
49 121617.79
50 121598.96
51 121623.99
52 121747.02
53 121620.89
54 121747.02
55 121602.06
56 121747.97
57 121742.01
58 121747.97
59 121743.92
60 121608.02
61 121614.93
62 121753.22
63 121617.08
64 121603.01
65 121639.97
66 121619.94
67 121618.03
68 121630.91
69 121650.93
70 121654.99
71 121654.99
72 121650.93
73 121622.09
74 121623.04
75 121650.93
76 121635.91
77 121634.01
78 121626.85
79 121633.05
80 121628.05
81 121640.92
82 121598.96
83 121593.95
84 121734.14
85 121596.81
86 121591.09
87 121584.18
88 121732.95
89 121582.03
90 121734.86
91 121595.86
92 121734.86
93 121593.95
94 121597.05
95 121587.04
96 121735.10
97 121602.06
98 121602.06
99 121605.87
100 121745.11
101 121742.96
102 121745.11
103 121618.03
104 121742.01
105 121616.84
106 121474.03
107 121459.01
108 122975.11
109 121485.95
110 121961.83
111 122842.07
112 122378.11
113 121886.01
114 123742.82
115 123265.98
116 122899.06
117 122401.00
118 121902.94
119 123763.80
120 123278.86
121 122779.13
122 123579.03
123 123050.21
124 122694.97
125 122195.01
126 121546.03
127 123569.01
128 123066.90
129 122692.11
130 122190.00
131 121690.03
132 123675.11
133 123056.17
134 121395.83
135 123382.81
136 122887.85
137 122391.94
138 121754.88
139 123885.87
140 123384.00
141 122881.17
142 122382.88
143 121886.97
144 121382.00
145 123387.10
146 122894.05
147 123634.10
148 123138.90
149 122776.99
150 122282.98
151 121786.12
152 123785.97
153 123287.20
154 122786.05
155 122411.01
156 121759.18
157 123908.04
158 123281.96
159 121517.18
160 123517.99
161 123008.97
162 122512.10
163 122151.85
164 121631.15
165 123641.97
166 123138.90
167 122632.03
168 122151.14
169 121651.17
170 123649.12
171 123137.95
172 123901.84
173 123385.91
174 122855.90
175 122377.87
176 122026.92
177 121529.10
178 123393.06
179 122898.10
180 122533.08
181 122006.18
182 121510.98
183 123514.89
184 121764.90
185 123913.05
186 123285.06
187 122785.09
188 122265.10
189 121907.00
190 121409.18
191 123287.92
192 122905.97
193 122411.01
194 121905.09
195 123911.14
196 123422.86
197 121654.03
198 123667.96
199 123178.96
200 122665.17
201 122154.00
202 121798.99
203 123700.14
204 123175.14
205 122819.19
206 122307.06
207 121817.11
208 123673.92
209 122050.05
210 121511.94
211 123484.13
212 123119.12
213 122637.99
214 122136.83
215 121642.83
216 123506.07
217 123133.90
218 122504.95
219 121994.97
220 121617.08
221 123633.15
222 122132.06
223 121505.98
224 123631.00
225 123250.01
226 122627.97
227 122131.11
228 121630.91
229 123630.05
230 123142.96
231 122642.04
232 122118.95
233 121629.00
234 122388.84
235 121743.92
236 121516.94
237 123379.95
238 122898.10
239 122511.15
240 121871.95
241 121510.98
242 123507.02
243 123012.07
244 122509.96
245 122006.89
246 121510.03
247 122125.86
248 121614.93
249 123758.08
250 123293.88
251 122792.01
252 122299.91
253 121789.93
254 121417.05
255 123436.93
256 122921.94
257 122438.19
258 121946.10
259 122705.94
260 122076.99
261 121562.00
262 123708.01
263 123183.97
264 122688.06
265 122197.15
266 121689.08
267 123687.98
268 123080.02
269 122820.85
270 122180.94
271 121685.98
272 122595.07
273 122097.02
274 121584.89
275 123589.04
276 123080.97
277 122577.91
278 122076.99
279 121579.17
280 123464.82
281 123216.87
282 122594.12
283 122211.93
284 122819.19
285 122462.99
286 121948.00
287 123960.97
288 123458.86
289 122953.89
290 122582.91
291 121938.94
292 123695.14
293 123583.08
294 122689.96
295 122402.19
296 121831.18
297 122565.98
298 122181.18
299 121680.02
300 121437.07
301 121943.00
302 121828.79
303 122077.94
304 121950.15
305 121448.04
306 122071.03
307 121579.89
308 122194.77
309 121560.10
310 122193.10
311 121830.22
312 122454.88
313 121819.02
314 122576.95
315 121923.92
316 121428.97
317 121954.92
318 121468.07
319 122219.09
320 121593.00
321 122333.05
322 121702.91
323 122450.11
324 121847.87
325 122467.04
326 121974.95
327 121477.13
328 121953.01
329 121469.02
330 122079.13
331 121640.92
332 122395.99
333 121796.13
334 122532.13
335 121762.04
336 121389.15
337 122066.97
338 121438.98
339 122053.15
340 121544.12
341 122172.12
342 121690.99
343 122427.23
344 121793.99
345 121428.01
346 121927.98
347 121414.90
348 121914.86
349 121415.85
350 122352.12
351 121729.14
352 122604.13
353 121763.94
354 121331.93
355 121977.09
356 121331.93
357 122089.86
358 121476.89
359 122077.94
360 121720.79
361 122325.90
362 121721.98
363 122466.09
364 121978.04
365 121474.03
366 121833.09
367 121463.06
368 122091.05
369 121465.92
370 122086.05
371 121560.10
372 122169.02
373 121681.93
374 122293.00
375 121676.92
376 122576.00
377 122028.83
378 121405.84
379 122013.09
380 121511.94
381 122256.04
382 121517.18
383 122406.01
384 121633.05
385 122385.98
386 121757.98
387 121405.84
388 122029.07
389 121406.08
390 122016.91
391 121380.09
392 122144.22
393 121654.99
394 122272.01
395 121637.11
396 122408.15
397 121905.09
398 122530.94
399 121888.88
400 121410.85
401 122035.03
402 121387.00
403 122284.89
404 121654.03
405 122277.02
406 121638.06
407 122409.11
408 121767.04
409 121402.03
410 121901.99
411 121406.08
412 122008.09
413 121525.05
414 122153.04
415 121663.81
416 122131.11
417 121641.16
418 122390.99
419 121765.85
420 122648.95
421 121886.97
422 121646.17
423 121512.17
424 121650.22
425 121644.97
426 121645.93
427 121641.87
428 121645.93
429 121639.97
430 121633.05
431 121654.03
432 121642.11
433 121500.02
434 121622.09
435 121646.88
436 121641.87
437 121645.21
438 121648.07
439 121644.97
440 121647.12
441 121647.12
442 121651.89
443 121646.88
444 121652.13
445 121532.92
446 121655.94
447 121668.10
448 121650.22
449 121653.08
450 121649.03
451 121650.93
452 121536.97
453 121535.06
454 121534.11
455 121535.06
456 121669.05
457 121531.96
458 121551.04
459 121548.89
460 121685.98
461 121567.01
462 121550.08
463 121531.01
464 121674.78
465 121536.02
466 121532.92
467 121546.98
468 121676.92
469 121675.01
470 121532.92
471 121536.02
472 121648.07
473 121672.15
474 121542.93
475 121561.05
476 121541.98
477 121561.05
478 121561.05
479 121577.98
480 121559.14
481 121557.00
482 121558.90
483 121560.10
484 121553.90
485 121585.85
486 121575.83
487 121572.97
488 121574.88
489 121574.88
490 121577.02
491 121569.16
492 121636.87
493 121636.15
494 121635.91
495 121600.87
496 121629.00
497 121513.84
498 121649.98
499 121654.03
500 121652.13
501 121649.98
502 121652.13
503 121653.08
504 121655.94
505 121510.03
506 121654.03
507 121652.13
508 121651.89
509 121654.03
510 121654.99
511 121634.01
512 121632.81
513 121637.11
514 121634.01
515 121636.87
516 121635.91
517 121499.06
518 121635.91
519 121639.97
520 121641.87
521 121507.88
522 121639.01
523 121637.11
524 121642.11
525 121637.11
526 121615.89
527 121618.03
528 121618.03
529 121616.13
530 121616.13
531 121618.99
532 121611.12
533 121618.03
534 121587.99
535 121590.14
536 121608.97
537 121604.92
538 121598.96
539 121584.89
540 121598.96
541 121603.97
542 121594.19
543 121587.04
544 121511.94
545 121532.92
546 121657.13
547 121655.94
548 121653.08
549 121657.85
550 121653.08
551 121649.03
552 121653.08
553 121657.13
554 121651.17
555 121652.13
556 121659.04
557 121517.18
558 121654.03
559 121654.03
560 121657.13
561 121656.89
562 121654.03
563 121659.99
564 121654.99
565 121515.99
566 121535.06
567 121659.99
568 121658.80
569 121659.99
570 121650.93
571 121652.13
572 121654.99
573 121554.85
574 121549.84
