275
0 121978.04
1 121658.80
2 121665.00
3 121664.05
4 121685.03
5 121809.01
6 121654.03
7 121541.98
8 121649.03
9 121787.07
10 121517.90
11 121662.86
12 121525.05
13 121404.89
14 121666.91
15 122414.83
16 129030.94
17 136416.20
18 188544.03
19 192658.19
20 245171.07
21 296053.89
22 345797.06
23 395603.90
24 446497.20
25 497625.11
26 547731.88
27 596718.07
28 647087.81
29 696970.94
30 746749.88
36 829870.94
37 842002.87
38 846380.00
39 852375.98
40 861634.02
41 861746.07
42 855205.06
43 842590.09
44 832209.83
45 826333.05
46 819825.17
47 798724.17
48 774007.08
49 748629.81
50 723897.93
51 698518.04
52 673762.80
53 648416.04
54 623035.91
55 597644.09
56 596541.88
57 597160.10
58 597915.17
59 597400.90
60 596920.97
61 566535.95
62 520740.03
63 479238.99
64 429072.86
65 378901.00
66 328701.97
67 278517.96
68 228320.12
69 178116.08
70 128096.10
71 121519.09
72 121636.87
73 126781.94
74 137156.01
75 148642.06
76 320136.07
77 516395.81
78 713760.85
79 783648.97
80 784139.87
81 783776.04
82 784527.06
83 784527.78
84 784153.94
85 784029.96
86 784137.96
87 784770.01
88 784332.99
92 725134.13
93 723881.96
94 720884.08
95 716131.93
96 712022.07
97 712025.88
98 712134.12
99 711781.98
100 711030.96
101 711780.07
102 711279.87
103 711472.03
104 711049.08
105 700788.97
106 676042.80
107 651293.04
108 625776.05
109 600425.96
110 575168.85
111 550426.96
112 524914.98
113 500185.97
114 475445.99
115 450186.01
116 425452.95
117 400071.86
118 392296.79
119 393656.97
120 392415.05
121 393037.80
122 392521.14
123 392045.97
124 392166.85
125 392185.93
126 392429.11
127 393059.02
128 392557.86
129 393186.81
130 392682.79
131 392689.94
132 392830.13
133 392673.02
134 393454.07
135 393074.04
136 393694.16
137 393081.19
138 393397.09
139 393275.98
140 393522.98
141 393397.09
142 393656.97
143 394146.20
144 393852.95
145 393860.82
146 393983.84
147 394001.96
148 394130.95
149 394131.90
150 394756.08
151 394309.04
152 394432.78
153 394415.86
154 394562.96
155 394566.06
156 394049.88
157 395443.20
158 394943.95
159 394947.05
160 395071.98
161 395073.89
162 395192.15
163 395329.00
164 395329.95
165 395334.01
166 396091.94
167 395452.02
168 396222.11
169 395584.11
170 395852.09
171 395716.91
172 395981.07
173 396598.82
174 396126.03
175 396744.97
176 396211.15
177 396226.17
178 396363.02
179 396377.09
180 396624.09
181 396509.17
182 397233.01
183 396754.98
184 396987.20
185 396991.97
186 397116.90
187 397118.09
188 396609.78
189 397847.89
190 397492.89
191 397376.06
192 397629.02
193 397624.97
194 397749.90
195 397105.93
196 397878.89
197 397883.89
198 398010.97
199 397874.12
200 398144.01
201 398149.97
202 397631.88
203 398394.11
204 397758.96
205 399140.12
206 398647.07
207 399276.97
208 398775.10
209 398787.02
210 398888.83
211 398895.98
212 399040.94
213 399167.06
214 399793.86
215 399152.04
216 399281.02
217 399279.83
218 399552.11
219 399552.11
220 399671.08
221 400315.05
222 399811.03
223 399808.88
224 400098.80
225 400122.17
226 400252.82
227 399756.91
228 401010.99
229 400383.00
230 400519.13
231 400397.06
232 400658.13
233 400657.18
234 400032.04
235 400785.21
236 400911.09
237 400897.98
238 401025.06
239 401054.86
240 401166.20
241 401170.97
242 401294.95
243 401304.01
244 402044.06
245 401561.02
246 402293.21
247 401692.15
248 401855.95
249 401900.05
250 401976.11
251 401900.05
252 402230.98
253 402863.98
254 402256.01
255 402292.97
256 402570.01
257 402643.92
258 402774.10
259 402173.04
260 402859.93
261 402888.06
262 403011.80
263 403004.88
264 403157.00
265 403286.93
266 402642.01
267 403244.02
268 403520.11
269 403550.15
270 403625.97
271 403650.05
272 403908.01
273 403267.15
274 404042.01
