800
0 121279.00
1 121102.09
2 121108.06
3 121083.97
4 121126.89
5 121126.89
6 121128.08
7 121101.86
8 121099.00
9 121176.00
10 121126.17
11 121084.93
12 121094.94
13 121162.89
14 121122.84
15 121116.16
16 121099.00
17 121130.94
18 121129.99
19 121037.96
20 121114.02
21 121125.94
22 121119.02
23 121124.98
24 121067.05
25 121124.03
26 121123.08
27 121114.02
28 121118.78
29 121142.86
30 121138.10
31 121114.97
32 121095.90
33 121120.93
34 121128.08
35 121121.88
36 121113.06
37 121124.03
38 121113.06
39 121038.91
40 121107.10
41 121115.92
42 121077.06
43 121026.99
44 121099.00
45 121088.98
46 121104.96
47 121127.13
48 121150.02
49 121122.12
50 121125.94
51 121123.08
52 121083.97
53 121129.04
54 121129.99
55 121123.08
56 121145.96
57 121123.08
58 121127.84
59 121050.83
60 121150.02
61 121127.13
62 121126.89
63 121125.94
64 121145.01
65 121131.90
66 121069.91
67 121120.93
68 121134.04
69 121128.08
70 121123.79
71 121122.84
72 121092.08
73 121022.94
74 121121.88
75 121120.93
76 121104.00
77 121126.89
78 121114.97
79 121032.00
80 121102.09
81 121095.90
82 121109.01
83 121112.82
84 121107.10
85 121092.08
86 121104.00
87 121106.15
88 121106.86
89 121125.94
90 121130.94
91 121102.09
92 121095.18
93 120965.00
94 121136.90
95 121009.11
96 121057.99
97 121015.07
98 121032.95
99 121058.94
100 120990.04
101 121068.00
102 121417.05
103 121066.81
104 121206.05
105 121030.81
106 120903.97
107 121475.93
108 121056.08
109 122463.94
110 121011.02
111 121067.05
112 121161.94
113 121029.14
114 120805.03
115 121021.99
116 120747.80
117 120971.92
118 120978.83
119 120810.03
120 120914.94
121 120867.97
122 120767.83
123 120927.81
124 121412.99
125 121042.01
126 121035.81
127 120704.89
128 120820.05
129 121434.93
130 121088.03
131 120998.14
132 120976.92
133 120849.13
134 121068.95
135 121344.80
136 120776.89
137 120908.98
138 121813.06
139 121035.81
140 120852.95
141 120848.18
142 121029.85
143 121026.04
144 120842.93
145 120869.87
146 121331.93
147 121201.99
148 121726.99
149 120836.97
150 121033.91
151 120932.82
152 121083.97
153 121383.91
154 120918.99
155 120703.22
156 120900.87
157 120897.05
158 121270.90
159 121012.93
160 120851.99
161 121043.92
162 121284.96
163 121849.06
164 120960.95
165 121145.01
166 120936.87
167 121338.84
168 121345.04
169 121596.81
170 121175.05
171 120839.83
172 121129.04
173 120986.22
174 120753.05
175 121480.94
176 121038.91
177 121416.81
178 120930.91
179 121259.93
180 120933.06
181 121165.99
182 121109.01
183 121042.01
184 121342.90
185 120815.04
186 120989.80
187 121471.88
188 120899.92
189 120856.05
190 121279.00
191 120936.16
192 121567.01
193 120980.02
194 121671.92
195 120739.94
196 121426.11
197 121488.09
198 120874.17
199 120785.95
200 121113.06
201 121106.86
202 121077.06
203 121083.97
204 121109.96
205 120648.86
206 120872.97
207 121018.17
208 120821.00
209 121531.01
210 121086.84
211 120775.94
212 121541.98
213 121235.13
214 122049.09
215 120948.08
216 121167.90
217 120965.96
218 120896.10
219 120850.09
220 121062.99
221 121230.13
222 121509.08
223 121255.87
224 121613.98
225 121088.98
226 121195.08
227 121250.87
228 121931.79
229 121935.84
230 121294.98
231 121526.00
232 121366.98
233 121236.09
234 121044.87
235 121379.85
236 120915.89
237 121603.97
238 121640.92
239 120846.03
240 121276.14
241 121439.93
242 120771.88
243 120696.07
244 121178.87
245 121393.92
246 121556.04
247 120754.96
248 121609.93
249 120725.87
250 121180.06
251 120874.88
252 120750.90
253 120703.94
254 121719.84
255 120846.99
256 120997.91
257 120890.86
258 120900.87
259 121534.11
260 121019.84
261 121200.08
262 121157.88
263 121306.90
264 121151.92
265 121042.01
266 121809.96
267 121814.97
268 120874.17
269 120754.96
270 121479.99
271 120980.02
272 121052.98
273 121486.90
274 120948.08
275 120785.00
276 121468.07
277 120892.05
278 121148.11
279 120964.05
280 120862.01
281 121047.97
282 120798.83
283 121476.89
284 120787.14
285 121038.91
286 120839.12
287 121585.85
288 121916.06
289 120700.12
290 121454.00
291 121037.96
292 121128.08
293 120935.92
294 120765.21
295 121639.97
296 121469.97
297 121451.14
298 121346.00
299 121127.13
300 121054.89
301 121819.02
302 121608.97
303 121587.99
304 120875.84
305 121339.08
306 121484.04
307 121001.01
308 121043.21
309 120779.04
310 121243.00
311 121479.03
312 122627.97
313 121261.12
314 121310.00
315 121564.87
316 120819.09
317 121387.96
318 121491.91
319 121417.05
320 122060.06
321 121299.03
322 121150.97
323 120910.88
324 120865.82
325 121346.95
326 120794.06
327 121862.89
328 121169.09
329 120684.86
330 120821.00
331 120821.95
332 120827.20
333 121119.98
334 121743.92
335 121860.98
336 120990.04
337 121388.91
338 121002.91
339 121737.00
340 121109.96
341 120970.01
342 120928.05
343 120704.89
344 120858.91
345 121189.12
346 121145.01
347 121118.07
348 121199.85
349 122714.04
350 122523.07
351 121704.82
352 120819.09
353 120977.88
354 121108.06
355 121218.92
356 120911.12
357 121162.89
358 120988.85
359 120893.00
360 120848.18
361 120795.97
362 120805.98
363 120864.87
364 121210.81
365 120776.89
366 120698.93
367 120996.00
368 120807.89
369 120806.22
370 121098.04
371 120896.82
372 120737.08
373 121238.23
374 121018.89
375 120831.97
376 121141.91
377 120985.98
378 120867.97
379 120800.02
380 121097.80
381 120841.03
382 120714.90
383 120914.94
384 120876.07
385 121084.93
386 120915.17
387 120821.95
388 120816.95
389 121017.93
390 121030.09
391 121261.84
392 120861.05
393 120857.00
394 121119.02
395 120939.02
396 120997.91
397 121051.07
398 120754.96
399 121080.16
400 121129.04
401 121033.91
402 121026.99
403 120769.98
404 121089.94
405 121119.02
406 121058.94
407 120995.04
408 120990.04
409 120829.11
410 120647.91
411 120959.04
412 121186.97
413 120787.86
414 121101.86
415 120792.15
416 120822.91
417 120719.91
418 121161.94
419 121065.14
420 121061.80
421 120819.09
422 120822.19
423 121076.11
424 120856.05
425 121431.11
426 121283.77
427 120788.81
428 120898.96
429 121387.00
430 120659.83
431 120844.84
432 120738.98
433 120851.99
434 120959.04
435 120908.02
436 121284.01
437 121030.09
438 120918.04
439 120860.10
440 120630.03
441 120754.00
442 121164.08
443 121124.98
444 121133.09
445 120891.09
446 121048.21
447 121175.05
448 120973.11
449 120954.99
450 121025.09
451 120723.01
452 120807.89
453 120862.01
454 120975.02
455 121018.17
456 121196.99
457 121123.08
458 121062.04
459 121064.90
460 120924.95
461 120736.12
462 120807.17
463 121118.07
464 121563.91
465 121062.04
466 121150.97
467 120822.91
468 120765.92
469 121206.05
470 121085.88
471 121217.01
472 120884.90
473 121266.84
474 121220.11
475 120970.96
476 120782.14
477 120709.18
478 121237.99
479 121604.92
480 120828.87
481 121199.13
482 121128.08
483 121332.17
484 121338.84
485 121290.92
486 121438.03
487 120880.13
488 120860.10
489 121848.82
490 121026.04
491 121064.90
492 121289.01
493 121289.01
494 121012.21
495 120944.98
496 121080.88
497 120859.15
498 120996.95
499 121092.08
500 121410.85
501 121562.00
502 120990.04
503 121149.06
504 120958.81
505 121070.15
506 121126.89
507 121469.97
508 120908.02
509 121088.98
510 120781.90
511 120769.98
512 121114.02
513 121819.97
514 120948.08
515 120775.94
516 121499.06
517 121295.93
518 121260.88
519 120966.20
520 120852.95
521 121406.79
522 121196.03
523 121279.00
524 121120.93
525 120980.02
526 120804.79
527 121187.93
528 121093.03
529 120903.97
530 121199.85
531 121666.91
532 121129.99
533 121753.22
534 121196.99
535 121037.01
536 120856.05
537 120818.14
538 121083.97
539 121296.88
540 120865.82
541 120890.86
542 121290.92
543 120604.04
544 120877.98
545 121185.06
546 120566.13
547 121061.80
548 121287.11
549 120859.15
550 120723.01
551 120949.03
552 121134.04
553 120903.02
554 120913.03
555 120956.18
556 121150.97
557 121169.09
558 121192.93
559 121316.91
560 120953.08
561 121220.11
562 120903.02
563 121034.86
564 121539.83
565 121161.94
566 120824.10
567 121232.99
568 121057.03
569 121917.01
570 121319.06
571 121021.99
572 121509.08
573 121166.94
574 121030.09
575 121132.14
576 121113.06
577 121103.05
578 121032.00
579 121420.15
580 121026.99
581 121249.91
582 121411.09
583 121225.12
584 120790.00
585 121303.80
586 121114.97
587 121441.84
588 121074.91
589 121129.04
590 122157.81
591 121288.06
592 121069.19
593 120898.01
594 121470.93
595 121310.95
596 121365.07
597 121237.04
598 121383.91
599 121108.06
600 121459.96
601 121199.13
602 120810.03
603 121248.01
604 121248.01
605 121325.97
606 121212.96
607 121068.95
608 121057.03
609 121205.09
610 121059.18
611 120729.21
612 121167.18
613 121058.94
614 121480.94
615 121477.13
616 121748.92
617 120711.09
618 121216.06
619 121150.97
620 121083.97
621 120971.20
622 121052.03
623 121314.05
624 120944.02
625 120831.97
626 120618.10
627 120968.10
628 121324.06
629 121050.12
630 121104.00
631 121482.85
632 121099.00
633 121153.12
634 120940.92
635 121186.97
636 121366.98
637 121165.04
638 121338.13
639 121171.00
640 121073.01
641 120893.00
642 121348.14
643 121117.12
644 120621.92
645 121099.00
646 121459.01
647 121303.80
648 120665.07
649 121119.98
650 120785.95
651 121420.15
652 120907.07
653 120805.03
654 121256.11
655 120836.02
656 121053.93
657 120707.99
658 121062.04
659 120930.91
660 121031.05
661 120951.89
662 120985.03
663 120803.12
664 120696.07
665 121500.97
666 120874.88
667 120826.01
668 121139.05
669 121520.04
670 121238.95
671 121476.89
672 120752.10
673 121123.08
674 121241.09
675 121072.05
676 121145.01
677 121118.07
678 120839.83
679 121367.93
680 121078.01
681 121196.99
682 120939.02
683 120863.91
684 120697.98
685 120722.06
686 120761.16
687 121065.86
688 120980.98
689 120764.97
690 121042.01
691 121067.05
692 121064.90
693 121026.99
694 121217.97
695 121062.99
696 121029.85
697 121124.98
698 121234.18
699 121343.85
700 120877.98
701 121008.87
702 121407.99
703 121208.91
704 121203.90
705 121188.16
706 121167.18
707 121027.95
708 121145.01
709 120976.92
710 121397.02
711 121247.05
712 120793.10
713 120705.13
714 121079.92
715 120865.11
716 120798.11
717 121619.94
718 121484.04
719 121014.83
720 121135.95
721 121259.93
722 121492.15
723 121128.08
724 121696.00
725 121237.04
726 120979.07
727 120805.03
728 121049.88
729 120920.90
730 120710.85
731 120826.01
732 121109.96
733 120847.94
734 121418.95
735 120717.05
736 120764.02
737 121381.04
738 120985.03
739 120679.14
740 121253.01
741 121046.07
742 121450.90
743 120887.04
744 120832.92
745 121225.12
746 120871.78
747 120925.19
748 120896.10
749 121267.08
750 121117.83
751 121085.88
752 120743.99
753 120806.93
754 120734.93
755 120821.00
756 121190.07
757 120815.99
758 120909.93
759 120796.92
760 120806.93
761 120725.87
762 120990.99
763 121118.07
764 121097.09
765 120990.04
766 120997.19
767 120908.98
768 121021.03
769 121065.14
770 121048.93
771 121064.90
772 121046.07
773 121032.00
774 121056.08
775 121099.95
776 121069.19
777 121021.99
778 121045.11
779 120941.88
780 121051.07
781 121066.09
782 121061.09
783 121069.91
784 120977.88
785 121047.97
786 121062.99
787 121062.04
788 121045.11
789 121043.92
790 121055.84
791 121011.97
792 121060.13
793 121068.00
794 121065.14
795 121034.15
796 121061.09
797 121047.97
798 121136.90
799 121059.18
