800
0 121080.16
1 120967.86
2 120944.98
3 120979.07
4 120941.16
5 120958.09
6 120962.14
7 120949.03
8 120948.08
9 120980.98
10 120939.97
11 120939.02
12 120941.88
13 120963.81
14 120989.08
15 120955.94
16 120939.97
17 120943.07
18 120939.97
19 120974.06
20 120859.86
21 120940.21
22 120957.14
23 120951.18
24 120962.86
25 120966.91
26 120957.14
27 120942.83
28 120957.14
29 120944.98
30 120993.14
31 120949.98
32 120917.08
33 120943.07
34 120924.95
35 120944.98
36 120949.98
37 120926.86
38 120957.85
39 120967.86
40 120893.96
41 120965.00
42 120954.99
43 120934.96
44 120922.09
45 120942.12
46 120968.82
47 120972.87
48 120941.88
49 120965.00
50 120949.03
51 120960.95
52 120949.98
53 120954.99
54 120872.97
55 120944.98
56 120952.13
57 120947.84
58 120986.94
59 120936.87
60 120872.02
61 120934.01
62 120966.91
63 120971.92
64 120951.89
65 120945.93
66 120947.84
67 120949.98
68 120982.89
69 120950.94
70 120908.98
71 120939.97
72 120965.00
73 120943.78
74 120970.01
75 120949.03
76 120967.15
77 120873.93
78 120954.99
79 120937.11
80 120987.89
81 120942.12
82 120948.08
83 120966.91
84 120920.90
85 120971.92
86 120955.94
87 120945.93
88 120957.14
89 120965.96
90 120960.00
91 120969.06
92 120962.86
93 120952.13
94 120957.85
95 120935.92
96 120880.13
97 120903.02
98 120945.93
99 120829.82
100 120797.16
101 120928.05
102 121527.91
103 121021.99
104 121431.11
105 120802.16
106 121592.04
107 120877.98
108 121721.98
109 121514.08
110 121398.93
111 123491.05
112 122384.79
113 123987.91
114 123969.08
115 124471.90
116 123777.87
117 123138.90
118 124170.06
119 124209.88
120 123389.01
121 123658.90
122 122535.94
123 123754.02
124 122456.07
125 123151.06
126 123269.08
127 123235.94
128 123577.83
129 123415.95
130 123447.18
131 123856.07
132 122598.89
133 123470.07
134 122539.04
135 124164.10
136 123394.01
137 123612.17
138 124093.06
139 123423.10
140 122515.92
141 123213.05
142 123337.98
143 124675.99
144 122480.15
145 123619.08
146 122997.05
147 123198.99
148 122675.90
149 123521.09
150 122112.99
151 122623.92
152 123444.08
153 122049.09
154 123384.00
155 122781.99
156 122704.98
157 122627.97
158 122581.01
159 122112.99
160 123356.82
161 122313.98
162 124005.79
163 123335.12
164 124613.05
165 123489.86
166 124391.08
167 125000.00
168 122727.87
169 124626.87
170 122756.96
171 122241.97
172 122612.00
173 123452.90
174 123312.95
175 122560.98
176 123092.17
177 123903.04
178 122415.78
179 122298.00
180 123461.96
181 122375.01
182 125686.88
183 123270.03
184 123888.02
185 123262.88
186 123250.01
187 124729.16
188 122045.04
189 123857.02
190 123989.11
191 122251.99
192 122316.12
193 124067.07
194 122375.97
195 124538.90
196 122138.02
197 123764.99
198 122894.05
199 123639.11
200 123009.92
201 123708.01
202 122876.88
203 121902.94
204 124855.04
205 123194.93
206 122835.87
207 123408.79
208 124111.89
209 124074.94
210 123782.16
211 124510.05
212 121986.87
213 122662.07
214 122430.80
215 122313.02
216 123058.08
217 122751.00
218 123049.97
219 122712.85
220 125416.04
221 123059.03
222 123095.04
223 123111.01
224 122469.90
225 123156.07
226 123150.11
227 123052.84
228 122079.85
229 123176.10
230 123122.93
231 123019.93
232 122851.85
233 122765.78
234 124299.05
235 123967.89
236 122318.03
237 123893.02
238 122787.00
239 122833.01
240 122504.95
241 122468.95
242 122695.21
243 122992.99
244 124669.08
245 122942.92
246 124499.08
247 122871.16
248 122601.03
249 122576.00
250 122515.20
251 123105.05
252 122168.06
253 123776.91
254 124574.90
255 122799.16
256 124304.06
257 121966.12
258 123449.09
259 122689.01
260 123346.09
261 123007.06
262 122617.01
263 123297.93
264 123130.08
265 123281.96
266 122980.12
267 123110.06
268 122089.86
269 122925.04
270 123336.79
271 123497.01
272 123356.10
273 123044.01
274 122907.88
275 122871.16
276 124230.86
277 122447.01
278 123306.99
279 122292.04
280 123722.08
281 123058.08
282 122255.09
283 124357.94
284 122670.17
285 123318.91
286 123326.06
287 123703.00
288 125338.08
289 123565.91
290 123492.96
291 123493.91
292 123986.01
293 123958.11
294 123012.07
295 123457.91
296 123368.02
297 123932.12
298 122557.88
299 123289.82
300 123221.87
301 123739.96
302 121318.10
303 123147.96
304 122946.98
305 122793.91
306 122495.89
307 124964.95
308 123253.11
309 123722.08
310 122810.13
311 122344.97
312 123720.17
313 122890.00
314 123362.78
315 125746.01
316 122465.13
317 124202.97
318 123493.91
319 123520.14
320 123387.10
321 121740.10
322 124121.19
323 121114.02
324 121862.17
325 122525.93
326 121635.91
327 121837.14
328 122009.99
329 122840.17
330 121824.03
331 121426.82
332 123637.91
333 122765.06
334 121059.89
335 122019.05
336 121891.98
337 120934.01
338 121164.08
339 121819.97
340 121095.18
341 120974.06
342 122660.88
343 121680.97
344 120966.20
345 122804.16
346 121924.16
347 121170.04
348 121926.78
349 121068.00
350 121979.00
351 122642.99
352 122043.13
353 122177.12
354 122148.99
355 121270.90
356 122596.98
357 121744.16
358 121056.08
359 121016.03
360 120815.04
361 121186.97
362 120810.03
363 120887.99
364 121029.14
365 120960.95
366 120730.88
367 121165.04
368 121109.01
369 120852.95
370 120844.84
371 120901.82
372 120881.08
373 121145.01
374 120831.97
375 121347.19
376 120850.09
377 121362.92
378 121019.12
379 121323.11
380 120908.98
381 120951.89
382 120774.03
383 120867.01
384 121056.08
385 120878.93
386 121035.10
387 120851.99
388 120750.90
389 120998.86
390 121023.89
391 121207.00
392 121182.92
393 120846.03
394 120867.01
395 120594.98
396 121093.03
397 121221.07
398 120970.01
399 121049.17
400 120881.08
401 121153.12
402 120985.98
403 120910.17
404 120738.98
405 120923.04
406 120920.90
407 120942.12
408 120921.13
409 120924.00
410 121055.13
411 121129.99
412 120726.82
413 120829.11
414 121124.98
415 120769.02
416 121046.78
417 120729.92
418 121040.11
419 120938.06
420 121073.01
421 120895.15
422 120980.02
423 121020.08
424 121157.17
425 121060.85
426 121060.13
427 121000.05
428 120810.99
429 120913.03
430 121052.98
431 120779.99
432 120825.05
433 120841.98
434 120844.84
435 120978.83
436 120969.06
437 120830.06
438 120800.02
439 121043.92
440 120956.18
441 121007.92
442 120672.94
443 121167.90
444 120929.00
445 121072.05
446 121037.01
447 120874.88
448 120633.13
449 120821.95
450 121131.90
451 120869.16
452 120963.10
453 121000.05
454 120897.05
455 120908.98
456 120965.96
457 120822.19
458 120922.09
459 120849.85
460 120835.07
461 120996.95
462 120706.08
463 121173.86
464 121110.20
465 121008.87
466 121350.05
467 120713.00
468 120846.03
469 120950.94
470 121050.12
471 121094.94
472 121054.89
473 121127.13
474 121114.97
475 121179.10
476 120915.17
477 120791.91
478 120944.02
479 120664.12
480 120782.14
481 120850.80
482 120934.01
483 120821.95
484 121065.14
485 120862.01
486 120953.08
487 120794.06
488 120942.12
489 121074.91
490 121005.06
491 120957.85
492 121140.96
493 120924.00
494 120750.19
495 120899.92
496 121237.04
497 121076.11
498 121121.88
499 121037.01
500 120807.17
501 120888.95
502 120822.19
503 120830.06
504 120908.02
505 121015.07
506 121079.21
507 121011.97
508 120753.05
509 120991.95
510 120847.23
511 120970.01
512 120773.08
513 120935.92
514 121159.08
515 121192.93
516 121138.10
517 121227.03
518 121116.16
519 121258.02
520 120944.98
521 120789.05
522 120923.04
523 120968.10
524 121092.08
525 121040.11
526 120935.92
527 120935.20
528 121146.92
529 120907.07
530 120750.90
531 120918.04
532 120799.06
533 121050.83
534 121070.15
535 120952.84
536 120881.08
537 120805.03
538 120775.94
539 121032.95
540 121074.91
541 120985.03
542 121075.15
543 120846.03
544 121075.87
545 121114.02
546 121072.05
547 121107.10
548 120767.12
549 120846.99
550 121121.88
551 121240.14
552 121145.96
553 120918.04
554 121100.19
555 120831.01
556 120911.12
557 120803.12
558 120990.99
559 120951.18
560 120954.99
561 120994.09
562 120906.11
563 120944.02
564 120945.93
565 120721.82
566 120783.09
567 120948.79
568 121337.18
569 120846.03
570 121292.83
571 120947.12
572 120839.83
573 120977.88
574 121004.10
575 121017.93
576 120925.90
577 120956.90
578 120896.10
579 121048.93
580 120898.01
581 121092.80
582 120878.93
583 120851.99
584 120844.84
585 120997.19
586 121292.11
587 120881.80
588 120961.90
589 121275.90
590 120812.18
591 120918.99
592 120922.09
593 120814.09
594 120940.92
595 120956.90
596 121105.91
597 121112.11
598 120929.96
599 121191.98
600 121064.19
601 121124.03
602 121222.97
603 120990.04
604 120923.04
605 120841.03
606 121000.05
607 121016.03
608 120738.98
609 120832.92
610 120769.02
611 120975.02
612 120826.96
613 120967.86
614 120809.08
615 121141.91
616 120782.85
617 121185.06
618 120755.91
619 120970.01
620 120954.99
621 120862.01
622 120899.92
623 120865.11
624 120954.99
625 121022.94
626 121095.90
627 120887.04
628 121100.90
629 120983.84
630 121223.93
631 120906.83
632 121258.97
633 120692.97
634 120947.84
635 120953.08
636 120939.02
637 120939.02
638 120937.11
639 120952.84
640 120946.88
641 120929.96
642 120943.07
643 120956.18
644 120938.78
645 120944.98
646 120944.98
647 120873.93
648 120949.03
649 120825.05
650 120932.10
651 120971.20
652 120935.92
653 120907.07
654 120946.17
655 120921.85
656 120944.02
657 120978.12
658 120942.12
659 120944.98
660 120970.96
661 120949.98
662 120965.96
663 120952.84
664 120870.11
665 120944.02
666 120962.86
667 120884.90
668 120965.00
669 120950.94
670 120956.90
671 120970.01
672 120949.03
673 120923.04
674 120953.08
675 120913.98
676 120909.21
677 120958.09
678 120944.02
679 120894.19
680 120950.94
681 120980.02
682 120942.12
683 120941.88
684 120970.96
685 120980.02
686 120961.90
687 120888.95
688 120967.15
689 120983.84
690 120944.02
691 120979.07
692 120965.96
693 120976.92
694 120921.13
695 120924.00
696 120960.95
697 120982.89
698 120937.82
699 120955.94
700 120959.04
701 120996.00
702 120965.96
703 120776.89
704 120918.99
705 120947.84
706 120950.94
707 120950.22
708 120963.81
709 120951.89
710 120948.08
711 120954.99
712 120968.82
713 120951.18
714 120940.92
715 120947.84
716 120962.86
717 120913.98
718 120935.20
719 120924.95
720 120970.01
721 120946.88
722 120946.17
723 120979.07
724 120954.04
725 120974.06
726 120968.82
727 120924.00
728 120969.06
729 120968.10
730 120894.91
731 120957.14
732 120861.05
733 120965.00
734 120962.86
735 120933.06
736 120924.00
737 120955.94
738 120957.14
739 120959.04
740 120960.95
741 120947.84
742 120970.01
743 120965.96
744 120968.10
745 120964.05
746 120964.05
747 120887.04
748 120960.95
749 120952.13
750 120946.17
751 120960.95
752 120944.98
753 120948.08
754 120930.91
755 120927.10
756 120950.94
757 120957.85
758 120944.98
759 120967.15
760 120943.07
761 120943.07
762 120952.13
763 120970.96
764 120947.84
765 120996.00
766 120945.93
767 120882.99
768 120955.94
769 120957.14
770 120939.97
771 120959.04
772 120921.85
773 120983.84
774 120930.91
775 120934.96
776 120937.11
777 120860.10
778 120962.14
779 120965.00
780 120958.09
781 120974.06
782 120963.81
783 120826.96
784 120967.15
785 120980.02
786 120964.05
787 120893.96
788 120958.81
789 120968.82
790 120956.90
791 120964.05
792 120948.08
793 120923.04
794 120952.13
795 120928.05
796 120953.80
797 120962.86
798 120916.13
799 120956.18
