800
0 121166.94
1 121082.07
2 121059.89
3 121018.89
4 121143.10
5 121025.80
6 121032.95
7 121071.10
8 121037.96
9 121037.01
10 121042.01
11 121052.98
12 121049.88
13 121057.03
14 121056.80
15 120975.97
16 121056.08
17 121068.00
18 121052.98
19 121039.87
20 121063.95
21 121085.88
22 121067.05
23 121011.02
24 121064.90
25 121021.03
26 120973.11
27 121037.96
28 121042.01
29 121042.01
30 120954.99
31 121072.05
32 121056.08
33 121042.97
34 121061.09
35 120967.15
36 121054.89
37 121071.10
38 121061.09
39 120997.91
40 121065.14
41 121042.97
42 121062.99
43 121052.98
44 121021.99
45 121021.99
46 121047.02
47 121042.97
48 121049.17
49 121062.99
50 121062.04
51 121064.19
52 121063.95
53 121035.10
54 121074.91
55 121075.15
56 121054.89
57 121047.97
58 121102.09
59 121049.88
60 121030.09
61 121057.99
62 121040.11
63 121064.90
64 121052.98
65 121025.80
66 121058.94
67 121064.19
68 121061.09
69 121064.90
70 121075.15
71 120968.10
72 121082.07
73 120982.89
74 121008.87
75 120987.18
76 121067.05
77 121029.14
78 121067.05
79 121052.98
80 121074.91
81 121062.99
82 121047.02
83 121070.86
84 121051.07
85 121029.14
86 121055.84
87 121054.17
88 121087.07
89 121040.11
90 121002.91
91 121062.99
92 121061.09
93 121056.08
94 121072.05
95 121059.89
96 120990.04
97 121037.01
98 121093.99
99 121093.03
100 120991.95
101 120929.00
102 121907.95
103 121069.91
104 121835.95
105 121030.09
106 122165.92
107 121382.95
108 121994.97
109 120959.04
110 121840.00
111 124946.83
112 121848.11
113 123509.88
114 124738.93
115 125990.15
116 124924.18
117 126445.06
118 125566.01
119 125720.98
120 125473.02
121 125900.98
122 126258.85
123 127001.05
124 126712.80
125 125840.90
126 126647.95
127 126721.86
128 125614.17
129 127053.98
130 127953.05
131 126604.08
132 126312.97
133 126641.99
134 125391.01
135 125592.95
136 124582.05
137 124809.03
138 125598.91
139 124795.91
140 125607.01
141 125179.05
142 124240.88
143 125020.03
144 126986.98
145 124997.14
146 125751.02
147 125177.86
148 125704.05
149 125149.01
150 125097.04
151 125232.22
152 125130.18
153 127078.06
154 124447.11
155 124516.01
156 125310.18
157 124072.07
158 124480.01
159 124182.94
160 124460.22
161 124201.06
162 123574.97
163 124108.08
164 123205.90
165 124033.21
166 123863.22
167 125110.15
168 125820.16
169 124196.05
170 124405.86
171 125784.16
172 127612.83
173 123284.10
174 123576.88
175 124591.11
176 123632.91
177 125081.06
178 124176.03
179 123478.89
180 123145.10
181 124767.07
182 125111.10
183 125679.97
184 123093.13
185 124583.96
186 124413.97
187 124295.00
188 124951.12
189 125546.93
190 123957.87
191 124949.93
192 124931.10
193 124036.07
194 124148.13
195 123362.06
196 124463.08
197 124161.96
198 123440.03
199 123494.86
200 123126.98
201 123285.06
202 124247.07
203 124060.87
204 123219.01
205 124003.17
206 124275.92
207 124507.90
208 124380.83
209 123575.21
210 124470.95
211 123694.18
212 124325.99
213 123413.09
214 123567.82
215 125569.11
216 124453.07
217 124186.99
218 124554.87
219 123934.03
220 122967.96
221 125072.96
222 123488.19
223 123589.04
224 125519.99
225 124588.97
226 123697.04
227 123802.90
228 123497.96
229 124907.97
230 123353.00
231 124864.10
232 124241.11
233 125341.89
234 124317.88
235 125112.06
236 124804.97
237 124607.09
238 124313.12
239 123564.00
240 124223.95
241 124903.92
242 124001.98
243 124655.01
244 123095.99
245 125154.02
246 124092.82
247 123085.02
248 124669.08
249 124521.97
250 124486.92
251 124516.96
252 123548.98
253 124132.16
254 125271.80
255 123564.00
256 124361.04
257 124232.05
258 125190.02
259 124251.13
260 124802.11
261 123958.11
262 124263.05
263 124117.85
264 124650.00
265 124588.97
266 123930.93
267 123893.02
268 124696.02
269 123717.07
270 125506.88
271 124743.94
272 123945.95
273 125692.84
274 124083.04
275 124801.87
276 124763.97
277 124056.10
278 123631.95
279 124553.92
280 125317.10
281 124443.05
282 123561.14
283 124425.89
284 124149.80
285 124899.86
286 125666.86
287 125568.87
288 124764.92
289 123794.08
290 123955.01
291 124022.01
292 123870.13
293 124845.03
294 124010.09
295 124931.10
296 123296.02
297 123877.05
298 126518.01
299 125792.98
300 125895.02
301 126582.15
302 125161.17
303 125249.86
304 126324.89
305 126173.97
306 125246.05
307 126538.04
308 126234.05
309 124774.93
310 125183.11
311 126652.00
312 125933.17
313 125838.99
314 125843.05
315 125022.17
316 125843.05
317 125952.01
318 124089.96
319 123958.83
320 122820.14
321 122421.03
322 121766.09
323 122598.89
324 124085.90
325 124667.88
326 124868.15
327 124459.98
328 122960.09
329 123016.12
330 122067.93
331 121912.00
332 121800.90
333 121634.01
334 122437.95
335 121517.18
336 122242.93
337 122277.98
338 121286.87
339 121479.03
340 122238.16
341 121381.04
342 121282.10
343 121912.00
344 121310.95
345 121999.98
346 121685.03
347 122022.87
348 121109.01
349 122052.91
350 121102.09
351 122685.91
352 120877.98
353 121798.99
354 122514.01
355 121021.99
356 121475.93
357 121229.17
358 122148.04
359 121004.10
360 120996.95
361 121014.12
362 120890.14
363 120908.02
364 121140.00
365 120917.08
366 120912.08
367 121104.00
368 121118.07
369 120857.95
370 121034.86
371 120986.94
372 120835.07
373 121018.17
374 121349.81
375 120848.89
376 120882.03
377 120952.13
378 120974.06
379 120798.11
380 121188.16
381 120779.04
382 121191.02
383 120783.81
384 120839.12
385 121071.10
386 120798.83
387 121021.03
388 120897.05
389 120964.05
390 120875.84
391 121068.00
392 120759.96
393 120689.15
394 120924.00
395 121194.12
396 121132.14
397 120896.10
398 120824.81
399 120832.92
400 120940.92
401 120850.80
402 120888.23
403 120918.99
404 120868.21
405 121341.23
406 121013.16
407 120688.92
408 120977.16
409 120949.98
410 121016.98
411 120771.88
412 121140.96
413 120857.00
414 120953.08
415 120960.95
416 121056.08
417 120887.04
418 120912.08
419 120877.03
420 121023.18
421 120993.85
422 120827.91
423 120894.91
424 120793.10
425 120873.93
426 120962.14
427 120929.00
428 120761.16
429 121057.03
430 120981.93
431 121062.04
432 120830.06
433 120747.09
434 120898.01
435 121178.87
436 120779.99
437 120906.11
438 120913.98
439 120846.99
440 120795.01
441 120784.04
442 120810.03
443 120933.06
444 120831.97
445 120775.22
446 120737.08
447 121032.00
448 120874.88
449 121011.02
450 120940.21
451 121026.99
452 120952.13
453 121032.95
454 120973.83
455 120922.09
456 120799.06
457 120764.02
458 120778.08
459 120945.93
460 120880.13
461 121115.92
462 120980.98
463 120685.10
464 120858.91
465 120859.86
466 120802.88
467 120680.09
468 120880.13
469 120888.95
470 120934.01
471 120908.02
472 121005.77
473 120874.17
474 120785.00
475 120749.95
476 121062.04
477 121076.11
478 120833.87
479 121128.08
480 120703.94
481 120681.05
482 120947.12
483 120764.02
484 120827.91
485 120928.05
486 120982.89
487 120792.15
488 120661.97
489 121030.09
490 121083.97
491 120915.17
492 120796.92
493 120923.04
494 120950.22
495 121245.86
496 121108.06
497 121030.09
498 120861.05
499 121156.93
500 121245.15
501 120905.88
502 121176.00
503 120826.01
504 120857.95
505 120918.99
506 120962.14
507 120929.00
508 121006.97
509 120879.89
510 120970.96
511 120748.04
512 121076.11
513 120897.05
514 120842.22
515 120862.01
516 120760.92
517 120961.19
518 120807.89
519 120876.07
520 121123.08
521 121043.92
522 120722.06
523 120880.84
524 120780.94
525 120852.95
526 120869.87
527 120694.88
528 120673.18
529 120743.99
530 120920.18
531 121083.97
532 120829.11
533 120800.02
534 120640.99
535 121056.08
536 120906.11
537 120735.17
538 120889.90
539 120769.98
540 120728.97
541 120737.08
542 120620.01
543 120826.01
544 120867.97
545 120846.99
546 120666.98
547 120819.09
548 120911.84
549 121237.99
550 120891.09
551 121020.79
552 120929.96
553 121179.10
554 120997.19
555 120684.86
556 121352.91
557 121140.00
558 121001.96
559 120964.05
560 121510.03
561 121045.83
562 121572.97
563 120881.08
564 121346.95
565 120937.82
566 121726.04
567 120796.92
568 121437.07
569 120904.92
570 120734.93
571 121026.04
572 121415.14
573 120953.08
574 121401.07
575 121033.91
576 121282.10
577 120938.06
578 121376.99
579 121119.02
580 121351.00
581 121001.96
582 121377.94
583 121127.13
584 121209.86
585 120882.99
586 121389.15
587 121062.99
588 121350.05
589 121159.79
590 121272.09
591 121237.04
592 121350.05
593 120977.88
594 121421.81
595 121044.87
596 121500.97
597 121076.82
598 121330.98
599 120985.98
600 120779.04
601 120830.06
602 121366.02
603 121045.11
604 121334.08
605 120800.97
606 121279.00
607 120924.00
608 121507.88
609 120973.11
610 121407.99
611 120851.99
612 121519.09
613 120979.07
614 121368.89
615 120879.89
616 120729.92
617 120939.02
618 121447.09
619 121023.89
620 121421.81
621 121057.03
622 121299.03
623 121096.13
624 122061.97
625 121715.07
626 121416.09
627 121070.86
628 120856.05
629 122200.01
630 121783.97
631 120871.07
632 120949.98
633 120826.01
634 120953.08
635 120954.99
636 120930.91
637 120871.07
638 120906.11
639 120914.94
640 120960.95
641 120955.94
642 120960.00
643 120953.08
644 120959.04
645 120960.95
646 120965.00
647 120961.90
648 120949.03
649 120959.04
650 120950.22
651 120963.10
652 120959.04
653 120879.17
654 120960.95
655 120951.89
656 120958.09
657 120953.08
658 120914.22
659 120957.14
660 120934.96
661 120956.90
662 120951.89
663 120960.00
664 120954.04
665 120928.05
666 120949.03
667 120938.78
668 120963.81
669 120949.03
670 120933.06
671 120877.98
672 120929.00
673 120910.88
674 120940.92
675 120970.96
676 120960.95
677 120933.06
678 120926.86
679 120933.06
680 120968.10
681 120949.03
682 120937.11
683 120957.85
684 120951.18
685 120939.97
686 120952.13
687 120886.09
688 120960.00
689 120924.00
690 120965.96
691 121006.97
692 120973.11
693 120876.07
694 120971.20
695 120964.05
696 120980.02
697 120924.95
698 120942.12
699 120970.01
700 120949.98
701 120934.96
702 120960.95
703 120947.12
704 120959.04
705 120943.07
706 120962.14
707 120951.89
708 120949.03
709 120881.08
710 120960.00
711 120951.89
712 120965.96
713 120887.04
714 120862.01
715 120919.94
716 120965.96
717 120939.97
718 120912.08
719 120960.00
720 120811.94
721 120948.08
722 120953.08
723 120936.87
724 120957.14
725 120958.09
726 120960.95
727 120956.90
728 120929.96
729 120847.94
730 120929.00
731 120915.89
732 120946.88
733 120887.99
734 120953.08
735 120970.01
736 120971.20
737 120935.92
738 120928.05
739 120943.07
740 120950.94
741 120939.97
742 120872.97
743 120949.98
744 120918.99
745 120947.84
746 120919.94
747 120958.09
748 120956.90
749 120962.86
750 120949.98
751 120960.95
752 120875.12
753 120840.07
754 120917.08
755 120947.84
756 120965.00
757 120966.91
758 120924.00
759 120967.15
760 120941.88
761 120963.81
762 120949.98
763 120931.86
764 120951.89
765 120944.02
766 120954.99
767 120954.99
768 120966.20
769 120960.00
770 120975.02
771 120855.81
772 120952.13
773 120903.02
774 120954.04
775 120980.98
776 120970.96
777 120949.98
778 120874.88
779 120957.85
780 120994.81
781 120953.08
782 120910.17
783 120936.16
784 120934.01
785 120939.97
786 120940.92
787 120980.98
788 120944.02
789 120914.94
790 120946.88
791 120959.04
792 120945.93
793 120943.07
794 120917.08
795 120924.95
796 120942.12
797 120947.84
798 120905.16
799 120957.85
