800
0 121145.01
1 120973.83
2 121028.18
3 121047.97
4 121080.16
5 121051.07
6 121025.09
7 121048.21
8 121042.01
9 121037.96
10 121049.17
11 121049.17
12 121052.98
13 121052.98
14 121021.03
15 121080.16
16 121000.05
17 121064.90
18 121058.94
19 121059.89
20 121062.04
21 121058.94
22 121052.98
23 121060.85
24 121055.84
25 121067.05
26 121069.91
27 121066.09
28 120991.95
29 121024.85
30 121065.14
31 121042.01
32 121057.03
33 121069.91
34 121023.89
35 121068.95
36 120977.88
37 121045.83
38 121047.02
39 121049.88
40 121050.83
41 121046.07
42 121050.12
43 121088.98
44 121056.08
45 121015.07
46 121057.99
47 121062.99
48 121097.09
49 121059.89
50 121026.99
51 121067.05
52 121027.95
53 121063.95
54 121041.06
55 121072.05
56 121047.02
57 121072.05
58 121049.17
59 121117.12
60 121049.88
61 121022.22
62 121062.99
63 121048.21
64 121063.95
65 121045.11
66 121077.06
67 121026.99
68 121060.13
69 121049.88
70 121053.93
71 121071.10
72 121055.13
73 121034.15
74 120980.98
75 121036.05
76 121060.13
77 121086.12
78 120984.08
79 121008.87
80 121070.86
81 121058.94
82 121064.90
83 121042.97
84 121065.14
85 121051.07
86 121062.99
87 121051.07
88 121055.84
89 121047.97
90 121047.02
91 120970.01
92 120948.79
93 121058.94
94 121057.03
95 121061.09
96 120903.02
97 121017.22
98 121006.97
99 121062.99
100 121007.92
101 121035.10
102 120917.80
103 120859.86
104 121055.84
105 121238.95
106 121038.91
107 120913.98
108 120992.90
109 121125.94
110 120847.94
111 121102.09
112 121097.09
113 121068.95
114 121078.01
115 121377.23
116 120966.20
117 121047.97
118 121545.08
119 122350.93
120 120960.95
121 121095.18
122 121211.05
123 121017.93
124 120950.94
125 121018.89
126 121040.11
127 121239.90
128 121021.03
129 121371.98
130 121004.10
131 121085.88
132 120961.90
133 120976.92
134 120947.12
135 121103.05
136 122910.98
137 120919.94
138 120989.08
139 121448.04
140 121330.02
141 120981.22
142 121037.96
143 121070.15
144 121119.98
145 120998.14
146 120899.92
147 121117.12
148 123135.09
149 120871.07
150 121029.14
151 121184.83
152 121058.94
153 121418.00
154 120982.89
155 121064.90
156 121577.02
157 120873.93
158 121043.92
159 120979.07
160 120928.05
161 121085.88
162 121038.91
163 121428.01
164 120862.01
165 121704.10
166 120988.13
167 120962.86
168 120902.06
169 121530.06
170 121200.08
171 120910.17
172 121023.89
173 121383.19
174 120907.78
175 120975.97
176 122041.94
177 121011.02
178 120936.16
179 120974.06
180 121388.91
181 121230.13
182 120999.81
183 121042.97
184 120973.11
185 120922.80
186 121495.01
187 121747.97
188 121873.86
189 121055.13
190 121354.82
191 121358.87
192 121191.02
193 121850.01
194 121101.14
195 121084.93
196 120898.96
197 120859.86
198 121719.12
199 121346.00
200 121123.08
201 121024.13
202 121296.88
203 120815.99
204 121063.95
205 121130.94
206 120928.05
207 121767.04
208 121546.98
209 121348.14
210 121246.10
211 120859.15
212 120994.09
213 120990.04
214 121309.04
215 121435.17
216 122076.99
217 120854.14
218 121135.00
219 121801.14
220 121129.99
221 121116.88
222 121730.09
223 120990.04
224 121431.11
225 121059.89
226 121304.99
227 121244.19
228 121423.01
229 121473.07
230 120978.83
231 120857.00
232 121274.95
233 122204.07
234 120997.91
235 120962.14
236 121212.96
237 121196.03
238 121141.91
239 121096.13
240 121073.96
241 122450.11
242 121456.86
243 121207.95
244 121394.16
245 120903.97
246 120941.16
247 120836.02
248 121006.97
249 121056.08
250 120898.96
251 120970.96
252 120788.10
253 121447.80
254 121163.13
255 121557.95
256 121149.06
257 121315.00
258 121638.06
259 121791.84
260 121748.92
261 121563.20
262 121445.89
263 121493.82
264 120815.99
265 120961.19
266 121864.08
267 120939.97
268 120872.02
269 121637.11
270 120908.02
271 121607.07
272 121860.98
273 120974.06
274 120949.98
275 120877.03
276 120955.94
277 121369.12
278 120872.02
279 120954.04
280 121119.02
281 121161.94
282 120868.92
283 120753.77
284 121165.99
285 121014.12
286 121028.90
287 122293.95
288 121496.92
289 121412.99
290 121280.91
291 121327.88
292 121108.06
293 121819.97
294 121113.06
295 120953.80
296 121081.11
297 121438.98
298 121024.13
299 122473.00
300 121422.05
301 121438.98
302 121340.99
303 121464.01
304 121350.05
305 121353.15
306 121614.22
307 121176.00
308 121460.91
309 121285.92
310 121019.84
311 121570.11
312 121367.93
313 121173.86
314 120963.10
315 120916.13
316 120831.01
317 120963.81
318 120905.88
319 121460.91
320 121140.96
321 121878.15
322 121110.92
323 121013.88
324 120922.09
325 120977.88
326 121004.10
327 121024.13
328 121062.04
329 121477.13
330 121607.07
331 120814.80
332 120873.93
333 121145.96
334 120877.98
335 121212.96
336 120862.96
337 121797.08
338 120960.00
339 120827.91
340 121309.04
341 121138.10
342 120877.98
343 121557.00
344 121065.14
345 121013.88
346 121161.94
347 121202.95
348 121017.93
349 121472.12
350 121079.92
351 121553.90
352 120963.10
353 121521.95
354 121444.94
355 121349.10
356 121280.91
357 120764.97
358 121787.07
359 120913.98
360 120876.79
361 121149.06
362 120920.90
363 120962.86
364 120815.04
365 120871.07
366 121025.09
367 121305.94
368 120843.89
369 121083.97
370 120929.00
371 120742.80
372 120996.95
373 121408.22
374 121201.04
375 121093.99
376 120865.11
377 120930.19
378 120848.89
379 120924.00
380 121170.04
381 120818.14
382 120985.98
383 120938.06
384 121040.82
385 120970.96
386 120982.89
387 121015.07
388 121675.01
389 121211.05
390 121398.93
391 120855.09
392 121085.88
393 120764.97
394 120867.01
395 120901.11
396 120867.97
397 120951.18
398 121021.99
399 120913.98
400 120990.99
401 121049.17
402 120820.05
403 121452.09
404 121562.00
405 120948.08
406 120945.93
407 120846.03
408 120819.09
409 120887.04
410 120810.99
411 120832.20
412 120898.01
413 121001.01
414 121178.87
415 121835.95
416 120956.18
417 121662.86
418 121362.92
419 121294.02
420 120803.83
421 120929.96
422 121093.03
423 120836.97
424 120929.96
425 121008.16
426 120906.11
427 121139.05
428 121495.01
429 120741.84
430 121340.99
431 121087.07
432 121229.17
433 121097.09
434 120803.12
435 121037.96
436 120974.06
437 120982.89
438 120954.04
439 121191.02
440 121172.90
441 121379.85
442 121047.97
443 121298.07
444 121005.06
445 120956.18
446 120939.97
447 121053.93
448 121514.80
449 120924.00
450 120810.03
451 120762.11
452 121164.08
453 121146.92
454 121129.04
455 120758.06
456 120730.16
457 121185.06
458 121284.01
459 121001.01
460 120906.83
461 121172.90
462 121187.93
463 121610.88
464 121484.04
465 121276.86
466 120952.84
467 121132.14
468 121174.10
469 121097.09
470 121680.97
471 120817.90
472 121445.89
473 121464.97
474 121313.81
475 121504.07
476 121212.01
477 121129.99
478 121595.14
479 121288.06
480 121380.09
481 121293.07
482 121460.20
483 121084.93
484 121134.04
485 121101.14
486 120955.94
487 121507.88
488 120831.01
489 120802.88
490 121125.94
491 121078.01
492 121227.98
493 121384.14
494 121165.99
495 121334.08
496 121190.07
497 121237.04
498 122037.89
499 121146.92
500 121093.99
501 121121.88
502 121037.96
503 120798.11
504 121307.13
505 121092.08
506 121237.99
507 121215.82
508 121195.08
509 120768.07
510 121361.02
511 121315.00
512 121427.06
513 121391.06
514 121443.03
515 121273.04
516 121078.97
517 121185.06
518 121365.07
519 121427.06
520 121630.91
521 120852.95
522 121369.12
523 121476.89
524 121493.10
525 120869.87
526 121420.15
527 121081.11
528 121235.85
529 121014.12
530 121073.01
531 121519.09
532 121203.18
533 121339.08
534 120988.13
535 121219.16
536 121464.01
537 121356.01
538 121450.90
539 121134.04
540 121052.98
541 121304.99
542 121810.91
543 121048.93
544 121198.18
545 121486.19
546 122017.86
547 121078.97
548 121492.86
549 121219.87
550 121704.10
551 121828.08
552 121301.17
553 120835.07
554 121464.01
555 121330.02
556 120962.14
557 121494.05
558 121266.84
559 120924.95
560 121358.16
561 121271.85
562 121062.04
563 121125.94
564 120806.93
565 121034.86
566 121376.99
567 121282.10
568 120827.91
569 121589.18
570 121016.98
571 121413.95
572 121249.91
573 121205.81
574 121295.93
575 121512.89
576 121126.89
577 120934.01
578 121334.08
579 121116.88
580 121096.85
581 120893.00
582 121300.22
583 121055.13
584 121678.83
585 121319.06
586 121481.18
587 121095.18
588 121238.95
589 120918.99
590 121150.02
591 121189.12
592 121140.00
593 121496.92
594 121195.79
595 121161.94
596 121304.99
597 121351.96
598 121418.95
599 121113.06
600 121412.04
601 121250.87
602 121438.98
603 121292.83
604 121634.96
605 121546.03
606 121432.07
607 121119.98
608 121370.08
609 121060.85
610 121566.06
611 121637.11
612 121587.99
613 122038.84
614 121500.97
615 121102.81
616 121617.79
617 121296.17
618 121012.93
619 120653.87
620 121597.05
621 121235.85
622 121567.96
623 121141.91
624 121338.84
625 121569.16
626 121186.97
627 121246.81
628 120918.04
629 121351.00
630 121186.02
631 121415.85
632 121279.00
633 121717.93
634 121248.96
635 121460.91
636 121368.89
637 120845.08
638 121278.05
639 120949.03
640 120941.88
641 121226.79
642 121035.10
643 121446.85
644 121061.80
645 121219.87
646 121114.97
647 121202.95
648 120892.05
649 121037.01
650 120985.03
651 121474.03
652 121010.07
653 121279.00
654 120950.94
655 121481.18
656 121244.91
657 120756.86
658 121565.10
659 121109.01
660 121469.97
661 121095.18
662 120949.03
663 120824.10
664 121253.97
665 121177.91
666 121030.09
667 121430.87
668 121236.09
669 121016.03
670 121267.08
671 121267.08
672 121566.06
673 121742.01
674 121119.98
675 121216.06
676 121185.06
677 120970.96
678 121366.02
679 121103.05
680 121533.87
681 121107.82
682 120848.18
683 120836.97
684 121100.90
685 121170.04
686 120908.98
687 121500.97
688 121083.02
689 121444.94
690 121514.08
691 121261.84
692 121573.21
693 121591.81
694 121488.81
695 121133.09
696 121787.07
697 121153.12
698 120944.02
699 121374.13
700 121373.89
701 121555.09
702 121258.02
703 120940.21
704 121419.91
705 121318.82
706 120984.08
707 121457.10
708 121171.95
709 121320.96
710 120968.10
711 121108.06
712 120928.05
713 121293.07
714 120974.06
715 120700.12
716 120915.89
717 120980.98
718 120878.93
719 120805.98
720 121062.04
721 120821.95
722 120769.98
723 120981.22
724 121093.99
725 121197.22
726 121217.97
727 121124.03
728 120946.17
729 120754.96
730 120692.01
731 120860.82
732 120823.14
733 120939.97
734 120838.88
735 120891.09
736 120743.99
737 120801.93
738 120825.05
739 120812.18
740 121221.78
741 121185.06
742 120960.95
743 120872.02
744 121030.09
745 121073.96
746 120790.00
747 120818.14
748 120894.19
749 120857.95
750 121164.08
751 121006.97
752 120877.03
753 121011.02
754 120799.06
755 120823.14
756 120960.95
757 121231.08
758 120895.86
759 120666.98
760 121174.10
761 121128.08
762 121123.08
763 121071.82
764 121078.97
765 121093.99
766 121093.99
767 121108.77
768 121108.06
769 121124.98
770 121057.99
771 121062.99
772 121114.97
773 121135.95
774 121061.09
775 121130.94
776 121114.97
777 121051.07
778 121031.05
779 121127.13
780 121104.00
781 121064.90
782 121114.02
783 121073.96
784 121120.93
785 121140.96
786 121042.01
787 121070.15
788 121115.92
789 121099.95
790 121126.89
791 121119.98
792 121050.12
793 121099.95
794 121124.03
795 121068.00
796 121067.05
797 121110.92
798 121116.16
799 121072.05
