800
0 121265.89
1 121032.95
2 120908.02
3 121049.88
4 121021.03
5 121068.95
6 121068.00
7 121064.19
8 121032.95
9 121062.04
10 121039.87
11 120990.04
12 121044.16
13 121031.05
14 121108.77
15 121073.01
16 121041.06
17 121064.90
18 120985.03
19 121013.88
20 121067.05
21 121069.19
22 121024.85
23 121072.05
24 121047.02
25 121042.01
26 121052.98
27 121040.11
28 121060.13
29 121048.93
30 121068.00
31 121073.01
32 121073.01
33 121042.01
34 121047.97
35 121053.93
36 121052.98
37 121061.09
38 120984.08
39 121063.95
40 121072.05
41 121067.05
42 121088.98
43 121067.05
44 121016.98
45 121068.95
46 121066.09
47 121039.87
48 121049.88
49 121054.89
50 121054.17
51 121061.09
52 121054.17
53 121057.03
54 121057.03
55 120980.02
56 121063.95
57 121059.89
58 120962.14
59 121063.95
60 121052.98
61 121068.00
62 121022.94
63 121040.11
64 120985.98
65 121049.88
66 121035.10
67 121057.03
68 121042.97
69 121066.09
70 121053.22
71 121068.00
72 121060.85
73 121005.06
74 121067.05
75 121109.96
76 121083.97
77 121011.02
78 120985.98
79 121068.95
80 121039.15
81 120975.02
82 121023.89
83 121062.04
84 121046.07
85 121059.89
86 121052.98
87 121067.05
88 121057.99
89 121064.19
90 121051.07
91 121059.89
92 121055.13
93 121074.91
94 121074.91
95 121052.98
96 121031.05
97 121047.97
98 121078.97
99 120934.01
100 121119.98
101 120985.98
102 121668.10
103 121123.08
104 121985.20
105 121135.00
106 122967.00
107 121439.93
108 121705.77
109 121144.06
110 123343.94
111 122379.06
112 122640.13
113 122265.10
114 122958.90
115 124603.99
116 122888.09
117 122786.05
118 123610.97
119 123499.16
120 125014.07
121 122540.95
122 124192.00
123 123254.06
124 122846.13
125 122585.06
126 122655.15
127 123505.12
128 122868.06
129 122766.97
130 123583.79
131 123668.91
132 123682.98
133 123585.94
134 122770.07
135 122912.17
136 122956.04
137 122841.12
138 122838.02
139 125427.96
140 124725.10
141 123901.13
142 123239.04
143 122076.03
144 123822.93
145 123511.08
146 123502.97
147 123812.20
148 122909.07
149 123846.05
150 122740.03
151 124642.13
152 123573.06
153 123684.88
154 122823.95
155 122864.96
156 123618.13
157 123455.05
158 122837.07
159 122904.06
160 123723.98
161 122815.13
162 123384.00
163 123477.94
164 123642.92
165 124464.99
166 123476.03
167 124913.93
168 123358.96
169 123867.99
170 123243.09
171 123399.97
172 124248.98
173 123314.86
174 124205.11
175 124172.93
176 124058.96
177 123295.07
178 122465.13
179 126091.00
180 122417.93
181 124808.07
182 123937.85
183 123239.04
184 123493.91
185 124113.08
186 123439.07
187 123399.97
188 125025.99
189 124115.94
190 123234.03
191 122600.08
192 123562.81
193 122691.15
194 124875.07
195 122723.82
196 122524.98
197 122754.81
198 122638.94
199 124292.14
200 124238.01
201 122617.96
202 123521.09
203 122645.85
204 123391.87
205 122761.01
206 124367.00
207 122505.90
208 123802.90
209 122941.02
210 124031.07
211 122205.97
212 123952.15
213 123926.16
214 123772.86
215 123883.96
216 124635.93
217 123010.87
218 122853.99
219 125633.00
220 122961.04
221 122236.97
222 124681.95
223 123139.14
224 124063.01
225 122354.98
226 122303.01
227 123131.99
228 123354.20
229 124736.07
230 122889.04
231 124709.13
232 122785.09
233 123764.99
234 122987.99
235 122612.95
236 123217.11
237 123919.01
238 123029.95
239 122892.14
240 122079.13
241 124582.05
242 122859.00
243 122032.88
244 124668.12
245 122374.06
246 122977.97
247 122133.02
248 122661.83
249 123390.91
250 122581.01
251 122760.06
252 123485.09
253 123813.15
254 123106.96
255 122818.95
256 123840.81
257 124326.94
258 123068.09
259 123853.21
260 122990.13
261 123165.85
262 122178.08
263 124436.14
264 124273.06
265 122703.08
266 122913.12
267 123075.01
268 122987.99
269 122778.89
270 122788.91
271 122211.93
272 123438.12
273 123487.95
274 123522.04
275 122819.90
276 123457.91
277 123346.09
278 123384.95
279 122347.12
280 122558.12
281 124611.85
282 123003.01
283 123358.01
284 123193.98
285 124115.94
286 122399.81
287 124624.97
288 123744.01
289 123023.03
290 122168.06
291 123029.95
292 123840.81
293 123932.84
294 122276.07
295 124775.17
296 123975.04
297 122962.00
298 122765.06
299 123494.15
300 124216.08
301 123478.89
302 125110.15
303 124067.07
304 123380.90
305 122476.10
306 122406.01
307 122310.88
308 122988.22
309 122404.10
310 124145.98
311 123759.03
312 122721.91
313 125186.92
314 124331.00
315 124490.98
316 122668.03
317 122747.90
318 125166.18
319 122816.09
320 123738.05
321 122835.87
322 124312.16
323 123677.97
324 122937.92
325 123538.02
326 121893.17
327 122012.14
328 121140.00
329 122761.96
330 121110.92
331 121149.06
332 121078.01
333 121464.01
334 121398.93
335 122187.14
336 122150.90
337 121829.03
338 121763.94
339 123105.05
340 121585.13
341 121470.93
342 121422.05
343 123102.90
344 121476.17
345 123034.00
346 123646.02
347 122811.08
348 122063.88
349 122951.03
350 121133.09
351 121279.00
352 120960.95
353 121118.07
354 122684.00
355 121520.04
356 122437.00
357 121847.87
358 122797.97
359 122241.02
360 120930.91
361 121052.98
362 121175.05
363 121241.09
364 121047.97
365 121017.22
366 121270.90
367 121042.97
368 121045.11
369 120975.97
370 120910.17
371 121223.93
372 120950.94
373 121041.06
374 121121.88
375 121163.85
376 121282.10
377 120943.07
378 121063.95
379 120864.15
380 121089.94
381 120986.94
382 121040.11
383 121082.07
384 121052.03
385 121113.06
386 121064.90
387 121045.11
388 120870.83
389 120938.06
390 120835.07
391 121191.02
392 120661.02
393 120844.13
394 121059.89
395 120802.16
396 120903.97
397 120830.77
398 121094.94
399 121138.10
400 121145.01
401 120927.10
402 121062.99
403 120826.01
404 120713.00
405 120898.01
406 120815.04
407 121268.99
408 120774.98
409 120996.95
410 121026.04
411 120877.98
412 120834.11
413 120975.97
414 121055.13
415 120934.96
416 120881.08
417 120960.95
418 120876.07
419 120856.05
420 120826.96
421 121011.02
422 120939.02
423 121002.91
424 121021.03
425 120853.90
426 121069.19
427 121140.96
428 120711.80
429 121074.20
430 120933.06
431 120783.81
432 120956.18
433 121035.10
434 121135.95
435 121109.01
436 121181.96
437 120953.08
438 121029.14
439 120847.94
440 120903.02
441 121055.84
442 121079.21
443 121015.07
444 120877.98
445 120954.99
446 120843.17
447 121017.93
448 121134.04
449 121164.80
450 121021.03
451 121126.89
452 120853.90
453 120795.01
454 120872.97
455 121024.13
456 121165.04
457 120924.23
458 121140.96
459 120840.07
460 120961.90
461 120893.00
462 120956.90
463 121060.13
464 120770.93
465 121450.90
466 121102.09
467 120863.91
468 121017.22
469 120879.17
470 120929.00
471 121092.08
472 120871.07
473 120949.98
474 121084.93
475 120903.97
476 120858.91
477 120885.13
478 120836.02
479 120826.01
480 121062.99
481 121026.99
482 121180.06
483 120883.94
484 121083.02
485 120987.18
486 121078.97
487 121159.08
488 121040.82
489 120951.89
490 120961.19
491 120928.05
492 120851.04
493 120980.98
494 120946.17
495 120994.09
496 120858.91
497 120847.23
498 120713.00
499 120998.86
500 120762.11
501 120999.10
502 121013.16
503 121021.99
504 120850.09
505 120860.10
506 120833.16
507 121037.01
508 120792.87
509 120821.95
510 121006.01
511 121235.13
512 120972.87
513 120743.99
514 120939.97
515 120876.07
516 120784.04
517 121193.17
518 121181.01
519 121163.13
520 121005.06
521 121004.10
522 120834.83
523 120767.12
524 120892.05
525 120837.93
526 120915.17
527 121073.01
528 121078.01
529 121133.09
530 121078.01
531 120780.94
532 120841.03
533 121179.10
534 120934.96
535 121016.03
536 120969.06
537 120984.08
538 120836.02
539 121109.01
540 121025.09
541 121060.13
542 121049.88
543 120988.85
544 120903.97
545 121093.03
546 120888.95
547 120898.96
548 121003.87
549 121155.02
550 120887.04
551 121055.13
552 120655.06
553 120826.96
554 120791.91
555 121297.84
556 121014.12
557 121212.96
558 120952.13
559 120751.14
560 120895.15
561 121165.99
562 120989.08
563 121007.92
564 120930.91
565 121032.00
566 120830.06
567 120803.12
568 120855.09
569 121158.84
570 120783.09
571 120846.03
572 120939.02
573 120923.04
574 121196.99
575 120947.84
576 121039.87
577 121016.98
578 121253.97
579 120864.87
580 120817.90
581 120917.08
582 121166.94
583 121093.03
584 121000.05
585 120801.93
586 120831.01
587 120793.10
588 120749.00
589 121011.97
590 120741.84
591 120899.92
592 121039.87
593 120833.16
594 121235.13
595 120809.08
596 120890.14
597 121263.98
598 120775.22
599 120879.17
600 121097.09
601 121016.98
602 121212.96
603 121044.87
604 121057.99
605 121038.91
606 120790.00
607 120929.96
608 120852.95
609 120980.02
610 121055.84
611 120954.99
612 120920.90
613 121062.04
614 121006.01
615 121217.01
616 120996.00
617 121094.94
618 121270.90
619 121118.07
620 121162.89
621 121135.00
622 121361.02
623 120896.10
624 121011.02
625 121119.98
626 121057.99
627 120862.01
628 120939.02
629 120858.91
630 121072.05
631 121199.13
632 121001.01
633 120980.98
634 121136.90
635 121129.04
636 121135.95
637 121124.98
638 121145.96
639 121088.03
640 121138.81
641 121138.10
642 121068.00
643 121144.06
644 121069.91
645 121104.00
646 121142.86
647 121126.89
648 121145.96
649 121155.02
650 121140.96
651 121141.91
652 121113.06
653 121140.00
654 121121.17
655 121145.01
656 121129.99
657 121144.06
658 121133.09
659 121096.13
660 121140.00
661 121152.88
662 121104.00
663 121082.07
664 121119.98
665 121112.11
666 121143.10
667 121122.12
668 121094.94
669 121043.92
670 121129.99
671 121104.00
672 121137.86
673 121132.14
674 121115.92
675 121127.84
676 121124.03
677 121135.00
678 121125.94
679 121093.99
680 121132.85
681 121141.20
682 121137.14
683 121135.00
684 121063.95
685 121127.13
686 121135.95
687 121137.14
688 121140.96
689 121139.05
690 121143.10
691 121139.05
692 121144.06
693 121147.16
694 121148.11
695 121114.02
696 121116.88
697 121124.98
698 121126.89
699 121088.03
700 121165.99
701 121128.08
702 121138.10
703 121130.94
704 121139.05
705 121139.05
706 121140.00
707 121129.99
708 121210.81
709 121062.99
710 121112.11
711 121148.11
712 121151.92
713 121103.05
714 121121.88
715 121117.83
716 121130.94
717 121136.90
718 121132.14
719 121084.93
720 121133.09
721 121134.04
722 121133.80
723 121199.13
724 121080.16
725 120975.97
726 121143.10
727 121133.09
728 121120.93
729 121120.93
730 121129.04
731 121145.01
732 121136.90
733 121145.01
734 121131.90
735 121170.04
736 121133.80
737 121145.01
738 121139.05
739 121100.90
740 121143.82
741 121138.10
742 121129.04
743 121140.96
744 121129.04
745 121155.02
746 121127.13
747 121144.06
748 121130.94
749 120979.07
750 121132.14
751 121124.03
752 121140.96
753 121145.96
754 121113.06
755 121140.96
756 121114.02
757 121134.04
758 121129.04
759 121100.90
760 121124.03
761 121120.21
762 121134.04
763 121130.94
764 121124.98
765 121097.80
766 121123.08
767 121015.07
768 121165.04
769 121053.93
770 121129.04
771 121138.81
772 121132.85
773 121143.10
774 121139.05
775 121149.06
776 121142.15
777 121088.03
778 121109.96
779 121154.07
780 121138.10
781 121127.13
782 121122.12
783 121114.97
784 121125.94
785 121145.96
786 121131.18
787 121134.04
788 121129.99
789 121067.05
790 121127.13
791 121099.95
792 121130.94
793 121183.16
794 121141.91
795 121062.99
796 121137.86
797 121147.16
798 121123.79
799 121097.09
