800
0 121285.92
1 121133.09
2 121139.05
3 121031.05
4 121093.03
5 121119.98
6 121122.12
7 121105.91
8 121104.96
9 121078.97
10 121119.02
11 121120.93
12 121111.15
13 121120.93
14 121101.86
15 121111.87
16 121105.91
17 121103.05
18 121136.19
19 121104.96
20 121114.02
21 121019.12
22 121007.92
23 121066.09
24 121079.21
25 121121.17
26 121117.12
27 121028.18
28 121104.00
29 121106.15
30 121131.90
31 121105.91
32 121044.87
33 121104.00
34 121124.98
35 121101.86
36 121102.09
37 121102.09
38 121099.95
39 121103.05
40 121133.09
41 121106.86
42 121124.03
43 121046.07
44 121128.08
45 121104.00
46 121063.95
47 121119.02
48 121119.02
49 121080.16
50 121093.03
51 121119.98
52 121109.96
53 121111.87
54 121113.06
55 121106.86
56 121141.91
57 121105.19
58 121120.93
59 121092.08
60 121106.15
61 121098.04
62 121100.90
63 121038.91
64 121104.96
65 121109.96
66 121072.05
67 121126.89
68 121097.09
69 121110.92
70 121103.05
71 121070.15
72 121080.88
73 121104.00
74 121104.00
75 121104.96
76 121103.05
77 121190.07
78 121140.96
79 121082.07
80 121121.17
81 121088.03
82 121107.82
83 121102.09
84 121099.00
85 121113.06
86 121099.00
87 121104.00
88 121149.06
89 121124.98
90 121119.98
91 121107.82
92 121106.86
93 121104.00
94 121127.13
95 121067.05
96 120966.91
97 121063.95
98 121012.93
99 121113.78
100 121068.00
101 121155.98
102 121432.07
103 120943.07
104 121011.02
105 120896.10
106 121257.07
107 121007.92
108 121766.09
109 121001.96
110 123510.12
111 121855.02
112 124168.87
113 123334.88
114 124755.86
115 126017.09
116 125281.10
117 123567.10
118 124459.98
119 126384.97
120 126334.91
121 129051.92
122 129771.95
123 125705.00
124 128032.92
125 128937.96
126 125720.02
127 125017.88
128 124108.08
129 123597.86
130 125334.02
131 126317.02
132 126379.01
133 126562.12
134 127489.81
135 126762.87
136 128386.02
137 125283.00
138 127554.89
139 126014.95
140 124332.90
141 128984.93
142 125873.80
143 126591.92
144 126784.80
145 127600.91
146 125232.93
147 125947.00
148 127697.94
149 125389.10
150 126312.97
151 126142.98
152 126260.04
153 127057.08
154 127038.96
155 126288.89
156 126314.88
157 125633.00
158 126405.00
159 124746.08
160 125736.95
161 124971.87
162 125773.91
163 123320.10
164 124995.95
165 125898.12
166 126021.15
167 124303.82
168 125274.90
169 124326.94
170 126911.16
171 126116.04
172 125402.93
173 127007.01
174 124601.13
175 124480.96
176 126175.17
177 125453.95
178 125697.14
179 125611.07
180 125683.78
181 123896.84
182 124870.06
183 125804.90
184 123343.94
185 124186.99
186 124995.95
187 123342.99
188 124403.95
189 125156.16
190 125161.89
191 126092.91
192 125297.07
193 125401.97
194 125259.88
195 124590.87
196 124648.81
197 125395.06
198 124663.83
199 126352.79
200 124799.01
201 124877.93
202 128021.00
203 125746.01
204 124906.06
205 124221.09
206 125830.89
207 125906.94
208 124135.02
209 124940.16
210 125916.00
211 124885.08
212 124051.81
213 124230.15
214 125679.97
215 124202.97
216 124135.97
217 125862.84
218 126697.78
219 124226.81
220 125988.96
221 125858.07
222 125036.00
223 123517.04
224 124348.88
225 125275.14
226 125396.97
227 123926.16
228 124835.01
229 124680.04
230 124063.01
231 126685.14
232 125610.83
233 124861.00
234 124896.05
235 124775.17
236 124237.06
237 124402.05
238 125228.17
239 125194.79
240 126098.87
241 125310.90
242 123650.79
243 124480.01
244 125535.96
245 124341.01
246 123790.03
247 124616.15
248 125505.92
249 124957.08
250 125036.95
251 124392.99
252 123791.93
253 125660.90
254 124695.06
255 123222.11
256 123452.19
257 124490.02
258 124907.02
259 124979.02
260 126013.99
261 125109.91
262 125041.01
263 124543.19
264 125140.91
265 125071.05
266 124629.97
267 125221.97
268 125324.01
269 125339.03
270 124029.16
271 125553.85
272 124018.19
273 125857.83
274 125654.22
275 125711.92
276 125691.18
277 125189.07
278 125984.91
279 124493.12
280 126851.80
281 124553.92
282 124427.08
283 124739.89
284 125570.77
285 125535.01
286 124888.18
287 125643.01
288 124774.93
289 124329.81
290 124944.93
291 125665.90
292 125003.81
293 125483.99
294 127261.16
295 126383.07
296 125525.00
297 124937.06
298 124780.89
299 126377.11
300 124828.10
301 124830.01
302 124898.91
303 125053.88
304 124232.05
305 125141.14
306 124430.89
307 125463.96
308 125747.20
309 124871.02
310 125124.93
311 124788.05
312 123795.03
313 125603.91
314 123943.09
315 124852.18
316 123358.96
317 126065.97
318 123888.97
319 127182.96
320 124023.91
321 124976.87
322 124173.88
323 124962.09
324 125305.89
325 125245.09
326 124602.08
327 124793.05
328 123080.02
329 122245.07
330 123959.78
331 123487.00
332 123545.89
333 123492.00
334 123586.18
335 124513.86
336 121074.91
337 121254.92
338 121530.77
339 121491.91
340 122154.00
341 121413.95
342 121191.02
343 122060.06
344 120882.03
345 122236.97
346 121639.97
347 121574.16
348 121552.94
349 123196.13
350 121399.16
351 121353.15
352 122140.88
353 121999.98
354 121331.93
355 121731.04
356 121904.85
357 121757.98
358 121702.91
359 120818.85
360 120841.03
361 120930.91
362 120783.09
363 120729.92
364 121091.84
365 120862.01
366 120764.02
367 121218.92
368 120720.15
369 120754.00
370 121185.06
371 120944.98
372 121150.02
373 120885.13
374 120833.16
375 121158.12
376 121085.88
377 121039.15
378 121096.13
379 120901.82
380 121073.96
381 120923.04
382 120708.94
383 120984.08
384 121387.96
385 121093.99
386 120961.90
387 120609.05
388 120787.14
389 121096.13
390 120925.19
391 120958.09
392 120873.93
393 120992.90
394 120944.98
395 120822.91
396 120938.06
397 120858.91
398 120792.15
399 120968.82
400 120792.87
401 120747.09
402 120920.18
403 121055.84
404 120925.90
405 121105.91
406 120930.91
407 120990.04
408 121045.11
409 121249.20
410 121095.90
411 121242.05
412 120962.14
413 121082.07
414 121001.01
415 121011.02
416 121034.15
417 121057.03
418 121076.82
419 120927.10
420 120743.04
421 121327.16
422 121120.93
423 120854.85
424 120755.91
425 120751.86
426 121181.96
427 121030.09
428 121279.00
429 121223.93
430 120963.81
431 120959.04
432 120940.21
433 120982.89
434 120870.11
435 121099.95
436 120876.07
437 121150.97
438 120857.00
439 121296.88
440 121022.94
441 120997.91
442 120979.07
443 120861.05
444 120933.06
445 121218.20
446 121016.03
447 120941.16
448 121070.15
449 121135.95
450 120752.10
451 121218.92
452 121095.90
453 120914.94
454 121114.02
455 121056.08
456 120886.09
457 121298.07
458 120952.13
459 121063.95
460 121032.00
461 120847.23
462 120888.95
463 121026.04
464 120918.99
465 121027.95
466 121207.95
467 121112.11
468 120841.98
469 121057.03
470 121035.81
471 120899.92
472 120788.10
473 120982.89
474 121190.07
475 120753.05
476 121114.97
477 120958.09
478 121302.84
479 121047.02
480 121129.04
481 121223.93
482 120800.97
483 120999.10
484 120933.06
485 120815.99
486 120986.94
487 120877.03
488 121016.03
489 121258.97
490 120911.12
491 121001.96
492 121040.11
493 120990.99
494 120790.00
495 120959.04
496 120900.15
497 121037.01
498 120873.93
499 121221.07
500 120923.04
501 121151.92
502 120970.96
503 121261.12
504 120863.91
505 120920.90
506 120996.00
507 120829.11
508 120913.98
509 121011.97
510 120961.90
511 120871.07
512 120898.01
513 121238.95
514 120831.97
515 120738.03
516 121095.90
517 120939.97
518 120965.96
519 120825.05
520 121016.03
521 120800.02
522 121030.81
523 120837.93
524 121073.01
525 121226.07
526 120862.01
527 121006.97
528 120944.02
529 121119.98
530 120743.04
531 120993.14
532 120963.10
533 121060.13
534 121073.01
535 121036.05
536 121124.03
537 120943.07
538 121066.81
539 121078.01
540 121040.11
541 121027.95
542 121228.93
543 121042.01
544 121006.97
545 120926.14
546 120753.05
547 121125.94
548 120914.94
549 120722.06
550 120903.97
551 121075.87
552 120859.15
553 121314.05
554 120893.96
555 121149.06
556 120835.07
557 120873.93
558 120983.12
559 120999.10
560 120887.04
561 120938.06
562 121011.02
563 121131.90
564 120903.02
565 121386.05
566 120823.14
567 120900.15
568 121088.98
569 120953.08
570 121057.03
571 120947.12
572 121068.95
573 121053.93
574 120992.90
575 121227.03
576 120761.87
577 121211.05
578 120721.10
579 120687.96
580 120927.81
581 121110.92
582 121045.83
583 120781.90
584 121235.85
585 120810.03
586 121023.89
587 120795.97
588 120857.00
589 120851.04
590 121024.13
591 121080.88
592 120904.92
593 121044.87
594 120975.02
595 121050.12
596 120965.00
597 120974.06
598 120984.79
599 120765.92
600 121133.09
601 120990.04
602 120787.14
603 120958.81
604 121095.90
605 120918.04
606 121070.15
607 121146.92
608 121066.09
609 121268.03
610 121088.98
611 120931.15
612 120839.83
613 120813.85
614 120712.04
615 120839.12
616 120805.03
617 120775.94
618 120773.08
619 120872.02
620 120927.10
621 120936.87
622 120831.97
623 120933.06
624 120892.05
625 121045.83
626 120738.98
627 121164.08
628 120930.91
629 121061.80
630 121043.92
631 120952.13
632 121264.93
633 121039.87
634 121004.10
635 121047.02
636 121063.95
637 121021.99
638 121055.13
639 121037.96
640 121042.97
641 121047.02
642 121083.97
643 121047.02
644 121037.96
645 121047.02
646 121043.92
647 121032.95
648 121042.97
649 121067.05
650 120988.13
651 121053.93
652 121028.18
653 121057.99
654 121064.90
655 121045.83
656 121054.89
657 121099.00
658 121044.87
659 121067.05
660 121061.09
661 121053.93
662 121050.12
663 121037.01
664 121051.07
665 121052.03
666 121043.92
667 121042.97
668 121078.01
669 121083.97
670 120918.04
671 121063.95
672 121015.07
673 121053.93
674 121057.99
675 121045.83
676 121047.02
677 121045.11
678 121040.11
679 121052.03
680 121061.09
681 121011.02
682 121048.93
683 121021.99
684 121041.06
685 121027.95
686 121063.23
687 121042.01
688 121054.89
689 121045.83
690 121105.91
691 121040.82
692 121015.07
693 121047.97
694 121062.99
695 121053.93
696 121083.97
697 121047.97
698 121032.00
699 121051.07
700 121067.05
701 121057.03
702 121068.00
703 121047.97
704 121052.98
705 120954.99
706 121018.89
707 121078.01
708 121032.95
709 121061.09
710 120997.19
711 121045.83
712 121062.04
713 121047.97
714 121051.07
715 121049.88
716 121044.87
717 121054.89
718 121059.89
719 121021.03
720 121059.89
721 121176.00
722 121047.02
723 120980.98
724 121048.93
725 121051.07
726 121021.99
727 121024.85
728 121053.93
729 121083.02
730 120979.07
731 121062.04
732 121017.93
733 121048.93
734 121051.07
735 121054.89
736 120972.87
737 121048.93
738 121049.88
739 121056.08
740 121099.00
741 121047.97
742 121019.12
743 121050.12
744 121039.15
745 121006.01
746 121057.99
747 121033.91
748 121047.02
749 121061.09
750 121025.80
751 121048.93
752 121014.83
753 121043.92
754 121062.99
755 121049.88
756 121057.03
757 121047.97
758 121039.87
759 121043.92
760 121050.12
761 121047.02
762 120985.98
763 121061.09
764 121049.88
765 121052.03
766 121046.78
767 121036.05
768 121052.03
769 121048.21
770 120993.14
771 121047.97
772 121059.89
773 121047.97
774 121057.03
775 121078.97
776 121048.93
777 121066.09
778 121126.89
779 121048.93
780 121026.99
781 121047.97
782 121063.95
783 121088.03
784 121055.84
785 120984.08
786 121002.91
787 121043.92
788 121062.99
789 121046.07
790 120985.03
791 121045.11
792 121019.84
793 121046.07
794 121088.98
795 121039.87
796 121069.91
797 121048.93
798 121057.03
799 121021.03
