800
0 121237.99
1 121099.00
2 121104.96
3 121124.98
4 121120.93
5 121104.00
6 121115.92
7 121109.01
8 121124.98
9 121120.93
10 121124.98
11 121126.89
12 121099.00
13 121128.08
14 121081.11
15 121124.98
16 121043.21
17 121107.82
18 121123.08
19 121116.16
20 121148.11
21 121111.87
22 121068.95
23 121117.12
24 121121.17
25 121095.90
26 121108.06
27 121109.01
28 121110.92
29 121114.02
30 121129.99
31 121129.04
32 121135.95
33 121091.13
34 121083.97
35 121031.05
36 121047.02
37 121117.12
38 121106.15
39 121047.97
40 121109.01
41 121151.92
42 121107.10
43 121099.95
44 121115.92
45 121093.03
46 121115.92
47 121114.97
48 121103.05
49 121104.00
50 121104.00
51 121119.02
52 121114.02
53 121048.93
54 121088.03
55 121097.09
56 121038.91
57 121026.99
58 121119.98
59 121116.16
60 121124.03
61 121120.93
62 121130.94
63 121053.22
64 121128.08
65 121109.01
66 121125.94
67 121116.88
68 121124.98
69 121119.02
70 121098.04
71 121137.14
72 121100.90
73 121123.08
74 121073.01
75 121125.94
76 121034.86
77 121093.03
78 121123.08
79 121002.91
80 121091.84
81 121123.08
82 121110.92
83 121123.08
84 121107.10
85 121128.08
86 121111.87
87 121095.18
88 121151.92
89 121126.89
90 121107.10
91 121124.98
92 121109.01
93 121125.94
94 121137.86
95 121124.03
96 120904.92
97 120950.94
98 121025.09
99 121079.92
100 120862.01
101 120980.98
102 120827.91
103 120927.10
104 121608.97
105 121218.92
106 121555.09
107 122029.07
108 121786.12
109 122586.01
110 121707.92
111 121829.03
112 123392.82
113 123595.95
114 123672.01
115 123718.02
116 123888.97
117 122759.10
118 123253.11
119 123068.81
120 125061.99
121 126221.90
122 124490.02
123 123815.06
124 124269.96
125 122696.16
126 123577.12
127 124315.02
128 123625.99
129 124521.97
130 124722.00
131 122954.13
132 125945.09
133 124166.97
134 124593.02
135 124970.20
136 123410.94
137 123554.94
138 125664.00
139 125862.12
140 124829.05
141 123152.02
142 123977.90
143 124124.05
144 124047.99
145 124830.96
146 122719.05
147 124397.99
148 124445.92
149 124915.84
150 123825.07
151 125221.97
152 124482.15
153 125130.89
154 124392.03
155 124060.87
156 125581.03
157 124666.93
158 124763.01
159 123128.89
160 123380.18
161 122601.03
162 124188.90
163 122646.09
164 123486.04
165 123594.05
166 124255.18
167 123511.08
168 122827.05
169 123011.11
170 122248.89
171 124697.92
172 122437.00
173 124198.91
174 123574.97
175 124102.83
176 123239.99
177 123038.05
178 124678.85
179 124865.06
180 124088.05
181 123196.13
182 123082.16
183 123856.07
184 124603.99
185 124050.86
186 124124.05
187 123610.02
188 124284.98
189 123464.11
190 124295.00
191 123328.92
192 124222.99
193 123178.96
194 123407.84
195 124768.02
196 122232.91
197 123178.96
198 123904.23
199 124021.05
200 123330.83
201 124863.15
202 123408.08
203 123417.85
204 124783.04
205 124222.04
206 123147.96
207 123462.20
208 123828.17
209 122932.91
210 123716.83
211 124721.05
212 124689.82
213 122874.02
214 123722.08
215 122802.97
216 123036.15
217 125534.06
218 123745.92
219 123077.87
220 124727.01
221 123190.88
222 123337.03
223 123920.92
224 123903.04
225 122763.16
226 122802.02
227 123681.07
228 123592.14
229 124232.05
230 125182.15
231 123360.16
232 123555.90
233 121941.80
234 123625.99
235 122699.02
236 124315.02
237 123584.03
238 124984.98
239 122830.15
240 124387.03
241 124978.07
242 124876.02
243 124806.17
244 124392.99
245 123112.92
246 122558.12
247 123803.14
248 125501.16
249 122912.17
250 126174.93
251 123945.00
252 123766.18
253 123147.01
254 122293.00
255 123286.96
256 124266.15
257 125232.22
258 123571.87
259 124494.08
260 123507.02
261 122679.95
262 122929.81
263 123593.09
264 125206.95
265 123755.93
266 123126.98
267 124010.09
268 123363.02
269 123196.84
270 124975.92
271 122657.06
272 123378.99
273 122844.93
274 122914.08
275 124338.87
276 124207.97
277 122084.86
278 124409.91
279 122067.93
280 125559.09
281 123982.91
282 124046.09
283 123986.01
284 123134.14
285 124694.11
286 123035.91
287 122286.08
288 122232.91
289 122931.96
290 122946.02
291 123789.07
292 122932.91
293 123852.97
294 123785.97
295 122225.05
296 122051.95
297 122677.09
298 122070.79
299 123380.90
300 122441.05
301 122726.20
302 122563.12
303 125025.99
304 122880.94
305 123513.94
306 124395.13
307 122738.12
308 122861.86
309 125401.97
310 123878.96
311 123128.18
312 123836.99
313 122336.86
314 123103.14
315 122563.12
316 123237.85
317 124046.09
318 124143.84
319 122545.00
320 122658.97
321 124925.85
322 121634.96
323 123456.00
324 124136.21
325 124040.13
326 123505.12
327 124073.03
328 123385.91
329 122546.91
330 123380.18
331 123647.93
332 125138.04
333 122669.94
334 123477.94
335 124284.03
336 122760.06
337 123561.14
338 122801.07
339 121987.10
340 121981.86
341 120799.06
342 121685.03
343 121516.94
344 122392.89
345 122334.96
346 122422.93
347 121472.12
348 121411.80
349 122314.93
350 121305.94
351 121428.97
352 123880.15
353 121292.11
354 123034.00
355 121076.11
356 122861.15
357 121897.94
358 122776.99
359 121069.91
360 120931.86
361 120733.98
362 120804.07
363 120933.06
364 120935.92
365 121135.95
366 121031.05
367 120815.04
368 120928.05
369 121045.11
370 121043.92
371 120704.89
372 121088.03
373 120742.08
374 120769.98
375 120737.79
376 121289.97
377 120934.96
378 121029.85
379 120722.06
380 120718.96
381 121184.11
382 120975.97
383 121026.04
384 121213.20
385 121009.11
386 121191.02
387 121251.11
388 121262.07
389 120727.06
390 121006.97
391 121034.86
392 121026.99
393 120916.84
394 121025.09
395 120759.96
396 120942.12
397 120869.16
398 121011.97
399 120785.95
400 121169.09
401 120909.93
402 120832.92
403 120934.01
404 121172.90
405 121162.18
406 121030.09
407 120842.22
408 121229.17
409 120710.85
410 121304.04
411 121274.95
412 120815.99
413 120916.84
414 121059.89
415 121048.93
416 120900.15
417 121354.10
418 120921.85
419 121205.81
420 121044.16
421 121139.05
422 120941.88
423 121018.89
424 121104.96
425 120872.02
426 120881.08
427 121278.05
428 120994.09
429 121049.88
430 121060.13
431 120908.98
432 120939.97
433 121266.84
434 120795.97
435 121129.04
436 120938.06
437 120996.95
438 121067.05
439 120982.89
440 121087.07
441 121026.99
442 121101.14
443 120979.07
444 121032.00
445 120871.07
446 120918.04
447 120729.92
448 120790.96
449 120817.90
450 121230.84
451 121075.15
452 120911.12
453 120939.02
454 121227.98
455 120961.19
456 120846.03
457 120933.06
458 121412.04
459 121083.97
460 121063.95
461 121016.03
462 121089.94
463 120897.05
464 121021.99
465 121150.97
466 121073.01
467 120813.13
468 120714.90
469 120911.12
470 120852.95
471 120829.82
472 121157.88
473 121343.14
474 120914.94
475 120744.94
476 120966.91
477 120920.90
478 120841.98
479 120962.14
480 120896.10
481 121047.97
482 120990.04
483 121021.99
484 121112.82
485 120877.03
486 120975.97
487 120990.99
488 120803.83
489 120808.12
490 120898.96
491 120690.82
492 120836.02
493 120701.07
494 121109.01
495 120916.84
496 120764.02
497 120875.12
498 120785.95
499 120851.04
500 120851.99
501 120905.88
502 120929.00
503 120754.00
504 121039.87
505 121178.87
506 121232.03
507 120991.95
508 120877.03
509 120960.95
510 120853.90
511 120953.08
512 120965.96
513 121074.91
514 120826.01
515 120984.08
516 121041.06
517 121088.03
518 121078.01
519 121013.16
520 121000.05
521 120841.98
522 121232.99
523 121421.81
524 121123.08
525 121253.01
526 121241.09
527 121104.96
528 121297.12
529 120774.03
530 121143.82
531 121116.16
532 120991.95
533 120914.94
534 120963.81
535 121069.19
536 121133.80
537 121191.98
538 120949.03
539 121049.88
540 120958.81
541 121006.01
542 121232.99
543 121186.97
544 121155.98
545 121171.95
546 120849.13
547 121248.96
548 121204.85
549 121133.09
550 121171.95
551 120963.10
552 120842.93
553 121345.04
554 121114.97
555 121135.95
556 120995.04
557 121294.98
558 120875.84
559 121253.97
560 120940.92
561 120919.94
562 120901.11
563 121000.05
564 121000.05
565 120965.00
566 121191.98
567 120995.04
568 120894.91
569 121020.08
570 120851.04
571 121282.10
572 121186.02
573 120959.04
574 121242.05
575 120952.13
576 121345.04
577 121200.08
578 121152.16
579 121232.99
580 121073.01
581 121071.10
582 121256.83
583 121289.01
584 121016.98
585 121015.07
586 120948.79
587 121028.90
588 120921.13
589 120982.17
590 121093.99
591 120903.97
592 121011.97
593 120987.18
594 121087.07
595 121013.88
596 121158.12
597 121145.01
598 120980.02
599 120929.00
600 120852.95
601 120971.92
602 120888.95
603 120920.18
604 120960.00
605 121005.06
606 121078.97
607 121125.94
608 121006.97
609 120980.02
610 121020.08
611 121014.12
612 120977.88
613 120990.99
614 121024.13
615 120933.06
616 121323.11
617 121140.00
618 121035.10
619 121028.18
620 121165.04
621 121277.09
622 120887.04
623 120916.84
624 120912.08
625 121094.94
626 121027.95
627 121015.07
628 121038.20
629 120996.00
630 120992.90
631 121201.99
632 121368.17
633 120940.92
634 121128.80
635 121069.19
636 121124.98
637 121060.13
638 121100.90
639 121084.21
640 121092.08
641 121134.04
642 121097.80
643 121062.04
644 121099.95
645 121042.97
646 121105.91
647 121124.03
648 121028.90
649 121088.98
650 121108.06
651 121047.02
652 121118.07
653 121125.94
654 121104.00
655 121093.03
656 121110.92
657 121095.90
658 121078.01
659 121103.05
660 121081.11
661 121107.82
662 121100.19
663 121117.12
664 121109.01
665 121126.89
666 121118.07
667 121099.00
668 121117.12
669 121125.94
670 121127.84
671 121032.00
672 121124.98
673 121109.01
674 121096.13
675 121113.06
676 121099.95
677 120973.83
678 121103.05
679 121129.99
680 121130.94
681 121125.94
682 121061.80
683 121093.99
684 121107.10
685 121119.02
686 121127.13
687 121120.93
688 121057.99
689 121122.12
690 121099.95
691 121037.96
692 121114.02
693 121093.03
694 121112.11
695 121024.13
696 121022.94
697 121127.13
698 121062.99
699 121123.79
700 121088.98
701 121092.08
702 121145.96
703 121100.90
704 121078.01
705 121116.16
706 121120.21
707 121119.98
708 121140.96
709 121089.94
710 121122.12
711 121047.97
712 121122.84
713 121111.15
714 121124.03
715 121113.06
716 121127.84
717 121109.01
718 121119.98
719 121083.02
720 121151.92
721 121091.13
722 121068.00
723 121095.18
724 121123.08
725 121112.11
726 121125.94
727 121122.84
728 121127.13
729 121083.97
730 121128.08
731 121073.01
732 121093.03
733 121124.98
734 121095.90
735 121118.07
736 121104.00
737 121144.06
738 121105.91
739 121070.86
740 121075.15
741 121118.07
742 121126.17
743 121126.89
744 121095.90
745 121101.14
746 121109.96
747 121104.00
748 121114.02
749 121119.02
750 121116.16
751 121052.03
752 121124.03
753 121090.17
754 121128.08
755 121094.94
756 121096.85
757 121099.00
758 121104.00
759 121113.06
760 121111.15
761 121110.92
762 121015.07
763 121099.00
764 121128.80
765 121121.17
766 121097.09
767 121129.04
768 121100.90
769 121100.19
770 121109.96
771 121102.09
772 121109.96
773 121104.96
774 121108.06
775 121123.08
776 121128.08
777 121125.94
778 121118.07
779 121124.98
780 121066.81
781 121130.94
782 121133.80
783 121102.09
784 121073.01
785 121109.96
786 121111.15
787 121124.03
788 121115.92
789 121098.04
790 121109.01
791 121048.21
792 121114.02
793 121129.04
794 121102.81
795 121078.01
796 121099.95
797 121121.88
798 121103.05
799 121119.98
