800
0 120958.09
1 120933.06
2 120933.06
3 120954.04
4 121059.18
5 120949.98
6 120953.08
7 120958.09
8 120967.15
9 120977.16
10 120978.83
11 120967.86
12 120908.02
13 120963.10
14 120960.00
15 120969.06
16 120953.08
17 120945.93
18 120910.17
19 120949.03
20 120938.06
21 120960.00
22 120944.98
23 120904.92
24 120962.86
25 120934.01
26 120964.05
27 120946.88
28 120966.91
29 120966.91
30 120984.08
31 120969.06
32 120917.08
33 120939.02
34 120951.89
35 120965.96
36 120947.84
37 120869.87
38 120976.92
39 120954.04
40 120908.98
41 120962.14
42 120893.00
43 120965.00
44 120975.02
45 120899.92
46 120921.85
47 120937.11
48 120970.01
49 120871.07
50 120881.80
51 120968.10
52 120966.91
53 120893.00
54 120879.89
55 120957.14
56 120969.06
57 120965.00
58 120945.93
59 120896.10
60 120950.94
61 120961.90
62 120954.04
63 120906.11
64 120963.10
65 120949.03
66 120913.98
67 120959.04
68 120950.94
69 120901.11
70 120971.20
71 120942.12
72 120917.08
73 120966.91
74 120965.96
75 120961.90
76 120944.02
77 120971.92
78 120959.04
79 120968.82
80 120961.90
81 120872.97
82 120919.94
83 120958.09
84 121006.01
85 120960.95
86 120922.09
87 120970.96
88 120941.88
89 120962.86
90 120855.09
91 120970.96
92 120931.86
93 120941.16
94 120897.05
95 120908.98
96 120929.00
97 120820.05
98 120965.96
99 120959.04
100 120680.81
101 120944.02
102 121651.17
103 120983.12
104 122056.01
105 120964.05
106 123128.89
107 120758.06
108 122262.95
109 121635.20
110 123095.99
111 123767.85
112 122395.04
113 122989.89
114 124787.09
115 125733.14
116 124725.10
117 124663.83
118 124599.93
119 125242.95
120 126007.08
121 127058.03
122 125613.93
123 125806.81
124 126930.00
125 125134.94
126 125491.86
127 126373.05
128 126477.00
129 125573.16
130 127635.96
131 126283.17
132 127695.08
133 125959.87
134 125135.90
135 125986.10
136 126396.89
137 126075.03
138 126877.07
139 124390.13
140 125174.05
141 124613.05
142 125177.15
143 124560.83
144 125257.02
145 125334.98
146 126137.97
147 124954.94
148 127672.91
149 125411.99
150 126080.04
151 125415.80
152 124413.97
153 123416.90
154 124186.99
155 124994.04
156 124623.06
157 124697.92
158 123605.97
159 123866.08
160 124625.92
161 124687.91
162 124858.14
163 124301.91
164 123868.94
165 123761.18
166 123653.89
167 126063.82
168 123516.08
169 124273.06
170 123310.09
171 125967.98
172 124215.13
173 126895.90
174 125880.00
175 125766.99
176 124467.85
177 124741.08
178 124415.16
179 124633.07
180 124501.94
181 124733.92
182 123736.14
183 124754.91
184 124667.88
185 125072.00
186 124876.98
187 126683.95
188 124872.92
189 124923.94
190 124259.00
191 124331.95
192 124283.08
193 124238.97
194 124551.06
195 125214.10
196 123750.93
197 124542.00
198 124490.02
199 124370.10
200 124413.01
201 125339.98
202 124262.09
203 125168.09
204 124556.06
205 125261.07
206 125118.02
207 126264.81
208 124464.99
209 124322.18
210 124252.08
211 123514.89
212 123899.94
213 123544.93
214 123556.85
215 124804.02
216 125616.07
217 124828.10
218 125036.00
219 124207.02
220 125792.03
221 125082.97
222 125040.05
223 125897.88
224 124841.21
225 126446.01
226 125009.06
227 123357.06
228 125072.96
229 124991.89
230 124026.06
231 123775.01
232 123911.86
233 123821.02
234 123870.85
235 124454.98
236 124562.03
237 124657.87
238 125816.11
239 124543.19
240 123922.11
241 124586.11
242 126152.99
243 124563.93
244 124735.83
245 125192.88
246 124387.03
247 123991.01
248 123991.97
249 124812.13
250 124859.09
251 123250.01
252 126574.04
253 126132.01
254 125100.14
255 126561.16
256 124134.06
257 124184.85
258 124969.96
259 125214.10
260 126251.94
261 123777.15
262 126340.87
263 124974.01
264 123332.02
265 124843.84
266 123394.01
267 123800.04
268 124184.13
269 124960.18
270 123239.04
271 124244.93
272 124688.15
273 124807.83
274 123939.04
275 124856.95
276 125614.88
277 123319.86
278 125900.98
279 123673.92
280 124277.83
281 125510.93
282 125415.09
283 125482.08
284 124556.78
285 125458.96
286 124628.07
287 124032.02
288 123954.77
289 125453.00
290 124681.95
291 124549.15
292 123736.14
293 124994.99
294 125381.95
295 123606.92
296 124555.11
297 124253.03
298 124835.01
299 123397.11
300 124129.06
301 126152.04
302 123988.15
303 125450.85
304 124564.89
305 126401.90
306 126399.99
307 125514.98
308 125314.95
309 126406.91
310 124728.92
311 124690.77
312 123878.96
313 126168.01
314 123965.02
315 123879.91
316 123670.10
317 124409.91
318 125491.14
319 123819.83
320 124473.09
321 124682.90
322 124585.87
323 123966.93
324 124120.24
325 125106.81
326 127297.88
327 123262.88
328 124093.06
329 120719.91
330 121160.98
331 121512.17
332 121001.96
333 122724.06
334 121164.08
335 121038.91
336 121012.93
337 122102.98
338 122693.06
339 121181.01
340 121267.08
341 122098.92
342 122735.98
343 121870.04
344 121757.03
345 121667.15
346 122590.07
347 120890.14
348 122392.18
349 121562.96
350 121333.12
351 121071.82
352 121134.04
353 121792.08
354 122556.92
355 120729.92
356 121706.01
357 121109.96
358 123512.98
359 121077.06
360 120743.04
361 120918.04
362 120985.03
363 120788.10
364 120942.12
365 121129.99
366 121263.03
367 120816.23
368 120956.18
369 120861.05
370 121271.13
371 121139.05
372 120888.95
373 121183.16
374 121217.01
375 120898.01
376 120903.02
377 120998.86
378 121147.16
379 120836.97
380 120817.90
381 120839.12
382 121135.95
383 121282.10
384 120863.91
385 120973.11
386 120997.91
387 121013.16
388 120989.08
389 120825.05
390 121142.86
391 120728.97
392 120798.83
393 120804.07
394 120997.91
395 120979.79
396 120906.11
397 120821.95
398 120990.04
399 120938.06
400 120985.03
401 120999.81
402 120765.92
403 121022.94
404 120925.90
405 121194.84
406 120786.91
407 120944.02
408 121096.13
409 120769.02
410 120780.94
411 121317.15
412 120811.94
413 120717.05
414 120822.91
415 120932.10
416 121025.80
417 121159.08
418 120861.05
419 121046.07
420 120939.02
421 121070.86
422 120920.90
423 121081.11
424 120676.99
425 120876.07
426 121057.03
427 120987.89
428 120832.92
429 121239.90
430 120856.05
431 120850.09
432 121083.02
433 120909.93
434 120878.93
435 121016.03
436 120792.15
437 120965.00
438 120795.01
439 121029.14
440 121045.11
441 120954.99
442 120839.12
443 120818.85
444 121287.82
445 120756.15
446 120781.90
447 121277.09
448 121063.95
449 120831.01
450 120909.93
451 120832.92
452 121046.07
453 121207.00
454 120887.04
455 120920.90
456 120695.83
457 120946.88
458 121022.94
459 121008.87
460 120872.97
461 120871.78
462 121130.94
463 121078.01
464 120810.03
465 120713.95
466 120945.93
467 120905.88
468 121079.92
469 120873.21
470 120909.93
471 120986.94
472 121078.97
473 121103.05
474 120806.93
475 121108.06
476 121008.87
477 121232.99
478 120927.10
479 121080.88
480 120803.12
481 121153.12
482 120893.96
483 121057.99
484 120980.02
485 120728.02
486 120881.08
487 120954.99
488 120923.04
489 120981.93
490 121173.14
491 121049.88
492 120968.10
493 121151.92
494 120986.94
495 121273.04
496 120960.95
497 120849.13
498 120826.01
499 121170.04
500 121118.07
501 121011.02
502 120893.00
503 120799.06
504 120832.92
505 120908.02
506 121064.90
507 120929.96
508 120978.12
509 120896.10
510 120970.96
511 121179.10
512 120686.05
513 120977.88
514 120921.85
515 120765.92
516 120790.96
517 121220.11
518 121171.00
519 121035.81
520 120914.94
521 120898.96
522 120805.98
523 120985.03
524 120979.07
525 120750.90
526 120983.12
527 120964.05
528 121001.01
529 121057.03
530 120810.99
531 121123.08
532 121037.01
533 120803.83
534 121166.94
535 121160.03
536 120678.90
537 121226.79
538 120928.05
539 120918.99
540 120892.05
541 120823.86
542 120858.91
543 120697.98
544 120996.00
545 120982.17
546 121156.93
547 121237.04
548 120739.94
549 121093.99
550 120701.79
551 120898.96
552 121149.06
553 121159.08
554 121001.96
555 121003.87
556 121226.07
557 120867.01
558 120896.10
559 120972.87
560 120901.11
561 121181.96
562 121001.96
563 121052.03
564 120990.04
565 121059.18
566 121057.03
567 121028.90
568 120738.98
569 120939.02
570 120692.01
571 120985.98
572 120779.04
573 120963.10
574 121037.01
575 120963.81
576 120805.98
577 120904.21
578 120788.81
579 120966.91
580 120977.88
581 121023.89
582 120954.04
583 121216.06
584 120776.89
585 121127.13
586 120725.87
587 121104.96
588 120893.96
589 121110.92
590 120709.90
591 121192.93
592 121100.90
593 120853.90
594 120951.89
595 120985.98
596 121052.03
597 120788.81
598 121049.88
599 121001.96
600 121226.07
601 121248.01
602 120913.03
603 120785.00
604 120716.09
605 120842.93
606 121247.05
607 120888.95
608 120908.02
609 120929.00
610 120941.88
611 120920.18
612 120919.94
613 121180.06
614 120810.03
615 120845.08
616 121157.17
617 121124.98
618 121140.00
619 120758.06
620 120618.10
621 121031.05
622 121009.83
623 121093.03
624 121071.10
625 121380.09
626 121016.98
627 121006.97
628 120878.93
629 120895.86
630 121135.95
631 121284.01
632 121226.07
633 120997.91
634 121011.97
635 121060.13
636 121117.12
637 121082.07
638 121076.11
639 121122.84
640 121120.93
641 121124.03
642 121123.08
643 121095.90
644 121085.17
645 121121.17
646 121112.11
647 121127.84
648 121120.93
649 121026.04
650 121021.03
651 121089.94
652 121131.90
653 121085.88
654 121069.91
655 121100.90
656 121122.12
657 121113.06
658 121139.05
659 121115.92
660 121057.03
661 121126.17
662 121110.92
663 121059.89
664 121120.93
665 121111.87
666 121089.94
667 121115.92
668 121109.96
669 121119.98
670 121083.02
671 121120.93
672 121101.14
673 121092.08
674 121099.95
675 121046.07
676 121109.01
677 121116.16
678 121099.95
679 121099.00
680 121108.06
681 121149.06
682 121118.78
683 121082.07
684 121078.01
685 121093.03
686 121121.88
687 121120.21
688 121127.84
689 121117.12
690 121062.99
691 121126.89
692 121077.06
693 121035.10
694 120985.98
695 121109.01
696 121109.01
697 121111.87
698 121115.92
699 121119.02
700 121114.97
701 121127.84
702 121118.07
703 121134.04
704 121126.17
705 121068.95
706 121123.79
707 121127.13
708 121135.00
709 121093.03
710 121126.17
711 121100.90
712 121128.08
713 121114.97
714 121099.00
715 121124.03
716 121104.96
717 121122.84
718 121104.00
719 121123.08
720 121128.08
721 121107.82
722 121093.03
723 121110.92
724 121063.95
725 121122.12
726 121120.93
727 121027.95
728 121124.03
729 121024.13
730 121035.81
731 121119.98
732 121114.02
733 121119.02
734 121125.22
735 121033.91
736 121093.03
737 121124.98
738 121122.12
739 121124.03
740 121122.12
741 121120.93
742 121081.11
743 121057.99
744 121112.11
745 121114.97
746 121118.07
747 121120.93
748 121124.03
749 121124.03
750 121089.94
751 121036.05
752 121107.82
753 121116.16
754 121123.08
755 121134.04
756 121099.00
757 121021.03
758 121106.15
759 121119.02
760 121093.99
761 121129.99
762 121104.00
763 121063.95
764 121077.06
765 121114.97
766 121085.88
767 121111.15
768 121116.88
769 121095.90
770 121042.01
771 121094.94
772 121129.04
773 121006.97
774 121107.10
775 121064.90
776 121082.07
777 121109.01
778 121134.04
779 121122.84
780 121072.05
781 121129.99
782 121093.99
783 121131.90
784 121116.88
785 121102.09
786 121127.13
787 121118.07
788 121099.95
789 121127.13
790 121105.19
791 121098.04
792 121114.02
793 121108.06
794 121090.89
795 121114.97
796 121100.90
797 121120.93
798 121103.05
799 121116.88
