1400
0 121455.91
1 121147.87
2 121160.03
3 121090.17
4 121068.00
5 121123.08
6 121129.04
7 121108.06
8 121115.92
9 121135.95
10 121114.97
11 121138.10
12 121129.99
13 121106.86
14 121121.88
15 121125.22
16 121123.08
17 121100.19
18 121143.82
19 121114.02
20 121083.97
21 121052.98
22 121109.96
23 121124.03
24 121119.98
25 121134.04
26 121121.88
27 121135.00
28 121125.94
29 121135.95
30 121140.00
31 121135.95
32 121140.00
33 121142.15
34 121134.04
35 121120.93
36 121119.02
37 121124.03
38 121121.88
39 121135.00
40 121133.09
41 121030.09
42 121129.04
43 121083.02
44 121129.04
45 121120.93
46 121042.01
47 121111.87
48 121120.93
49 121089.94
50 121093.03
51 121109.01
52 121143.82
53 121119.02
54 121045.11
55 121121.88
56 121110.92
57 121139.05
58 121123.08
59 121114.97
60 121119.02
61 121059.89
62 121119.02
63 121138.10
64 121115.21
65 121016.98
66 121114.97
67 121120.21
68 121120.93
69 121127.13
70 121127.84
71 121129.04
72 121135.95
73 121135.00
74 121141.20
75 121114.97
76 121139.05
77 121124.03
78 121145.96
79 121127.13
80 121124.98
81 121062.04
82 121114.97
83 121083.02
84 121128.08
85 121096.13
86 121125.94
87 121136.90
88 121088.03
89 121106.15
90 121109.96
91 121131.90
92 121130.94
93 120947.12
94 121066.09
95 121048.93
96 120947.84
97 120954.99
98 121014.83
99 121070.15
100 121071.10
101 121086.84
102 121026.99
103 121083.02
104 121104.00
105 121201.99
106 121429.92
107 123055.93
108 121229.17
109 121366.02
110 120998.86
111 121457.10
112 121198.89
113 121217.01
114 120841.98
115 121373.89
116 121932.98
117 120904.92
118 121385.10
119 121470.93
120 120938.06
121 121210.10
122 121121.88
123 121541.98
124 121282.10
125 121654.99
126 120973.83
127 121041.06
128 121769.91
129 121672.87
130 120764.02
131 121586.08
132 121905.09
133 121327.88
134 121254.92
135 122020.01
136 121305.94
137 121148.11
138 121063.95
139 121002.91
140 120919.94
141 121816.87
142 121367.93
143 121531.01
144 121427.06
145 122144.94
146 120911.84
147 121920.11
148 121647.12
149 120997.91
150 121611.12
151 120924.95
152 121419.91
153 121173.14
154 121592.04
155 121292.11
156 121312.14
157 121979.00
158 121827.13
159 121094.94
160 121073.96
161 122421.03
162 121387.00
163 121626.14
164 121003.15
165 121242.05
166 121041.06
167 121859.07
168 121860.03
169 121724.84
170 121603.01
171 120826.01
172 121568.92
173 121004.82
174 121548.89
175 121002.91
176 121538.16
177 122045.04
178 121521.95
179 122345.21
180 121346.00
181 121100.90
182 120823.86
183 120898.01
184 121496.20
185 121602.06
186 121634.01
187 121503.11
188 122164.01
189 122170.93
190 122053.86
191 121339.08
192 122478.96
193 122581.96
194 121836.90
195 121485.95
196 121621.13
197 121174.10
198 121509.08
199 120925.90
200 121001.01
201 121466.16
202 121410.13
203 121182.92
204 121088.03
205 121880.05
206 121150.02
207 121865.99
208 120787.14
209 121820.93
210 121029.14
211 121752.98
212 121706.96
213 121416.81
214 121497.15
215 121122.84
216 121396.06
217 121880.05
218 122030.97
219 121251.11
220 121793.99
221 121967.08
222 121922.97
223 121017.93
224 122243.88
225 121675.97
226 122365.95
227 121671.92
228 122133.02
229 120975.97
230 121558.19
231 121304.04
232 120899.92
233 120993.85
234 121001.01
235 121234.89
236 121599.91
237 121510.98
238 121339.08
239 121051.07
240 121204.14
241 121927.98
242 121019.84
243 121835.95
244 120990.04
245 122241.97
246 121524.10
247 120873.93
248 121301.17
249 121719.84
250 121026.99
251 121318.10
252 121836.90
253 121449.95
254 121070.15
255 121516.94
256 121078.01
257 122187.85
258 121636.87
259 120939.97
260 121870.04
261 120944.02
262 120943.78
263 120891.09
264 121111.15
265 121332.17
266 121008.87
267 120999.10
268 122127.06
269 120854.14
270 123112.20
271 121642.11
272 121180.06
273 121471.88
274 121354.82
275 120983.84
276 120910.88
277 121786.12
278 121865.03
279 121649.98
280 121148.11
281 120805.98
282 121285.92
283 121405.84
284 121973.04
285 122535.94
286 121858.84
287 120800.97
288 121384.86
289 122100.83
290 120922.09
291 120935.92
292 121491.19
293 122308.02
294 121709.82
295 121870.04
296 121109.96
297 120977.88
298 121829.03
299 121659.99
300 120891.09
301 122295.86
302 121991.87
303 121436.12
304 121503.11
305 121403.93
306 121200.08
307 121032.00
308 122062.92
309 121100.90
310 121515.99
311 121356.01
312 120913.98
313 122169.02
314 121525.05
315 121302.13
316 121252.06
317 121600.87
318 121387.96
319 121644.97
320 121397.97
321 121026.99
322 121019.84
323 121912.96
324 121254.92
325 121285.20
326 121035.10
327 121337.89
328 121683.12
329 121569.16
330 120934.01
331 120886.09
332 120820.05
333 121596.81
334 121546.03
335 122449.87
336 121356.96
337 121882.92
338 122657.06
339 121176.96
340 121160.03
341 121566.06
342 121683.12
343 121297.84
344 121405.84
345 121093.03
346 121358.87
347 121090.17
348 121381.04
349 121732.00
350 121083.02
351 120934.01
352 121486.90
353 121227.98
354 121536.97
355 121984.00
356 121842.15
357 122318.98
358 121064.90
359 121016.98
360 120965.96
361 121013.88
362 121072.05
363 120869.87
364 121212.01
365 120916.84
366 121232.99
367 121007.92
368 120927.10
369 121091.13
370 120707.04
371 120805.03
372 121062.99
373 121130.94
374 120995.04
375 121394.87
376 121334.08
377 121113.06
378 121088.03
379 121551.99
380 120953.08
381 121032.00
382 121053.93
383 121161.94
384 121080.88
385 121047.02
386 121057.99
387 120946.88
388 121039.15
389 121108.06
390 121026.04
391 120877.98
392 120779.99
393 120861.05
394 121423.01
395 121083.02
396 121096.13
397 121046.07
398 120931.15
399 121039.87
400 120949.03
401 121176.96
402 121281.15
403 121586.08
404 120924.00
405 120862.96
406 120925.19
407 120962.86
408 121579.17
409 121052.98
410 121191.02
411 121371.03
412 120902.78
413 120955.94
414 121394.16
415 121109.01
416 121000.05
417 120893.96
418 120918.04
419 120907.07
420 121050.12
421 121051.07
422 120995.04
423 120964.05
424 121195.08
425 120954.99
426 121254.21
427 121006.01
428 121026.99
429 120965.96
430 120911.12
431 121322.15
432 121460.91
433 121019.12
434 121392.97
435 121044.87
436 121354.82
437 120934.01
438 120799.06
439 120913.98
440 121129.99
441 121135.95
442 121170.04
443 120984.08
444 121001.96
445 121621.13
446 121470.93
447 120906.83
448 121255.16
449 121140.96
450 121439.93
451 121123.08
452 120934.96
453 120914.94
454 121335.98
455 121247.05
456 120806.93
457 120951.18
458 120977.88
459 120905.88
460 121366.02
461 121217.01
462 120796.92
463 120843.89
464 120929.00
465 120862.01
466 120960.95
467 121294.02
468 121294.98
469 121157.17
470 120725.87
471 121712.92
472 121478.08
473 121302.13
474 120754.96
475 121182.92
476 121180.06
477 121008.16
478 121604.20
479 121682.17
480 121476.89
481 121522.19
482 121251.11
483 121620.89
484 121153.12
485 121120.21
486 120821.00
487 121192.93
488 121648.07
489 121163.13
490 121237.99
491 121141.20
492 121593.95
493 121407.03
494 121099.95
495 121129.99
496 121458.05
497 120956.90
498 121177.91
499 121167.90
500 120893.96
501 121263.98
502 121457.10
503 121458.05
504 121230.13
505 121620.89
506 121546.03
507 121078.97
508 121273.99
509 121243.95
510 121243.95
511 121737.00
512 121402.98
513 121124.98
514 121114.97
515 121776.10
516 121705.06
517 121145.01
518 121064.19
519 121217.97
520 121300.94
521 121350.05
522 121034.15
523 120795.01
524 121037.01
525 121127.84
526 121454.95
527 121618.99
528 121375.08
529 121273.99
530 121397.97
531 121113.06
532 121227.98
533 121263.98
534 121639.97
535 121694.09
536 121190.07
537 121582.03
538 121283.77
539 121852.87
540 121418.95
541 121310.95
542 121360.06
543 121716.98
544 120985.03
545 121248.01
546 121198.89
547 121160.03
548 121554.85
549 121366.98
550 121795.18
551 121698.14
552 121469.02
553 121244.91
554 121632.81
555 121431.83
556 121327.16
557 121250.87
558 121361.02
559 121500.02
560 120976.92
561 121327.16
562 121403.93
563 120903.02
564 121299.03
565 121104.96
566 121589.90
567 121366.98
568 121196.03
569 120894.91
570 121227.03
571 121607.07
572 121509.08
573 121391.06
574 121346.00
575 121402.03
576 121405.12
577 121731.04
578 121744.87
579 121785.16
580 121717.93
581 121941.80
582 120977.88
583 121746.06
584 121027.95
585 121303.80
586 121176.00
587 121289.01
588 121618.99
589 121520.04
590 121158.12
591 121881.01
592 121106.15
593 121420.15
594 121488.09
595 121299.03
596 121598.96
597 121182.20
598 121248.01
599 121809.01
600 121654.03
601 121163.85
602 121341.94
603 120954.04
604 121132.14
605 121494.05
606 121113.06
607 121026.99
608 120785.00
609 121016.98
610 121338.13
611 121587.04
612 121179.10
613 121000.05
614 121845.96
615 121598.01
616 120921.13
617 121122.12
618 121237.99
619 121516.94
620 121485.95
621 121193.17
622 121284.01
623 121196.03
624 121737.96
625 121373.89
626 121240.14
627 121665.00
628 120893.00
629 121012.93
630 121509.79
631 121646.88
632 121017.93
633 121302.84
634 121431.11
635 121644.97
636 121351.96
637 121639.01
638 121685.03
639 121376.04
640 121530.06
641 121448.04
642 120850.80
643 120971.92
644 121325.02
645 121433.02
646 120952.13
647 120886.09
648 120922.09
649 121685.03
650 121120.93
651 121134.04
652 121397.02
653 121627.81
654 120982.89
655 121156.93
656 121659.99
657 120944.02
658 121116.16
659 120929.00
660 121391.06
661 122318.98
662 121618.03
663 121326.92
664 121947.05
665 121397.02
666 121450.19
667 121078.01
668 121067.05
669 121814.97
670 120998.86
671 121304.99
672 121608.97
673 120707.04
674 121809.96
675 121332.88
676 120943.07
677 121299.98
678 121263.98
679 121284.96
680 121688.84
681 120738.03
682 120822.91
683 121368.17
684 120700.84
685 121069.19
686 121389.87
687 121510.98
688 121171.95
689 121719.84
690 121675.97
691 121560.10
692 121181.96
693 120929.00
694 121092.08
695 120934.96
696 121338.84
697 121244.91
698 121182.92
699 121072.05
700 121535.06
701 121193.89
702 121133.80
703 121351.96
704 121304.99
705 121713.88
706 121122.12
707 121511.94
708 121354.10
709 120998.86
710 121378.18
711 121406.08
712 120929.00
713 122036.93
714 121480.94
715 120816.95
716 121583.94
717 121221.07
718 121032.00
719 121161.94
720 120914.94
721 121211.05
722 121770.86
723 120874.17
724 121008.87
725 120966.91
726 121515.04
727 120976.92
728 121544.84
729 121222.02
730 121251.82
731 121182.92
732 121472.84
733 121407.99
734 121510.98
735 121219.16
736 121292.11
737 121516.94
738 121868.13
739 121191.98
740 121388.91
741 121076.11
742 121184.11
743 121397.97
744 121710.06
745 121675.97
746 121768.95
747 121380.09
748 121538.88
749 121248.01
750 121906.04
751 120903.97
752 121212.01
753 120942.83
754 121437.07
755 121190.79
756 121212.01
757 121576.07
758 121280.91
759 121413.95
760 121186.02
761 121510.98
762 121995.93
763 121267.08
764 120962.86
765 121083.02
766 120971.92
767 121130.94
768 121330.98
769 121340.04
770 121295.93
771 121331.93
772 120979.79
773 121421.10
774 121299.03
775 121068.00
776 121452.09
777 121204.14
778 121674.06
779 121419.91
780 121699.09
781 121155.02
782 121042.97
783 121324.06
784 121510.98
785 120800.97
786 121150.02
787 121208.91
788 121047.97
789 120841.03
790 121030.09
791 121330.02
792 121825.93
793 121321.92
794 121603.97
795 121315.96
796 120894.91
797 121449.95
798 121102.09
799 121082.07
800 120785.95
801 121128.08
802 120952.84
803 120991.95
804 120772.12
805 121474.98
806 121433.02
807 121610.16
808 121467.11
809 120992.90
810 121442.08
811 121403.22
812 121287.11
813 121058.94
814 120908.98
815 121572.97
816 121161.94
817 121468.07
818 121091.84
819 121309.04
820 121585.13
821 121500.97
822 121459.01
823 121109.96
824 121825.93
825 121351.00
826 121042.01
827 121104.00
828 121360.78
829 120898.01
830 121435.88
831 121270.18
832 121613.98
833 121484.04
834 121221.07
835 121416.09
836 121346.95
837 121088.03
838 120975.02
839 121679.07
840 121531.96
841 121548.18
842 121460.20
843 121223.93
844 121659.99
845 121822.12
846 120961.19
847 121553.90
848 121341.94
849 121733.90
850 120943.07
851 121331.93
852 121801.85
853 121299.98
854 121421.10
855 121270.90
856 121952.06
857 121106.15
858 120946.17
859 121217.01
860 120985.03
861 121130.94
862 121247.05
863 121299.03
864 121337.89
865 121581.08
866 120707.04
867 121475.93
868 121261.84
869 120860.10
870 121574.88
871 120926.14
872 120836.97
873 121150.97
874 121022.94
875 121598.01
876 121474.03
877 121719.12
878 121397.97
879 121149.06
880 121283.05
881 121529.10
882 121278.05
883 121392.01
884 121881.01
885 120882.03
886 121062.99
887 120793.10
888 121574.88
889 121872.90
890 121228.93
891 121740.10
892 121186.97
893 121615.89
894 121251.11
895 121612.07
896 121245.86
897 121261.12
898 121488.09
899 121361.02
900 121469.97
901 121443.99
902 121007.92
903 121250.87
904 121525.05
905 121518.85
906 121294.02
907 121432.07
908 121196.99
909 120885.13
910 121661.19
911 121413.95
912 121358.87
913 121613.03
914 121330.02
915 121155.98
916 120831.01
917 121038.91
918 121650.93
919 121377.94
920 121466.16
921 121196.99
922 121081.11
923 121460.91
924 121360.06
925 121457.10
926 121077.06
927 120847.94
928 121010.07
929 121110.92
930 121513.13
931 121350.05
932 121987.10
933 121171.00
934 121403.93
935 121639.01
936 121284.96
937 120639.80
938 121685.03
939 121566.06
940 121290.92
941 121331.93
942 120990.04
943 121160.98
944 121626.14
945 121271.85
946 121322.15
947 121049.17
948 121502.16
949 121380.81
950 120823.86
951 121381.04
952 121107.82
953 121515.04
954 121171.00
955 121762.99
956 121045.11
957 120899.20
958 120925.90
959 121535.78
960 121429.92
961 121616.13
962 121360.06
963 121135.00
964 120872.02
965 121474.98
966 121318.10
967 121412.99
968 121224.88
969 121346.95
970 121557.95
971 121047.02
972 121166.94
973 121492.86
974 121258.97
975 121143.10
976 121646.88
977 121007.20
978 120982.89
979 121059.89
980 120846.03
981 121110.92
982 121222.02
983 121119.02
984 121175.05
985 121536.02
986 121382.00
987 121384.14
988 121380.09
989 121293.07
990 121675.97
991 121726.04
992 121629.00
993 121517.90
994 121575.83
995 121299.03
996 121577.02
997 121885.06
998 121165.99
999 121506.21
1000 121412.99
1001 121752.98
1002 121331.93
1003 121325.02
1004 121864.08
1005 121283.05
1006 121434.21
1007 121692.90
1008 121654.03
1009 121012.93
1010 121248.96
1011 121471.88
1012 121401.07
1013 121173.86
1014 121418.95
1015 120893.96
1016 121471.88
1017 121737.00
1018 121831.89
1019 120831.97
1020 121480.94
1021 121057.99
1022 121310.95
1023 120996.00
1024 121371.98
1025 121348.14
1026 120751.14
1027 121037.96
1028 121667.86
1029 121644.02
1030 121483.09
1031 121356.01
1032 121339.80
1033 120937.11
1034 121020.08
1035 121375.08
1036 121509.08
1037 121562.96
1038 121392.97
1039 121156.93
1040 121554.14
1041 121356.01
1042 121273.99
1043 121155.02
1044 121304.04
1045 120818.14
1046 121256.11
1047 121156.22
1048 120994.09
1049 121123.08
1050 121696.00
1051 121087.07
1052 121232.99
1053 121119.02
1054 121161.22
1055 121711.02
1056 120897.05
1057 121653.08
1058 121366.02
1059 121654.99
1060 121211.05
1061 120929.96
1062 121176.00
1063 121704.10
1064 121508.12
1065 121287.11
1066 121472.12
1067 121144.06
1068 120913.98
1069 121257.07
1070 121587.04
1071 121498.11
1072 121761.08
1073 121015.07
1074 120761.87
1075 120942.12
1076 121112.11
1077 121760.85
1078 121350.05
1079 121807.10
1080 121680.02
1081 121472.12
1082 120929.00
1083 121585.85
1084 121495.01
1085 121345.04
1086 121461.87
1087 121543.88
1088 121634.96
1089 121535.06
1090 121174.81
1091 121037.96
1092 121240.14
1093 120715.86
1094 121336.94
1095 121337.18
1096 121306.90
1097 121609.93
1098 121752.98
1099 121467.11
1100 121174.10
1101 121281.86
1102 121504.07
1103 121253.01
1104 120898.01
1105 121546.98
1106 121308.09
1107 122048.85
1108 121145.01
1109 121068.95
1110 120726.82
1111 121588.95
1112 121781.11
1113 121573.93
1114 121484.99
1115 121190.07
1116 120849.13
1117 121699.81
1118 121320.96
1119 121703.86
1120 121212.96
1121 121196.99
1122 121309.04
1123 121311.90
1124 121337.89
1125 121367.93
1126 121127.84
1127 121097.09
1128 121140.00
1129 121613.98
1130 121328.12
1131 121406.08
1132 121038.20
1133 120961.90
1134 120888.95
1135 120862.96
1136 121237.99
1137 121353.15
1138 121267.80
1139 121302.84
1140 121637.82
1141 121533.16
1142 121453.05
1143 121483.09
1144 121312.86
1145 121038.91
1146 121004.10
1147 121014.12
1148 121382.95
1149 121773.96
1150 121195.08
1151 121222.02
1152 120859.86
1153 121686.94
1154 121147.16
1155 121122.84
1156 120817.90
1157 121270.18
1158 121822.83
1159 120890.86
1160 121018.89
1161 121219.87
1162 121286.15
1163 121325.02
1164 121222.02
1165 121500.02
1166 121494.05
1167 121346.95
1168 121366.02
1169 121414.18
1170 121145.01
1171 121331.93
1172 120838.17
1173 121109.01
1174 120965.96
1175 121369.12
1176 121251.11
1177 120819.09
1178 121256.11
1179 121498.11
1180 121265.89
1181 121412.04
1182 121171.00
1183 121057.03
1184 120800.97
1185 121075.87
1186 121516.94
1187 120800.02
1188 121801.14
1189 121211.05
1190 121171.00
1191 121725.80
1192 121327.88
1193 121660.95
1194 121116.88
1195 121371.98
1196 121001.01
1197 121034.86
1198 121398.93
1199 121424.20
1200 121197.94
1201 121459.96
1202 121308.09
1203 121623.99
1204 121308.09
1205 120846.99
1206 120851.99
1207 120834.11
1208 121047.02
1209 121493.82
1210 121188.88
1211 120850.80
1212 121671.92
1213 120934.96
1214 121550.08
1215 121591.09
1216 121366.02
1217 120859.86
1218 120953.08
1219 120831.97
1220 121057.99
1221 121457.10
1222 121448.99
1223 121360.06
1224 120933.06
1225 120924.00
1226 121386.05
1227 120896.10
1228 121516.94
1229 121016.03
1230 121093.03
1231 120952.13
1232 120856.05
1233 120730.16
1234 121006.97
1235 121557.00
1236 121019.84
1237 121158.12
1238 121232.03
1239 121237.04
1240 121199.85
1241 121208.19
1242 121176.00
1243 121195.08
1244 121210.81
1245 121186.97
1246 121218.92
1247 121254.92
1248 121133.09
1249 121226.07
1250 121240.14
1251 121190.07
1252 121202.95
1253 121218.20
1254 121191.98
1255 121200.08
1256 121182.20
1257 121185.06
1258 121246.10
1259 121212.01
1260 121173.86
1261 121201.99
1262 121230.13
1263 121165.99
1264 121195.08
1265 121238.95
1266 121194.12
1267 121219.87
1268 121208.91
1269 121198.89
1270 121174.10
1271 121186.02
1272 121174.81
1273 121187.93
1274 121266.13
1275 121222.02
1276 121215.11
1277 121197.94
1278 121195.79
1279 121258.97
1280 121222.02
1281 121222.97
1282 121207.95
1283 121200.80
1284 121195.08
1285 121187.93
1286 121182.92
1287 121179.82
1288 121211.05
1289 121227.98
1290 121198.89
1291 121122.12
1292 121256.11
1293 121232.99
1294 121135.95
1295 121135.95
1296 121216.77
1297 121130.94
1298 121207.95
1299 121231.79
1300 121165.04
1301 121195.08
1302 121207.95
1303 121223.93
1304 121195.08
1305 121193.89
1306 121186.02
1307 121187.21
1308 121176.00
1309 121255.87
1310 121213.91
1311 121190.07
1312 121201.99
1313 121186.02
1314 121191.98
1315 121180.06
1316 121187.93
1317 121178.15
1318 121185.06
1319 121248.01
1320 121151.92
1321 121221.07
1322 121219.87
1323 121212.01
1324 121214.87
1325 121199.13
1326 121203.90
1327 121193.89
1328 121197.94
1329 121142.86
1330 121187.93
1331 121218.92
1332 121171.00
1333 121195.79
1334 121239.90
1335 121191.02
1336 121213.91
1337 121186.97
1338 121192.93
1339 121179.10
1340 121148.82
1341 121212.96
1342 121233.94
1343 121248.01
1344 121184.83
1345 121200.08
1346 121186.97
1347 121191.02
1348 121185.06
1349 121181.96
1350 121178.15
1351 121148.82
1352 121251.11
1353 121196.99
1354 121248.01
1355 121224.88
1356 121145.01
1357 121207.00
1358 121218.20
1359 121195.08
1360 121156.93
1361 121188.16
1362 121226.07
1363 121246.10
1364 121199.13
1365 121214.15
1366 121258.97
1367 121195.08
1368 121230.13
1369 121227.98
1370 121196.99
1371 121197.94
1372 121183.16
1373 121222.97
1374 121221.07
1375 121191.98
1376 121189.12
1377 121184.11
1378 121216.06
1379 121198.18
1380 121177.20
1381 121190.07
1382 121196.03
1383 121253.97
1384 121186.02
1385 121226.07
1386 121243.95
1387 121191.98
1388 121212.01
1389 121180.06
1390 121201.04
1391 121145.01
1392 121176.00
1393 121223.93
1394 121237.99
1395 121191.02
1396 121207.00
1397 121176.96
1398 121192.93
1399 121218.92
