1400
0 121338.84
1 121062.04
2 121040.11
3 120995.04
4 121050.12
5 121015.07
6 121014.83
7 120922.09
8 121029.14
9 121056.08
10 121037.01
11 121023.89
12 120965.96
13 121025.09
14 121038.91
15 121036.05
16 121042.97
17 121026.99
18 121025.80
19 121038.91
20 121037.96
21 121047.97
22 121046.07
23 121047.02
24 121045.11
25 121017.93
26 121045.11
27 121026.99
28 121044.16
29 121034.86
30 121057.03
31 121042.01
32 120970.96
33 121046.07
34 121019.12
35 121047.02
36 121054.89
37 121042.97
38 120980.02
39 121045.11
40 121047.97
41 121047.02
42 121050.12
43 121043.92
44 121047.97
45 121042.01
46 121047.02
47 121044.16
48 121031.05
49 121046.07
50 121042.97
51 121047.97
52 120954.99
53 121051.07
54 121046.07
55 121048.93
56 121043.21
57 121021.03
58 121042.97
59 121023.89
60 121031.05
61 121044.87
62 121021.03
63 121021.99
64 121045.83
65 121013.88
66 120985.03
67 121042.97
68 121009.11
69 121044.87
70 121057.03
71 121044.87
72 120964.05
73 121044.87
74 121039.87
75 121016.98
76 121036.77
77 121029.14
78 121039.87
79 121035.10
80 121049.88
81 121036.05
82 121017.93
83 121041.06
84 121028.90
85 121039.15
86 121000.05
87 120972.16
88 120924.95
89 121043.21
90 121026.99
91 121040.11
92 120967.15
93 120994.81
94 120929.96
95 120919.94
96 120916.84
97 120944.98
98 120673.89
99 120921.85
100 120872.97
101 121239.90
102 120608.81
103 120899.20
104 120745.90
105 121494.05
106 121680.02
107 122583.87
108 122731.21
109 122798.92
110 125149.97
111 122419.12
112 122491.84
113 122585.06
114 124125.96
115 124242.07
116 123291.02
117 124194.86
118 122628.93
119 124917.98
120 123527.05
121 123312.00
122 123299.12
123 123353.96
124 124835.01
125 123940.94
126 123314.86
127 122604.85
128 123972.89
129 122478.01
130 124046.09
131 122156.86
132 123023.99
133 124738.93
134 123290.06
135 123357.06
136 122473.00
137 125070.10
138 123283.86
139 123385.91
140 123285.06
141 123177.05
142 123165.85
143 122691.87
144 124336.96
145 122745.99
146 123382.09
147 123393.06
148 122324.94
149 124984.98
150 123133.90
151 123903.99
152 122982.03
153 123967.89
154 123263.12
155 122972.01
156 122890.00
157 122943.88
158 123053.07
159 123062.13
160 124148.13
161 125437.97
162 123154.88
163 123920.20
164 125557.90
165 123028.99
166 123047.11
167 122483.97
168 122483.02
169 124016.05
170 124532.94
171 123233.08
172 123378.99
173 123642.92
174 124139.07
175 123394.97
176 124166.01
177 122716.90
178 123216.15
179 122436.05
180 123506.07
181 123415.95
182 122773.17
183 122416.97
184 125832.80
185 123143.20
186 123195.89
187 122608.90
188 123450.99
189 122584.10
190 122594.83
191 123368.98
192 124784.95
193 122487.07
194 123083.11
195 122781.99
196 123902.08
197 123404.98
198 122540.95
199 124331.00
200 124308.11
201 123510.84
202 123535.16
203 123468.88
204 123323.92
205 122565.98
206 122575.04
207 123592.14
208 122530.94
209 123342.04
210 122660.88
211 122579.10
212 125160.93
213 123641.01
214 122499.94
215 124231.10
216 122450.11
217 124348.16
218 122855.90
219 122508.05
220 124119.04
221 123351.10
222 122637.99
223 122674.94
224 122763.87
225 124366.04
226 123710.16
227 122792.01
228 124392.03
229 124371.05
230 125460.86
231 124753.00
232 122205.02
233 122097.97
234 124456.88
235 122927.19
236 123121.02
237 123112.92
238 122879.98
239 123135.09
240 123131.99
241 123117.92
242 123513.94
243 123079.06
244 121891.98
245 122786.05
246 122824.19
247 123600.96
248 123629.09
249 123651.98
250 124449.97
251 123056.89
252 122010.95
253 123499.16
254 123978.14
255 122381.21
256 123251.91
257 123834.13
258 123116.02
259 122897.15
260 124614.00
261 122293.95
262 123134.14
263 122346.16
264 122449.87
265 122531.89
266 122455.12
267 123266.94
268 123323.92
269 122427.23
270 122560.98
271 124150.99
272 124068.98
273 123281.00
274 123902.08
275 123381.14
276 123463.15
277 122606.04
278 122431.99
279 123223.07
280 122595.07
281 122602.94
282 122779.13
283 122405.05
284 124259.00
285 123914.96
286 122953.18
287 124008.18
288 123111.96
289 122946.98
290 123023.03
291 123498.92
292 124092.10
293 123332.98
294 124119.04
295 123377.80
296 123172.04
297 123348.95
298 123937.13
299 123263.12
300 123050.93
301 122480.87
302 124131.92
303 123402.12
304 123193.03
305 123919.96
306 124809.03
307 122972.01
308 123030.90
309 125413.89
310 122971.77
311 123967.89
312 123098.85
313 123130.80
314 122428.18
315 122638.94
316 122341.16
317 124014.14
318 125190.97
319 122495.89
320 124323.13
321 123574.02
322 124108.08
323 125081.06
324 124948.02
325 122617.01
326 125059.84
327 122618.91
328 123476.98
329 122659.92
330 123246.91
331 122596.03
332 122437.00
333 123487.00
334 124357.94
335 124229.91
336 123475.07
337 122923.14
338 123738.05
339 122906.92
340 123797.89
341 124003.17
342 123286.01
343 122107.03
344 122107.98
345 124635.93
346 123800.99
347 122849.94
348 122978.93
349 123015.88
350 122740.98
351 124665.98
352 123235.94
353 123095.04
354 123449.09
355 124144.08
356 122508.76
357 122509.00
358 124099.97
359 125554.08
360 122684.00
361 123028.04
362 122202.16
363 122004.99
364 123955.01
365 122226.00
366 122540.95
367 122954.13
368 122304.92
369 122028.11
370 122102.02
371 122519.02
372 121909.14
373 122728.11
374 122465.85
375 122504.00
376 122154.95
377 123018.98
378 123219.01
379 123583.08
380 122565.03
381 123209.95
382 122699.98
383 122393.13
384 122983.93
385 122223.14
386 122941.97
387 122968.91
388 122960.09
389 121859.07
390 123277.19
391 122215.99
392 122807.98
393 122467.99
394 122757.20
395 122451.07
396 122293.95
397 123784.07
398 122257.95
399 122439.86
400 122334.96
401 122699.02
402 122654.20
403 122228.86
404 122514.01
405 123389.96
406 122789.86
407 123156.79
408 123162.03
409 122058.15
410 124693.16
411 122386.93
412 123280.05
413 123044.97
414 122752.90
415 123158.93
416 122413.87
417 123688.94
418 122226.00
419 123117.92
420 122396.95
421 122709.99
422 122797.97
423 122648.00
424 122476.10
425 122644.19
426 122555.97
427 122744.08
428 122366.91
429 122934.10
430 122227.91
431 122032.17
432 122762.92
433 122318.98
434 122452.02
435 122313.02
436 122985.12
437 122496.13
438 122630.83
439 122975.11
440 122349.98
441 122575.04
442 123628.14
443 121823.07
444 122492.07
445 122815.85
446 123010.87
447 122131.11
448 122887.13
449 122421.98
450 123079.78
451 123110.06
452 122262.00
453 122884.04
454 123272.90
455 122624.87
456 122915.03
457 123132.94
458 122833.97
459 122390.03
460 122475.86
461 122406.01
462 122169.97
463 122622.01
464 123280.05
465 122423.89
466 123239.04
467 122410.06
468 123049.97
469 122582.91
470 122891.19
471 122699.02
472 122390.03
473 122582.91
474 123198.99
475 122134.92
476 123813.15
477 123075.01
478 122431.04
479 122234.11
480 122277.02
481 122839.93
482 122380.97
483 122249.13
484 122195.01
485 122555.02
486 122293.95
487 123694.18
488 122740.03
489 122299.91
490 122748.85
491 122809.89
492 122864.96
493 122074.13
494 122390.03
495 123085.02
496 123342.99
497 122928.86
498 122073.89
499 122229.10
500 122635.84
501 122689.01
502 122326.14
503 122858.05
504 122241.97
505 123533.01
506 122943.16
507 123074.05
508 122183.08
509 122357.13
510 122220.99
511 122779.13
512 122447.97
513 122781.99
514 122153.04
515 122133.97
516 122853.99
517 123066.90
518 122393.13
519 123022.08
520 122233.15
521 122470.14
522 122157.10
523 122785.09
524 123099.80
525 122349.98
526 122523.07
527 122365.95
528 122843.98
529 122545.96
530 122455.84
531 122606.04
532 122264.15
533 122919.80
534 122215.99
535 122624.87
536 122658.01
537 122629.88
538 122272.97
539 121963.02
540 122874.02
541 122167.11
542 122855.19
543 122458.93
544 122298.96
545 123364.21
546 122787.00
547 122337.10
548 123162.98
549 122503.04
550 122539.04
551 122635.13
552 122942.92
553 122715.95
554 121824.98
555 122354.03
556 122371.91
557 122793.91
558 123121.98
559 123029.95
560 122867.11
561 122797.97
562 122223.14
563 122176.89
564 122431.04
565 121840.00
566 123386.14
567 122311.12
568 122593.88
569 122714.04
570 122457.98
571 122608.90
572 122819.90
573 122046.95
574 122668.03
575 122385.98
576 122740.03
577 122149.94
578 122876.88
579 122967.96
580 122448.92
581 122568.13
582 122865.92
583 123317.00
584 122681.86
585 122338.06
586 122155.90
587 122637.99
588 122725.96
589 123129.13
590 123032.09
591 122715.95
592 122282.03
593 122840.17
594 122221.95
595 122740.03
596 122022.87
597 122462.99
598 123234.03
599 122158.05
600 123482.94
601 122018.10
602 122579.10
603 122681.86
604 122901.92
605 122160.91
606 123053.07
607 122365.00
608 122406.01
609 122539.04
610 122294.90
611 122246.98
612 122493.98
613 122421.98
614 122375.97
615 122279.88
616 122557.88
617 122404.10
618 122514.01
619 122836.83
620 122540.00
621 123046.88
622 122555.97
623 122752.90
624 122157.10
625 122195.01
626 122742.89
627 122689.01
628 122572.90
629 122282.03
630 122164.96
631 122590.07
632 122206.93
633 122529.98
634 122375.97
635 122597.93
636 122334.96
637 122252.94
638 122710.94
639 122539.04
640 123642.92
641 122509.00
642 122643.95
643 122254.13
644 122227.91
645 123099.09
646 122853.99
647 123087.88
648 122676.13
649 121172.90
650 121526.96
651 121577.02
652 121227.98
653 121390.10
654 121542.93
655 121283.05
656 121037.01
657 121382.00
658 121708.87
659 121397.97
660 121301.89
661 121415.14
662 121725.08
663 121196.99
664 121306.90
665 121754.88
666 121614.93
667 121436.12
668 121227.03
669 121005.06
670 121326.92
671 121676.92
672 121245.15
673 121206.05
674 121016.98
675 121515.99
676 121366.98
677 121516.94
678 121208.19
679 120956.18
680 121062.04
681 121028.18
682 121034.15
683 121130.94
684 121169.09
685 121366.98
686 121351.96
687 121218.92
688 121495.96
689 121561.05
690 120970.01
691 121039.15
692 121495.01
693 121097.80
694 120764.97
695 121088.03
696 121132.85
697 121062.04
698 121118.78
699 121159.08
700 121155.02
701 121013.88
702 121084.93
703 120949.03
704 120822.91
705 120965.96
706 121384.86
707 121467.11
708 120812.89
709 121253.01
710 121050.83
711 121113.06
712 120841.98
713 121290.92
714 121043.21
715 121093.99
716 120999.10
717 120826.01
718 121154.07
719 122046.95
720 120851.04
721 120745.90
722 120620.97
723 121364.12
724 121392.97
725 120960.95
726 121176.00
727 120954.99
728 120911.84
729 121202.95
730 121050.83
731 120675.80
732 121086.12
733 120822.91
734 120768.07
735 121039.87
736 120911.12
737 120712.04
738 120841.98
739 120892.05
740 120785.95
741 120969.06
742 120765.21
743 120809.08
744 120723.96
745 120823.14
746 120730.16
747 120805.98
748 120993.85
749 121341.94
750 120938.06
751 120872.97
752 120731.83
753 120908.98
754 121446.13
755 121339.08
756 120800.02
757 120994.09
758 120808.84
759 121250.15
760 121168.85
761 121154.07
762 120837.93
763 121053.93
764 120764.97
765 120906.11
766 121090.17
767 120930.91
768 120761.16
769 120815.04
770 120749.00
771 121146.92
772 121512.17
773 121254.92
774 121002.91
775 120978.83
776 120826.96
777 121092.08
778 120831.97
779 121136.90
780 120755.91
781 121330.98
782 121199.85
783 120821.00
784 121109.96
785 120995.04
786 121062.99
787 120957.85
788 121135.00
789 121520.04
790 121068.00
791 120781.90
792 120836.02
793 120840.07
794 121179.82
795 121006.01
796 120903.02
797 121231.08
798 121247.05
799 120742.08
800 121079.92
801 120797.87
802 120779.04
803 120782.14
804 121083.02
805 120774.03
806 121083.02
807 120769.02
808 121059.89
809 121171.00
810 121380.81
811 120631.93
812 120776.18
813 121001.96
814 120784.04
815 121151.92
816 121143.82
817 121156.93
818 121144.06
819 120853.90
820 120967.15
821 121174.10
822 120805.98
823 121040.11
824 120841.98
825 121127.13
826 121125.94
827 120744.94
828 120838.88
829 121041.06
830 121236.80
831 121039.15
832 120885.13
833 120908.98
834 121355.06
835 120846.03
836 120842.93
837 120867.01
838 121588.95
839 121155.98
840 120907.07
841 120936.16
842 121173.86
843 121381.04
844 121039.15
845 120822.91
846 120922.09
847 121003.87
848 120990.04
849 120691.06
850 121105.91
851 120690.11
852 121121.88
853 121172.90
854 121055.13
855 120816.95
856 120867.97
857 120776.18
858 121312.14
859 120998.86
860 120742.08
861 121366.98
862 121428.97
863 120717.05
864 121035.10
865 120795.97
866 121145.01
867 121227.03
868 121248.96
869 120754.96
870 120681.05
871 120980.98
872 121284.01
873 121205.09
874 121234.18
875 120965.96
876 120900.87
877 120991.95
878 120901.11
879 121910.10
880 121090.89
881 120903.02
882 121126.17
883 120725.87
884 121112.11
885 120941.88
886 120942.12
887 121035.81
888 121459.96
889 121083.02
890 121015.79
891 121404.89
892 120857.95
893 120924.95
894 121063.95
895 120898.96
896 120918.04
897 121536.97
898 121255.16
899 120862.01
900 120754.00
901 121075.15
902 120740.89
903 121198.89
904 121101.14
905 120851.04
906 121009.11
907 121014.83
908 121109.01
909 120954.04
910 121230.13
911 120798.11
912 120809.08
913 121004.10
914 121166.94
915 121366.98
916 120884.90
917 121238.95
918 121402.98
919 120713.00
920 120770.93
921 120797.16
922 121038.91
923 120746.85
924 120743.99
925 120829.11
926 121558.90
927 120728.97
928 121170.04
929 120911.12
930 121039.87
931 121176.96
932 121085.17
933 121258.02
934 121471.88
935 120707.99
936 120752.10
937 121176.00
938 120932.10
939 121227.03
940 120955.94
941 120900.87
942 121383.91
943 121393.20
944 120985.98
945 120836.02
946 120996.00
947 121059.89
948 121108.06
949 121023.89
950 121254.92
951 120826.96
952 120769.98
953 121033.91
954 121205.09
955 120747.09
956 121199.13
957 120903.02
958 120908.98
959 121243.00
960 121259.93
961 121300.94
962 120810.03
963 120820.05
964 121081.83
965 121406.08
966 121021.99
967 120907.07
968 121129.04
969 121321.92
970 120960.00
971 121093.03
972 121036.05
973 121139.05
974 121246.10
975 121034.15
976 121148.11
977 121006.97
978 120890.14
979 120827.91
980 120779.99
981 121126.89
982 120797.87
983 121088.98
984 121342.18
985 120664.83
986 121061.09
987 121271.85
988 121189.12
989 121104.96
990 121111.15
991 121264.93
992 121021.99
993 121048.93
994 121714.83
995 120736.84
996 120818.85
997 121160.98
998 121148.11
999 121127.13
1000 121145.01
1001 121257.07
1002 120936.87
1003 120923.04
1004 121340.04
1005 120872.97
1006 120949.98
1007 121082.07
1008 121004.82
1009 121102.09
1010 120956.90
1011 121208.91
1012 120629.07
1013 121094.94
1014 121045.83
1015 121043.92
1016 120895.15
1017 120864.87
1018 120924.95
1019 120999.81
1020 120985.98
1021 121124.03
1022 121399.88
1023 120826.01
1024 121054.89
1025 120959.04
1026 120801.93
1027 120923.04
1028 120960.95
1029 120933.06
1030 120813.85
1031 120908.02
1032 121237.04
1033 121134.04
1034 121042.97
1035 120795.01
1036 121275.90
1037 121154.07
1038 120990.04
1039 120740.18
1040 120728.97
1041 121004.10
1042 121155.98
1043 120896.10
1044 121104.96
1045 120766.88
1046 120829.11
1047 121356.01
1048 121405.84
1049 121089.94
1050 121261.12
1051 120808.12
1052 121181.01
1053 121001.01
1054 120811.94
1055 121083.02
1056 121362.92
1057 120869.16
1058 120651.96
1059 120656.97
1060 121006.97
1061 120868.92
1062 120901.11
1063 120890.86
1064 120959.04
1065 120998.86
1066 121029.14
1067 121165.99
1068 120841.98
1069 121391.06
1070 120723.96
1071 120653.87
1072 120936.87
1073 120893.00
1074 120731.83
1075 120836.97
1076 120872.97
1077 120944.98
1078 120999.81
1079 120826.96
1080 120795.01
1081 120976.92
1082 121313.81
1083 120914.94
1084 121120.21
1085 120872.97
1086 121120.93
1087 120756.86
1088 120738.98
1089 121272.09
1090 121156.93
1091 120777.13
1092 121210.81
1093 121390.10
1094 121078.01
1095 120877.03
1096 121034.15
1097 120867.97
1098 120692.01
1099 120761.16
1100 120725.87
1101 120883.94
1102 121155.98
1103 120835.07
1104 120965.96
1105 120774.03
1106 121538.16
1107 121121.88
1108 121143.10
1109 120651.01
1110 120903.02
1111 121119.98
1112 120967.15
1113 121027.95
1114 121050.83
1115 121047.02
1116 121050.12
1117 121053.93
1118 121047.97
1119 121057.99
1120 121052.98
1121 121063.95
1122 121057.03
1123 121068.95
1124 121064.90
1125 121042.01
1126 121064.90
1127 121047.97
1128 121068.00
1129 121032.00
1130 121068.00
1131 121052.98
1132 120965.00
1133 120980.02
1134 121060.13
1135 121059.89
1136 121058.94
1137 121061.09
1138 120955.94
1139 121030.09
1140 121052.98
1141 121049.17
1142 121064.19
1143 121050.12
1144 121041.06
1145 121030.81
1146 121061.09
1147 121046.07
1148 121026.99
1149 121052.98
1150 121040.11
1151 121051.07
1152 121053.93
1153 121057.99
1154 121055.84
1155 121061.09
1156 121052.98
1157 121065.86
1158 121052.98
1159 120990.99
1160 121055.13
1161 121056.08
1162 121053.93
1163 121072.05
1164 121058.94
1165 121069.91
1166 121067.05
1167 120974.06
1168 121069.91
1169 121053.93
1170 121068.00
1171 120987.18
1172 121024.85
1173 121057.03
1174 121040.11
1175 121058.94
1176 121047.02
1177 121061.09
1178 121047.97
1179 121070.86
1180 121016.03
1181 121048.21
1182 121067.05
1183 121057.03
1184 121037.96
1185 121068.95
1186 121052.03
1187 121066.09
1188 121054.17
1189 121068.00
1190 121061.09
1191 120954.04
1192 121015.07
1193 121057.99
1194 121068.00
1195 121058.94
1196 121070.15
1197 121067.05
1198 121070.15
1199 121057.03
1200 121044.87
1201 121060.13
1202 121052.98
1203 121026.99
1204 121026.04
1205 121037.01
1206 121032.00
1207 121042.01
1208 121041.06
1209 121043.21
1210 121042.97
1211 121032.95
1212 121016.03
1213 120810.03
1214 121072.05
1215 121052.03
1216 121052.03
1217 121052.98
1218 121057.99
1219 121052.03
1220 121047.97
1221 121061.09
1222 120974.06
1223 121065.86
1224 121057.99
1225 121088.98
1226 121068.00
1227 121009.83
1228 121036.05
1229 121068.95
1230 121048.21
1231 121055.13
1232 121010.07
1233 121006.01
1234 121056.80
1235 121128.08
1236 120990.99
1237 121036.05
1238 121065.14
1239 121042.01
1240 121000.05
1241 121049.88
1242 120996.95
1243 121051.07
1244 121064.90
1245 121042.01
1246 121040.82
1247 121057.03
1248 121047.97
1249 121064.90
1250 120990.04
1251 120968.10
1252 121006.01
1253 120969.06
1254 120994.09
1255 121043.92
1256 121013.88
1257 121055.13
1258 121052.03
1259 121062.99
1260 121061.09
1261 121068.95
1262 121062.04
1263 121038.91
1264 121066.09
1265 121101.14
1266 121059.18
1267 121042.97
1268 121055.13
1269 121052.98
1270 121059.89
1271 121061.09
1272 121016.03
1273 121068.95
1274 121061.09
1275 121069.91
1276 121077.06
1277 121069.19
1278 121067.05
1279 121072.05
1280 121068.00
1281 121040.11
1282 121048.93
1283 121047.02
1284 121063.95
1285 121063.95
1286 121058.94
1287 121057.03
1288 121066.09
1289 121057.03
1290 121067.05
1291 120997.19
1292 121026.04
1293 121073.01
1294 120924.00
1295 121047.02
1296 121066.09
1297 121051.07
1298 121068.00
1299 121054.89
1300 120990.99
1301 121053.93
1302 120954.04
1303 121057.99
1304 121071.10
1305 121083.02
1306 121006.97
1307 121066.81
1308 121071.10
1309 121068.00
1310 121047.97
1311 120984.08
1312 121013.88
1313 121053.93
1314 121057.99
1315 121062.04
1316 121071.10
1317 121068.00
1318 121075.15
1319 121068.00
1320 121037.01
1321 121069.19
1322 121047.02
1323 121003.87
1324 120975.97
1325 121034.86
1326 121068.95
1327 121051.07
1328 121073.01
1329 121054.89
1330 121006.01
1331 120985.98
1332 121016.03
1333 121057.03
1334 120934.01
1335 121057.03
1336 121070.15
1337 121056.80
1338 121072.05
1339 121064.19
1340 121043.92
1341 121061.09
1342 121057.03
1343 121042.01
1344 121039.15
1345 121047.02
1346 121052.98
1347 121049.88
1348 121055.13
1349 121057.03
1350 121079.92
1351 121057.99
1352 121025.09
1353 121057.99
1354 121050.12
1355 121054.89
1356 121059.89
1357 121063.95
1358 121064.90
1359 121062.04
1360 121065.86
1361 121057.03
1362 121068.00
1363 121063.95
1364 121065.14
1365 121047.97
1366 120863.91
1367 121068.95
1368 121072.05
1369 121037.96
1370 121042.01
1371 120974.06
1372 121025.80
1373 120993.14
1374 121048.93
1375 121061.80
1376 121052.98
1377 121067.05
1378 121064.90
1379 120956.18
1380 121062.04
1381 121057.99
1382 121067.05
1383 121058.94
1384 121062.04
1385 121066.09
1386 121040.11
1387 121062.99
1388 121040.82
1389 121070.15
1390 120989.08
1391 120976.92
1392 121034.86
1393 121058.94
1394 121047.02
1395 121067.05
1396 121054.89
1397 121001.01
1398 121026.04
1399 121042.97
