1400
0 121198.18
1 121009.11
2 120924.00
3 121026.04
4 121024.85
5 121028.90
6 121030.09
7 121038.91
8 120990.04
9 121030.09
10 121032.95
11 121027.95
12 121034.86
13 121029.85
14 121032.95
15 121023.89
16 120908.02
17 121012.93
18 121021.99
19 120975.97
20 121026.99
21 121033.91
22 121024.85
23 121038.91
24 121021.99
25 121003.87
26 121028.18
27 121022.94
28 121024.13
29 121017.93
30 121028.90
31 121021.99
32 121022.22
33 121028.18
34 121036.05
35 121030.09
36 120886.80
37 121057.99
38 121016.03
39 120990.04
40 120924.00
41 120924.95
42 121019.84
43 121006.01
44 120989.08
45 121015.07
46 121011.97
47 121036.05
48 121077.06
49 121032.00
50 120991.95
51 121052.03
52 121031.05
53 121004.82
54 121045.11
55 121023.18
56 120983.12
57 121021.03
58 121035.10
59 120987.89
60 120991.95
61 121018.17
62 121047.02
63 121018.89
64 121012.21
65 121027.95
66 121017.93
67 121026.99
68 120958.09
69 121028.90
70 121028.90
71 121021.99
72 121031.05
73 121030.81
74 121026.04
75 121021.99
76 120954.04
77 121006.97
78 121038.91
79 121011.97
80 120919.94
81 120920.90
82 121032.00
83 121026.04
84 121037.96
85 121030.09
86 121039.87
87 120941.88
88 121037.96
89 121030.81
90 121038.91
91 121031.05
92 121028.90
93 121040.11
94 121012.93
95 121034.86
96 120944.98
97 120937.11
98 120944.02
99 120847.94
100 121057.99
101 121006.01
102 121029.85
103 120953.08
104 121197.94
105 121050.83
106 122017.86
107 120979.07
108 122062.92
109 121253.97
110 121121.88
111 121346.00
112 121721.03
113 122093.92
114 121101.86
115 121042.97
116 120911.84
117 121227.98
118 120893.00
119 120868.92
120 121558.19
121 120871.07
122 121486.90
123 120846.03
124 121226.07
125 121284.96
126 122101.07
127 121367.93
128 121817.83
129 120963.10
130 121058.94
131 121062.99
132 121734.86
133 120867.01
134 121213.91
135 121212.01
136 121123.08
137 121023.89
138 121567.01
139 121478.08
140 120944.02
141 121410.85
142 121031.05
143 120985.03
144 121396.06
145 121017.93
146 120762.11
147 121212.01
148 121241.81
149 121256.11
150 122397.90
151 121207.00
152 121248.01
153 121674.06
154 121826.17
155 121145.01
156 121608.02
157 121757.98
158 121683.12
159 121044.16
160 121431.11
161 122222.19
162 121304.99
163 121808.05
164 121381.04
165 120864.87
166 121474.03
167 120999.10
168 120919.94
169 120929.00
170 121733.19
171 120898.01
172 121321.92
173 121047.97
174 121407.03
175 121118.07
176 122082.00
177 121030.09
178 121029.14
179 120954.04
180 121256.11
181 121282.10
182 120898.01
183 121227.98
184 120692.97
185 121610.16
186 121909.14
187 120980.02
188 120981.93
189 121283.05
190 121419.91
191 121062.04
192 121490.00
193 121856.93
194 121842.15
195 121614.93
196 121715.07
197 121729.85
198 122166.87
199 121345.04
200 120815.99
201 121331.93
202 121794.94
203 121687.17
204 121640.92
205 121502.88
206 121032.00
207 121521.00
208 121268.99
209 121857.88
210 121809.01
211 121107.10
212 121203.18
213 121848.82
214 121083.97
215 122806.07
216 120831.97
217 121865.03
218 121496.92
219 121947.05
220 121073.01
221 122059.11
222 121635.91
223 121824.03
224 120792.15
225 121025.09
226 121465.92
227 121384.14
228 121252.06
229 121976.14
230 121245.86
231 121206.05
232 121982.10
233 121171.95
234 121286.15
235 120912.79
236 121438.98
237 121427.06
238 121253.97
239 121092.08
240 121566.06
241 121639.01
242 121596.10
243 121262.07
244 121329.07
245 120836.02
246 121268.03
247 121353.86
248 122560.02
249 121544.12
250 121659.04
251 121247.05
252 121379.85
253 121419.91
254 121177.91
255 121346.00
256 122063.16
257 121722.94
258 120989.80
259 121755.84
260 121591.09
261 121724.84
262 120790.96
263 120960.00
264 121463.06
265 120954.99
266 121348.86
267 120874.17
268 120882.99
269 121971.13
270 121243.00
271 121147.87
272 121604.92
273 121233.22
274 121201.04
275 121221.78
276 122444.15
277 121610.88
278 121682.17
279 121170.04
280 121248.01
281 120788.10
282 121627.09
283 121860.98
284 121286.15
285 121025.09
286 120778.08
287 120906.11
288 120993.14
289 120985.03
290 121493.82
291 121223.93
292 122082.95
293 120968.10
294 121924.16
295 121211.05
296 120935.92
297 122644.90
298 120969.06
299 121544.84
300 121596.10
301 121318.10
302 121023.89
303 121256.11
304 121337.18
305 120761.16
306 120932.10
307 120980.98
308 122179.99
309 122347.83
310 121022.94
311 121014.12
312 121051.07
313 121095.90
314 121632.10
315 121382.95
316 121454.95
317 122111.80
318 121945.14
319 120787.14
320 121618.03
321 120807.89
322 121660.95
323 120831.97
324 121627.09
325 121360.06
326 122334.00
327 120745.90
328 122085.09
329 121214.87
330 120908.02
331 120682.95
332 121598.96
333 121167.18
334 121442.79
335 121516.94
336 121368.17
337 121311.19
338 121343.85
339 120906.11
340 121118.07
341 121217.97
342 121645.21
343 120814.80
344 121467.83
345 121118.07
346 122071.03
347 121236.09
348 121351.96
349 120774.03
350 121499.06
351 122100.11
352 121062.99
353 120794.06
354 121545.08
355 120753.05
356 122371.91
357 121366.02
358 121514.08
359 121233.94
360 121589.18
361 120723.01
362 120667.93
363 120687.01
364 120918.04
365 120887.99
366 120895.86
367 121324.06
368 120978.12
369 120861.05
370 120972.16
371 120892.05
372 121089.94
373 120739.22
374 120897.05
375 120743.99
376 121101.86
377 120944.02
378 120978.12
379 121191.02
380 121109.96
381 120993.14
382 120818.14
383 121311.19
384 120887.99
385 121119.98
386 120868.21
387 120987.89
388 120690.11
389 120860.10
390 120823.86
391 120785.00
392 120965.00
393 121355.06
394 120994.81
395 120898.01
396 120699.17
397 120934.01
398 121002.91
399 120929.96
400 120898.01
401 121167.18
402 120769.02
403 121020.08
404 120790.96
405 120829.82
406 120785.00
407 121428.97
408 121025.09
409 121200.80
410 120821.00
411 120908.98
412 121293.07
413 120926.86
414 121244.91
415 120917.08
416 121438.98
417 121394.87
418 121576.07
419 120968.10
420 121423.01
421 121032.00
422 121105.19
423 120894.19
424 120765.92
425 120935.92
426 121578.93
427 121093.99
428 120941.88
429 120915.89
430 121376.99
431 120935.92
432 120758.77
433 120785.95
434 120915.17
435 120885.85
436 120692.97
437 120918.04
438 120985.98
439 121133.09
440 120788.81
441 120819.09
442 121130.94
443 120881.08
444 121248.01
445 120856.05
446 121222.02
447 121192.22
448 120963.10
449 121112.11
450 120935.92
451 121645.93
452 121169.09
453 121067.05
454 121074.91
455 120915.17
456 121093.03
457 120974.06
458 120949.98
459 121157.17
460 121438.03
461 121467.83
462 121389.15
463 120980.98
464 121558.90
465 121467.83
466 121256.83
467 121281.86
468 121567.96
469 121176.00
470 121186.02
471 121464.01
472 121321.92
473 121182.92
474 121285.92
475 121113.06
476 121721.03
477 120902.06
478 121127.13
479 120936.87
480 121042.97
481 121623.04
482 121587.99
483 121391.06
484 121018.89
485 121438.03
486 121382.00
487 121885.06
488 121541.02
489 121206.05
490 121579.17
491 121215.82
492 121337.89
493 121438.03
494 121335.03
495 121542.93
496 120845.08
497 121104.00
498 120950.94
499 121220.11
500 121284.01
501 120821.95
502 121615.89
503 121374.85
504 121404.17
505 121034.15
506 121019.84
507 121114.02
508 120942.83
509 121419.91
510 121651.89
511 122137.78
512 121793.03
513 121110.92
514 121148.82
515 121079.92
516 121083.97
517 121556.04
518 120766.88
519 121765.14
520 121546.03
521 121418.00
522 121720.08
523 121449.95
524 121737.00
525 121397.97
526 121180.06
527 121441.84
528 121084.93
529 121463.06
530 121384.86
531 121424.20
532 121436.12
533 121253.01
534 121198.89
535 121058.94
536 121716.98
537 121192.93
538 121395.11
539 121205.09
540 121374.85
541 121413.95
542 121433.97
543 121701.00
544 120830.06
545 120841.03
546 121029.14
547 121361.02
548 121495.01
549 121399.88
550 121243.00
551 121163.13
552 121402.98
553 121110.92
554 121275.90
555 121395.83
556 121509.08
557 121339.80
558 121611.12
559 121392.97
560 121572.97
561 121427.06
562 121380.09
563 121562.96
564 121171.95
565 121673.11
566 121458.05
567 121683.12
568 121344.09
569 121036.05
570 121531.96
571 121015.07
572 121376.04
573 121118.07
574 121317.15
575 121742.01
576 122003.08
577 121593.95
578 121313.10
579 120808.84
580 121554.14
581 121271.13
582 121248.01
583 121278.05
584 121346.00
585 121665.00
586 121118.07
587 121140.00
588 121061.09
589 121520.04
590 121491.91
591 121146.92
592 121665.00
593 121302.13
594 121473.07
595 121350.05
596 121302.84
597 121529.10
598 121294.02
599 121132.14
600 121323.11
601 121155.02
602 121075.15
603 121387.96
604 121038.91
605 121154.79
606 121094.94
607 122028.83
608 120961.90
609 120867.97
610 121438.03
611 121296.88
612 121812.11
613 120779.99
614 121521.00
615 121557.00
616 121500.97
617 121203.90
618 121176.00
619 121289.01
620 121159.08
621 121261.84
622 121582.98
623 120720.15
624 121754.17
625 121334.79
626 121246.10
627 121023.89
628 121327.88
629 121330.98
630 121215.82
631 121554.14
632 121680.02
633 121515.99
634 121644.97
635 121533.87
636 121336.94
637 121404.17
638 121510.03
639 121713.88
640 121119.98
641 121683.12
642 120965.96
643 120940.21
644 121519.09
645 121572.97
646 121162.89
647 121646.88
648 121647.83
649 120898.01
650 121428.97
651 121469.02
652 121426.82
653 121807.10
654 121526.00
655 120954.04
656 121583.94
657 121504.07
658 120840.79
659 121033.91
660 121584.89
661 121194.84
662 121446.13
663 121622.09
664 121299.03
665 121484.99
666 120791.91
667 121183.87
668 121002.91
669 121517.18
670 120869.87
671 121406.08
672 121665.95
673 121294.98
674 121633.05
675 121300.94
676 121981.86
677 121613.98
678 121201.04
679 121631.15
680 121984.00
681 121428.01
682 121172.90
683 121123.08
684 121127.13
685 121398.93
686 121173.86
687 121222.97
688 121745.82
689 121557.95
690 121403.93
691 121197.94
692 121342.90
693 121732.95
694 121393.92
695 121632.10
696 121371.98
697 121075.87
698 121302.13
699 120978.12
700 121335.98
701 121452.09
702 122051.95
703 121358.16
704 121665.00
705 121154.79
706 121127.13
707 121535.78
708 121716.02
709 121150.02
710 121424.91
711 121868.13
712 121264.93
713 120971.92
714 121494.05
715 121234.18
716 121588.95
717 121144.06
718 121617.08
719 121778.01
720 121388.91
721 121366.98
722 120979.07
723 121016.98
724 121282.10
725 121392.97
726 121614.22
727 121406.08
728 121690.03
729 120975.02
730 121181.96
731 121061.80
732 121192.93
733 120975.02
734 121142.86
735 121519.80
736 120846.99
737 121104.00
738 121375.08
739 121461.15
740 121155.02
741 121325.97
742 121495.96
743 121406.08
744 120861.05
745 121396.06
746 120786.19
747 121292.83
748 121576.07
749 121042.01
750 121336.94
751 121207.00
752 120997.91
753 121656.89
754 121865.03
755 121024.13
756 121579.17
757 120998.86
758 121634.96
759 121136.90
760 121514.08
761 121014.12
762 121459.96
763 121495.01
764 121948.96
765 121556.04
766 120907.07
767 121604.92
768 121299.03
769 121253.01
770 121335.98
771 121312.86
772 121091.13
773 121444.94
774 120852.95
775 120908.02
776 121127.84
777 121173.14
778 120898.96
779 120971.92
780 121239.19
781 121878.86
782 121797.08
783 121258.02
784 121472.84
785 121308.80
786 121466.16
787 121495.01
788 121453.05
789 121647.12
790 121881.01
791 121685.03
792 121282.82
793 121014.83
794 121085.88
795 120927.10
796 121247.05
797 121413.95
798 121088.98
799 121791.12
800 121191.02
801 121239.19
802 121328.12
803 121710.06
804 121011.02
805 121294.98
806 120768.07
807 121410.85
808 121424.91
809 121264.93
810 121331.93
811 121386.05
812 120994.09
813 121406.08
814 121016.03
815 121432.07
816 121287.82
817 121448.99
818 121598.96
819 121101.86
820 120979.07
821 121370.08
822 121262.07
823 121129.04
824 121375.08
825 121103.05
826 121155.02
827 121422.05
828 121237.04
829 121362.21
830 121375.08
831 121609.21
832 121141.91
833 121543.88
834 120809.08
835 121383.19
836 121819.02
837 121236.09
838 121623.99
839 120984.08
840 120969.06
841 121587.99
842 121166.94
843 121248.01
844 121592.04
845 121304.99
846 121444.94
847 121552.94
848 121579.17
849 121242.05
850 121119.02
851 121083.02
852 121604.20
853 121837.85
854 121056.08
855 121834.99
856 121562.96
857 120857.95
858 121284.96
859 121519.09
860 121046.07
861 121386.05
862 121152.88
863 121446.85
864 121574.88
865 121312.14
866 121118.07
867 120901.11
868 121242.05
869 121339.08
870 121260.17
871 121270.90
872 121422.05
873 121284.01
874 121427.06
875 121129.04
876 120904.92
877 120990.99
878 121400.83
879 120851.99
880 121235.85
881 121309.04
882 121683.12
883 121254.21
884 120949.98
885 121531.01
886 121210.10
887 121504.07
888 121584.89
889 121672.15
890 121040.11
891 121346.95
892 121719.12
893 121994.02
894 121723.89
895 121283.05
896 121421.10
897 121366.02
898 121410.85
899 121626.14
900 121330.98
901 121470.93
902 121509.08
903 121685.03
904 121205.81
905 121528.15
906 121191.02
907 121283.05
908 121361.97
909 121467.11
910 121700.05
911 121444.94
912 121029.85
913 121418.95
914 121198.18
915 121201.99
916 121155.98
917 121340.04
918 122228.15
919 121791.84
920 121453.05
921 121042.97
922 121562.96
923 121421.10
924 120874.88
925 120894.91
926 120967.86
927 122416.02
928 121208.91
929 121476.17
930 121121.88
931 121569.16
932 120922.80
933 121610.16
934 121370.08
935 121523.14
936 121376.04
937 121411.09
938 121201.04
939 121152.16
940 121587.99
941 121536.02
942 120904.92
943 121439.93
944 121001.01
945 121210.81
946 121057.99
947 121685.98
948 121514.08
949 122020.01
950 121897.94
951 121326.21
952 120877.03
953 121349.10
954 120917.08
955 121029.14
956 121451.14
957 121109.01
958 121476.89
959 121209.86
960 121115.92
961 121073.96
962 121192.93
963 121123.08
964 121068.00
965 121016.98
966 121276.14
967 121295.21
968 121082.07
969 121747.02
970 121223.93
971 121399.88
972 121926.07
973 121539.12
974 121471.88
975 121416.09
976 121061.80
977 121569.87
978 121448.99
979 121312.14
980 121283.05
981 121235.85
982 121445.89
983 121034.86
984 121701.96
985 121611.12
986 120953.08
987 121130.94
988 121315.96
989 120803.12
990 121662.86
991 120970.01
992 121207.95
993 121101.14
994 121206.05
995 121402.98
996 121514.08
997 120960.00
998 121567.01
999 121463.06
1000 121161.94
1001 121029.85
1002 121325.97
1003 121129.99
1004 121520.04
1005 121242.05
1006 120986.94
1007 120923.04
1008 120977.88
1009 121101.86
1010 120862.96
1011 121078.97
1012 120983.12
1013 121228.93
1014 121788.02
1015 121557.00
1016 121215.82
1017 121392.97
1018 121302.13
1019 121290.21
1020 121476.89
1021 121421.10
1022 120990.04
1023 121180.06
1024 121272.80
1025 121160.98
1026 121328.12
1027 121492.86
1028 120990.04
1029 121551.99
1030 121484.04
1031 120836.97
1032 121821.88
1033 120939.97
1034 121286.15
1035 120872.97
1036 121113.06
1037 120751.86
1038 121196.99
1039 121293.07
1040 121225.12
1041 121464.97
1042 121313.10
1043 121576.07
1044 121300.94
1045 121302.13
1046 121294.98
1047 121114.02
1048 121334.08
1049 121236.80
1050 121504.07
1051 121309.04
1052 121014.12
1053 121197.94
1054 121101.14
1055 121380.09
1056 120964.05
1057 121630.91
1058 122209.07
1059 121265.89
1060 121115.92
1061 121418.95
1062 121752.98
1063 121614.22
1064 121080.88
1065 121567.96
1066 121659.04
1067 121526.96
1068 121511.94
1069 121316.91
1070 121608.97
1071 121406.79
1072 121714.12
1073 121472.12
1074 121699.81
1075 121472.12
1076 121086.12
1077 121511.94
1078 121433.97
1079 121303.08
1080 121407.03
1081 121371.98
1082 121150.02
1083 121001.01
1084 121372.94
1085 120854.14
1086 121201.99
1087 121443.99
1088 121575.12
1089 121347.90
1090 121128.08
1091 121549.13
1092 121136.19
1093 121468.07
1094 121607.07
1095 121225.83
1096 121186.02
1097 120980.02
1098 121315.96
1099 120870.11
1100 121572.97
1101 121026.99
1102 122152.81
1103 121527.91
1104 121128.80
1105 121122.12
1106 121360.06
1107 121773.00
1108 120942.12
1109 121115.92
1110 121022.94
1111 121016.98
1112 122020.96
1113 121400.12
1114 121760.13
1115 121016.03
1116 121374.13
1117 121490.96
1118 121239.90
1119 121144.06
1120 121316.19
1121 121628.05
1122 121037.96
1123 121052.98
1124 121237.99
1125 121748.92
1126 120936.16
1127 120887.04
1128 121146.92
1129 121551.04
1130 120985.03
1131 121279.00
1132 121261.84
1133 121112.11
1134 121376.04
1135 121571.06
1136 121055.84
1137 120965.96
1138 121739.86
1139 121072.05
1140 121217.01
1141 121218.92
1142 121690.03
1143 121228.93
1144 121330.98
1145 121366.98
1146 121386.05
1147 121820.93
1148 121047.02
1149 121006.01
1150 121329.07
1151 121395.11
1152 121454.00
1153 121207.95
1154 121340.04
1155 121206.05
1156 121830.94
1157 121213.91
1158 121431.11
1159 121551.04
1160 121024.85
1161 121153.12
1162 121462.82
1163 121280.91
1164 121576.07
1165 121282.10
1166 121410.13
1167 121721.98
1168 121117.83
1169 121047.97
1170 121431.11
1171 120782.14
1172 120831.01
1173 121528.86
1174 121470.21
1175 121024.13
1176 121434.93
1177 120734.93
1178 120910.88
1179 121260.17
1180 121524.10
1181 121522.19
1182 121266.84
1183 121031.05
1184 121175.05
1185 121266.13
1186 121231.79
1187 121092.08
1188 120716.09
1189 121062.04
1190 121037.96
1191 121132.85
1192 121304.04
1193 121730.80
1194 121310.00
1195 120968.10
1196 121182.92
1197 121566.77
1198 121011.97
1199 121309.04
1200 121459.96
1201 121016.98
1202 121658.09
1203 121253.97
1204 121415.14
1205 121430.87
1206 121611.83
1207 121454.95
1208 120902.06
1209 121360.06
1210 121247.05
1211 121435.17
1212 120809.08
1213 121248.96
1214 121217.01
1215 121090.89
1216 120859.15
1217 120951.18
1218 120753.05
1219 121311.90
1220 120840.07
1221 120894.91
1222 120929.96
1223 120934.01
1224 120939.97
1225 120949.98
1226 120953.80
1227 120961.19
1228 120934.01
1229 120943.78
1230 120952.13
1231 120954.99
1232 120942.12
1233 120950.94
1234 120947.84
1235 120949.98
1236 120952.84
1237 120946.17
1238 120877.98
1239 120947.84
1240 120951.18
1241 120946.88
1242 120973.83
1243 120934.01
1244 120913.03
1245 120946.17
1246 120943.07
1247 120955.94
1248 120934.01
1249 120939.02
1250 120945.93
1251 120965.00
1252 120960.00
1253 120935.92
1254 120937.82
1255 120953.80
1256 120931.86
1257 120962.14
1258 120938.06
1259 120955.94
1260 120959.04
1261 120949.98
1262 120956.90
1263 120935.92
1264 120942.12
1265 120959.04
1266 120952.13
1267 120952.13
1268 120963.10
1269 120939.97
1270 120948.79
1271 120953.80
1272 120951.18
1273 120979.79
1274 120932.10
1275 120948.79
1276 120966.91
1277 120961.19
1278 120960.95
1279 120942.83
1280 120942.12
1281 120949.03
1282 120965.96
1283 120934.96
1284 120928.05
1285 120913.03
1286 120953.08
1287 120970.01
1288 120970.01
1289 120933.06
1290 120944.98
1291 120947.84
1292 120949.98
1293 120949.98
1294 120934.96
1295 120939.97
1296 120948.08
1297 120968.82
1298 120952.84
1299 120953.80
1300 120954.99
1301 120930.91
1302 120947.84
1303 120951.89
1304 120949.03
1305 120951.89
1306 120957.85
1307 120941.88
1308 120939.97
1309 120952.13
1310 120965.96
1311 120960.95
1312 120935.92
1313 120958.09
1314 120952.13
1315 120944.02
1316 120962.86
1317 120950.94
1318 120936.16
1319 120932.10
1320 120953.08
1321 120951.89
1322 120971.92
1323 120951.89
1324 120994.09
1325 120943.07
1326 120908.98
1327 120851.99
1328 120949.03
1329 120922.80
1330 120944.98
1331 120954.04
1332 120950.94
1333 120947.84
1334 120943.07
1335 120942.12
1336 120959.04
1337 120942.83
1338 120958.81
1339 120962.14
1340 120949.98
1341 120934.01
1342 120930.19
1343 120949.03
1344 120963.10
1345 120956.90
1346 120931.86
1347 120924.95
1348 120951.89
1349 120949.03
1350 120955.94
1351 120942.12
1352 120928.05
1353 120944.98
1354 120955.94
1355 120933.06
1356 120949.03
1357 121003.15
1358 120949.98
1359 120943.07
1360 120950.94
1361 120961.19
1362 120963.10
1363 120970.01
1364 120924.00
1365 120952.84
1366 120960.00
1367 120902.06
1368 120940.92
1369 120939.97
1370 120954.99
1371 120912.08
1372 120950.94
1373 120949.98
1374 120903.02
1375 120951.18
1376 120960.95
1377 120962.86
1378 120949.03
1379 120956.90
1380 120960.95
1381 120977.16
1382 120949.03
1383 120905.16
1384 120962.14
1385 120962.14
1386 120962.14
1387 120965.00
1388 120953.08
1389 120903.97
1390 120942.83
1391 120893.00
1392 120911.84
1393 120970.96
1394 120963.10
1395 120952.13
1396 120967.86
1397 120965.96
1398 120975.02
1399 120862.96
