1400
0 121134.04
1 121032.95
2 120983.12
3 121006.97
4 120999.81
5 121006.97
6 120988.13
7 121062.99
8 121001.96
9 121017.93
10 120990.04
11 121005.06
12 120996.95
13 120991.95
14 120988.85
15 121022.94
16 120930.91
17 121008.16
18 120996.95
19 121004.10
20 120990.99
21 120990.04
22 120994.09
23 121070.86
24 120987.89
25 121018.89
26 121011.02
27 121011.02
28 120998.86
29 120999.10
30 120993.85
31 121000.05
32 120882.99
33 120893.96
34 121006.01
35 120985.98
36 120934.96
37 121017.93
38 121010.78
39 121054.89
40 121000.05
41 120960.95
42 121004.82
43 121005.06
44 120994.81
45 120990.99
46 121013.88
47 121011.02
48 120984.08
49 120992.90
50 120994.09
51 121001.96
52 121007.92
53 121002.91
54 121005.06
55 121040.82
56 120999.10
57 121010.07
58 120991.95
59 121006.01
60 121014.12
61 121001.01
62 121008.16
63 121003.87
64 121004.10
65 120999.10
66 121033.91
67 120994.09
68 120995.04
69 120954.04
70 121005.06
71 121024.85
72 120985.03
73 120921.13
74 121012.21
75 121019.84
76 120869.87
77 121010.07
78 121021.03
79 121016.98
80 121009.11
81 120960.00
82 121060.13
83 120997.19
84 120960.95
85 121017.93
86 120988.13
87 120959.04
88 121013.16
89 120998.86
90 121001.01
91 120970.01
92 120986.94
93 121018.89
94 120873.93
95 121024.85
96 120861.05
97 120912.08
98 120901.11
99 120990.99
100 120970.96
101 121016.03
102 121078.01
103 120878.93
104 120948.08
105 120738.03
106 121751.07
107 121017.22
108 122287.99
109 121441.84
110 122979.16
111 122949.12
112 124353.89
113 123575.93
114 124169.11
115 122765.06
116 122644.90
117 124472.86
118 123301.03
119 122205.97
120 123817.92
121 122710.94
122 122927.19
123 122190.00
124 123238.09
125 122380.97
126 122349.02
127 123014.93
128 122758.87
129 121979.95
130 124586.82
131 124386.07
132 124337.20
133 123651.03
134 121950.15
135 122482.06
136 122558.12
137 123150.11
138 123835.09
139 123708.96
140 123044.97
141 125417.95
142 123394.97
143 122148.99
144 122866.87
145 122864.96
146 122750.04
147 124284.98
148 124066.11
149 124149.80
150 122421.98
151 123108.86
152 122709.04
153 124687.91
154 122893.10
155 123569.97
156 122637.99
157 123234.99
158 123835.09
159 123235.94
160 123652.94
161 123369.93
162 123394.97
163 123245.00
164 122937.92
165 123130.08
166 124598.98
167 124498.13
168 122863.05
169 125216.01
170 122411.01
171 123476.03
172 123239.04
173 123893.98
174 124612.09
175 123543.98
176 123507.02
177 123396.87
178 123322.96
179 123897.08
180 123957.87
181 122983.93
182 123111.01
183 124057.05
184 125542.88
185 123448.85
186 123480.08
187 124338.87
188 122648.00
189 122600.08
190 122229.81
191 123055.93
192 123908.04
193 123816.01
194 124309.06
195 122345.92
196 124790.91
197 124141.93
198 124796.15
199 124143.84
200 124801.87
201 122012.85
202 123780.97
203 123616.22
204 122658.97
205 123559.95
206 122589.11
207 122967.96
208 122591.02
209 122457.98
210 124714.85
211 124508.14
212 122905.97
213 122855.19
214 123143.20
215 122715.95
216 123358.96
217 124006.99
218 123193.03
219 123677.02
220 124408.01
221 123385.19
222 123497.96
223 123913.05
224 123734.00
225 122998.95
226 123006.11
227 122629.17
228 123151.06
229 122565.98
230 122962.00
231 124062.06
232 125012.16
233 122190.95
234 126445.06
235 122362.85
236 123924.02
237 124382.97
238 122557.88
239 123124.84
240 122293.00
241 122967.00
242 121994.97
243 122863.05
244 123679.16
245 123327.02
246 124207.02
247 123963.12
248 122586.97
249 124223.95
250 123794.79
251 123088.12
252 122951.03
253 123396.16
254 123342.99
255 123163.94
256 123159.89
257 123878.00
258 122948.17
259 122929.81
260 125298.98
261 124916.08
262 123955.97
263 122394.08
264 122375.97
265 123667.00
266 123626.95
267 122427.94
268 124896.05
269 122774.12
270 123381.14
271 124277.11
272 123340.85
273 123322.01
274 123132.94
275 122380.02
276 123420.95
277 123297.93
278 122257.95
279 124011.99
280 123896.84
281 122924.80
282 124410.15
283 123539.92
284 122691.15
285 124364.85
286 123684.88
287 124507.19
288 124856.95
289 123227.12
290 122148.99
291 123507.98
292 122852.09
293 124175.79
294 122701.17
295 122524.02
296 122279.17
297 123095.04
298 123598.10
299 123534.92
300 123476.03
301 122484.92
302 123237.13
303 122123.00
304 123533.96
305 123661.99
306 122612.00
307 122940.06
308 122354.03
309 123259.07
310 124087.10
311 123078.11
312 123486.04
313 123638.87
314 124971.15
315 122621.06
316 124475.00
317 123458.15
318 124154.81
319 124011.04
320 123974.08
321 122945.07
322 122772.93
323 123672.01
324 124974.01
325 122455.12
326 123922.11
327 123386.14
328 123052.84
329 123844.15
330 123725.89
331 122892.14
332 123544.22
333 124058.96
334 122538.09
335 122430.09
336 122009.99
337 124432.09
338 122534.04
339 123467.92
340 123167.99
341 122960.09
342 124728.92
343 124169.11
344 122817.99
345 123397.83
346 122653.01
347 123028.04
348 123607.16
349 123003.01
350 123841.05
351 123869.18
352 123767.85
353 124167.92
354 122479.92
355 123955.97
356 123737.81
357 123764.99
358 122981.07
359 122226.95
360 122483.02
361 122749.09
362 122787.95
363 122565.03
364 122853.04
365 122543.10
366 122550.01
367 122227.91
368 123244.05
369 122334.96
370 122215.99
371 122184.99
372 122298.00
373 121979.00
374 122547.86
375 122925.04
376 123032.09
377 122816.09
378 122777.94
379 122869.97
380 122354.98
381 122289.90
382 122063.16
383 122632.03
384 122599.12
385 122613.19
386 122550.96
387 122327.09
388 122228.86
389 122565.98
390 122359.99
391 122301.10
392 122869.97
393 122256.99
394 122877.84
395 122384.07
396 122509.00
397 122175.93
398 122861.15
399 122642.04
400 122457.03
401 122287.99
402 122903.11
403 122893.81
404 122661.11
405 122699.02
406 122477.05
407 122073.89
408 122157.10
409 122202.87
410 122645.14
411 122527.12
412 122102.98
413 122467.04
414 122188.81
415 122617.96
416 122575.04
417 122172.12
418 122466.09
419 122505.90
420 122238.87
421 122359.99
422 122212.17
423 122647.05
424 123013.97
425 122112.99
426 122395.99
427 122447.97
428 122710.94
429 123071.91
430 122335.20
431 122543.81
432 121994.97
433 122296.09
434 122848.99
435 122442.96
436 122738.84
437 122777.94
438 122463.94
439 122560.98
440 122475.86
441 122429.85
442 122478.96
443 122734.79
444 123150.11
445 123087.88
446 122328.04
447 122745.99
448 122991.80
449 122483.02
450 122755.05
451 122619.15
452 122763.16
453 122460.84
454 122808.22
455 122385.03
456 122754.81
457 122056.01
458 122939.11
459 121903.90
460 122588.87
461 122840.88
462 122426.99
463 122053.86
464 123132.94
465 122215.99
466 121809.96
467 122581.01
468 122123.00
469 122673.99
470 122822.05
471 122307.78
472 122586.01
473 122394.08
474 121814.97
475 123056.89
476 122154.95
477 122553.83
478 122460.13
479 123080.97
480 122210.98
481 122251.99
482 122464.90
483 122334.96
484 122519.97
485 122877.12
486 122575.04
487 122413.16
488 122303.01
489 122108.94
490 122806.07
491 122296.81
492 123060.94
493 123090.03
494 122311.12
495 123180.15
496 122344.02
497 122232.20
498 122287.03
499 122519.97
500 122716.90
501 122513.06
502 122368.10
503 122015.00
504 122389.08
505 122410.06
506 122040.03
507 122710.94
508 122565.03
509 122543.10
510 122938.16
511 122725.96
512 123211.86
513 122550.96
514 122610.09
515 123303.89
516 122831.82
517 122079.13
518 122119.90
519 122949.84
520 122313.02
521 122863.05
522 122609.14
523 122418.88
524 122093.20
525 122980.83
526 123224.97
527 122811.08
528 122202.87
529 122023.82
530 122363.81
531 122154.95
532 122281.07
533 123170.14
534 122321.84
535 122951.98
536 122482.06
537 122545.96
538 123514.18
539 122076.99
540 122483.02
541 122555.97
542 122306.82
543 122875.93
544 122648.00
545 122221.95
546 122504.00
547 122969.15
548 122777.94
549 122143.98
550 122507.10
551 122570.99
552 122641.09
553 122226.00
554 123799.09
555 122468.95
556 124095.92
557 122524.02
558 122982.98
559 122236.01
560 122189.04
561 122627.97
562 122643.95
563 122473.00
564 122287.99
565 123075.96
566 122169.97
567 122708.80
568 123440.98
569 123020.17
570 123185.87
571 122291.80
572 122323.99
573 122489.93
574 122719.05
575 122727.87
576 122272.97
577 122833.01
578 123013.02
579 122516.16
580 122025.97
581 122395.99
582 122266.05
583 122279.88
584 122422.93
585 122185.95
586 122056.96
587 122509.00
588 122220.04
589 122191.91
590 122129.92
591 122847.08
592 122501.85
593 122601.03
594 122434.85
595 122378.83
596 123294.12
597 121863.13
598 122654.91
599 122462.03
600 122284.89
601 122482.06
602 122334.96
603 122516.16
604 122371.91
605 122305.87
606 122616.05
607 122689.01
608 122339.01
609 122894.05
610 122809.89
611 122245.07
612 122317.08
613 122582.91
614 122937.20
615 123045.92
616 123505.12
617 122715.00
618 122181.89
619 122061.97
620 122251.99
621 122508.05
622 122979.88
623 122375.97
624 122113.94
625 122707.13
626 122245.07
627 122384.07
628 122606.04
629 122235.06
630 122962.95
631 122065.07
632 123298.88
633 122767.93
634 122349.98
635 122478.96
636 122971.06
637 122227.19
638 122627.02
639 122428.89
640 122323.99
641 122329.95
642 121243.00
643 122444.15
644 121015.07
645 121186.02
646 121918.92
647 121027.95
648 121059.18
649 121393.92
650 121983.05
651 121272.09
652 121116.16
653 121490.00
654 121680.02
655 121122.84
656 121659.04
657 121016.98
658 121026.99
659 121111.15
660 120706.08
661 121505.02
662 121087.07
663 121359.83
664 121454.95
665 121468.07
666 121592.04
667 120991.95
668 120985.98
669 121119.98
670 121039.15
671 121321.92
672 121132.14
673 121129.04
674 121314.05
675 120994.09
676 121036.05
677 121790.17
678 120860.82
679 121980.91
680 121318.82
681 121719.12
682 121616.84
683 121402.03
684 121622.09
685 121637.11
686 121360.06
687 121816.87
688 121612.07
689 121339.80
690 121300.94
691 121091.13
692 121390.10
693 121133.80
694 121466.16
695 120990.04
696 121331.93
697 121176.00
698 121351.96
699 121336.22
700 122439.15
701 121023.18
702 121367.93
703 121114.02
704 121598.01
705 121416.81
706 121263.98
707 121115.92
708 121242.05
709 121212.96
710 121139.05
711 121300.94
712 120965.00
713 121232.99
714 120960.00
715 121088.03
716 121014.12
717 121422.05
718 120874.88
719 121079.92
720 121054.89
721 121206.05
722 121376.04
723 120982.89
724 121114.97
725 120851.99
726 121171.95
727 121104.96
728 121250.15
729 121320.01
730 121232.99
731 121375.08
732 121258.02
733 121222.97
734 121016.03
735 121135.00
736 121519.09
737 120929.00
738 121634.96
739 120861.05
740 121176.96
741 120947.84
742 121350.05
743 121007.92
744 120990.04
745 120945.93
746 121307.85
747 121201.99
748 120962.86
749 120866.06
750 121173.14
751 120826.01
752 121109.96
753 121108.06
754 121041.06
755 120887.04
756 121072.05
757 121136.90
758 120863.20
759 121201.99
760 121439.93
761 121067.05
762 120871.07
763 120676.04
764 120874.88
765 121080.16
766 121468.07
767 121318.82
768 120817.18
769 121017.22
770 120908.98
771 120908.98
772 121038.91
773 121021.03
774 121016.03
775 121176.96
776 121421.10
777 121225.12
778 120996.95
779 120954.04
780 121332.88
781 121164.08
782 120918.04
783 121534.11
784 120867.01
785 121054.89
786 121361.97
787 121171.00
788 121013.16
789 121418.95
790 121140.96
791 121131.90
792 120937.11
793 120888.95
794 120758.77
795 120922.09
796 121347.19
797 120985.03
798 120904.92
799 121120.93
800 121148.11
801 121128.08
802 121162.89
803 121002.91
804 120918.04
805 121304.99
806 120981.22
807 121840.00
808 121189.12
809 121063.95
810 120877.03
811 121002.91
812 120937.11
813 120808.84
814 120860.82
815 120948.08
816 121017.93
817 121778.96
818 121317.86
819 121958.97
820 121124.98
821 120985.03
822 121160.98
823 120984.08
824 121325.02
825 120879.17
826 121204.85
827 120821.95
828 121346.95
829 121217.01
830 121213.91
831 121077.06
832 120898.01
833 121384.14
834 121240.85
835 121337.89
836 121201.99
837 120990.99
838 121161.94
839 121433.02
840 121456.15
841 121346.00
842 120790.00
843 121052.98
844 121153.83
845 120783.09
846 121171.95
847 120988.85
848 121046.07
849 120800.97
850 120931.15
851 120911.12
852 120983.12
853 121036.05
854 121113.78
855 121348.14
856 120905.88
857 120934.01
858 120908.98
859 121324.06
860 121092.08
861 121325.02
862 121901.04
863 120953.80
864 120983.12
865 120880.84
866 120973.11
867 121227.03
868 121450.90
869 121140.00
870 121041.06
871 121155.02
872 121649.98
873 121271.13
874 121079.92
875 120747.09
876 120982.89
877 120743.04
878 121083.97
879 121613.98
880 121283.05
881 120738.98
882 121150.02
883 120842.93
884 121206.05
885 121312.14
886 120914.94
887 120918.04
888 120959.04
889 120960.95
890 120750.90
891 120932.10
892 120867.97
893 121166.94
894 120864.15
895 121160.98
896 120770.93
897 120872.97
898 120908.02
899 121253.01
900 121436.83
901 121116.16
902 121091.13
903 121008.16
904 120933.06
905 121210.10
906 120769.98
907 120804.07
908 121023.89
909 120917.08
910 121262.07
911 120847.94
912 121037.01
913 121138.10
914 120965.96
915 121026.04
916 121188.16
917 121345.04
918 120867.97
919 121394.87
920 120877.03
921 120812.89
922 121048.21
923 120840.07
924 121045.11
925 120985.98
926 121074.91
927 120796.92
928 121189.12
929 120943.78
930 120836.02
931 121205.09
932 121100.90
933 120857.00
934 120925.90
935 120927.81
936 120897.05
937 121026.04
938 120971.20
939 120968.10
940 120944.98
941 120696.07
942 120961.19
943 121073.01
944 120997.91
945 121217.97
946 121417.05
947 121135.95
948 121100.90
949 120920.90
950 120997.91
951 120841.03
952 121290.92
953 120815.99
954 120980.02
955 121316.19
956 121078.01
957 121207.00
958 121001.01
959 121232.03
960 120862.96
961 121044.87
962 120912.08
963 120965.96
964 120793.82
965 120791.20
966 121107.10
967 120925.90
968 121093.99
969 121160.98
970 121194.12
971 121340.99
972 120851.99
973 120877.98
974 120882.99
975 121015.07
976 121114.02
977 121212.01
978 121394.16
979 120833.16
980 120889.90
981 120804.07
982 121263.98
983 120876.07
984 120915.89
985 121110.20
986 120947.12
987 121366.02
988 120939.02
989 121056.08
990 121331.93
991 121143.82
992 120987.18
993 121031.05
994 121009.11
995 121085.17
996 121164.08
997 121012.93
998 121242.05
999 120959.04
1000 121067.05
1001 121602.06
1002 121011.02
1003 120900.87
1004 121104.96
1005 120939.97
1006 121060.13
1007 120810.99
1008 121051.07
1009 120990.99
1010 121115.92
1011 121210.10
1012 121655.94
1013 121054.89
1014 121455.91
1015 121080.16
1016 121078.97
1017 121517.90
1018 120918.99
1019 121173.86
1020 120996.00
1021 120756.15
1022 120996.95
1023 121338.13
1024 120970.01
1025 120801.93
1026 121070.15
1027 120947.12
1028 121447.09
1029 120995.04
1030 121325.02
1031 120990.99
1032 120791.20
1033 121189.12
1034 121366.02
1035 120934.01
1036 121458.05
1037 121150.97
1038 120951.89
1039 121181.01
1040 121037.01
1041 120978.83
1042 120851.99
1043 120996.00
1044 120780.94
1045 121380.81
1046 121115.92
1047 121033.91
1048 121176.96
1049 121232.99
1050 120939.97
1051 120938.06
1052 121279.00
1053 120908.98
1054 120861.05
1055 121188.16
1056 120763.06
1057 121287.11
1058 120984.08
1059 120763.06
1060 120939.02
1061 120893.00
1062 121157.17
1063 121295.93
1064 121029.85
1065 120953.08
1066 121005.06
1067 121098.04
1068 121571.06
1069 120785.95
1070 121191.98
1071 120881.08
1072 120822.91
1073 121239.90
1074 121629.95
1075 121048.21
1076 120937.11
1077 121186.02
1078 121166.94
1079 121327.16
1080 120877.98
1081 121194.12
1082 121104.96
1083 120846.03
1084 121066.09
1085 120904.92
1086 121279.00
1087 121107.82
1088 120984.08
1089 121141.91
1090 121059.89
1091 121457.82
1092 121099.95
1093 121346.95
1094 121306.18
1095 120877.98
1096 121097.09
1097 120826.01
1098 121236.09
1099 121014.12
1100 121242.05
1101 120979.07
1102 121208.91
1103 120980.02
1104 121042.01
1105 121227.98
1106 120880.84
1107 120837.93
1108 120810.03
1109 120846.03
1110 120965.96
1111 121026.04
1112 120893.96
1113 120955.94
1114 120990.99
1115 121006.01
1116 120926.86
1117 120916.13
1118 121010.07
1119 120985.98
1120 121011.97
1121 121008.87
1122 120956.18
1123 121014.12
1124 121003.87
1125 120944.98
1126 121006.97
1127 120954.99
1128 121005.06
1129 121016.98
1130 121010.07
1131 121016.03
1132 120965.96
1133 120980.02
1134 121018.89
1135 120987.89
1136 120987.18
1137 120990.99
1138 121031.05
1139 121014.12
1140 121001.01
1141 120951.89
1142 121005.06
1143 121008.87
1144 121006.01
1145 121017.93
1146 120982.89
1147 120983.12
1148 121011.97
1149 120946.17
1150 121009.11
1151 121017.93
1152 120972.16
1153 120985.03
1154 121016.03
1155 121052.98
1156 121007.92
1157 120931.86
1158 121116.16
1159 121119.98
1160 121111.87
1161 121116.88
1162 121118.07
1163 121086.84
1164 121119.98
1165 121104.96
1166 121129.04
1167 121087.07
1168 121074.91
1169 121040.82
1170 121098.04
1171 121117.12
1172 121092.08
1173 121091.13
1174 121109.01
1175 121093.99
1176 121112.11
1177 121099.00
1178 121114.02
1179 121110.20
1180 121119.98
1181 121114.02
1182 121121.17
1183 121115.92
1184 121107.10
1185 121102.09
1186 121114.02
1187 121104.00
1188 121164.08
1189 121110.92
1190 121065.14
1191 121118.07
1192 121053.93
1193 121086.12
1194 121136.90
1195 121131.90
1196 121064.90
1197 121062.99
1198 121117.12
1199 121120.93
1200 121135.95
1201 121093.03
1202 121101.14
1203 121104.96
1204 121104.00
1205 121120.21
1206 121113.06
1207 121088.98
1208 121115.21
1209 121032.95
1210 121114.02
1211 121115.92
1212 121077.06
1213 121120.93
1214 121001.01
1215 121083.97
1216 121099.00
1217 121107.82
1218 121147.87
1219 121111.87
1220 121121.88
1221 121114.02
1222 121091.84
1223 121083.02
1224 121102.09
1225 121130.94
1226 121107.82
1227 121068.95
1228 121118.07
1229 121125.94
1230 121120.93
1231 121123.08
1232 120996.95
1233 121127.13
1234 121115.92
1235 121104.96
1236 121099.00
1237 121038.91
1238 121019.12
1239 121107.10
1240 121130.94
1241 121112.82
1242 121035.81
1243 121115.92
1244 121126.17
1245 121119.98
1246 121127.13
1247 121121.17
1248 121122.12
1249 121037.01
1250 121100.90
1251 121033.19
1252 121108.06
1253 121109.01
1254 121118.78
1255 121108.06
1256 121115.92
1257 121123.08
1258 121117.12
1259 121123.08
1260 121119.02
1261 121124.98
1262 121126.89
1263 121055.13
1264 121052.03
1265 121113.06
1266 121124.98
1267 121114.02
1268 121125.94
1269 121119.02
1270 121097.09
1271 121114.02
1272 121055.84
1273 121109.96
1274 121037.96
1275 121121.88
1276 121129.04
1277 121121.17
1278 121126.17
1279 121123.08
1280 121057.99
1281 121073.96
1282 121099.00
1283 121124.03
1284 121108.06
1285 121119.98
1286 121124.98
1287 121108.06
1288 121061.09
1289 121037.01
1290 121109.01
1291 121117.12
1292 121109.01
1293 121119.02
1294 121119.02
1295 121088.03
1296 121124.98
1297 121104.96
1298 121094.94
1299 121099.95
1300 121110.92
1301 121104.96
1302 121114.02
1303 121134.04
1304 121117.12
1305 121104.00
1306 121116.88
1307 121034.15
1308 121119.02
1309 121103.05
1310 121088.03
1311 121104.00
1312 121076.82
1313 121105.19
1314 121119.98
1315 121086.12
1316 121126.17
1317 121099.00
1318 121033.91
1319 121102.09
1320 121104.00
1321 121104.00
1322 121111.87
1323 121104.00
1324 121110.92
1325 121064.90
1326 121110.92
1327 121120.93
1328 121114.02
1329 120949.03
1330 121104.96
1331 121081.11
1332 121078.97
1333 121109.01
1334 121118.07
1335 121110.92
1336 121145.01
1337 121109.01
1338 121093.03
1339 121112.11
1340 121099.00
1341 121114.02
1342 121119.98
1343 121115.92
1344 121124.03
1345 121120.93
1346 121120.21
1347 121122.12
1348 121108.06
1349 121093.03
1350 121127.13
1351 121099.00
1352 121007.92
1353 121104.96
1354 121114.02
1355 121086.84
1356 121084.93
1357 121096.13
1358 121091.84
1359 121100.90
1360 121106.15
1361 121107.82
1362 121181.01
1363 121110.92
1364 121090.89
1365 121123.08
1366 121084.93
1367 121096.13
1368 121093.99
1369 121037.01
1370 121099.95
1371 121100.90
1372 121074.91
1373 121117.12
1374 120982.89
1375 121114.02
1376 121041.06
1377 121123.08
1378 121119.02
1379 121090.17
1380 121125.94
1381 121099.00
1382 121106.86
1383 121108.06
1384 121113.06
1385 121106.86
1386 121119.98
1387 121122.12
1388 121109.96
1389 121069.91
1390 121116.88
1391 121022.94
1392 121078.01
1393 121124.03
1394 121126.17
1395 121119.02
1396 121129.04
1397 121106.86
1398 120905.16
1399 120881.08
