1400
0 121255.87
1 121145.01
2 121128.08
3 121115.92
4 121127.84
5 121118.07
6 121113.06
7 121118.07
8 121119.02
9 121029.14
10 121127.84
11 121134.04
12 121134.04
13 121146.92
14 121079.92
15 121106.86
16 121130.94
17 121141.91
18 121129.04
19 121145.96
20 121134.04
21 121111.87
22 121100.19
23 121125.94
24 121124.03
25 121135.00
26 121128.08
27 121171.95
28 121088.03
29 121140.96
30 121152.16
31 121139.05
32 121141.91
33 121114.02
34 121047.97
35 121140.00
36 121129.99
37 121134.04
38 121119.98
39 121140.96
40 121124.98
41 121051.07
42 121138.10
43 121119.98
44 121138.10
45 121120.93
46 121131.90
47 121043.92
48 121019.84
49 121129.04
50 121103.05
51 121140.96
52 121135.95
53 121081.11
54 121149.06
55 121171.00
56 121119.02
57 120963.10
58 121136.90
59 121133.09
60 121121.88
61 121134.04
62 121084.93
63 121135.95
64 121139.05
65 121129.04
66 121108.06
67 121112.11
68 121124.98
69 121112.11
70 121114.02
71 121118.07
72 121128.08
73 121129.99
74 121061.09
75 121135.00
76 121137.14
77 121139.05
78 121132.85
79 121045.11
80 120929.00
81 121054.17
82 121006.01
83 120980.02
84 121010.07
85 121023.18
86 121012.93
87 121028.18
88 121021.99
89 120810.03
90 121024.85
91 121021.03
92 121042.01
93 121028.18
94 120861.05
95 120959.04
96 120925.90
97 120914.94
98 120870.83
99 121074.91
100 120942.12
101 121049.88
102 120953.08
103 121810.91
104 120903.02
105 121381.04
106 121417.05
107 122193.10
108 122205.02
109 121409.18
110 122262.95
111 123126.98
112 123997.93
113 124611.14
114 124564.17
115 124444.01
116 124401.09
117 124507.90
118 124449.01
119 123567.10
120 124532.94
121 124933.00
122 125859.02
123 124114.99
124 124822.85
125 123918.06
126 125625.13
127 125622.03
128 125724.08
129 126464.13
130 124861.00
131 124010.09
132 124617.82
133 126291.04
134 123724.94
135 125324.96
136 123842.95
137 124570.13
138 123820.07
139 125977.04
140 125827.07
141 125010.97
142 124991.18
143 124060.87
144 125227.93
145 123577.12
146 123502.02
147 125239.13
148 124187.95
149 124964.95
150 124152.90
151 123649.12
152 126135.11
153 125253.20
154 124658.82
155 125170.95
156 126327.04
157 124639.99
158 124435.90
159 125216.01
160 124423.03
161 124216.79
162 125148.06
163 123457.91
164 124439.00
165 124117.85
166 124192.00
167 126044.03
168 124073.98
169 123483.90
170 125065.80
171 125060.08
172 123811.96
173 125236.03
174 124999.05
175 123518.94
176 126045.94
177 123527.05
178 124351.02
179 124995.95
180 123607.87
181 124295.95
182 124976.16
183 124979.97
184 126014.95
185 124963.05
186 124166.97
187 125063.90
188 124902.96
189 123990.06
190 126318.93
191 124050.86
192 124000.07
193 125996.83
194 123579.98
195 124174.12
196 124257.09
197 125347.14
198 123487.95
199 123407.84
200 124117.85
201 122796.06
202 124018.91
203 124119.04
204 124883.89
205 124178.17
206 124957.08
207 124785.90
208 124865.06
209 127290.96
210 125568.15
211 124821.90
212 123291.02
213 124256.13
214 125072.96
215 124065.16
216 124128.82
217 124248.98
218 124943.97
219 123341.08
220 124049.90
221 123828.17
222 124826.91
223 124120.95
224 123918.06
225 123922.11
226 123936.89
227 124732.97
228 123176.10
229 124070.88
230 124099.97
231 124017.95
232 124057.05
233 124772.07
234 124078.04
235 123148.20
236 124063.97
237 124793.05
238 124464.04
239 124892.95
240 124122.14
241 123949.05
242 123949.05
243 124116.90
244 124881.98
245 125866.89
246 124950.17
247 124111.89
248 123478.89
249 124131.92
250 123864.89
251 124067.07
252 123306.99
253 124173.88
254 126059.06
255 123636.96
256 124120.00
257 124244.93
258 123266.94
259 124046.09
260 124099.02
261 124992.85
262 123857.98
263 125562.91
264 123872.04
265 124668.12
266 124763.97
267 123116.02
268 124616.86
269 123869.90
270 124042.03
271 124011.99
272 124293.09
273 124868.15
274 125137.81
275 123538.97
276 123359.20
277 123893.02
278 124553.92
279 125488.04
280 123917.10
281 124705.08
282 123824.12
283 124401.81
284 123651.98
285 125357.87
286 124607.09
287 123893.98
288 123785.97
289 123714.92
290 125319.00
291 123651.98
292 125295.16
293 124604.94
294 124279.02
295 124454.98
296 123556.14
297 124505.04
298 124744.18
299 123810.05
300 124477.86
301 125347.14
302 123781.92
303 124291.90
304 122697.83
305 125745.77
306 124235.87
307 124241.11
308 126569.99
309 124205.83
310 124855.04
311 123428.11
312 125134.94
313 123252.87
314 124161.01
315 124199.87
316 124136.92
317 124977.83
318 123342.04
319 124232.05
320 123595.95
321 124350.07
322 123172.04
323 124134.06
324 124956.13
325 123530.86
326 123429.06
327 124305.01
328 123412.13
329 123287.92
330 125019.07
331 123948.10
332 124722.00
333 124864.10
334 123999.83
335 124982.12
336 124103.07
337 124890.09
338 123471.98
339 125054.84
340 124178.89
341 124916.79
342 123974.08
343 124742.98
344 124135.97
345 124934.91
346 124921.08
347 123848.92
348 123169.90
349 124603.99
350 123555.18
351 123619.08
352 124457.84
353 126766.20
354 123584.99
355 122721.91
356 125257.02
357 124131.92
358 124350.07
359 123781.92
360 123357.06
361 123294.12
362 123044.01
363 124094.01
364 123631.95
365 123070.96
366 123222.83
367 123713.97
368 123487.95
369 123931.88
370 123492.00
371 123358.01
372 123528.96
373 123337.98
374 123391.87
375 123312.00
376 122871.88
377 123553.99
378 123197.79
379 123440.03
380 124633.07
381 123072.86
382 123517.99
383 123189.21
384 122883.08
385 123662.95
386 123214.01
387 123966.93
388 123680.11
389 123617.17
390 123869.90
391 123425.01
392 123150.11
393 123043.06
394 123476.03
395 123551.85
396 123129.13
397 123848.20
398 123399.02
399 123946.19
400 123631.00
401 123452.19
402 123981.00
403 123313.19
404 123433.11
405 123222.83
406 123759.03
407 123564.00
408 123906.85
409 123726.13
410 122802.02
411 123550.18
412 123593.09
413 123513.94
414 123312.00
415 123810.05
416 123532.06
417 123770.00
418 124132.16
419 123574.97
420 123548.98
421 123398.07
422 123806.95
423 123280.05
424 124142.89
425 123420.95
426 123465.06
427 123744.01
428 123027.09
429 123009.92
430 123607.87
431 123284.82
432 123153.92
433 123416.90
434 122807.03
435 123754.02
436 123558.04
437 124096.87
438 123880.15
439 123907.09
440 123744.01
441 123373.03
442 123971.94
443 123615.98
444 123301.98
445 123018.98
446 123671.05
447 123286.96
448 123912.81
449 123541.83
450 124017.95
451 123362.06
452 123240.95
453 123217.11
454 123481.99
455 123503.92
456 123184.92
457 123167.99
458 123454.81
459 123605.01
460 124574.90
461 123028.99
462 123636.01
463 123492.00
464 124060.15
465 123394.97
466 123388.05
467 124119.04
468 123739.96
469 123516.08
470 123276.95
471 123173.00
472 123348.00
473 123033.05
474 122838.02
475 123296.98
476 123151.78
477 124103.07
478 122719.05
479 123485.09
480 123378.04
481 122913.12
482 123501.06
483 122850.89
484 123668.91
485 124619.96
486 123378.99
487 122549.06
488 123667.00
489 123119.83
490 122881.89
491 123669.86
492 123471.02
493 123682.98
494 122874.98
495 123485.80
496 123738.05
497 123192.07
498 123311.04
499 123768.09
500 123484.13
501 123274.09
502 123383.05
503 123197.08
504 122783.90
505 123255.01
506 123541.12
507 123181.10
508 122967.00
509 123638.87
510 124001.98
511 123740.91
512 123647.93
513 124046.09
514 123291.02
515 123687.03
516 123378.04
517 123505.12
518 123220.92
519 123310.09
520 123739.96
521 123589.04
522 123154.88
523 123280.05
524 124454.02
525 123618.13
526 123080.02
527 123239.04
528 123317.00
529 123620.99
530 123147.01
531 123831.99
532 123561.14
533 123187.07
534 122648.00
535 123663.19
536 123410.94
537 123493.91
538 124161.96
539 123115.78
540 123320.82
541 122767.93
542 123600.01
543 122808.93
544 122890.00
545 123197.08
546 123078.82
547 123725.89
548 123254.06
549 124231.82
550 124151.95
551 123481.04
552 123029.95
553 123456.95
554 123162.98
555 123173.00
556 123667.96
557 123497.96
558 123296.02
559 123261.93
560 124001.03
561 123512.03
562 123839.14
563 123405.93
564 123783.11
565 123165.85
566 123312.95
567 123746.87
568 123203.99
569 123455.05
570 124490.98
571 123819.83
572 123480.08
573 123747.11
574 124550.10
575 123430.97
576 123755.93
577 123502.97
578 123514.89
579 123187.07
580 123906.85
581 123502.97
582 124054.19
583 123713.02
584 123498.92
585 124137.16
586 123806.00
587 123822.93
588 124104.98
589 123366.12
590 124033.93
591 123192.07
592 123540.88
593 123390.20
594 123343.94
595 123581.89
596 123595.95
597 123525.14
598 124184.85
599 123637.20
600 122954.13
601 123521.80
602 123061.90
603 123280.05
604 123487.00
605 124040.13
606 123045.92
607 123749.02
608 123397.11
609 122920.04
610 123415.95
611 122761.96
612 123707.06
613 123258.83
614 122982.98
615 123619.08
616 123759.98
617 123754.98
618 123216.87
619 123525.86
620 124219.89
621 124803.78
622 124097.82
623 124458.07
624 122684.96
625 123063.09
626 124064.92
627 123847.01
628 123646.97
629 124032.02
630 123489.86
631 123023.03
632 123221.16
633 122964.86
634 123764.99
635 123032.09
636 123451.95
637 123703.96
638 123557.09
639 123769.04
640 123136.04
641 123427.15
642 122904.06
643 121129.99
644 121776.82
645 121542.93
646 120934.96
647 121464.97
648 121101.14
649 120867.01
650 121098.04
651 120890.86
652 121102.09
653 121350.05
654 120943.78
655 120942.83
656 121175.05
657 121304.99
658 121519.09
659 121706.96
660 121886.01
661 121188.16
662 121215.82
663 121111.15
664 120822.91
665 121159.08
666 121052.98
667 121143.10
668 121971.85
669 120957.14
670 121354.82
671 121577.98
672 121505.02
673 121380.09
674 121366.98
675 121541.98
676 121176.96
677 121293.07
678 121132.85
679 121354.82
680 121229.17
681 121386.05
682 121733.90
683 121337.18
684 121047.97
685 121150.97
686 121454.95
687 121478.08
688 121376.04
689 121544.84
690 121251.11
691 121608.97
692 121580.12
693 121809.01
694 121315.96
695 122082.95
696 121707.92
697 121857.88
698 121262.07
699 121136.90
700 120972.16
701 121434.93
702 121037.96
703 121140.00
704 121212.01
705 120992.18
706 121418.95
707 121041.06
708 120944.02
709 121102.81
710 121089.94
711 121330.98
712 121112.11
713 121271.85
714 121003.87
715 121163.13
716 120977.16
717 121282.10
718 121023.89
719 121003.15
720 121141.91
721 121387.00
722 120743.04
723 120977.16
724 121049.17
725 121257.07
726 121037.96
727 120863.91
728 121188.88
729 120966.91
730 121293.07
731 120954.04
732 120785.00
733 121067.05
734 121326.92
735 121551.99
736 121046.07
737 121155.02
738 120805.98
739 120879.89
740 120898.01
741 120798.83
742 121201.99
743 120752.10
744 121052.03
745 121217.01
746 121289.97
747 121106.86
748 120985.03
749 120764.97
750 121137.14
751 121132.14
752 121037.96
753 121654.99
754 121035.10
755 120927.81
756 120733.02
757 121531.01
758 120875.12
759 121084.93
760 121742.01
761 120898.96
762 121412.04
763 121216.06
764 121336.94
765 121278.05
766 121347.19
767 121866.94
768 121021.03
769 121252.06
770 120879.89
771 121232.03
772 121227.98
773 121104.00
774 120824.81
775 121060.13
776 121122.84
777 121307.13
778 121091.84
779 120950.94
780 120909.93
781 120965.00
782 120983.84
783 121093.03
784 121062.99
785 120851.99
786 120975.02
787 121248.01
788 121009.11
789 120909.21
790 120886.09
791 120982.89
792 121662.86
793 121280.19
794 121047.02
795 120738.98
796 121176.96
797 121252.06
798 120896.82
799 121111.15
800 121318.10
801 121436.12
802 120840.07
803 120914.94
804 120928.05
805 121069.19
806 121505.02
807 120915.89
808 120855.09
809 120943.07
810 120887.99
811 121209.86
812 121085.88
813 120975.97
814 120849.85
815 121324.06
816 121173.86
817 121166.94
818 121274.95
819 120868.92
820 121416.09
821 121080.16
822 121086.84
823 121030.81
824 120718.00
825 121418.00
826 120763.06
827 120787.14
828 120970.96
829 120949.03
830 121160.98
831 121095.18
832 120811.94
833 120721.82
834 120899.20
835 121550.80
836 121425.87
837 120839.12
838 121114.02
839 121305.94
840 120800.97
841 120854.14
842 121310.00
843 120941.88
844 121092.08
845 121168.14
846 121251.11
847 121181.96
848 120995.04
849 121715.07
850 121078.01
851 121000.05
852 121230.13
853 120942.83
854 121070.15
855 120760.92
856 121303.08
857 121096.13
858 121186.97
859 121757.98
860 120851.99
861 121037.01
862 120883.94
863 121275.90
864 120910.17
865 121508.12
866 120881.80
867 120908.98
868 120982.17
869 121223.93
870 121096.85
871 120867.01
872 121205.09
873 121191.02
874 120978.12
875 120870.83
876 121730.09
877 120975.97
878 121166.94
879 121126.89
880 121316.91
881 121292.83
882 121134.04
883 121144.06
884 121240.14
885 120975.97
886 121036.05
887 121409.18
888 121775.15
889 120733.98
890 121453.05
891 121237.99
892 121762.99
893 120905.88
894 121239.90
895 121705.06
896 120837.93
897 121268.99
898 121181.01
899 120897.05
900 121040.11
901 121477.13
902 121119.02
903 121168.14
904 121180.06
905 120903.97
906 121372.94
907 120903.02
908 121253.97
909 121162.18
910 121044.87
911 121134.04
912 120993.85
913 121374.85
914 121012.93
915 121045.11
916 121160.98
917 121158.84
918 121542.93
919 121200.08
920 120869.87
921 120871.07
922 120883.94
923 120928.05
924 121315.00
925 120774.98
926 120986.22
927 120939.02
928 121082.07
929 121729.85
930 121308.09
931 121315.00
932 121225.12
933 121145.96
934 121629.00
935 120828.15
936 120939.97
937 120954.99
938 121462.11
939 120926.14
940 120888.95
941 120853.90
942 121300.94
943 120918.99
944 120844.13
945 121037.01
946 121201.04
947 121153.12
948 121133.09
949 121017.93
950 121073.01
951 120914.94
952 121111.87
953 121021.03
954 121294.98
955 120918.99
956 121846.91
957 121109.01
958 121078.97
959 121136.19
960 121005.06
961 120728.02
962 120996.00
963 121294.98
964 121143.82
965 120954.99
966 120999.10
967 121263.03
968 121560.10
969 121025.09
970 120880.84
971 121529.82
972 120931.15
973 120939.97
974 120988.13
975 121034.15
976 121353.15
977 121084.93
978 120889.90
979 121114.02
980 120849.85
981 120963.10
982 121010.07
983 121059.89
984 121161.94
985 121088.98
986 121356.01
987 120826.96
988 120918.99
989 121155.98
990 120885.13
991 121099.95
992 121135.95
993 121088.03
994 120924.00
995 120933.06
996 120965.00
997 120935.20
998 121182.92
999 120970.96
1000 121155.98
1001 121155.98
1002 121066.09
1003 120804.07
1004 120999.10
1005 121038.91
1006 121035.81
1007 120960.00
1008 121020.79
1009 120841.03
1010 120978.83
1011 121335.03
1012 120946.88
1013 121571.06
1014 121227.98
1015 121248.96
1016 121232.03
1017 121064.19
1018 121505.02
1019 120846.03
1020 121117.12
1021 120841.03
1022 120938.06
1023 120938.06
1024 121069.91
1025 120950.94
1026 120730.88
1027 121246.10
1028 121038.91
1029 121138.10
1030 120991.95
1031 121297.12
1032 121196.99
1033 121788.02
1034 121124.03
1035 121101.14
1036 121107.10
1037 121912.00
1038 120992.90
1039 121000.05
1040 120740.18
1041 121322.15
1042 120887.99
1043 120723.01
1044 120981.93
1045 120973.83
1046 120991.95
1047 121013.88
1048 121005.06
1049 121093.03
1050 121052.98
1051 121016.03
1052 121006.97
1053 120895.15
1054 120975.97
1055 121464.01
1056 121225.83
1057 121108.06
1058 121155.98
1059 121083.02
1060 120949.98
1061 121129.04
1062 120876.07
1063 121078.01
1064 121022.94
1065 121227.03
1066 120980.98
1067 120738.98
1068 120720.86
1069 120813.13
1070 121016.98
1071 121009.83
1072 120878.93
1073 120846.03
1074 120807.89
1075 120985.98
1076 120850.09
1077 121001.01
1078 121362.92
1079 120925.90
1080 121064.90
1081 120908.02
1082 121155.98
1083 121109.96
1084 120810.03
1085 120985.03
1086 120826.01
1087 120861.05
1088 121047.02
1089 120786.19
1090 121073.96
1091 121078.01
1092 120754.96
1093 121014.83
1094 120920.90
1095 120887.99
1096 121115.21
1097 120944.02
1098 121212.01
1099 121437.07
1100 121001.96
1101 120964.05
1102 121111.87
1103 120760.92
1104 121109.96
1105 120983.12
1106 120749.95
1107 120847.94
1108 120941.88
1109 121011.97
1110 121228.93
1111 120947.12
1112 121033.91
1113 120974.78
1114 120971.20
1115 121006.01
1116 121007.92
1117 121009.83
1118 121032.95
1119 120994.09
1120 120985.98
1121 121016.03
1122 121010.78
1123 120946.17
1124 121027.95
1125 121027.95
1126 120985.03
1127 121032.95
1128 121036.05
1129 121025.09
1130 120898.01
1131 121037.01
1132 121002.91
1133 121002.91
1134 120926.14
1135 121010.07
1136 121038.91
1137 121026.99
1138 120985.98
1139 121040.11
1140 121017.93
1141 121003.15
1142 121015.07
1143 121016.03
1144 120986.94
1145 121035.10
1146 121003.15
1147 121038.91
1148 120966.91
1149 121015.07
1150 121029.14
1151 121021.99
1152 121031.05
1153 121037.01
1154 121027.95
1155 120987.89
1156 121013.88
1157 121035.81
1158 121015.07
1159 121035.10
1160 121015.07
1161 120997.91
1162 121029.14
1163 120948.79
1164 121027.95
1165 121013.16
1166 121021.03
1167 121014.12
1168 121016.98
1169 121016.03
1170 121026.99
1171 121011.02
1172 121008.16
1173 121049.88
1174 120925.90
1175 120976.92
1176 121010.07
1177 121034.86
1178 121018.89
1179 121026.04
1180 121013.16
1181 121028.18
1182 121018.17
1183 120944.98
1184 121021.99
1185 121014.12
1186 121017.93
1187 120925.90
1188 121009.11
1189 121024.13
1190 121020.08
1191 121022.94
1192 121006.01
1193 121014.12
1194 120992.90
1195 121025.09
1196 121038.20
1197 121029.14
1198 121029.85
1199 121023.89
1200 121023.89
1201 120964.05
1202 121023.89
1203 120972.87
1204 121012.93
1205 121029.14
1206 121016.03
1207 121026.99
1208 121012.93
1209 121013.88
1210 121006.01
1211 121015.07
1212 121011.97
1213 120935.92
1214 120988.13
1215 121034.15
1216 121028.18
1217 121030.09
1218 121025.09
1219 121036.05
1220 121007.92
1221 121011.97
1222 121015.07
1223 120945.93
1224 121017.93
1225 121037.01
1226 121015.79
1227 120977.88
1228 121017.93
1229 121023.18
1230 121011.97
1231 121020.08
1232 121020.08
1233 121021.99
1234 120994.09
1235 121023.89
1236 121044.87
1237 121032.00
1238 121029.14
1239 121029.14
1240 121023.89
1241 121029.14
1242 121019.12
1243 120998.14
1244 121026.04
1245 121037.01
1246 120983.12
1247 121032.95
1248 121029.14
1249 121010.07
1250 121036.05
1251 121019.84
1252 121036.05
1253 121006.97
1254 120930.91
1255 121000.05
1256 121022.94
1257 121006.97
1258 121059.18
1259 121007.92
1260 120970.01
1261 121008.87
1262 121024.85
1263 120951.89
1264 121019.12
1265 121035.81
1266 121023.89
1267 121022.94
1268 121008.87
1269 121055.13
1270 121011.02
1271 121003.15
1272 121021.99
1273 120910.17
1274 120989.08
1275 121014.12
1276 120985.03
1277 121038.91
1278 121021.03
1279 121042.97
1280 121034.86
1281 121026.04
1282 121016.98
1283 120908.02
1284 121026.04
1285 121016.98
1286 121021.03
1287 121023.89
1288 121024.85
1289 121010.07
1290 121017.93
1291 121073.96
1292 121017.93
1293 120989.08
1294 120918.99
1295 121033.91
1296 121029.14
1297 121030.09
1298 121033.91
1299 121009.83
1300 121023.18
1301 121020.08
1302 121032.00
1303 121049.88
1304 121027.95
1305 121037.96
1306 121029.14
1307 121032.00
1308 121022.94
1309 121018.89
1310 121016.98
1311 121006.97
1312 121021.99
1313 121073.01
1314 121012.93
1315 121021.99
1316 121026.04
1317 121016.98
1318 121020.08
1319 121016.03
1320 121021.99
1321 121017.93
1322 121028.18
1323 120939.02
1324 121063.95
1325 121018.89
1326 120970.96
1327 121009.83
1328 121036.05
1329 121008.87
1330 121032.95
1331 121006.97
1332 121032.00
1333 121021.99
1334 120932.10
1335 120970.01
1336 121014.12
1337 121025.09
1338 121024.85
1339 121019.84
1340 121026.04
1341 121022.94
1342 121016.98
1343 120944.02
1344 121010.07
1345 121024.85
1346 121040.82
1347 121027.95
1348 121015.07
1349 121030.09
1350 121017.93
1351 121021.03
1352 121015.79
1353 121009.11
1354 120983.12
1355 120965.00
1356 121029.85
1357 121034.86
1358 121036.05
1359 120972.87
1360 121045.11
1361 120950.94
1362 121038.91
1363 120996.95
1364 121007.92
1365 121013.16
1366 121022.94
1367 121026.99
1368 121012.93
1369 121035.10
1370 120998.86
1371 121031.05
1372 121007.20
1373 121020.08
1374 121000.05
1375 120930.91
1376 121017.93
1377 121032.00
1378 121020.79
1379 121029.14
1380 121035.10
1381 121010.07
1382 121006.01
1383 120950.94
1384 121042.01
1385 121015.07
1386 121025.09
1387 121032.95
1388 121029.14
1389 120996.95
1390 120954.99
1391 121048.93
1392 121001.96
1393 121016.03
1394 120980.02
1395 121023.89
1396 121027.95
1397 121021.03
1398 120980.02
1399 121003.87
