1400
0 121268.03
1 121140.00
2 121133.09
3 121148.11
4 121139.05
5 121182.92
6 121129.04
7 121090.17
8 121128.08
9 121133.09
10 121119.02
11 121112.11
12 121055.13
13 121054.17
14 121117.12
15 121145.96
16 121131.90
17 121123.08
18 121124.98
19 121127.13
20 121131.18
21 121124.98
22 121130.94
23 121138.10
24 121141.91
25 121062.99
26 121127.13
27 121109.01
28 121130.94
29 121130.23
30 121097.09
31 121027.95
32 121114.97
33 121091.84
34 121087.79
35 121124.03
36 121117.12
37 121124.98
38 121135.95
39 121129.99
40 121134.04
41 121127.84
42 121139.05
43 121129.99
44 121141.20
45 121123.08
46 121138.10
47 121140.96
48 121129.99
49 121122.84
50 121134.04
51 121124.03
52 121026.04
53 121104.00
54 121136.90
55 121109.96
56 121145.01
57 121112.11
58 121104.96
59 121141.91
60 121136.90
61 121120.93
62 121131.18
63 121128.08
64 121128.08
65 121129.04
66 121124.03
67 121132.14
68 121129.99
69 121134.04
70 121135.00
71 121127.84
72 121053.93
73 121079.92
74 121135.00
75 121156.93
76 121136.90
77 121080.88
78 121134.04
79 121129.04
80 121132.14
81 121134.04
82 121130.94
83 121134.04
84 121125.94
85 121135.95
86 121144.06
87 121140.00
88 121129.04
89 121137.86
90 121133.80
91 121140.00
92 121095.90
93 121109.96
94 120963.10
95 121039.87
96 120991.95
97 121062.04
98 120973.83
99 120939.02
100 120924.95
101 121017.93
102 120963.10
103 121106.15
104 121000.05
105 120957.85
106 121105.91
107 122499.94
108 121591.81
109 122334.00
110 121476.89
111 123562.10
112 124174.83
113 125086.07
114 124069.21
115 125598.91
116 124741.08
117 124837.88
118 125028.13
119 124919.89
120 124020.10
121 124787.09
122 124619.96
123 124799.97
124 125254.15
125 123724.94
126 122704.03
127 124287.13
128 123904.94
129 124711.99
130 125465.15
131 125048.88
132 125253.92
133 125320.91
134 123708.01
135 125633.96
136 126359.94
137 125646.11
138 125335.93
139 126188.04
140 126650.09
141 126278.88
142 126879.93
143 125001.19
144 126713.04
145 125185.01
146 124804.02
147 125566.01
148 123816.01
149 125226.02
150 124263.05
151 125145.91
152 124867.92
153 123985.05
154 125053.88
155 123499.87
156 124776.12
157 125449.18
158 124579.91
159 123991.01
160 124482.15
161 124564.17
162 123698.95
163 124392.99
164 125266.08
165 126154.18
166 125326.87
167 124011.99
168 123975.04
169 125442.98
170 123920.92
171 125504.02
172 123837.95
173 125678.06
174 123826.98
175 124320.03
176 123342.04
177 125015.02
178 124036.07
179 124769.93
180 124800.21
181 124572.99
182 125209.09
183 123847.01
184 125976.09
185 123949.05
186 125102.04
187 124045.13
188 124778.99
189 123866.08
190 124396.09
191 124586.11
192 124125.96
193 123955.01
194 123081.92
195 123642.21
196 125542.16
197 124240.16
198 122709.04
199 124256.85
200 123579.03
201 123784.07
202 123793.84
203 124414.21
204 125808.00
205 125165.94
206 124833.82
207 124639.03
208 124145.03
209 123007.06
210 123964.07
211 125337.84
212 123807.91
213 123346.09
214 124072.79
215 124833.11
216 124101.16
217 124801.87
218 124984.98
219 127266.88
220 124562.98
221 125406.98
222 125217.20
223 124593.97
224 124284.98
225 125189.07
226 124373.20
227 125751.02
228 124720.81
229 123106.96
230 123847.96
231 123062.13
232 124521.97
233 125252.96
234 123666.05
235 123831.99
236 124518.87
237 123764.99
238 124032.02
239 124854.09
240 122880.94
241 123811.01
242 123597.15
243 124408.01
244 124178.17
245 124238.01
246 125624.18
247 123423.10
248 124724.15
249 125410.08
250 125155.93
251 125046.97
252 125875.95
253 125028.13
254 126435.04
255 123858.93
256 125374.08
257 123516.08
258 125312.81
259 124337.91
260 123521.09
261 124294.04
262 124806.17
263 123003.96
264 123106.00
265 123788.83
266 125376.94
267 124623.06
268 123749.02
269 123629.81
270 125645.16
271 124202.01
272 124727.96
273 123584.99
274 124419.93
275 124873.88
276 125792.98
277 125676.16
278 123918.06
279 124168.87
280 124221.09
281 123442.89
282 123064.04
283 123016.83
284 124737.98
285 126074.08
286 125309.23
287 124329.09
288 124341.96
289 124145.98
290 125470.88
291 123962.16
292 124601.13
293 124156.00
294 123862.98
295 124743.94
296 124423.03
297 124263.05
298 124282.84
299 124497.89
300 124780.18
301 125401.02
302 123949.05
303 124035.12
304 124250.89
305 124233.01
306 123389.01
307 125597.00
308 124115.94
309 122998.00
310 123271.94
311 123749.02
312 124656.92
313 124574.18
314 125104.90
315 124038.93
316 124084.95
317 125359.06
318 123791.93
319 123559.00
320 123658.18
321 124081.85
322 124894.86
323 123021.13
324 125580.79
325 123790.03
326 124558.93
327 124295.95
328 124451.16
329 124117.85
330 124208.93
331 123865.13
332 124752.04
333 126878.98
334 125237.94
335 124461.89
336 124480.01
337 123751.88
338 125144.00
339 124094.01
340 124163.15
341 124838.11
342 124878.88
343 123912.81
344 123134.14
345 123891.83
346 124414.92
347 125348.09
348 124753.95
349 123842.00
350 124733.92
351 123633.86
352 124197.01
353 124439.00
354 125519.99
355 123977.90
356 125680.92
357 124682.90
358 123769.04
359 124095.92
360 122394.08
361 122480.15
362 123231.89
363 122963.91
364 123616.93
365 123539.21
366 124276.88
367 123185.16
368 124161.96
369 123625.99
370 124053.96
371 123672.96
372 122956.99
373 123675.82
374 122214.79
375 123357.06
376 123991.01
377 123794.79
378 123229.98
379 124305.96
380 123633.86
381 123552.08
382 123345.14
383 124254.94
384 123435.97
385 124820.95
386 124109.98
387 123728.04
388 123615.03
389 123933.79
390 123535.87
391 123675.11
392 124866.01
393 123504.88
394 123728.99
395 123908.04
396 124497.18
397 124012.95
398 124003.89
399 123408.08
400 124033.93
401 123888.97
402 124922.04
403 124263.05
404 123847.01
405 123626.95
406 123499.87
407 123920.92
408 123856.07
409 123296.02
410 124204.16
411 124417.78
412 124159.10
413 123939.04
414 124095.92
415 124444.01
416 123898.03
417 124042.03
418 123423.81
419 123737.81
420 124114.04
421 123008.01
422 124428.03
423 124160.05
424 123698.00
425 123857.98
426 124168.87
427 123808.86
428 123560.91
429 123708.96
430 124696.02
431 123776.91
432 123389.01
433 123999.12
434 123892.07
435 123789.07
436 123914.96
437 123481.99
438 124109.98
439 122784.85
440 124142.89
441 123404.98
442 123642.92
443 123677.02
444 123937.85
445 123476.03
446 124047.04
447 123291.02
448 124305.96
449 124226.09
450 123103.14
451 124186.04
452 123780.01
453 123441.93
454 123635.05
455 124668.12
456 124279.98
457 124252.08
458 124145.98
459 123267.17
460 123314.14
461 124124.05
462 123887.06
463 123048.07
464 124713.90
465 124174.12
466 124320.03
467 122998.00
468 124839.07
469 123289.82
470 123783.11
471 122841.12
472 124235.15
473 123682.98
474 122467.04
475 123346.09
476 123494.86
477 123664.86
478 123698.95
479 124168.16
480 123318.91
481 124437.09
482 123772.14
483 123342.99
484 123817.92
485 124155.04
486 124430.89
487 124088.05
488 122974.87
489 123939.04
490 123790.98
491 123945.95
492 123110.06
493 123857.02
494 124505.04
495 123107.91
496 122611.05
497 123784.07
498 125229.12
499 123867.03
500 123151.06
501 124490.98
502 123724.94
503 124362.95
504 123942.85
505 123054.98
506 124233.96
507 123009.92
508 123161.08
509 124067.07
510 124257.80
511 123728.99
512 123729.94
513 122951.03
514 124109.98
515 123390.91
516 123136.04
517 123846.05
518 123586.89
519 123600.96
520 124068.02
521 123048.07
522 124455.93
523 123676.06
524 123892.07
525 123306.99
526 123704.20
527 124558.93
528 123444.08
529 125129.94
530 124128.10
531 124247.07
532 124511.00
533 124333.14
534 124185.80
535 124222.04
536 124032.97
537 124146.94
538 124251.84
539 123620.03
540 122718.10
541 124165.06
542 123589.99
543 123705.15
544 124123.10
545 123883.96
546 123912.10
547 124207.97
548 123969.08
549 123659.13
550 122992.99
551 123816.01
552 123576.88
553 124039.89
554 123981.95
555 123803.85
556 124129.06
557 124327.90
558 123713.97
559 125417.95
560 123988.87
561 124166.01
562 123674.87
563 124162.91
564 124202.97
565 123779.06
566 123869.90
567 123736.14
568 124047.99
569 124036.07
570 123131.99
571 124259.00
572 123414.99
573 123553.04
574 123906.14
575 123914.00
576 124161.01
577 123646.97
578 124615.91
579 124236.11
580 124203.92
581 124317.88
582 123843.91
583 124150.04
584 124313.12
585 123148.92
586 123126.03
587 124284.98
588 123487.95
589 123951.91
590 124295.00
591 124250.89
592 124935.87
593 123905.90
594 125213.86
595 123683.93
596 124129.06
597 123961.21
598 123782.87
599 123337.98
600 124229.91
601 123761.89
602 124158.86
603 123409.03
604 124814.99
605 123775.01
606 124194.86
607 123894.93
608 123574.02
609 124325.04
610 124273.06
611 123844.15
612 123567.10
613 124697.92
614 124655.96
615 123831.99
616 123743.06
617 124629.97
618 123811.96
619 124475.00
620 124062.06
621 123992.92
622 123644.83
623 123892.78
624 123567.10
625 123846.05
626 124186.04
627 124882.94
628 124351.98
629 123018.98
630 123302.94
631 123806.95
632 123471.02
633 124595.88
634 124186.99
635 124224.90
636 123988.15
637 124731.06
638 123342.99
639 123876.09
640 124284.98
641 123467.92
642 123821.02
643 124390.84
644 124925.14
645 122583.87
646 124184.85
647 124511.00
648 125058.17
649 123348.00
650 121975.18
651 122030.97
652 122425.08
653 122102.02
654 122164.01
655 122514.01
656 122281.07
657 122987.03
658 122598.89
659 122517.11
660 122843.03
661 122906.21
662 122359.99
663 122407.91
664 120909.93
665 121845.96
666 121335.03
667 121339.08
668 121066.09
669 120894.19
670 121207.95
671 121957.06
672 121068.95
673 121439.93
674 121004.10
675 121720.08
676 120987.18
677 121160.03
678 121411.09
679 121114.02
680 121129.99
681 121153.83
682 121006.97
683 121016.03
684 121052.98
685 120914.22
686 120938.06
687 120818.85
688 121190.07
689 121354.10
690 120692.97
691 120796.92
692 121382.95
693 121001.96
694 121306.90
695 120902.06
696 120978.12
697 121527.91
698 120955.94
699 121491.91
700 121078.97
701 120960.95
702 121095.90
703 121491.91
704 121508.84
705 121638.06
706 121006.01
707 121180.06
708 120889.90
709 121105.91
710 121265.89
711 121220.11
712 121048.93
713 121368.89
714 121117.12
715 120922.80
716 121104.00
717 121165.04
718 121231.08
719 121415.85
720 120862.01
721 120934.96
722 120892.05
723 120836.97
724 121294.98
725 121076.82
726 120858.91
727 121342.90
728 120893.00
729 120930.91
730 121160.03
731 121237.04
732 121638.06
733 120933.06
734 120985.03
735 120954.04
736 121141.91
737 121029.14
738 120981.93
739 121336.94
740 121287.82
741 121217.01
742 121512.89
743 120910.17
744 120989.08
745 121385.10
746 121299.98
747 120866.06
748 121011.97
749 120892.05
750 120850.09
751 121059.18
752 120815.99
753 121189.83
754 121121.88
755 121088.03
756 121232.03
757 120956.90
758 120963.10
759 120859.15
760 120988.85
761 121171.95
762 120995.04
763 120970.01
764 121172.90
765 121134.04
766 121747.02
767 120884.18
768 121260.88
769 121129.04
770 120985.03
771 120996.00
772 121191.02
773 120902.06
774 121589.18
775 121143.10
776 121284.01
777 121174.81
778 121116.88
779 121213.91
780 121062.99
781 121172.90
782 120998.86
783 121097.09
784 121522.19
785 121372.94
786 121086.84
787 121346.95
788 121256.11
789 121021.03
790 121135.00
791 121330.98
792 121110.92
793 120975.97
794 120846.99
795 121266.84
796 121176.96
797 121091.84
798 121260.17
799 120818.14
800 121129.99
801 121211.05
802 120769.02
803 120787.14
804 121145.96
805 121042.01
806 120933.06
807 120869.87
808 121109.96
809 121572.97
810 120821.95
811 121073.01
812 120872.97
813 121418.95
814 121195.08
815 121014.12
816 121148.11
817 121194.84
818 120891.81
819 121176.96
820 121347.90
821 121130.94
822 120852.95
823 120902.06
824 120960.95
825 121120.93
826 121037.01
827 121060.85
828 121016.03
829 121243.00
830 120801.93
831 121041.06
832 121090.89
833 121220.11
834 120987.18
835 120918.99
836 121064.90
837 121069.91
838 121098.04
839 121026.99
840 120887.04
841 121182.92
842 120760.92
843 121133.09
844 120759.01
845 121140.00
846 120828.15
847 121154.07
848 121350.05
849 120687.96
850 121031.05
851 120779.99
852 120999.81
853 120861.05
854 121314.05
855 120803.12
856 120855.09
857 120785.00
858 121428.97
859 120902.06
860 121479.03
861 121375.08
862 120800.97
863 121031.05
864 121012.93
865 121185.06
866 121150.02
867 121189.12
868 121262.07
869 120966.20
870 120916.13
871 121057.99
872 121182.92
873 120908.02
874 121019.12
875 120945.22
876 121082.07
877 121125.94
878 121187.21
879 121052.98
880 121037.01
881 120836.97
882 121351.00
883 121382.00
884 121354.10
885 121035.10
886 120954.99
887 121057.99
888 120774.98
889 120772.12
890 121062.99
891 121687.89
892 121160.03
893 120836.97
894 121299.03
895 121363.88
896 121099.95
897 121263.98
898 121009.83
899 121345.04
900 121254.92
901 121474.98
902 120890.86
903 121286.15
904 121466.88
905 121152.88
906 121006.97
907 121001.96
908 121062.04
909 121495.96
910 121517.18
911 120934.01
912 120936.16
913 121623.04
914 121067.05
915 121155.98
916 120956.90
917 120908.02
918 120946.88
919 120976.92
920 120763.06
921 121232.99
922 121104.96
923 121783.97
924 120789.05
925 121161.94
926 121175.05
927 121380.09
928 120772.84
929 121042.01
930 121047.02
931 121486.19
932 120822.19
933 121139.05
934 120852.95
935 121254.92
936 120820.05
937 121042.01
938 120985.03
939 120859.15
940 121261.12
941 121521.95
942 120986.94
943 121141.91
944 120864.15
945 120894.19
946 120723.01
947 121114.02
948 120796.92
949 120807.17
950 121001.01
951 120749.00
952 121344.09
953 120842.93
954 121003.15
955 120934.01
956 121251.82
957 121019.84
958 120726.82
959 120899.92
960 120742.80
961 120893.00
962 120947.12
963 120809.08
964 121145.01
965 121037.01
966 121127.84
967 121196.99
968 121139.05
969 121143.10
970 121227.03
971 121497.15
972 121023.89
973 120765.92
974 121190.07
975 121125.94
976 121001.01
977 120742.08
978 121104.96
979 121180.06
980 120978.12
981 120869.16
982 121078.97
983 121057.99
984 120687.96
985 121303.08
986 120962.14
987 120960.00
988 121620.89
989 120927.10
990 121480.94
991 120898.01
992 120790.00
993 121046.07
994 120821.95
995 120980.98
996 121099.00
997 121043.21
998 121230.13
999 121377.94
1000 121223.93
1001 120882.03
1002 120873.93
1003 121443.99
1004 121405.84
1005 121102.09
1006 120723.96
1007 121263.98
1008 120782.85
1009 121016.98
1010 121060.13
1011 121576.07
1012 120764.97
1013 121256.11
1014 121055.84
1015 120938.78
1016 121221.78
1017 120951.89
1018 120860.10
1019 121083.97
1020 121083.02
1021 120850.09
1022 121218.92
1023 121315.00
1024 120877.03
1025 121146.92
1026 121176.96
1027 121036.05
1028 120814.09
1029 121297.12
1030 121124.03
1031 121165.04
1032 120727.06
1033 121469.97
1034 120741.13
1035 121167.90
1036 121104.96
1037 121014.12
1038 121145.96
1039 120897.05
1040 121163.13
1041 120893.96
1042 120826.01
1043 121010.07
1044 121094.94
1045 120973.83
1046 120970.96
1047 120994.09
1048 120887.99
1049 121248.96
1050 121006.97
1051 120950.94
1052 121667.86
1053 121093.99
1054 120952.84
1055 121236.09
1056 121200.08
1057 121273.04
1058 121570.83
1059 121245.15
1060 120775.94
1061 120792.87
1062 121134.04
1063 120924.00
1064 120786.91
1065 120999.10
1066 121085.88
1067 121287.82
1068 120993.85
1069 121535.06
1070 121680.97
1071 121226.07
1072 120914.94
1073 120790.96
1074 121183.87
1075 121315.00
1076 121083.02
1077 121155.02
1078 121032.00
1079 120817.90
1080 120939.02
1081 120768.07
1082 121062.99
1083 121123.08
1084 120960.00
1085 121340.04
1086 121193.89
1087 121416.09
1088 121117.12
1089 121135.95
1090 121294.02
1091 121240.14
1092 120771.17
1093 121192.22
1094 121149.06
1095 120963.81
1096 121152.88
1097 121015.07
1098 120913.03
1099 120879.89
1100 120989.80
1101 120993.14
1102 121382.00
1103 120789.05
1104 120954.04
1105 121216.06
1106 120871.07
1107 120924.00
1108 121092.08
1109 121145.01
1110 120888.95
1111 121040.82
1112 121004.10
1113 121040.11
1114 121107.10
1115 120988.85
1116 121057.03
1117 121101.14
1118 121133.09
1119 121041.06
1120 121060.85
1121 121116.16
1122 121115.21
1123 121093.99
1124 121135.00
1125 121114.97
1126 121075.87
1127 121034.15
1128 121090.17
1129 121087.07
1130 121114.02
1131 121106.86
1132 121083.02
1133 121115.92
1134 121098.04
1135 121098.04
1136 121116.16
1137 121095.18
1138 120985.98
1139 121063.95
1140 121077.06
1141 121089.22
1142 121084.93
1143 121084.93
1144 121063.95
1145 121112.11
1146 121127.13
1147 121046.07
1148 121088.98
1149 121111.87
1150 121122.84
1151 121113.06
1152 121062.99
1153 121064.90
1154 121095.18
1155 120868.92
1156 121104.00
1157 121026.04
1158 121052.03
1159 121131.90
1160 121115.92
1161 121062.04
1162 121068.95
1163 121095.90
1164 121094.94
1165 121112.11
1166 121110.20
1167 121059.89
1168 121098.04
1169 121128.80
1170 121106.15
1171 121112.11
1172 121082.07
1173 121115.92
1174 121101.14
1175 121062.99
1176 121123.08
1177 121145.01
1178 121054.89
1179 121057.99
1180 121101.14
1181 121126.17
1182 121118.07
1183 121071.10
1184 121062.99
1185 121101.14
1186 121127.84
1187 121032.00
1188 121076.82
1189 121103.05
1190 121104.96
1191 121087.07
1192 121075.15
1193 121102.09
1194 121099.95
1195 121019.12
1196 121113.06
1197 121118.07
1198 121063.95
1199 121058.94
1200 121131.90
1201 121103.05
1202 121109.96
1203 121109.01
1204 121091.13
1205 121128.08
1206 121116.88
1207 121061.09
1208 121086.12
1209 121109.96
1210 121104.00
1211 121124.98
1212 121111.87
1213 121066.81
1214 121119.02
1215 121089.94
1216 121056.08
1217 121097.09
1218 121108.06
1219 121107.10
1220 121062.99
1221 121089.94
1222 121122.12
1223 121109.96
1224 121092.08
1225 121099.95
1226 121062.99
1227 121037.96
1228 121093.03
1229 121114.97
1230 121115.92
1231 121092.08
1232 121073.96
1233 121105.91
1234 121000.05
1235 121011.02
1236 121078.97
1237 121110.92
1238 120988.13
1239 121121.17
1240 121114.97
1241 121072.05
1242 121091.84
1243 121090.89
1244 121104.96
1245 121111.87
1246 121123.08
1247 121052.98
1248 121104.00
1249 121098.04
1250 121047.02
1251 121087.07
1252 121074.91
1253 121142.15
1254 121100.90
1255 121076.11
1256 121104.96
1257 121100.90
1258 121038.91
1259 121117.83
1260 121096.85
1261 121117.83
1262 121114.97
1263 121099.00
1264 121066.09
1265 121105.91
1266 121099.00
1267 121037.96
1268 121055.13
1269 121116.88
1270 121091.13
1271 121107.10
1272 121099.95
1273 121117.12
1274 121108.77
1275 121035.10
1276 121009.11
1277 121130.94
1278 121118.07
1279 121133.80
1280 121062.04
1281 121071.82
1282 121103.05
1283 121118.78
1284 121092.08
1285 121062.04
1286 121096.85
1287 121031.05
1288 121109.01
1289 121113.06
1290 121122.12
1291 120981.93
1292 121068.95
1293 121100.19
1294 121091.84
1295 121109.01
1296 121115.21
1297 121088.03
1298 121093.03
1299 121085.88
1300 121115.92
1301 121118.78
1302 121093.99
1303 121066.09
1304 121105.91
1305 121088.03
1306 121119.98
1307 121050.12
1308 121125.94
1309 121100.90
1310 121064.90
1311 121029.14
1312 121105.91
1313 121124.03
1314 121116.88
1315 121064.19
1316 121094.94
1317 121090.89
1318 121124.98
1319 121104.00
1320 121105.19
1321 121091.13
1322 121088.98
1323 121109.96
1324 121075.87
1325 121098.04
1326 121108.06
1327 121030.09
1328 121052.03
1329 121087.07
1330 121113.06
1331 121099.00
1332 121076.11
1333 121119.02
1334 121107.82
1335 121098.04
1336 121061.09
1337 121084.93
1338 121085.17
1339 121089.94
1340 121104.96
1341 121117.83
1342 121115.92
1343 121090.89
1344 121057.99
1345 121107.10
1346 121121.88
1347 121055.84
1348 121066.09
1349 121109.96
1350 121097.09
1351 121055.84
1352 121076.11
1353 121104.00
1354 121104.96
1355 121109.01
1356 121036.05
1357 121052.03
1358 121119.98
1359 121129.99
1360 121059.89
1361 121068.95
1362 121078.01
1363 121108.06
1364 121100.90
1365 121104.96
1366 121114.02
1367 121039.87
1368 121119.98
1369 121120.93
1370 121124.03
1371 121118.07
1372 121067.05
1373 121068.00
1374 121093.03
1375 121092.80
1376 121137.14
1377 121114.97
1378 121062.99
1379 121068.00
1380 121101.86
1381 121089.94
1382 121129.99
1383 121112.11
1384 121073.01
1385 121124.03
1386 121088.98
1387 121047.02
1388 121128.08
1389 121108.06
1390 121099.00
1391 121094.23
1392 121073.96
1393 121104.00
1394 121145.96
1395 121121.88
1396 121119.98
1397 121062.04
1398 121062.04
1399 121109.96
