1400
0 121080.88
1 120988.13
2 120942.12
3 120914.22
4 120940.92
5 120939.97
6 120965.00
7 120965.00
8 120954.04
9 120977.16
10 120936.16
11 120896.10
12 120973.11
13 120961.90
14 120866.06
15 120950.94
16 120822.91
17 120975.97
18 120950.94
19 120931.15
20 120941.16
21 120925.19
22 120905.88
23 120931.86
24 120949.03
25 120939.97
26 120910.17
27 120941.88
28 120984.08
29 120944.02
30 120970.01
31 120908.98
32 120928.05
33 120961.90
34 120956.90
35 120949.03
36 120879.89
37 120936.87
38 120949.03
39 120953.08
40 120943.07
41 120924.95
42 120923.04
43 120939.02
44 120935.20
45 120943.07
46 120938.06
47 120939.97
48 120965.00
49 120935.20
50 120954.04
51 120962.14
52 120949.98
53 120959.04
54 120938.06
55 120985.03
56 120944.98
57 120928.05
58 120933.06
59 120949.03
60 120954.99
61 120949.98
62 120947.84
63 120928.05
64 120931.86
65 120913.98
66 120971.92
67 120963.81
68 120927.10
69 120951.18
70 120959.04
71 120945.93
72 120939.02
73 120966.91
74 120944.02
75 120945.93
76 120879.89
77 120944.98
78 120967.86
79 120951.89
80 120954.04
81 120953.08
82 120933.06
83 120943.07
84 120970.01
85 120934.01
86 120949.98
87 120937.11
88 120960.95
89 120945.93
90 120942.12
91 120946.88
92 120947.12
93 120951.18
94 120846.99
95 120826.96
96 120734.93
97 120818.85
98 120926.86
99 120855.09
100 121115.21
101 120898.96
102 121623.99
103 121164.08
104 123388.77
105 121556.04
106 121546.03
107 121069.91
108 122740.03
109 122462.99
110 122571.95
111 122621.06
112 124257.80
113 123610.02
114 123369.93
115 124495.98
116 124473.09
117 123474.84
118 125435.11
119 124307.16
120 125961.07
121 126147.03
122 125514.03
123 126205.92
124 126688.00
125 124519.82
126 125252.01
127 126047.13
128 127285.96
129 124900.10
130 127182.96
131 127166.99
132 126143.93
133 123776.91
134 124438.05
135 126622.92
136 125020.98
137 126698.02
138 125975.85
139 125287.06
140 125077.96
141 126771.21
142 125251.05
143 125252.01
144 125075.10
145 125175.00
146 124445.92
147 124269.01
148 126055.00
149 124380.83
150 126669.17
151 125272.99
152 125077.96
153 124253.03
154 125093.94
155 125134.94
156 125066.04
157 124378.92
158 125496.86
159 124572.99
160 123875.14
161 124513.15
162 124722.00
163 126223.80
164 123743.06
165 123756.17
166 124571.80
167 123690.13
168 124598.03
169 124001.98
170 123960.97
171 123924.02
172 124117.14
173 123896.12
174 125638.96
175 124868.15
176 127154.83
177 124003.89
178 124213.93
179 125597.95
180 124718.90
181 124276.88
182 124063.97
183 125756.03
184 124164.82
185 125053.17
186 125067.00
187 125200.03
188 127468.82
189 125101.80
190 124202.01
191 124379.16
192 124509.10
193 123824.83
194 124001.98
195 124969.01
196 125639.92
197 126456.98
198 123258.11
199 124850.99
200 124042.03
201 123971.94
202 123945.95
203 123585.94
204 124042.99
205 127554.89
206 123724.94
207 125144.00
208 124320.03
209 124906.06
210 125974.18
211 124464.04
212 122565.98
213 123529.91
214 124363.90
215 123812.91
216 123826.98
217 123785.02
218 123930.93
219 123831.03
220 123083.11
221 124057.05
222 123688.94
223 125576.97
224 123214.01
225 123281.96
226 123134.14
227 123820.07
228 123887.06
229 123262.88
230 123234.03
231 124730.83
232 125195.98
233 123867.99
234 124617.10
235 124507.90
236 124560.12
237 123937.13
238 123709.92
239 127154.11
240 124459.98
241 124660.97
242 124691.96
243 123852.97
244 124725.10
245 124772.79
246 124730.11
247 125550.03
248 124954.94
249 124763.01
250 125511.17
251 124598.03
252 125464.92
253 123221.87
254 123173.95
255 123173.95
256 123203.99
257 124866.01
258 124344.11
259 125005.01
260 125755.07
261 123334.17
262 124077.08
263 124155.04
264 124353.89
265 125061.04
266 125920.06
267 124231.10
268 124233.96
269 125737.91
270 124173.16
271 124114.99
272 124250.89
273 124144.08
274 124400.14
275 125698.09
276 124058.01
277 124532.22
278 123688.94
279 126161.10
280 124480.96
281 124639.99
282 123912.10
283 124638.08
284 123961.93
285 124828.10
286 124686.00
287 122843.98
288 124126.91
289 124448.06
290 125407.93
291 125258.92
292 124425.89
293 124407.05
294 124441.86
295 124722.96
296 125337.12
297 123687.03
298 126177.07
299 125497.82
300 124354.84
301 123580.93
302 124591.11
303 124872.92
304 125868.08
305 124865.06
306 124177.93
307 124802.11
308 123993.16
309 123818.16
310 123445.99
311 125003.10
312 124098.06
313 124266.86
314 124342.20
315 124628.78
316 125972.03
317 124314.07
318 124274.97
319 125047.92
320 123442.89
321 125291.82
322 125479.94
323 123816.01
324 125452.04
325 123114.82
326 125839.95
327 123997.93
328 126350.88
329 125283.96
330 123756.89
331 123166.80
332 124706.98
333 124778.99
334 123692.04
335 124459.03
336 125479.94
337 124542.95
338 124809.03
339 124856.00
340 123226.88
341 123943.09
342 124909.16
343 122585.06
344 124808.07
345 124102.12
346 123936.89
347 126580.95
348 123266.94
349 125128.03
350 124144.08
351 125798.94
352 124514.82
353 124243.02
354 126029.97
355 124876.98
356 125875.95
357 124890.09
358 125030.99
359 124015.09
360 125808.00
361 123286.96
362 123320.82
363 123492.00
364 123615.03
365 123876.09
366 124048.95
367 124402.05
368 123675.11
369 124438.05
370 124641.90
371 125367.16
372 124113.08
373 124237.06
374 123809.10
375 123543.98
376 123792.17
377 123686.08
378 124725.10
379 124613.05
380 124191.05
381 124002.93
382 123485.80
383 123910.19
384 123621.94
385 123800.99
386 124395.13
387 123458.86
388 122853.99
389 123322.01
390 123506.07
391 124689.10
392 123775.96
393 124940.87
394 123906.85
395 123737.10
396 123947.86
397 124131.92
398 123346.81
399 124516.01
400 123902.08
401 124063.97
402 124386.07
403 124145.98
404 124279.98
405 123584.99
406 123025.18
407 123670.10
408 124386.07
409 122853.04
410 123746.16
411 123574.02
412 124305.01
413 124342.92
414 124161.96
415 124448.06
416 123611.93
417 123796.94
418 123946.91
419 122775.79
420 123790.03
421 124217.03
422 124303.10
423 123685.84
424 123854.88
425 124461.89
426 124602.08
427 124289.04
428 123458.86
429 122783.90
430 124145.98
431 123239.99
432 123074.05
433 123236.89
434 123628.85
435 124010.09
436 123826.98
437 125020.98
438 123939.99
439 125517.85
440 123637.20
441 125075.10
442 124701.98
443 124547.00
444 124791.15
445 124967.81
446 124135.02
447 124709.13
448 124728.92
449 124866.01
450 124635.93
451 124232.05
452 124058.96
453 124736.07
454 123648.17
455 124305.01
456 123550.18
457 123936.89
458 123651.98
459 123232.84
460 123178.01
461 123931.88
462 123767.14
463 124592.07
464 124341.96
465 124470.95
466 124624.01
467 124256.85
468 122850.18
469 123772.14
470 123947.86
471 124756.10
472 124618.05
473 123263.84
474 123678.92
475 123906.14
476 123769.04
477 123024.94
478 123798.85
479 124020.10
480 123289.11
481 124600.89
482 123940.94
483 123427.15
484 124320.03
485 124296.90
486 124742.03
487 123907.09
488 124343.87
489 122947.93
490 124402.05
491 124037.03
492 123126.98
493 123935.94
494 124708.89
495 124164.82
496 123548.98
497 123354.20
498 124238.97
499 124741.08
500 124082.09
501 123800.99
502 124234.91
503 124016.05
504 124454.98
505 124279.98
506 123190.16
507 123663.90
508 123764.04
509 123619.08
510 124443.05
511 124353.89
512 124418.97
513 123358.01
514 123949.05
515 124294.04
516 123008.01
517 123734.95
518 123792.17
519 124388.93
520 123662.95
521 123906.85
522 124759.91
523 124308.11
524 123253.82
525 124213.93
526 123682.98
527 123774.05
528 123570.92
529 124208.93
530 123657.94
531 123786.93
532 124831.20
533 123547.08
534 123544.93
535 124899.86
536 124181.03
537 124174.83
538 124255.90
539 123672.01
540 124335.05
541 123423.10
542 123621.94
543 123281.96
544 123859.88
545 123537.06
546 123813.15
547 123906.85
548 124310.02
549 124292.14
550 123502.02
551 123108.86
552 124127.15
553 124522.21
554 123108.86
555 123299.84
556 124063.97
557 124578.00
558 124357.94
559 124148.13
560 124737.98
561 124283.08
562 124022.96
563 124383.93
564 123836.04
565 124336.96
566 123754.02
567 124739.17
568 123294.12
569 124208.21
570 123609.07
571 123600.01
572 124566.08
573 123222.83
574 123871.09
575 123276.95
576 123957.16
577 124744.89
578 124440.91
579 124271.15
580 123461.01
581 123261.93
582 123754.02
583 123846.05
584 124243.02
585 123730.90
586 123409.99
587 124003.89
588 123369.93
589 123490.81
590 123638.15
591 124557.97
592 124802.83
593 123902.08
594 123933.08
595 123564.96
596 123790.98
597 123075.01
598 124010.09
599 124355.08
600 122633.93
601 122934.10
602 124474.05
603 124067.07
604 123410.94
605 123517.99
606 123791.22
607 123384.00
608 122964.86
609 122706.17
610 124024.15
611 124679.09
612 123765.95
613 123724.94
614 123823.88
615 123107.91
616 123800.04
617 123527.05
618 123698.95
619 123497.96
620 123053.07
621 123919.01
622 124928.00
623 123706.10
624 123991.97
625 123732.09
626 124310.97
627 122517.82
628 124772.07
629 123957.87
630 124479.06
631 123477.94
632 123660.80
633 124333.86
634 123311.04
635 123574.02
636 123736.86
637 124008.18
638 124432.09
639 123533.01
640 123349.19
641 123347.04
642 123398.07
643 123159.89
644 123074.05
645 121926.07
646 121814.97
647 122354.03
648 120856.05
649 121032.95
650 121079.92
651 121390.10
652 121664.05
653 121187.21
654 121118.78
655 121426.11
656 121992.83
657 121272.80
658 121656.18
659 121307.13
660 121601.10
661 121933.94
662 121848.82
663 120968.10
664 121731.04
665 121138.10
666 121078.97
667 121264.93
668 121521.95
669 121083.97
670 121147.87
671 121374.13
672 121207.00
673 120939.97
674 121371.03
675 121357.20
676 121165.99
677 121288.06
678 121212.96
679 121048.93
680 121279.00
681 121361.02
682 122298.96
683 121536.97
684 121391.06
685 121001.01
686 121333.12
687 121670.96
688 121050.83
689 121387.00
690 120922.09
691 121952.06
692 120941.16
693 120941.88
694 120607.85
695 121221.07
696 120817.90
697 121019.12
698 121104.00
699 121255.87
700 121418.00
701 121469.02
702 121091.13
703 120863.91
704 120949.03
705 121346.00
706 120717.05
707 120971.92
708 120792.87
709 121102.09
710 120895.15
711 121505.98
712 121012.93
713 120840.07
714 120918.04
715 121202.95
716 121077.06
717 121303.08
718 121363.16
719 120918.04
720 120710.13
721 120994.09
722 121139.05
723 120902.06
724 121151.92
725 120921.13
726 120668.89
727 121412.99
728 120960.00
729 121331.93
730 120813.85
731 120737.08
732 120918.04
733 120887.99
734 120867.01
735 121025.09
736 120765.92
737 120976.92
738 121150.02
739 121087.07
740 120941.88
741 121045.83
742 120920.90
743 120993.14
744 120924.00
745 121373.89
746 121106.15
747 120874.17
748 121043.92
749 120843.17
750 120890.14
751 121387.96
752 121085.17
753 121292.11
754 121421.10
755 121443.03
756 121124.03
757 121392.97
758 121158.84
759 121315.96
760 121071.10
761 121358.87
762 120697.98
763 120999.10
764 121020.08
765 121145.96
766 121107.10
767 120797.16
768 120757.10
769 120962.14
770 120908.02
771 120881.80
772 121007.92
773 121165.99
774 120913.03
775 120864.15
776 121071.10
777 120785.00
778 121076.11
779 121128.08
780 120919.94
781 121192.93
782 120956.90
783 121069.19
784 121174.10
785 121048.21
786 121065.14
787 121003.87
788 120727.06
789 120890.14
790 121295.93
791 120996.00
792 120890.14
793 121957.06
794 121366.02
795 121065.86
796 121161.94
797 120988.13
798 120871.78
799 121123.08
800 121014.12
801 120848.89
802 121120.93
803 120874.17
804 121235.85
805 120913.98
806 120923.04
807 121136.90
808 120985.03
809 120977.16
810 120688.92
811 120815.99
812 120914.94
813 120904.21
814 120764.02
815 121144.06
816 120736.12
817 120819.09
818 120853.90
819 121102.09
820 120882.99
821 121447.09
822 120821.95
823 120985.03
824 120793.10
825 120803.12
826 121102.09
827 120983.12
828 121023.18
829 121147.16
830 121455.91
831 121077.78
832 120862.01
833 120695.83
834 121208.19
835 120859.15
836 121370.79
837 120976.21
838 120937.11
839 121092.80
840 121111.87
841 120973.11
842 121194.84
843 120779.99
844 120857.00
845 121124.98
846 121099.00
847 121215.11
848 121201.99
849 120895.15
850 121288.06
851 120769.02
852 120985.98
853 121077.06
854 120892.05
855 120893.96
856 120848.89
857 121278.05
858 120853.90
859 120826.01
860 120900.15
861 121119.02
862 121586.08
863 120960.95
864 120925.90
865 120958.09
866 121246.10
867 120999.10
868 121135.00
869 120668.89
870 120769.02
871 120836.97
872 121002.91
873 121186.97
874 121523.14
875 120782.14
876 120948.08
877 120785.00
878 120749.00
879 121386.05
880 121159.08
881 121036.05
882 121418.95
883 121115.92
884 120752.81
885 121075.87
886 120872.97
887 121261.12
888 121058.94
889 121102.09
890 120868.92
891 121070.86
892 121170.04
893 121253.97
894 120848.18
895 121165.04
896 121448.99
897 121369.84
898 121161.94
899 121037.01
900 121036.05
901 120733.02
902 120846.03
903 120929.00
904 121279.95
905 120714.90
906 120927.10
907 121052.98
908 121433.97
909 121124.03
910 120715.86
911 120850.09
912 121087.07
913 120751.14
914 120615.96
915 121439.93
916 121198.89
917 121017.22
918 120804.79
919 120954.04
920 120904.92
921 120976.21
922 120973.11
923 120927.10
924 121100.90
925 120832.92
926 120821.00
927 121382.95
928 120757.10
929 120853.90
930 121113.06
931 121088.03
932 121225.12
933 120753.05
934 121045.11
935 120903.02
936 121423.96
937 120801.93
938 121032.95
939 120902.06
940 121335.03
941 121149.06
942 121062.99
943 120871.07
944 120973.83
945 120960.00
946 121131.90
947 121386.05
948 120853.90
949 120954.99
950 120975.02
951 120920.18
952 120960.95
953 120878.93
954 120761.87
955 120769.98
956 121041.06
957 120990.04
958 121011.02
959 120990.04
960 121023.89
961 121228.93
962 120848.89
963 120879.17
964 121182.92
965 120953.80
966 121093.03
967 120983.12
968 120995.04
969 121073.96
970 120985.03
971 120790.96
972 121146.92
973 120791.91
974 120962.86
975 120850.09
976 121106.15
977 121023.89
978 121084.93
979 120903.02
980 120735.88
981 121067.05
982 121138.81
983 120836.97
984 121144.06
985 120882.99
986 121293.07
987 120831.97
988 120975.97
989 120950.94
990 121355.06
991 121016.03
992 121113.06
993 120817.18
994 120893.96
995 121062.99
996 121494.05
997 121052.98
998 121083.02
999 120861.05
1000 120984.08
1001 120948.08
1002 121261.84
1003 121062.99
1004 120815.99
1005 120896.10
1006 121154.07
1007 121273.99
1008 121118.07
1009 120638.85
1010 120625.02
1011 120970.01
1012 121052.98
1013 120812.89
1014 120733.02
1015 121132.85
1016 120760.92
1017 121167.90
1018 121054.89
1019 121639.97
1020 120723.96
1021 120957.85
1022 120766.88
1023 120949.03
1024 121244.91
1025 121176.00
1026 121251.82
1027 120938.06
1028 120718.96
1029 121488.09
1030 120879.17
1031 121046.07
1032 121174.10
1033 120908.98
1034 121315.96
1035 120843.89
1036 120970.96
1037 121016.98
1038 120703.94
1039 120769.02
1040 120781.90
1041 120883.94
1042 120811.94
1043 120783.09
1044 121159.08
1045 121154.07
1046 120854.85
1047 121199.85
1048 121474.98
1049 121177.91
1050 121049.17
1051 121008.87
1052 121219.87
1053 120856.05
1054 120875.12
1055 120668.17
1056 120874.17
1057 120932.10
1058 120718.00
1059 120851.04
1060 120918.99
1061 120828.15
1062 120921.13
1063 121565.10
1064 120704.89
1065 120978.12
1066 120720.86
1067 121057.03
1068 120833.16
1069 120934.01
1070 121562.00
1071 121105.91
1072 121007.92
1073 120773.08
1074 120836.97
1075 121051.07
1076 121230.13
1077 121123.79
1078 120882.99
1079 120929.00
1080 121218.20
1081 121515.04
1082 120715.86
1083 120748.04
1084 121157.17
1085 120922.09
1086 120920.90
1087 120975.97
1088 120965.96
1089 120974.78
1090 121191.02
1091 120795.97
1092 121325.02
1093 120936.16
1094 120795.97
1095 121088.03
1096 120604.04
1097 121039.15
1098 121230.84
1099 120925.19
1100 121404.17
1101 120815.04
1102 120890.14
1103 121041.06
1104 121092.08
1105 120717.05
1106 121450.19
1107 120863.91
1108 121058.94
1109 120721.82
1110 121155.98
1111 120939.02
1112 121071.10
1113 121014.83
1114 121164.08
1115 121034.86
1116 121039.15
1117 121044.16
1118 121037.01
1119 121058.94
1120 121053.93
1121 121006.01
1122 121062.04
1123 120954.04
1124 121039.87
1125 121057.99
1126 121051.07
1127 121064.19
1128 120980.02
1129 121060.85
1130 121065.14
1131 121041.06
1132 121010.07
1133 121011.97
1134 121042.97
1135 121040.11
1136 121042.97
1137 121033.19
1138 121053.22
1139 121069.19
1140 121054.89
1141 120960.95
1142 121033.91
1143 121086.12
1144 121054.89
1145 121017.93
1146 121058.94
1147 121061.09
1148 120977.88
1149 121054.89
1150 121040.82
1151 121004.10
1152 121044.16
1153 121010.07
1154 121033.19
1155 121063.23
1156 121078.97
1157 121036.05
1158 121001.96
1159 121038.91
1160 121084.93
1161 121037.96
1162 121004.82
1163 121052.98
1164 121062.99
1165 121034.86
1166 121078.01
1167 121044.87
1168 120969.06
1169 121046.07
1170 121032.00
1171 121062.99
1172 121044.87
1173 121017.93
1174 121058.94
1175 121036.05
1176 121058.23
1177 121047.97
1178 121033.19
1179 121001.96
1180 121064.90
1181 121061.09
1182 121006.01
1183 121045.11
1184 121068.00
1185 121032.00
1186 121006.97
1187 121040.82
1188 120959.04
1189 121049.17
1190 121055.13
1191 121057.99
1192 121062.04
1193 121015.07
1194 121004.10
1195 121104.96
1196 121053.93
1197 121017.93
1198 121032.00
1199 121041.06
1200 121045.11
1201 121052.03
1202 121061.09
1203 121057.03
1204 121061.09
1205 121058.94
1206 120993.14
1207 121023.89
1208 121052.03
1209 121036.05
1210 121062.99
1211 121060.85
1212 121018.89
1213 121006.97
1214 121039.87
1215 121079.92
1216 121051.07
1217 120996.95
1218 121073.96
1219 121062.99
1220 121013.88
1221 120981.93
1222 121047.97
1223 121031.05
1224 121073.96
1225 120980.02
1226 121029.85
1227 121015.07
1228 120986.94
1229 121038.91
1230 121076.11
1231 121041.06
1232 121010.07
1233 121019.12
1234 121034.15
1235 121036.05
1236 121040.11
1237 121044.16
1238 121050.83
1239 121057.99
1240 121053.93
1241 121032.95
1242 121062.99
1243 121044.87
1244 121042.01
1245 121042.97
1246 121062.04
1247 121079.92
1248 121006.01
1249 121011.02
1250 121072.05
1251 121035.10
1252 120998.14
1253 121035.10
1254 121057.03
1255 121043.92
1256 121062.99
1257 121057.03
1258 121063.95
1259 121066.09
1260 121043.92
1261 121004.10
1262 121029.85
1263 121062.04
1264 121062.04
1265 121057.99
1266 121034.15
1267 121047.02
1268 120983.12
1269 121057.99
1270 121090.17
1271 121065.86
1272 121017.22
1273 121004.10
1274 121044.16
1275 121065.86
1276 121053.22
1277 121071.82
1278 120965.00
1279 121074.91
1280 121036.05
1281 121011.97
1282 121056.08
1283 121062.04
1284 121062.04
1285 121059.89
1286 121034.15
1287 121068.95
1288 121054.17
1289 121000.05
1290 121032.95
1291 121060.13
1292 121040.82
1293 120980.98
1294 121048.93
1295 121035.81
1296 121053.93
1297 121042.01
1298 121068.95
1299 121045.83
1300 121041.06
1301 121056.08
1302 121052.03
1303 121024.13
1304 121064.90
1305 121042.97
1306 121036.05
1307 121051.07
1308 120974.06
1309 121025.09
1310 121053.93
1311 121038.20
1312 121032.00
1313 121012.93
1314 121042.97
1315 121069.19
1316 121088.98
1317 120973.11
1318 121063.95
1319 121058.94
1320 120988.85
1321 121038.91
1322 121057.03
1323 121042.97
1324 121061.09
1325 121047.97
1326 121037.96
1327 121067.05
1328 121059.89
1329 121012.93
1330 121037.01
1331 121058.94
1332 121053.93
1333 121016.03
1334 121059.18
1335 121043.92
1336 121057.03
1337 121046.07
1338 121062.99
1339 121054.89
1340 121006.01
1341 121006.97
1342 120934.01
1343 121028.90
1344 121047.02
1345 121042.01
1346 121062.04
1347 121048.21
1348 120970.01
1349 121037.96
1350 121051.07
1351 121060.85
1352 121005.06
1353 121015.07
1354 121039.87
1355 121050.12
1356 121054.89
1357 121059.89
1358 120996.00
1359 121028.90
1360 121060.85
1361 121007.92
1362 121067.05
1363 121074.20
1364 121002.91
1365 121090.17
1366 121063.95
1367 121023.89
1368 121006.97
1369 121042.01
1370 121044.87
1371 121060.13
1372 121068.00
1373 121014.12
1374 121006.97
1375 121039.87
1376 121036.05
1377 120985.98
1378 121057.99
1379 121053.93
1380 121062.04
1381 121021.03
1382 121035.10
1383 121051.07
1384 121051.07
1385 121055.84
1386 121059.89
1387 121058.94
1388 121001.96
1389 121057.03
1390 121030.09
1391 121061.80
1392 121054.89
1393 121002.20
1394 121006.01
1395 121067.05
1396 121028.18
1397 121036.05
1398 121019.12
1399 121037.96
