1400
0 121325.02
1 121212.01
2 121217.97
3 121147.87
4 121155.02
5 121162.89
6 121126.89
7 121184.83
8 121203.90
9 121213.91
10 121178.87
11 121143.10
12 121200.08
13 121193.89
14 121199.85
15 121201.04
16 121126.17
17 121240.85
18 121145.01
19 121160.03
20 121090.89
21 121212.96
22 121150.97
23 121145.01
24 121180.06
25 121197.94
26 121178.87
27 121203.18
28 121182.92
29 121199.13
30 121191.98
31 121175.05
32 121199.13
33 121180.06
34 121204.14
35 121186.02
36 121190.79
37 121163.85
38 121134.04
39 121140.00
40 121199.13
41 121191.02
42 121197.94
43 121194.12
44 121199.13
45 121200.08
46 121110.92
47 121180.06
48 121207.00
49 121227.98
50 121201.04
51 121154.07
52 121201.04
53 121207.95
54 121196.99
55 121171.00
56 121199.13
57 121243.95
58 121150.97
59 121157.88
60 121202.95
61 121208.91
62 121174.10
63 121138.10
64 121158.84
65 121196.99
66 121153.83
67 121195.08
68 121179.10
69 121195.08
70 121187.93
71 121201.99
72 121176.96
73 121198.18
74 121196.99
75 121176.96
76 121199.85
77 121185.06
78 121165.04
79 121185.06
80 121177.20
81 121186.97
82 121187.93
83 121227.98
84 121186.97
85 121155.02
86 121114.97
87 121209.14
88 121182.92
89 121176.96
90 121187.93
91 121183.87
92 121187.93
93 121189.83
94 121070.15
95 121177.20
96 121013.88
97 121005.77
98 120974.06
99 121068.95
100 121047.02
101 121006.97
102 121012.93
103 121001.01
104 120975.02
105 121421.10
106 122154.95
107 121696.95
108 120911.12
109 120944.98
110 121510.03
111 121539.12
112 122145.89
113 120889.90
114 121056.08
115 120944.02
116 120802.88
117 121302.13
118 121555.09
119 121457.10
120 120877.98
121 121057.03
122 121050.12
123 123322.01
124 120859.86
125 120932.10
126 121886.97
127 121339.08
128 121057.99
129 120888.95
130 120905.88
131 120883.94
132 120911.84
133 121004.82
134 121953.96
135 120899.92
136 120774.03
137 120849.85
138 121726.99
139 121045.11
140 121359.11
141 121351.00
142 121939.18
143 121014.12
144 120714.90
145 121701.96
146 120744.94
147 120871.07
148 121253.01
149 120778.08
150 121666.91
151 121759.89
152 120775.94
153 121850.97
154 121159.08
155 120942.12
156 121619.94
157 121596.81
158 120852.95
159 121336.94
160 121272.09
161 121196.03
162 120831.01
163 121603.01
164 122347.83
165 120954.99
166 120825.05
167 121319.06
168 120831.01
169 120934.01
170 120956.90
171 121603.97
172 121562.00
173 120973.11
174 120843.89
175 121026.99
176 121553.18
177 120790.96
178 121097.09
179 120697.98
180 121394.16
181 121474.98
182 121102.09
183 122370.96
184 120779.04
185 120849.13
186 121299.03
187 121568.92
188 120874.17
189 120796.92
190 121833.80
191 120980.98
192 122025.01
193 121330.98
194 121286.87
195 122016.91
196 120855.81
197 121711.02
198 121606.11
199 120728.97
200 121132.85
201 121633.05
202 120922.80
203 120877.03
204 121571.06
205 122076.03
206 121839.05
207 120908.02
208 121513.84
209 121371.98
210 121301.17
211 121017.93
212 120804.07
213 121397.02
214 121434.93
215 122168.06
216 120941.88
217 121839.05
218 120657.92
219 122094.87
220 120856.05
221 120909.93
222 121740.10
223 121685.03
224 121600.15
225 121047.97
226 120963.81
227 121023.89
228 121278.05
229 120761.16
230 120913.98
231 122039.08
232 121726.04
233 121648.79
234 120854.85
235 121171.00
236 121896.98
237 121566.06
238 120796.92
239 121330.02
240 120872.02
241 120789.05
242 121091.13
243 121341.94
244 123045.92
245 120850.09
246 121335.03
247 121557.00
248 121197.94
249 120963.81
250 121521.00
251 120809.08
252 121452.09
253 122068.88
254 121135.95
255 121577.98
256 121040.82
257 121994.02
258 121640.92
259 121479.03
260 121496.92
261 121249.91
262 121230.84
263 121568.92
264 121675.97
265 121229.17
266 121260.17
267 121012.93
268 121781.11
269 120886.09
270 121495.96
271 121223.93
272 121039.87
273 121183.87
274 121273.04
275 121762.99
276 121029.85
277 122139.93
278 122577.91
279 120880.84
280 121293.07
281 121756.08
282 121283.05
283 121490.00
284 120899.92
285 121567.96
286 121664.05
287 121393.92
288 121047.02
289 120920.18
290 121912.96
291 121019.12
292 121489.05
293 120857.00
294 120738.98
295 121240.85
296 121674.06
297 121114.02
298 121989.97
299 121510.03
300 121788.98
301 121829.99
302 121068.95
303 120937.11
304 121168.85
305 121845.01
306 120764.02
307 120902.06
308 121019.12
309 121027.95
310 121178.87
311 121182.92
312 121675.97
313 121576.07
314 121536.02
315 120948.08
316 121466.88
317 121000.05
318 121562.96
319 120836.97
320 122889.04
321 121221.07
322 121535.06
323 121486.19
324 120872.02
325 120829.11
326 121240.85
327 121018.89
328 121093.99
329 120998.14
330 122275.11
331 122179.03
332 122051.95
333 121428.01
334 120786.19
335 121446.13
336 121869.09
337 120994.81
338 121297.12
339 121324.78
340 120986.94
341 120840.07
342 120960.95
343 121351.96
344 120841.03
345 121444.94
346 120827.91
347 121104.00
348 121390.10
349 121525.05
350 121393.92
351 121554.85
352 121186.97
353 122681.86
354 121007.20
355 121038.20
356 121320.01
357 120949.98
358 120866.06
359 120960.00
360 120963.10
361 120706.08
362 120995.04
363 120950.94
364 121271.13
365 120937.11
366 120829.11
367 121053.22
368 120879.89
369 120952.84
370 121109.01
371 120975.02
372 121697.90
373 121065.14
374 120848.18
375 120951.89
376 120935.92
377 121011.97
378 121309.04
379 121314.05
380 120949.98
381 121002.91
382 121014.12
383 121211.05
384 121273.04
385 120791.91
386 120889.90
387 121419.91
388 121207.95
389 121467.11
390 121443.99
391 120835.07
392 121263.03
393 120896.10
394 120954.99
395 120743.99
396 120954.04
397 120867.01
398 121007.92
399 120872.97
400 120906.11
401 121063.95
402 121340.99
403 120831.01
404 120893.96
405 120838.17
406 120977.88
407 121164.08
408 121019.84
409 120830.06
410 120579.00
411 121222.97
412 120915.89
413 120840.07
414 120790.96
415 121309.04
416 120955.94
417 120814.09
418 120828.15
419 120924.00
420 120914.94
421 120934.96
422 120867.01
423 120966.91
424 120872.97
425 120825.05
426 120803.83
427 120834.11
428 121295.93
429 120815.99
430 121047.97
431 120916.84
432 120857.00
433 120862.96
434 120950.94
435 120898.96
436 120844.84
437 121375.08
438 120889.90
439 120703.94
440 120981.93
441 120859.86
442 120994.81
443 120851.99
444 120769.98
445 120732.07
446 120949.98
447 120814.09
448 120697.02
449 121500.97
450 121243.00
451 121558.90
452 120904.92
453 121487.86
454 120764.02
455 121262.07
456 121150.97
457 121449.95
458 120846.99
459 121324.06
460 120718.96
461 121276.86
462 120873.93
463 120789.05
464 120954.99
465 120970.96
466 121021.03
467 120763.06
468 121037.01
469 121253.01
470 121094.94
471 120922.09
472 120734.21
473 120867.97
474 120820.05
475 121947.05
476 121363.88
477 121379.14
478 120996.00
479 121213.91
480 120969.06
481 120702.03
482 121036.05
483 121056.08
484 120792.87
485 121026.99
486 121107.10
487 120773.08
488 121538.16
489 120855.09
490 121109.96
491 121506.93
492 120851.99
493 121315.96
494 120736.12
495 121230.84
496 121108.06
497 121100.90
498 121032.95
499 120991.95
500 121193.89
501 121279.00
502 120873.93
503 121526.96
504 121478.08
505 120811.94
506 121442.08
507 121216.06
508 121140.00
509 121071.82
510 120957.85
511 121371.98
512 120787.86
513 121302.13
514 121157.88
515 121093.03
516 120862.01
517 121075.87
518 121261.12
519 121074.91
520 121616.84
521 121298.07
522 121625.19
523 120902.06
524 121309.04
525 120818.14
526 120933.06
527 121323.11
528 121557.00
529 120952.13
530 121518.14
531 121281.15
532 121325.97
533 121007.92
534 121176.96
535 121234.89
536 121463.06
537 121288.78
538 121129.04
539 120795.01
540 121238.23
541 121115.92
542 121646.88
543 121742.96
544 120826.01
545 121443.99
546 121552.94
547 121027.95
548 120946.88
549 121318.10
550 121052.98
551 121268.03
552 121424.91
553 121318.10
554 121431.11
555 121129.99
556 121490.96
557 120981.93
558 121317.86
559 121222.02
560 121138.81
561 121270.90
562 121499.06
563 121422.05
564 121691.94
565 121706.01
566 121275.90
567 120943.07
568 121158.84
569 120820.05
570 121299.98
571 120913.03
572 121369.12
573 121364.12
574 120889.90
575 121324.06
576 121524.81
577 121331.93
578 120929.96
579 121253.97
580 121097.80
581 121281.15
582 121130.94
583 121163.13
584 121455.91
585 121390.82
586 121622.80
587 121360.06
588 121150.02
589 121678.83
590 120713.00
591 121362.92
592 121065.14
593 122087.00
594 120968.82
595 121193.89
596 121264.93
597 121804.95
598 121075.87
599 121000.05
600 121134.04
601 121028.90
602 121177.91
603 120954.99
604 121433.97
605 120852.95
606 121177.91
607 121030.09
608 121248.01
609 121117.83
610 121343.14
611 121142.86
612 121025.09
613 121151.92
614 121354.10
615 121246.10
616 121417.05
617 120683.91
618 121130.94
619 120996.00
620 121274.95
621 121171.00
622 121258.97
623 121273.99
624 121502.16
625 121218.20
626 121443.03
627 121221.07
628 121178.87
629 121068.00
630 121155.02
631 121381.04
632 120909.93
633 121503.11
634 121268.03
635 121217.01
636 121002.91
637 121183.16
638 120816.95
639 121212.01
640 121271.85
641 121506.93
642 121159.08
643 120851.99
644 122056.01
645 121505.02
646 121076.11
647 121145.96
648 120893.96
649 121418.00
650 121104.96
651 121514.08
652 121717.93
653 121163.13
654 121243.95
655 121092.08
656 121256.11
657 121584.18
658 121181.01
659 121341.94
660 121809.96
661 121079.92
662 121455.91
663 121294.98
664 121170.04
665 121223.93
666 120866.78
667 121135.95
668 120906.11
669 121848.11
670 120961.90
671 121262.07
672 120859.86
673 121215.11
674 121378.18
675 121018.17
676 121531.96
677 121599.91
678 121554.85
679 121479.99
680 120972.87
681 121082.07
682 121104.00
683 121356.01
684 120867.97
685 121261.12
686 121133.09
687 120854.85
688 121120.93
689 120908.98
690 121219.87
691 121073.01
692 121156.93
693 121378.90
694 120925.19
695 121514.08
696 121191.02
697 121119.02
698 121398.93
699 121207.95
700 121412.04
701 121198.89
702 121424.91
703 121671.92
704 121126.89
705 121111.15
706 121356.01
707 121623.99
708 121061.09
709 121273.99
710 121396.06
711 120993.85
712 121520.04
713 120960.00
714 121093.03
715 121799.95
716 121030.09
717 120826.01
718 121193.89
719 120919.94
720 121155.98
721 121110.92
722 121582.03
723 121163.13
724 120969.06
725 121275.90
726 121266.84
727 121512.17
728 121630.91
729 121603.01
730 121361.97
731 120733.02
732 121222.02
733 121061.09
734 121644.97
735 121304.99
736 121424.91
737 120728.02
738 120937.11
739 121155.02
740 121201.04
741 121662.86
742 121258.02
743 121432.07
744 121492.15
745 121366.02
746 121388.20
747 121279.00
748 121063.95
749 121746.06
750 121448.04
751 120957.14
752 121653.08
753 121544.84
754 120998.14
755 120811.94
756 121217.97
757 121144.06
758 121122.12
759 121581.08
760 121463.06
761 121091.84
762 121515.99
763 121332.17
764 121684.07
765 120684.86
766 121319.06
767 120955.94
768 120965.00
769 121595.14
770 121182.92
771 121394.16
772 120980.02
773 121469.02
774 121289.97
775 120939.97
776 121073.01
777 121385.10
778 121346.95
779 121501.92
780 121368.17
781 120985.03
782 121068.95
783 121656.89
784 120865.82
785 121876.96
786 121247.05
787 120966.91
788 121241.81
789 121027.95
790 121531.96
791 121757.98
792 121030.09
793 121469.02
794 120809.08
795 120916.13
796 120822.19
797 121316.91
798 121351.00
799 121115.92
800 122203.11
801 121279.95
802 121074.91
803 121320.96
804 121157.88
805 121622.80
806 121125.94
807 121458.05
808 120768.07
809 121433.97
810 121226.07
811 121066.81
812 121268.99
813 121500.97
814 121582.98
815 121155.02
816 121237.99
817 121036.77
818 121299.98
819 121130.94
820 120766.88
821 121659.99
822 121956.11
823 121706.01
824 121940.14
825 121304.04
826 121437.07
827 120872.02
828 121257.07
829 121814.97
830 120867.01
831 121389.87
832 121176.96
833 121295.93
834 121592.04
835 121130.94
836 121677.88
837 121506.93
838 121246.10
839 121310.00
840 121476.17
841 121286.15
842 121327.88
843 121139.05
844 121267.08
845 121434.93
846 122014.05
847 121079.92
848 121167.90
849 121305.94
850 120949.03
851 121487.86
852 121370.08
853 121032.95
854 121569.16
855 121240.14
856 120620.01
857 121065.86
858 121779.92
859 120933.06
860 120860.10
861 121042.97
862 121298.07
863 120919.94
864 120984.79
865 120906.83
866 121186.02
867 120888.95
868 121148.11
869 120847.94
870 120943.07
871 121216.06
872 121372.94
873 121635.91
874 121717.21
875 120975.02
876 121633.05
877 121515.99
878 121132.14
879 121853.11
880 122054.10
881 121133.09
882 121125.94
883 121468.07
884 121112.11
885 121087.07
886 121517.90
887 121316.91
888 121403.93
889 121904.13
890 121105.91
891 122378.11
892 121582.03
893 121583.94
894 120867.01
895 120903.02
896 121322.15
897 121013.16
898 121026.04
899 121270.18
900 121634.01
901 121481.90
902 121490.00
903 121057.99
904 121386.05
905 121290.92
906 121465.92
907 121357.92
908 120806.93
909 120936.16
910 121682.88
911 121837.14
912 121078.97
913 121749.88
914 121366.02
915 121288.06
916 121155.98
917 121114.97
918 121289.97
919 121359.83
920 121288.06
921 121253.01
922 121109.01
923 121524.10
924 120935.92
925 121003.87
926 121316.91
927 121312.14
928 120722.06
929 121407.99
930 121614.93
931 121522.90
932 121616.84
933 121594.91
934 120957.14
935 121600.87
936 121179.10
937 121006.01
938 121478.08
939 120917.08
940 121903.18
941 121045.83
942 121340.99
943 121566.06
944 121317.15
945 121020.79
946 121182.92
947 121382.95
948 121041.06
949 121433.02
950 120962.86
951 121022.94
952 121034.86
953 120903.02
954 121094.94
955 121275.90
956 120837.93
957 120806.93
958 121136.90
959 121611.83
960 121344.80
961 121462.11
962 121540.07
963 121142.86
964 121342.90
965 121213.91
966 121129.99
967 121052.03
968 121431.11
969 121176.00
970 120859.86
971 121473.07
972 121436.12
973 121258.97
974 121026.99
975 121103.05
976 121174.81
977 121840.00
978 121720.08
979 121475.93
980 120853.90
981 120728.02
982 121070.86
983 121096.13
984 120990.99
985 121749.88
986 120927.10
987 121315.00
988 121314.05
989 121217.01
990 120957.14
991 121423.96
992 121221.78
993 121324.06
994 121140.96
995 121848.11
996 121624.95
997 121466.88
998 121504.07
999 121165.04
1000 120998.86
1001 121708.87
1002 121479.99
1003 121656.18
1004 120866.06
1005 121042.97
1006 121109.96
1007 120954.99
1008 121028.18
1009 121132.14
1010 121191.02
1011 120797.87
1012 121464.01
1013 121124.98
1014 121685.03
1015 121233.94
1016 120980.02
1017 121556.04
1018 120839.83
1019 121017.93
1020 121207.95
1021 121292.83
1022 121017.22
1023 120934.96
1024 121379.85
1025 121061.09
1026 121116.16
1027 121375.08
1028 121286.87
1029 121312.86
1030 121239.19
1031 121655.94
1032 121051.79
1033 121532.92
1034 121680.97
1035 121055.13
1036 121346.95
1037 121345.04
1038 121471.17
1039 121278.05
1040 121243.95
1041 120998.14
1042 121376.04
1043 121419.19
1044 121609.21
1045 121145.96
1046 121505.98
1047 121454.95
1048 121276.86
1049 121344.09
1050 120843.89
1051 120925.90
1052 121284.01
1053 121338.13
1054 121201.99
1055 121325.02
1056 121683.12
1057 121146.92
1058 121392.97
1059 121485.95
1060 121207.00
1061 121534.11
1062 121366.98
1063 121124.03
1064 121207.00
1065 121555.09
1066 121528.86
1067 121628.05
1068 122001.17
1069 121311.90
1070 120971.92
1071 121428.97
1072 121332.17
1073 121713.88
1074 121222.97
1075 121067.05
1076 120934.96
1077 121298.07
1078 121155.98
1079 121433.02
1080 121361.97
1081 121133.09
1082 120952.13
1083 121454.95
1084 121323.11
1085 121300.94
1086 121738.20
1087 120730.16
1088 120919.94
1089 121156.22
1090 121299.98
1091 120954.04
1092 121709.11
1093 121529.10
1094 121618.03
1095 120998.14
1096 121186.02
1097 121403.93
1098 121324.06
1099 121340.99
1100 121694.80
1101 121448.04
1102 120999.10
1103 121393.92
1104 121405.12
1105 121675.01
1106 121680.97
1107 121256.83
1108 121238.95
1109 121137.86
1110 121086.12
1111 121052.98
1112 121356.96
1113 121583.94
1114 121141.91
1115 121487.14
1116 121145.96
1117 120899.92
1118 121665.00
1119 121365.79
1120 121636.87
1121 121057.03
1122 121402.03
1123 121410.13
1124 121217.01
1125 121603.97
1126 120754.96
1127 121082.07
1128 121490.00
1129 121849.78
1130 121353.15
1131 121661.19
1132 121193.89
1133 121117.12
1134 121050.12
1135 121216.06
1136 120753.05
1137 121267.80
1138 121284.01
1139 121033.91
1140 121047.02
1141 120786.91
1142 120651.96
1143 121254.92
1144 121498.82
1145 121273.04
1146 120779.99
1147 121083.97
1148 121160.98
1149 121000.05
1150 120985.03
1151 121173.14
1152 120784.04
1153 121052.03
1154 121335.98
1155 121201.04
1156 121119.02
1157 120915.89
1158 121037.01
1159 121164.80
1160 121121.88
1161 120903.02
1162 120927.10
1163 120944.02
1164 120866.06
1165 121192.93
1166 121563.91
1167 120620.01
1168 121242.05
1169 121448.04
1170 120854.85
1171 121389.87
1172 120773.08
1173 121290.92
1174 120703.94
1175 121357.92
1176 120933.06
1177 121155.02
1178 121113.06
1179 121032.95
1180 121267.08
1181 120843.89
1182 121477.84
1183 121244.91
1184 120810.99
1185 120812.18
1186 121401.07
1187 120810.99
1188 120903.02
1189 121039.87
1190 120990.99
1191 121041.06
1192 120718.00
1193 121521.95
1194 121245.15
1195 120851.99
1196 120833.87
1197 121099.00
1198 121407.99
1199 120859.15
1200 120821.00
1201 120874.88
1202 120931.15
1203 121062.99
1204 120805.03
1205 120887.04
1206 120891.09
1207 121417.05
1208 120793.82
1209 120980.98
1210 121563.91
1211 121189.12
1212 121521.95
1213 121027.95
1214 121099.95
1215 121087.07
1216 120934.96
1217 121186.02
1218 121041.06
1219 120954.99
1220 120883.94
1221 121362.92
1222 121013.88
1223 121182.92
1224 120877.98
1225 120973.11
1226 121335.98
1227 121018.17
1228 121339.08
1229 120957.14
1230 121237.99
1231 121306.90
1232 121341.94
1233 120872.97
1234 121099.00
1235 120908.02
1236 121019.84
1237 121199.13
1238 120980.98
1239 121428.01
1240 121003.15
1241 121459.01
1242 121262.07
1243 121586.08
1244 121310.00
1245 121294.02
1246 121270.90
1247 120963.81
1248 121004.82
1249 120933.06
1250 120938.06
1251 121197.94
1252 120933.06
1253 120917.08
1254 121585.85
1255 121063.95
1256 121496.92
1257 120933.06
1258 121287.11
1259 121143.10
1260 120972.16
1261 121054.89
1262 121086.12
1263 120966.91
1264 121122.12
1265 121252.06
1266 121001.01
1267 121090.17
1268 121082.07
1269 121093.03
1270 121496.92
1271 121400.12
1272 121101.86
1273 121762.99
1274 120954.04
1275 121067.05
1276 121639.97
1277 121093.99
1278 120948.79
1279 121157.17
1280 121095.18
1281 121135.95
1282 121180.06
1283 121175.05
1284 121125.94
1285 121153.83
1286 121157.88
1287 121087.07
1288 121177.20
1289 121176.00
1290 121162.89
1291 121154.07
1292 121078.97
1293 121177.20
1294 121172.19
1295 121151.92
1296 121171.00
1297 121156.93
1298 121150.97
1299 121099.95
1300 121176.96
1301 121121.88
1302 120951.18
1303 121139.05
1304 121135.95
1305 121212.96
1306 121067.05
1307 121104.00
1308 121176.00
1309 121156.22
1310 121155.98
1311 121176.00
1312 121175.05
1313 121185.06
1314 121163.13
1315 121182.20
1316 121150.97
1317 121198.18
1318 121166.94
1319 121135.95
1320 121243.00
1321 121137.86
1322 121092.80
1323 121169.09
1324 121160.03
1325 121170.04
1326 121119.98
1327 121068.00
1328 121179.10
1329 121172.90
1330 121121.17
1331 121160.98
1332 121176.96
1333 121101.14
1334 121190.07
1335 121173.14
1336 121122.84
1337 121159.08
1338 121155.98
1339 121162.18
1340 121160.98
1341 121127.13
1342 121116.88
1343 121062.99
1344 121096.13
1345 121160.98
1346 121133.09
1347 121099.00
1348 121151.92
1349 121154.07
1350 121170.04
1351 121177.91
1352 121186.02
1353 121153.12
1354 121168.14
1355 121165.99
1356 121197.94
1357 121150.97
1358 121177.91
1359 121176.00
1360 121177.91
1361 121160.03
1362 121175.05
1363 121177.20
1364 121187.93
1365 121176.00
1366 121153.83
1367 121186.97
1368 121181.96
1369 121154.79
1370 121122.84
1371 121176.00
1372 121188.88
1373 121176.96
1374 121150.97
1375 121120.93
1376 121156.93
1377 121048.93
1378 121167.90
1379 121181.01
1380 121181.01
1381 121144.06
1382 121118.07
1383 121164.08
1384 121136.90
1385 121178.15
1386 121118.07
1387 121106.15
1388 121152.16
1389 121177.91
1390 121189.12
1391 121143.10
1392 121150.02
1393 121140.00
1394 121157.88
1395 121010.07
1396 121081.83
1397 121140.96
1398 121115.92
1399 121169.09
