1400
0 121065.86
1 120975.02
2 120967.15
3 121007.92
4 120885.13
5 120962.86
6 120951.89
7 120893.96
8 120956.90
9 120987.89
10 120961.90
11 120910.17
12 120908.02
13 120943.07
14 120940.92
15 120904.92
16 120931.15
17 120960.95
18 120958.09
19 120893.96
20 120968.10
21 120945.22
22 120931.86
23 120894.91
24 120867.97
25 120953.08
26 120957.85
27 120866.06
28 120970.01
29 120939.97
30 120949.98
31 120964.05
32 120941.88
33 120929.00
34 120909.93
35 120908.98
36 120915.89
37 120965.00
38 120949.98
39 120998.86
40 120949.98
41 120957.14
42 120964.05
43 120939.02
44 120851.04
45 120944.98
46 120940.21
47 120944.98
48 120971.92
49 120956.90
50 120908.98
51 120905.88
52 120922.09
53 120965.96
54 120955.94
55 120908.02
56 120915.89
57 120871.07
58 120945.93
59 120944.02
60 120953.08
61 120929.00
62 120913.03
63 120951.89
64 120872.02
65 120962.86
66 120982.89
67 120744.94
68 120939.97
69 120957.85
70 120942.83
71 120962.14
72 120903.02
73 120959.04
74 120976.92
75 120900.87
76 120815.04
77 120965.96
78 120964.05
79 120909.93
80 120899.92
81 120931.15
82 120965.00
83 120934.96
84 120876.07
85 120893.96
86 120944.02
87 120967.15
88 120951.18
89 120935.92
90 120957.85
91 120950.94
92 120956.90
93 120960.95
94 120924.00
95 120835.07
96 120896.82
97 120853.90
98 120970.01
99 120898.96
100 120829.11
101 121056.08
102 120914.94
103 120971.20
104 120833.16
105 121119.98
106 121114.97
107 120809.08
108 122369.05
109 121160.03
110 121439.93
111 121458.05
112 120627.88
113 121499.06
114 121139.05
115 121353.86
116 120897.77
117 120939.02
118 121121.88
119 121085.88
120 120908.02
121 120914.94
122 121701.00
123 120920.90
124 121638.06
125 121220.11
126 122249.84
127 121788.98
128 120886.80
129 121158.12
130 122396.95
131 120970.01
132 120944.02
133 120789.05
134 121361.97
135 121521.00
136 121396.06
137 121215.82
138 121090.89
139 121368.89
140 120837.21
141 121953.01
142 122188.09
143 121130.94
144 121104.00
145 121187.93
146 121637.82
147 120875.12
148 120864.15
149 120902.78
150 121745.11
151 121562.00
152 121464.01
153 121199.85
154 121088.98
155 121080.16
156 121784.93
157 121661.90
158 121505.02
159 121407.03
160 121467.83
161 122128.01
162 121187.21
163 121104.96
164 121738.91
165 120873.93
166 121476.17
167 121494.77
168 121522.19
169 121303.08
170 120968.10
171 120834.83
172 121533.16
173 122497.08
174 120836.02
175 121310.95
176 121211.05
177 121302.84
178 122096.06
179 121814.97
180 121001.96
181 120887.99
182 120892.05
183 121887.21
184 120932.10
185 121346.95
186 120915.89
187 120716.81
188 121686.94
189 121402.03
190 120919.94
191 121877.91
192 120980.98
193 121235.85
194 121685.98
195 120812.89
196 120906.11
197 121850.97
198 121323.82
199 121623.99
200 120805.03
201 121316.91
202 121145.96
203 121075.87
204 121183.16
205 120970.01
206 120985.98
207 121392.97
208 122041.94
209 120896.10
210 120910.88
211 120918.04
212 121387.00
213 122135.88
214 120903.02
215 122365.00
216 121850.01
217 121105.91
218 121634.96
219 120796.92
220 120791.20
221 121465.92
222 121387.00
223 120892.05
224 121504.07
225 121427.06
226 121354.10
227 120872.02
228 120986.94
229 121800.90
230 121151.92
231 121787.07
232 120975.97
233 120978.83
234 121466.16
235 121338.13
236 121247.05
237 121201.04
238 121071.10
239 121063.95
240 121737.00
241 121728.90
242 120884.90
243 120960.95
244 122218.13
245 120917.08
246 121587.99
247 121095.90
248 121668.82
249 122037.17
250 121824.03
251 121900.08
252 121863.84
253 121474.98
254 120834.11
255 121374.13
256 120903.97
257 121466.16
258 121611.12
259 121439.93
260 121424.91
261 121075.87
262 121103.05
263 121237.99
264 120862.96
265 121667.15
266 121387.96
267 121612.07
268 121872.90
269 121137.14
270 121101.14
271 121492.86
272 120985.03
273 120806.93
274 121550.08
275 121736.05
276 121689.80
277 121227.03
278 121521.00
279 121278.05
280 120910.17
281 121114.97
282 121263.03
283 121701.96
284 121510.98
285 121661.90
286 121139.05
287 122052.91
288 120912.79
289 121217.01
290 120988.13
291 121278.05
292 121850.01
293 121783.97
294 121666.91
295 121407.99
296 120743.04
297 121392.97
298 121386.05
299 121073.96
300 121272.80
301 121294.98
302 121217.01
303 121038.91
304 121134.04
305 121560.81
306 120932.10
307 121528.15
308 121003.15
309 121299.98
310 121517.18
311 121495.96
312 121412.04
313 121306.90
314 121136.19
315 121958.97
316 120996.00
317 121742.96
318 121110.92
319 120770.93
320 121577.02
321 121261.12
322 121052.98
323 121943.00
324 121047.97
325 121308.09
326 121813.06
327 121167.18
328 121004.82
329 121527.19
330 120788.10
331 120738.98
332 121115.92
333 121495.01
334 121186.02
335 121850.97
336 121907.00
337 120854.14
338 121129.99
339 121449.95
340 121922.02
341 121514.08
342 121099.00
343 121321.92
344 121315.96
345 121757.98
346 121632.81
347 121764.90
348 121512.89
349 121953.01
350 120810.99
351 121576.07
352 121385.10
353 120957.14
354 121366.02
355 122918.13
356 120918.99
357 121339.80
358 121225.12
359 121000.05
360 121984.96
361 120922.09
362 120882.99
363 120968.10
364 121037.96
365 121155.98
366 120786.19
367 121097.09
368 121049.88
369 121153.12
370 121629.95
371 121116.88
372 121058.94
373 121070.86
374 120983.12
375 121425.15
376 120818.85
377 121110.92
378 121019.12
379 120884.90
380 120790.00
381 120730.88
382 121245.86
383 120743.04
384 121390.10
385 120944.98
386 120951.89
387 120841.98
388 121023.89
389 121265.17
390 121102.09
391 120991.95
392 121391.06
393 120935.92
394 121616.13
395 120986.94
396 121371.03
397 120934.96
398 121041.06
399 121364.83
400 120929.96
401 121490.96
402 120924.95
403 121017.93
404 121047.97
405 121010.07
406 120785.95
407 120841.03
408 120752.10
409 120847.23
410 120819.81
411 120759.01
412 121284.96
413 121448.99
414 121147.87
415 120848.18
416 120801.93
417 121568.20
418 120773.08
419 120971.92
420 120985.03
421 121073.01
422 120711.09
423 120906.83
424 121325.97
425 121016.03
426 121193.89
427 121197.94
428 121082.07
429 121220.11
430 120758.06
431 121030.09
432 121430.16
433 120842.22
434 121504.07
435 121144.06
436 120924.95
437 120912.79
438 120877.03
439 120810.03
440 120651.01
441 121037.96
442 121093.03
443 121551.04
444 120924.00
445 121144.06
446 120795.01
447 121385.81
448 121015.07
449 121127.13
450 120831.01
451 121576.07
452 120744.94
453 121317.86
454 121375.08
455 121109.01
456 121495.01
457 120802.16
458 120929.00
459 120853.90
460 120760.92
461 120849.85
462 121068.95
463 120751.14
464 120949.03
465 120700.84
466 120839.83
467 121740.10
468 121478.08
469 121095.90
470 121781.11
471 121543.17
472 121277.81
473 121292.11
474 120836.97
475 121049.88
476 121261.12
477 121076.11
478 121517.90
479 120831.01
480 121350.05
481 121321.92
482 121061.09
483 121009.83
484 121251.11
485 121035.10
486 120906.83
487 121093.99
488 121142.86
489 121583.94
490 121506.93
491 120949.03
492 120661.02
493 120917.08
494 120853.19
495 121310.95
496 121310.00
497 120666.03
498 121191.02
499 121119.02
500 121727.94
501 121454.00
502 121273.04
503 121227.98
504 121055.13
505 121170.04
506 121190.07
507 120963.10
508 121739.15
509 121292.11
510 121496.92
511 121370.08
512 121341.94
513 120897.05
514 120957.14
515 121314.05
516 120782.14
517 120918.04
518 121376.99
519 120798.11
520 121052.03
521 122018.10
522 121121.17
523 121235.85
524 120964.05
525 121339.08
526 121423.96
527 121131.90
528 121507.17
529 120863.20
530 121232.03
531 121169.09
532 121737.00
533 121259.21
534 121071.82
535 121386.05
536 120918.04
537 121475.93
538 121312.86
539 121048.93
540 121580.12
541 121011.97
542 121659.99
543 121241.09
544 121185.06
545 121415.85
546 121383.91
547 120921.85
548 120853.90
549 121170.04
550 120805.03
551 122282.03
552 121965.17
553 121782.06
554 121109.96
555 121878.86
556 121644.02
557 121382.95
558 121577.02
559 121353.15
560 121323.82
561 121347.19
562 121461.87
563 121299.98
564 121505.02
565 121093.99
566 121201.04
567 121093.03
568 121096.85
569 121575.83
570 121269.94
571 121065.14
572 121484.99
573 120804.79
574 121415.14
575 121218.92
576 121351.00
577 121440.89
578 121692.18
579 121240.85
580 121721.98
581 120822.91
582 120990.99
583 121824.98
584 121160.98
585 121557.95
586 121239.90
587 121552.23
588 121093.99
589 120954.99
590 121314.05
591 121475.93
592 121360.06
593 121423.01
594 121326.92
595 121050.12
596 121610.88
597 121315.96
598 121840.95
599 121546.03
600 121387.96
601 121621.13
602 121365.07
603 121369.84
604 121317.15
605 121597.05
606 121329.07
607 121336.94
608 121259.93
609 121351.96
610 121187.93
611 121407.99
612 121058.94
613 121863.84
614 121699.09
615 121228.93
616 121168.85
617 121278.05
618 121132.14
619 121358.16
620 121403.93
621 121083.97
622 121084.93
623 121300.94
624 121529.10
625 121170.04
626 121628.05
627 121252.06
628 121279.95
629 121773.96
630 121204.14
631 121462.82
632 121237.04
633 120983.12
634 121032.00
635 121407.03
636 120929.96
637 121757.03
638 121299.03
639 122129.92
640 121267.80
641 121749.16
642 121670.01
643 121563.20
644 121238.95
645 121387.96
646 121703.15
647 121538.16
648 121685.03
649 121401.07
650 121227.98
651 121650.93
652 121721.98
653 121536.02
654 121242.05
655 121960.16
656 121397.97
657 120957.14
658 121191.98
659 121553.90
660 121752.02
661 121208.19
662 121655.94
663 121199.85
664 121339.08
665 121501.92
666 121286.87
667 121422.05
668 121693.85
669 121302.84
670 121539.83
671 121555.09
672 121358.16
673 121325.97
674 121176.00
675 120917.08
676 121459.01
677 121088.03
678 121286.87
679 120695.83
680 121589.18
681 121325.97
682 121083.02
683 121783.97
684 121429.92
685 121214.15
686 121363.16
687 121690.03
688 121672.87
689 121984.00
690 121443.03
691 121469.97
692 121469.97
693 121315.96
694 121440.17
695 121674.06
696 121303.08
697 121784.93
698 121570.11
699 120982.89
700 121349.81
701 121912.96
702 120900.15
703 121021.03
704 121476.89
705 121948.00
706 121218.92
707 121176.96
708 121138.81
709 121498.82
710 120999.10
711 121739.86
712 121430.87
713 121539.12
714 121567.01
715 120795.01
716 121340.99
717 121178.15
718 121392.01
719 121507.88
720 121130.94
721 121557.95
722 121911.05
723 121743.92
724 121649.98
725 121963.02
726 121462.82
727 121401.07
728 121864.08
729 121837.85
730 121727.94
731 121915.10
732 121214.15
733 121736.05
734 121069.19
735 121541.02
736 121725.08
737 121340.04
738 121772.77
739 121738.91
740 121181.96
741 121707.92
742 121039.15
743 121419.91
744 121081.11
745 121117.83
746 121406.08
747 121333.84
748 121732.00
749 120949.03
750 121219.87
751 121447.09
752 121568.92
753 121328.12
754 121396.06
755 121241.09
756 121417.05
757 120922.09
758 121571.06
759 121047.97
760 121445.89
761 121409.89
762 121307.13
763 121362.92
764 121388.91
765 121604.92
766 121312.86
767 120853.90
768 121280.91
769 121346.00
770 120997.91
771 121066.09
772 121379.85
773 121410.85
774 121192.93
775 121567.96
776 121581.08
777 121297.12
778 121586.08
779 121233.94
780 121217.97
781 121037.96
782 121476.89
783 121459.01
784 121245.86
785 121499.06
786 121305.94
787 121665.00
788 121656.89
789 121150.02
790 121374.85
791 121022.94
792 121798.04
793 121450.90
794 121127.13
795 121347.19
796 121674.06
797 121126.89
798 121330.98
799 121562.00
800 121633.05
801 121180.06
802 121125.94
803 121047.02
804 121560.81
805 121436.12
806 121796.13
807 121024.85
808 121217.97
809 121343.14
810 121090.89
811 121507.88
812 121572.02
813 121092.08
814 121059.18
815 121230.13
816 121341.94
817 121239.90
818 121558.90
819 121191.02
820 121151.92
821 120974.06
822 121382.95
823 121356.01
824 121557.00
825 121769.91
826 121690.03
827 121642.83
828 121136.19
829 121323.11
830 121227.98
831 120795.01
832 121082.07
833 121099.95
834 121275.90
835 121304.99
836 121071.10
837 121948.96
838 120810.99
839 121745.11
840 121394.87
841 120925.90
842 121215.11
843 121504.78
844 121038.91
845 121681.93
846 120868.21
847 121656.89
848 121047.97
849 121634.01
850 121289.01
851 121000.05
852 121630.19
853 121168.14
854 121212.01
855 121259.21
856 121289.97
857 121225.83
858 122467.99
859 121903.18
860 121361.02
861 121600.15
862 121175.05
863 121565.82
864 121459.96
865 121222.02
866 121298.07
867 121377.94
868 121737.96
869 120948.79
870 121069.91
871 121587.99
872 121635.91
873 121449.95
874 121868.85
875 121491.91
876 121268.03
877 120962.14
878 121445.89
879 121264.93
880 121206.05
881 121387.96
882 121396.06
883 121315.96
884 120967.15
885 120783.81
886 121416.09
887 121315.96
888 120956.18
889 121138.10
890 121428.97
891 121257.07
892 121848.82
893 120797.87
894 121285.20
895 121423.96
896 121328.83
897 121402.03
898 120999.10
899 121244.19
900 121062.04
901 121068.95
902 121686.94
903 121333.12
904 121701.96
905 121575.12
906 121796.85
907 121279.00
908 121303.08
909 121276.14
910 121567.96
911 121494.05
912 121101.14
913 121104.00
914 121329.07
915 121320.01
916 121470.93
917 121083.02
918 121481.90
919 121371.98
920 121624.95
921 121098.04
922 121202.95
923 121603.01
924 121001.01
925 121118.07
926 121245.15
927 120912.08
928 121608.97
929 121613.98
930 121485.95
931 121520.04
932 121217.01
933 121153.83
934 122080.09
935 121366.02
936 121618.03
937 121190.07
938 121906.04
939 121174.10
940 121208.91
941 121278.05
942 121643.07
943 121274.95
944 121351.00
945 121690.03
946 121635.91
947 121464.01
948 121719.12
949 120906.11
950 121324.06
951 121253.01
952 121349.81
953 121217.01
954 121225.12
955 121408.94
956 121660.95
957 121105.91
958 121086.12
959 121709.11
960 121550.08
961 121152.88
962 120823.14
963 121557.95
964 121119.98
965 121436.12
966 121627.09
967 121361.97
968 121624.95
969 121121.17
970 121129.04
971 121094.94
972 121102.09
973 120929.96
974 120964.05
975 121006.01
976 121304.99
977 121731.04
978 121505.98
979 121033.19
980 121219.16
981 120959.04
982 121218.92
983 121113.06
984 121260.17
985 120711.09
986 121354.10
987 121505.02
988 121219.87
989 121243.95
990 121088.98
991 120934.96
992 121692.18
993 120996.95
994 121269.94
995 121480.94
996 121519.80
997 122177.12
998 121396.06
999 121567.01
1000 121757.03
1001 121857.17
1002 121948.96
1003 121623.04
1004 121509.79
1005 121725.80
1006 121308.09
1007 122125.86
1008 121010.07
1009 121201.99
1010 121394.87
1011 121493.10
1012 121044.87
1013 121441.13
1014 121833.09
1015 121039.87
1016 121742.96
1017 121224.88
1018 120919.94
1019 121104.00
1020 121302.84
1021 121019.84
1022 121072.05
1023 121065.14
1024 121282.10
1025 121773.00
1026 121425.15
1027 121249.91
1028 121716.98
1029 121025.09
1030 121318.82
1031 121637.82
1032 121657.85
1033 121066.09
1034 121083.97
1035 121546.03
1036 121632.81
1037 121539.12
1038 121443.99
1039 121120.93
1040 121520.04
1041 121415.85
1042 121246.10
1043 121437.07
1044 121809.96
1045 121315.96
1046 121381.04
1047 120739.94
1048 121303.08
1049 121315.00
1050 121232.99
1051 121038.91
1052 121276.86
1053 121705.06
1054 121493.10
1055 121191.98
1056 120970.01
1057 121021.99
1058 122205.97
1059 121247.05
1060 121453.05
1061 120909.21
1062 121304.99
1063 121403.93
1064 121577.02
1065 121729.85
1066 121478.08
1067 121020.08
1068 121268.99
1069 121864.08
1070 121587.04
1071 121089.94
1072 121086.84
1073 121492.15
1074 121366.98
1075 121690.99
1076 121093.03
1077 122042.18
1078 121247.05
1079 121459.01
1080 121458.05
1081 121287.11
1082 121392.97
1083 120872.97
1084 121478.80
1085 121513.84
1086 121245.15
1087 121758.94
1088 121247.77
1089 121191.02
1090 121252.06
1091 121013.88
1092 121403.93
1093 121914.86
1094 121001.01
1095 121383.19
1096 122059.11
1097 121552.94
1098 121314.05
1099 121699.09
1100 121070.15
1101 121335.98
1102 120954.04
1103 121154.07
1104 121525.05
1105 120913.03
1106 120655.06
1107 121225.12
1108 121407.03
1109 120982.89
1110 121256.11
1111 121228.93
1112 121705.06
1113 121148.11
1114 120715.14
1115 120945.93
1116 121446.13
1117 121153.83
1118 121245.15
1119 121688.13
1120 121039.15
1121 120971.20
1122 121248.01
1123 121481.90
1124 121154.07
1125 121623.99
1126 121049.88
1127 121299.03
1128 121039.87
1129 121442.08
1130 121186.97
1131 121018.89
1132 121090.17
1133 121373.89
1134 121130.94
1135 121143.10
1136 121531.01
1137 120939.97
1138 121432.07
1139 121698.14
1140 120840.07
1141 121832.85
1142 121093.99
1143 121540.07
1144 121726.04
1145 121082.78
1146 121021.99
1147 121083.02
1148 120880.84
1149 121625.19
1150 120964.05
1151 121109.96
1152 120947.84
1153 121527.91
1154 121069.91
1155 120951.89
1156 121412.04
1157 121006.97
1158 121756.08
1159 121174.10
1160 120832.20
1161 120871.07
1162 121472.84
1163 121475.93
1164 120836.97
1165 120774.98
1166 120855.81
1167 120929.00
1168 121157.88
1169 120993.14
1170 121196.03
1171 121481.90
1172 121229.89
1173 120797.16
1174 121097.80
1175 121353.15
1176 120960.95
1177 121603.01
1178 120629.07
1179 121067.05
1180 121298.07
1181 121529.10
1182 121201.04
1183 120939.02
1184 120961.19
1185 121261.12
1186 121132.14
1187 121387.00
1188 121446.13
1189 120774.03
1190 121740.10
1191 121484.99
1192 121483.09
1193 121489.05
1194 120927.10
1195 121135.95
1196 121644.02
1197 121343.14
1198 121145.01
1199 121435.17
1200 120867.97
1201 120751.14
1202 121124.03
1203 120824.81
1204 120831.01
1205 121012.93
1206 121249.91
1207 120763.06
1208 121186.97
1209 121259.93
1210 121096.85
1211 120837.93
1212 120707.99
1213 120755.20
1214 120733.02
1215 120909.93
1216 121041.06
1217 121005.06
1218 120800.02
1219 121321.92
1220 120911.12
1221 120890.14
1222 120877.98
1223 121217.97
1224 120939.97
1225 121253.97
1226 120943.07
1227 121010.07
1228 121018.17
1229 120965.00
1230 121073.01
1231 121155.98
1232 120903.97
1233 120828.87
1234 120813.13
1235 120933.06
1236 120985.98
1237 121129.04
1238 121188.16
1239 121143.10
1240 121032.95
1241 120819.09
1242 120868.92
1243 121099.00
1244 121541.98
1245 121450.90
1246 121101.14
1247 120930.91
1248 121409.89
1249 121289.97
1250 121036.05
1251 121011.02
1252 121311.19
1253 121317.86
1254 121026.99
1255 120948.08
1256 121088.03
1257 121082.07
1258 121045.11
1259 121098.04
1260 121000.05
1261 120976.92
1262 121015.07
1263 120891.09
1264 121062.04
1265 121258.02
1266 121083.02
1267 121083.02
1268 121011.02
1269 121157.88
1270 121100.90
1271 121138.10
1272 121018.89
1273 121150.02
1274 121239.19
1275 121121.88
1276 120668.89
1277 121148.11
1278 121749.88
1279 121053.93
1280 120992.90
1281 121058.94
1282 121115.92
1283 121157.88
1284 121111.87
1285 121149.06
1286 121135.00
1287 121191.98
1288 121184.11
1289 121242.05
1290 121176.00
1291 121130.94
1292 121176.00
1293 121180.06
1294 121184.83
1295 121158.12
1296 121168.14
1297 121174.81
1298 121104.96
1299 121150.97
1300 121033.19
1301 121176.00
1302 121176.96
1303 121156.22
1304 121173.86
1305 121176.96
1306 121179.10
1307 121182.92
1308 121184.83
1309 121179.82
1310 121177.91
1311 121178.87
1312 121172.90
1313 121173.14
1314 121093.03
1315 121118.78
1316 121109.01
1317 121115.92
1318 121064.19
1319 121088.98
1320 121116.88
1321 121119.98
1322 121124.03
1323 121119.02
1324 121116.88
1325 121136.90
1326 121119.02
1327 121130.94
1328 121117.12
1329 121134.04
1330 121131.18
1331 121115.92
1332 121118.07
1333 121121.88
1334 121113.78
1335 121115.92
1336 121115.21
1337 121105.91
1338 121028.90
1339 121114.97
1340 121110.20
1341 121105.91
1342 121039.15
1343 121108.06
1344 121112.11
1345 121130.94
1346 121134.04
1347 121133.09
1348 120975.97
1349 121135.00
1350 121100.90
1351 121119.02
1352 121091.13
1353 121140.00
1354 121112.82
1355 121116.88
1356 121100.90
1357 121129.04
1358 121056.80
1359 121119.98
1360 121126.89
1361 121109.01
1362 121127.13
1363 121128.08
1364 121121.88
1365 121117.83
1366 121117.83
1367 121122.12
1368 121116.88
1369 121119.98
1370 121117.12
1371 121111.15
1372 121106.86
1373 121120.93
1374 121114.97
1375 121124.98
1376 121116.88
1377 121123.08
1378 121039.87
1379 121121.88
1380 121123.08
1381 121119.02
1382 121114.02
1383 121124.03
1384 121119.98
1385 121111.15
1386 121119.02
1387 121114.02
1388 121131.90
1389 121117.12
1390 121122.12
1391 121115.92
1392 121113.06
1393 121117.83
1394 121114.97
1395 121118.78
1396 121124.03
1397 121115.92
1398 120992.90
1399 121123.08
