1400
0 121130.94
1 121029.85
2 120997.91
3 120958.09
4 121007.92
5 121014.12
6 120996.00
7 121003.15
8 120996.95
9 121038.20
10 121004.82
11 121021.99
12 120992.90
13 121014.12
14 120994.09
15 121000.05
16 120932.82
17 120973.11
18 121008.16
19 121019.84
20 121006.01
21 121014.12
22 121015.07
23 120976.92
24 121017.93
25 120907.07
26 121013.88
27 121011.97
28 121012.93
29 120932.10
30 121017.93
31 121015.07
32 121011.02
33 121009.11
34 121006.01
35 121042.97
36 121003.87
37 120994.09
38 121002.20
39 120979.07
40 120996.95
41 120986.94
42 121006.97
43 121023.18
44 121000.05
45 120969.06
46 121057.03
47 121023.89
48 121025.09
49 121014.12
50 120978.12
51 121004.10
52 121012.93
53 121001.01
54 121016.98
55 120994.81
56 120937.82
57 121007.92
58 121000.05
59 120903.02
60 121028.90
61 121015.79
62 121022.94
63 121009.11
64 120887.04
65 120869.16
66 120996.00
67 121012.93
68 121070.86
69 121001.96
70 120971.92
71 120995.04
72 120996.95
73 121004.10
74 121001.01
75 120996.95
76 120938.06
77 121046.07
78 121006.97
79 120998.86
80 120994.09
81 121006.01
82 121003.87
83 120995.04
84 121006.97
85 120995.04
86 121016.03
87 120997.91
88 121003.15
89 121005.06
90 121044.87
91 121006.97
92 121020.08
93 120992.90
94 120867.97
95 120958.81
96 120810.03
97 120911.12
98 120871.07
99 120775.94
100 120953.08
101 120942.12
102 120754.00
103 120933.06
104 121608.02
105 122273.92
106 122064.83
107 123015.88
108 122087.96
109 121098.04
110 122850.89
111 121684.07
112 122224.09
113 124747.99
114 124072.07
115 123841.05
116 123965.02
117 122890.00
118 124717.00
119 125707.86
120 125606.06
121 123785.02
122 125130.18
123 125025.99
124 125034.81
125 124231.82
126 126501.08
127 124305.01
128 125544.07
129 125683.07
130 124660.97
131 125467.06
132 124664.07
133 124523.88
134 124656.92
135 123933.08
136 125957.97
137 123581.89
138 124310.02
139 124679.09
140 123952.87
141 125370.03
142 124299.05
143 124271.87
144 124251.13
145 125079.87
146 124232.05
147 124287.13
148 124876.98
149 125725.98
150 125633.00
151 123829.13
152 123849.15
153 124712.94
154 124361.99
155 124308.11
156 124310.97
157 125406.03
158 125443.94
159 123718.98
160 123787.88
161 125622.03
162 124747.04
163 123847.96
164 124618.05
165 126104.12
166 126194.00
167 125957.01
168 124086.14
169 124310.02
170 124937.77
171 124892.00
172 123785.97
173 123905.18
174 124399.19
175 124480.96
176 122612.00
177 125108.00
178 125311.85
179 124295.00
180 126033.07
181 125989.91
182 123498.92
183 124363.18
184 125746.97
185 123507.98
186 124701.02
187 123627.19
188 123720.88
189 124509.10
190 124255.18
191 123747.83
192 123807.91
193 125350.95
194 125267.98
195 123698.00
196 125296.12
197 124493.12
198 124657.87
199 123899.94
200 123547.08
201 124489.07
202 126188.99
203 124737.98
204 125485.90
205 123716.83
206 124549.87
207 125471.83
208 123728.99
209 123884.92
210 125483.99
211 124620.91
212 123846.05
213 124892.95
214 123950.96
215 125231.03
216 124746.08
217 124559.88
218 126340.87
219 123729.94
220 125296.12
221 124578.95
222 124653.10
223 125438.93
224 125252.96
225 124480.01
226 124530.08
227 123736.14
228 124410.87
229 125693.08
230 125449.18
231 124616.15
232 123919.01
233 123996.97
234 124710.08
235 125870.94
236 124407.05
237 124050.14
238 123926.88
239 124018.91
240 123991.97
241 124651.91
242 123800.04
243 124001.98
244 125827.07
245 124092.10
246 124114.99
247 123672.96
248 124549.15
249 122837.07
250 125863.08
251 124639.03
252 126508.00
253 123397.11
254 125649.93
255 124418.02
256 123337.03
257 123386.14
258 123404.03
259 124207.02
260 125437.02
261 124249.94
262 125830.89
263 124230.86
264 125614.17
265 125010.01
266 125292.06
267 124326.94
268 123600.01
269 125127.79
270 125992.06
271 125381.95
272 125115.87
273 123528.00
274 124390.13
275 124184.13
276 123428.11
277 123296.02
278 126055.00
279 124984.98
280 125226.02
281 123430.01
282 123681.07
283 123615.98
284 124481.20
285 123406.17
286 124309.06
287 123762.85
288 125221.01
289 123835.09
290 123543.02
291 124706.03
292 123543.02
293 124185.80
294 125319.00
295 123648.17
296 123645.07
297 125290.87
298 123978.85
299 125399.11
300 124546.05
301 123778.82
302 123636.01
303 125061.99
304 126247.17
305 125274.90
306 125398.87
307 123924.02
308 125653.03
309 124022.01
310 124017.95
311 124978.07
312 124235.87
313 123958.83
314 124110.94
315 125061.04
316 124099.02
317 124870.06
318 124264.00
319 124121.90
320 124123.10
321 123471.02
322 123239.04
323 126690.15
324 124386.07
325 124350.07
326 123506.07
327 125022.89
328 124414.92
329 125185.01
330 124378.20
331 125170.95
332 123648.88
333 124490.02
334 123581.89
335 126170.16
336 123462.92
337 123693.94
338 125546.93
339 124530.08
340 125241.99
341 126121.04
342 123751.16
343 123690.84
344 123779.06
345 123492.96
346 126868.96
347 123701.81
348 124324.08
349 125218.87
350 124624.01
351 123910.90
352 123645.78
353 123669.15
354 123849.87
355 123887.06
356 125437.02
357 126323.94
358 124758.01
359 124711.99
360 123672.96
361 123893.98
362 123399.02
363 122657.06
364 122912.17
365 123996.02
366 124214.17
367 124044.90
368 123931.17
369 123893.98
370 123678.92
371 123471.02
372 123385.19
373 123175.14
374 123492.00
375 123551.13
376 123634.10
377 123754.02
378 123312.00
379 124281.17
380 123671.05
381 124094.96
382 124336.00
383 123515.13
384 123341.08
385 123959.06
386 123805.05
387 123599.05
388 123514.89
389 124331.00
390 123855.83
391 123822.93
392 124525.79
393 125152.83
394 123923.06
395 123790.03
396 123609.07
397 124259.00
398 124039.89
399 124015.09
400 123999.12
401 123683.93
402 124438.05
403 123496.06
404 123592.85
405 124372.96
406 123911.14
407 124522.92
408 123683.93
409 124073.98
410 123370.89
411 122900.96
412 124067.78
413 124238.01
414 123547.08
415 124560.83
416 123374.94
417 123167.04
418 122640.85
419 123532.06
420 123826.03
421 123118.88
422 123127.22
423 123526.81
424 123311.04
425 123297.93
426 123577.12
427 123873.00
428 123732.09
429 122953.18
430 123506.07
431 123079.06
432 123858.93
433 123492.00
434 124022.01
435 123507.98
436 124361.99
437 123967.89
438 124316.22
439 124208.93
440 123569.01
441 123677.97
442 123978.85
443 123448.13
444 123682.98
445 123800.99
446 124512.91
447 124035.12
448 123718.02
449 123975.99
450 123650.79
451 123474.12
452 123798.85
453 123526.10
454 123349.91
455 123916.86
456 123982.91
457 123735.90
458 123628.85
459 123827.93
460 123789.07
461 123737.81
462 124215.13
463 124440.91
464 124150.99
465 124065.16
466 123488.90
467 123584.99
468 123367.07
469 123748.06
470 123678.92
471 123532.06
472 124094.01
473 123682.02
474 123241.90
475 123770.00
476 123629.09
477 123638.87
478 123681.07
479 124451.88
480 124128.10
481 123404.98
482 123631.00
483 122663.02
484 123524.90
485 122853.99
486 123912.81
487 123824.83
488 122879.98
489 123348.00
490 123627.90
491 123463.87
492 123378.99
493 123754.02
494 124049.19
495 124054.91
496 123967.17
497 123578.07
498 124317.88
499 123163.94
500 123457.91
501 124155.04
502 123664.14
503 123108.86
504 123400.93
505 123883.01
506 124462.84
507 124104.02
508 123328.92
509 124089.96
510 124171.97
511 123706.10
512 124697.21
513 123491.05
514 123330.12
515 123742.10
516 124003.89
517 123352.05
518 124766.11
519 124747.04
520 124387.98
521 123504.88
522 123055.93
523 123713.97
524 123239.99
525 123996.97
526 124379.16
527 123674.15
528 123425.96
529 123801.95
530 123501.06
531 123628.85
532 123883.01
533 123358.01
534 123616.93
535 124126.20
536 123456.00
537 123730.90
538 123795.03
539 124489.07
540 123723.03
541 123595.95
542 124062.06
543 122950.08
544 123342.04
545 124425.89
546 123351.10
547 124012.95
548 123492.96
549 123759.98
550 124273.06
551 124086.86
552 123966.93
553 124495.03
554 123273.85
555 123978.14
556 123958.11
557 123672.01
558 123675.11
559 123528.96
560 124099.97
561 124437.09
562 123862.98
563 124054.91
564 123183.97
565 124166.01
566 123210.91
567 124296.90
568 123950.00
569 123051.17
570 123845.10
571 123909.95
572 124273.06
573 123442.89
574 124634.03
575 123145.10
576 123665.09
577 124110.94
578 123614.07
579 123801.95
580 123577.12
581 123799.09
582 123561.14
583 123523.95
584 123013.02
585 124192.95
586 123289.82
587 123586.89
588 123659.13
589 124345.06
590 123826.98
591 123208.05
592 124308.11
593 123570.20
594 123735.90
595 124435.90
596 124325.99
597 123807.91
598 124082.09
599 123615.03
600 124585.87
601 123951.20
602 123814.11
603 123507.02
604 123335.84
605 123620.03
606 124404.91
607 124430.89
608 124400.85
609 124164.10
610 123472.93
611 124243.97
612 123291.02
613 123764.04
614 123459.10
615 123567.82
616 123996.97
617 123028.99
618 123736.86
619 123808.15
620 123744.96
621 123718.02
622 123845.10
623 123706.10
624 123239.99
625 123736.86
626 123932.84
627 124041.08
628 124037.98
629 124094.01
630 123961.93
631 123075.01
632 124237.06
633 123887.06
634 123463.87
635 123171.81
636 124238.01
637 123875.86
638 123739.96
639 124187.95
640 123888.97
641 123402.12
642 124016.05
643 120698.93
644 121449.95
645 120981.22
646 121556.04
647 121062.99
648 121937.04
649 121264.93
650 120823.86
651 121440.89
652 121401.07
653 121243.95
654 121428.97
655 121905.09
656 121286.87
657 121755.12
658 120918.99
659 121055.84
660 121090.17
661 121295.93
662 121116.16
663 120921.13
664 121141.20
665 120809.08
666 121181.01
667 120882.99
668 121104.00
669 121342.90
670 121163.85
671 121026.04
672 121387.96
673 121541.02
674 121330.02
675 121055.84
676 121131.90
677 121057.99
678 121584.18
679 121967.08
680 121231.08
681 121318.82
682 121311.19
683 121191.02
684 121257.78
685 121357.92
686 120964.05
687 121309.04
688 121181.96
689 121276.14
690 121054.17
691 121232.03
692 121385.10
693 120930.91
694 120949.03
695 120983.12
696 120783.81
697 121266.13
698 121495.96
699 121004.10
700 121411.09
701 121112.11
702 120805.98
703 121224.16
704 120934.96
705 120890.14
706 120950.94
707 120946.88
708 120828.87
709 121006.01
710 121268.99
711 121312.14
712 120809.79
713 120840.07
714 120955.94
715 121037.01
716 120823.14
717 121147.87
718 120832.92
719 120855.09
720 121180.06
721 121089.94
722 120999.10
723 121461.87
724 121024.13
725 121321.92
726 121443.99
727 120879.89
728 121033.19
729 121026.99
730 120761.16
731 121072.05
732 120908.98
733 120764.97
734 121677.16
735 121249.91
736 120841.98
737 120954.99
738 121088.03
739 121001.96
740 120962.14
741 120987.89
742 120995.04
743 121213.91
744 121035.10
745 120703.94
746 120702.03
747 121300.94
748 121120.93
749 121207.95
750 120996.00
751 120707.04
752 120908.98
753 120947.12
754 121531.96
755 120878.93
756 121011.02
757 120939.97
758 120758.06
759 121385.81
760 120862.01
761 120915.89
762 120949.98
763 121001.01
764 121110.92
765 121094.94
766 120839.83
767 121168.85
768 120899.92
769 121030.09
770 120864.87
771 120729.92
772 121010.07
773 121019.12
774 120814.09
775 121268.99
776 121267.08
777 121207.00
778 120825.05
779 120689.87
780 120813.13
781 121175.05
782 121186.97
783 120964.05
784 121215.11
785 120979.07
786 120747.09
787 120676.99
788 120941.16
789 120749.00
790 121155.98
791 120867.97
792 120984.08
793 121465.92
794 120852.95
795 121432.07
796 120616.91
797 120749.95
798 120856.05
799 120971.20
800 120797.87
801 120976.92
802 121477.13
803 121256.11
804 121060.13
805 121028.90
806 120975.97
807 120782.14
808 120749.00
809 120967.15
810 121131.90
811 120896.10
812 121324.78
813 120810.99
814 120770.93
815 121133.09
816 120959.04
817 120903.02
818 121178.87
819 120726.11
820 120903.02
821 121092.08
822 120902.06
823 121055.13
824 121593.00
825 121001.01
826 120976.92
827 120893.96
828 121161.94
829 120831.01
830 121155.02
831 121039.87
832 121426.11
833 121034.86
834 121159.08
835 121066.81
836 120970.96
837 121036.05
838 120785.95
839 120777.85
840 121257.07
841 121244.91
842 120810.03
843 121179.82
844 120884.90
845 120860.10
846 121045.83
847 120970.01
848 120878.93
849 121338.13
850 121046.07
851 120659.11
852 120998.86
853 121051.07
854 121446.13
855 120878.93
856 120990.99
857 120936.87
858 120825.05
859 120880.13
860 120918.04
861 120897.05
862 120738.98
863 121168.85
864 121190.07
865 121880.05
866 120906.11
867 121190.07
868 121124.98
869 121194.84
870 121252.06
871 120848.89
872 121167.90
873 120869.16
874 121238.95
875 121040.11
876 120991.95
877 120753.05
878 121026.99
879 120875.84
880 120938.06
881 120766.16
882 120871.07
883 120837.21
884 121232.03
885 120836.02
886 121123.79
887 120882.03
888 120966.20
889 121423.96
890 121227.98
891 121021.03
892 121104.00
893 121246.81
894 120737.08
895 121031.05
896 121161.94
897 121114.97
898 120651.01
899 121104.00
900 120980.98
901 121253.01
902 120739.94
903 120717.05
904 120790.96
905 120682.00
906 121293.07
907 121175.05
908 121397.97
909 121273.04
910 121401.07
911 121068.00
912 120869.16
913 120981.22
914 121107.10
915 121217.97
916 120929.96
917 121006.97
918 121047.02
919 121135.95
920 121134.04
921 121007.92
922 120866.06
923 120794.06
924 120957.14
925 121351.00
926 120961.90
927 121222.02
928 121095.90
929 121274.95
930 121479.99
931 121112.11
932 120978.83
933 121026.04
934 121445.18
935 121268.03
936 120881.08
937 120765.21
938 121284.96
939 121169.09
940 120965.96
941 121021.99
942 121217.97
943 120931.15
944 120909.93
945 120861.05
946 120857.95
947 120721.10
948 121314.05
949 121011.02
950 121041.06
951 121079.92
952 121116.16
953 120990.99
954 121093.99
955 120749.95
956 121085.88
957 120947.12
958 121315.96
959 121015.07
960 120968.10
961 120890.86
962 120840.07
963 120996.00
964 120996.00
965 120810.03
966 121047.02
967 120960.00
968 121657.13
969 121542.93
970 120902.06
971 121495.01
972 121352.91
973 121011.97
974 121082.07
975 120853.90
976 121103.05
977 121107.10
978 120754.96
979 121015.07
980 121321.92
981 121166.94
982 120987.89
983 120841.98
984 121239.90
985 120803.12
986 120898.01
987 120811.94
988 121447.09
989 121068.00
990 120867.01
991 120912.08
992 120851.04
993 121052.98
994 120982.17
995 121117.83
996 120689.15
997 120758.06
998 121208.91
999 120995.04
1000 120706.08
1001 120831.01
1002 120738.98
1003 120837.93
1004 121096.13
1005 120859.86
1006 121024.13
1007 121058.94
1008 121123.08
1009 120897.05
1010 121380.09
1011 120858.91
1012 120695.11
1013 120994.81
1014 120872.97
1015 121057.99
1016 120888.95
1017 121073.01
1018 121250.87
1019 121377.94
1020 120785.00
1021 120743.04
1022 120723.96
1023 120934.01
1024 120810.99
1025 121184.11
1026 121232.03
1027 120884.90
1028 121135.95
1029 120802.88
1030 120686.05
1031 120989.08
1032 120959.04
1033 121212.96
1034 120990.04
1035 120990.99
1036 121045.11
1037 121124.98
1038 120713.00
1039 121210.10
1040 121199.13
1041 121062.99
1042 120965.96
1043 120908.02
1044 121158.84
1045 120817.90
1046 120895.86
1047 120835.07
1048 121118.07
1049 120751.86
1050 121088.03
1051 120682.95
1052 120817.90
1053 120947.84
1054 120984.08
1055 120810.99
1056 120821.95
1057 121208.91
1058 121075.15
1059 120883.23
1060 121158.12
1061 121006.97
1062 121118.07
1063 120855.09
1064 121083.02
1065 121275.90
1066 121176.96
1067 120779.04
1068 121181.01
1069 120940.92
1070 121006.01
1071 121070.86
1072 121226.07
1073 121073.01
1074 121221.07
1075 120882.03
1076 120876.07
1077 121070.86
1078 121165.99
1079 121093.03
1080 121082.07
1081 121029.14
1082 120970.01
1083 120974.06
1084 120903.02
1085 121258.02
1086 120781.90
1087 121849.06
1088 121105.19
1089 121136.90
1090 120822.91
1091 121405.12
1092 120984.08
1093 121261.84
1094 120907.07
1095 120918.99
1096 121152.16
1097 120788.81
1098 121222.97
1099 121357.92
1100 121395.11
1101 120774.98
1102 121328.83
1103 120876.07
1104 120804.79
1105 120857.00
1106 120821.00
1107 120794.06
1108 120885.85
1109 120873.93
1110 121011.97
1111 121061.09
1112 120944.98
1113 120934.96
1114 120950.94
1115 120948.79
1116 120950.94
1117 120958.09
1118 120942.12
1119 120949.98
1120 120961.90
1121 120934.96
1122 120939.97
1123 120944.98
1124 120942.12
1125 120939.02
1126 120943.07
1127 120959.04
1128 120944.98
1129 120941.88
1130 120946.88
1131 120932.10
1132 120944.02
1133 120952.84
1134 120949.03
1135 120948.08
1136 120966.91
1137 120949.03
1138 120963.10
1139 120869.87
1140 120960.00
1141 120911.84
1142 120953.80
1143 120935.20
1144 120983.84
1145 120949.98
1146 120952.13
1147 120951.89
1148 120974.06
1149 120882.03
1150 120894.91
1151 120964.05
1152 120953.08
1153 120949.03
1154 120953.08
1155 120949.98
1156 120949.03
1157 120948.08
1158 120944.02
1159 120951.18
1160 120943.07
1161 120934.96
1162 120898.96
1163 120960.95
1164 120928.05
1165 120929.00
1166 120929.00
1167 120960.00
1168 120933.06
1169 120935.92
1170 120892.05
1171 120956.90
1172 120911.84
1173 120942.83
1174 120934.01
1175 120970.01
1176 120949.03
1177 120938.06
1178 120939.02
1179 120957.85
1180 120939.97
1181 120930.91
1182 120960.95
1183 120953.08
1184 120954.99
1185 120954.04
1186 120962.14
1187 120960.00
1188 120953.08
1189 120912.79
1190 120890.14
1191 120962.14
1192 120929.96
1193 120949.03
1194 120954.04
1195 120967.86
1196 120949.03
1197 120954.99
1198 120956.90
1199 120969.06
1200 120949.98
1201 120949.98
1202 120960.95
1203 120948.08
1204 120960.00
1205 120949.98
1206 120943.07
1207 120948.08
1208 120957.85
1209 120936.16
1210 120872.02
1211 120952.13
1212 120953.08
1213 120942.12
1214 120950.94
1215 120957.14
1216 120939.02
1217 120935.92
1218 120954.99
1219 120945.93
1220 120949.03
1221 120930.91
1222 120960.95
1223 120933.06
1224 120954.04
1225 120982.17
1226 120953.08
1227 120974.06
1228 120934.96
1229 120903.97
1230 120877.98
1231 120972.16
1232 120969.06
1233 120965.96
1234 120959.04
1235 120965.00
1236 120960.00
1237 120962.14
1238 120963.81
1239 120985.03
1240 120968.10
1241 120951.89
1242 120953.08
1243 120965.96
1244 120960.00
1245 120965.96
1246 120946.17
1247 120963.81
1248 120955.94
1249 120959.04
1250 120866.06
1251 120957.85
1252 120957.85
1253 120957.14
1254 120953.80
1255 120950.94
1256 120950.94
1257 120983.12
1258 120965.00
1259 120971.92
1260 120952.84
1261 120966.91
1262 120988.13
1263 120975.02
1264 120961.90
1265 120886.80
1266 120960.95
1267 120958.09
1268 120959.04
1269 120952.13
1270 120880.84
1271 120959.04
1272 120961.90
1273 120951.89
1274 120960.00
1275 120960.00
1276 120959.04
1277 120968.10
1278 120962.86
1279 121001.01
1280 120960.00
1281 120949.98
1282 120956.90
1283 120957.14
1284 120950.94
1285 120950.94
1286 120957.14
1287 120982.89
1288 120955.94
1289 120958.09
1290 120884.90
1291 120948.08
1292 120958.09
1293 120960.00
1294 120958.09
1295 120961.90
1296 120949.03
1297 120958.09
1298 120951.18
1299 120965.00
1300 120956.18
1301 120951.89
1302 121075.15
1303 120962.86
1304 120846.03
1305 120939.97
1306 120999.10
1307 120940.92
1308 120936.16
1309 120943.07
1310 120865.82
1311 120937.11
1312 121034.86
1313 120940.92
1314 120960.00
1315 120935.20
1316 120970.01
1317 120968.10
1318 120894.91
1319 120960.00
1320 120954.04
1321 120955.94
1322 120960.95
1323 120949.03
1324 120962.86
1325 120956.90
1326 120962.86
1327 120959.04
1328 120971.92
1329 120964.05
1330 120880.13
1331 120960.00
1332 120955.94
1333 120966.91
1334 120930.91
1335 120960.00
1336 120970.96
1337 120964.05
1338 120952.13
1339 120958.81
1340 120969.06
1341 120953.08
1342 120965.96
1343 120959.04
1344 120960.00
1345 120971.92
1346 120964.05
1347 120966.91
1348 120893.96
1349 120903.02
1350 120790.96
1351 120973.11
1352 120947.84
1353 120974.06
1354 120949.98
1355 120957.85
1356 120949.03
1357 120940.92
1358 120930.19
1359 120946.88
1360 120942.12
1361 120935.20
1362 120970.01
1363 120969.06
1364 120951.89
1365 120965.00
1366 120950.94
1367 120885.13
1368 120951.89
1369 120948.08
1370 120872.97
1371 120945.93
1372 120940.21
1373 120941.88
1374 120949.98
1375 120944.98
1376 120936.16
1377 120934.01
1378 120949.03
1379 120951.18
1380 120931.86
1381 120951.89
1382 120950.94
1383 120929.00
1384 120928.05
1385 120939.02
1386 120919.94
1387 120960.00
1388 120958.09
1389 120875.84
1390 120883.94
1391 120952.13
1392 120956.90
1393 120960.00
1394 120946.88
1395 120877.03
1396 120957.14
1397 120961.90
1398 120969.06
1399 120968.10
