2400
0 100414.04
1 100178.00
2 100202.80
3 100157.98
4 100188.02
5 100147.96
6 100169.90
7 100150.11
8 100167.04
9 100160.84
10 100198.03
11 100146.06
12 100171.09
13 100152.02
14 100176.10
15 100145.82
16 100390.91
17 100169.90
18 100247.86
19 100192.07
20 100402.83
21 100295.07
22 100377.08
23 100276.95
24 103846.07
25 100363.97
26 100338.22
27 100360.16
28 100301.98
29 100283.15
30 100255.01
31 100344.18
32 100382.09
33 100406.89
34 100279.81
35 100407.12
36 100208.04
37 100247.86
38 100150.11
39 100416.90
40 100156.07
42 100209.00
43 100371.12
44 100171.09
45 100322.96
46 100157.02
47 100356.10
48 100177.05
49 100301.98
50 100372.08
51 100323.92
52 100200.89
53 100326.06
54 100327.97
56 100318.91
57 100358.96
58 100260.02
59 100273.85
60 100353.00
61 100204.94
62 100344.90
63 100269.79
64 100336.07
65 100258.11
66 100235.94
67 100304.84
68 100328.92
69 100219.01
70 100404.98
71 100281.00
72 100309.13
73 100176.10
74 100384.00
75 100175.14
76 100368.02
77 100161.79
81 100321.05
82 100317.00
83 100193.98
84 100409.98
85 100224.02
86 100347.04
87 100250.96
88 100209.95
89 100348.95
90 100306.99
91 100211.14
92 100368.98
93 100330.83
94 100333.93
95 100230.22
96 100384.00
97 100198.03
98 100432.16
99 100301.03
100 100369.22
101 100347.04
102 101401.09
103 100330.11
104 100486.99
105 100384.00
106 100273.13
107 100322.01
108 100186.11
109 100374.94
110 100159.88
111 100418.09
112 100361.82
113 100390.91
114 100182.06
115 100306.99
116 100190.88
117 100338.94
118 100202.08
119 100316.05
120 100176.10
121 105069.16
122 100183.01
123 100292.92
124 100195.88
125 100223.06
126 100179.20
127 100209.95
128 100250.01
129 100252.15
130 100335.12
131 100283.86
132 100267.89
133 100445.03
134 100311.99
135 100281.00
136 100277.90
137 100374.94
138 100421.91
139 100303.89
140 100254.06
141 100243.09
142 100394.96
143 100194.93
144 100250.96
145 100236.18
146 100286.01
147 100209.00
148 100328.92
149 100212.81
150 100327.97
151 100225.93
152 100302.22
153 100179.91
154 100458.86
155 100175.86
156 100244.05
157 100188.02
158 100384.95
159 100152.02
160 100444.08
161 100335.84
162 100322.01
163 100239.99
164 101558.92
166 100411.18
167 100250.96
168 100370.88
169 100322.96
170 101089.00
171 100250.96
172 100392.82
173 100289.82
174 100413.08
175 100378.04
176 100260.02
177 100235.94
178 100296.02
179 100381.14
180 100163.94
181 100451.95
182 100399.97
183 100357.06
184 100265.03
185 100433.83
186 100257.16
187 100283.86
188 100242.85
190 100199.94
191 100358.01
192 100378.99
193 100440.98
194 100301.98
195 106169.22
196 100260.02
197 106503.01
198 100376.84
199 105435.85
201 100389.00
203 100315.81
205 100344.90
207 100433.83
209 100327.01
211 100320.82
213 100403.07
214 100309.85
215 100311.04
216 100502.01
217 100234.99
218 100511.79
219 100182.77
221 100472.21
222 100347.04
223 100218.06
224 100271.94
225 100232.12
226 100339.89
227 100378.99
228 100633.86
229 100328.21
230 100284.10
231 100363.02
232 102319.00
233 100398.06
234 100271.94
236 100331.07
237 100282.19
238 100237.13
239 100362.06
240 100455.05
241 100368.02
242 100363.97
243 100375.89
244 100399.02
245 100265.03
246 100220.92
247 100275.99
248 100225.93
249 100400.92
250 100262.88
251 100373.03
252 100177.05
253 100414.99
254 100201.13
255 100383.04
256 100183.01
257 100424.05
258 100192.07
259 100373.98
260 100189.21
261 100260.97
262 100256.20
263 100389.96
264 100292.92
265 100259.07
266 100332.98
268 100255.01
269 100311.04
270 100263.83
271 100366.12
272 100270.99
273 100352.05
274 100275.04
275 100263.12
276 100251.20
277 100214.96
278 100281.00
279 100152.02
280 100409.03
281 100188.97
282 100322.01
283 100178.96
284 100233.08
285 100210.91
287 100178.96
289 100259.07
290 100259.07
291 100184.92
292 100457.91
293 100340.84
294 100298.17
295 100234.03
296 100467.92
297 100384.00
298 100254.06
299 100357.06
300 100658.89
301 100354.91
302 100264.07
303 100369.93
304 100366.12
305 100379.94
306 100283.86
307 100385.19
308 100499.15
309 100250.96
310 100259.07
311 100344.90
312 100373.03
313 100414.99
314 100177.05
315 100282.19
316 100197.08
317 100319.15
318 100181.10
319 100268.13
320 100256.92
321 100285.05
322 100229.02
323 100245.95
326 100167.04
327 100354.19
328 100194.93
329 100261.93
330 100330.11
331 100378.99
332 100199.94
333 100301.98
335 100387.10
336 100201.85
337 100402.12
338 100353.96
339 100337.98
340 100376.84
341 100374.94
342 100208.04
343 100291.97
344 100233.79
345 100191.12
346 100206.14
347 100201.85
348 100198.98
349 100259.07
350 100203.99
351 100299.12
352 100195.88
353 100261.93
354 100354.19
355 100438.83
356 100198.03
357 100446.94
358 100356.10
359 100467.92
360 100253.11
362 100388.05
363 100395.20
364 100380.90
365 100384.00
366 100286.96
367 100332.02
368 100235.94
369 100265.98
370 100442.89
371 100234.99
372 100391.86
373 100398.06
374 100387.81
375 100192.79
376 100404.02
377 100290.06
378 100262.17
379 100401.16
380 100415.95
381 100397.11
382 100368.98
383 100328.92
384 100292.92
385 100248.81
386 100255.01
387 100249.05
388 100274.09
389 100260.02
390 100227.83
391 100248.10
393 100327.97
394 100265.03
395 100260.97
396 100270.99
397 100302.22
398 100396.87
399 100345.13
400 100346.80
401 100312.95
402 100345.85
403 100299.12
404 100288.15
405 100299.84
406 100239.99
407 100214.00
408 100385.90
409 100456.00
410 100382.09
411 100420.00
412 100218.06
413 100434.78
414 100387.10
415 100563.05
416 100251.91
417 100322.96
418 100243.09
419 100325.11
420 100203.99
421 100289.82
422 100318.91
423 100641.01
424 100537.06
425 100193.98
426 100404.02
427 100492.95
428 100325.82
429 100430.01
430 100255.97
431 100384.00
432 100229.98
433 100287.20
434 100266.93
435 100450.04
436 100390.91
437 100455.05
438 100347.04
441 100245.00
442 100261.21
443 100245.00
444 100343.94
445 100444.08
446 100314.86
447 100291.01
448 100333.93
449 100363.97
450 100346.09
451 100292.92
452 100291.97
453 100239.99
454 100275.04
455 100301.03
456 101726.06
457 100419.04
458 100358.96
459 100340.84
460 100354.91
461 100214.00
462 100456.95
463 100382.09
464 100396.16
465 100323.92
466 100335.12
467 100257.87
468 102625.85
469 100320.82
470 100353.00
471 100324.87
472 100355.15
473 100459.10
474 100400.92
475 100341.80
476 100299.12
477 100256.92
478 100215.91
479 100390.20
480 100345.85
481 100300.07
482 100276.95
483 100210.91
484 100412.13
485 100370.88
486 100359.20
487 100262.88
488 100209.00
489 100404.02
490 100311.04
491 100305.08
492 100238.08
493 100214.00
494 100176.10
495 100352.05
496 100347.04
497 100310.80
498 100316.05
499 100286.96
500 100254.06
501 100440.03
502 100387.10
503 100373.98
504 100306.99
505 100459.81
506 100330.11
507 100383.04
508 100314.14
509 100247.86
510 100253.11
511 100227.83
512 100464.82
513 100183.96
514 100423.81
515 100176.10
516 100311.04
517 100274.80
518 100281.00
519 100228.07
520 100422.86
521 100201.85
522 100395.92
523 100368.02
524 100330.83
525 100313.90
526 100293.87
527 100262.88
528 100254.06
529 100428.10
530 100386.86
531 100394.01
532 100368.98
533 100361.11
535 100324.15
537 100292.21
538 100236.89
539 100429.06
540 100422.86
541 100221.87
542 100527.05
543 100356.10
544 100398.06
545 100301.98
546 100366.83
547 100267.89
548 100262.88
549 100239.04
550 100450.99
551 100301.03
552 100438.12
554 100338.94
555 100288.15
556 100240.95
557 100457.91
558 100196.84
559 100402.83
560 100421.91
561 100300.07
563 100355.86
564 100250.01
565 100308.18
566 100410.94
567 100281.00
569 100254.06
570 100281.95
571 100349.90
572 100256.92
573 100446.94
574 100243.81
576 100414.99
577 100369.93
578 100234.99
579 100337.03
580 100389.00
581 100507.02
582 100232.84
583 100353.00
584 100326.06
585 100378.04
586 100266.93
587 100345.13
588 100260.02
589 100281.95
590 100254.06
591 100348.00
592 100309.85
593 100191.83
594 100293.87
595 100199.94
596 100284.10
597 100301.03
598 100299.12
599 100275.04
600 100385.90
601 100183.96
602 100344.90
603 100344.90
604 100322.01
605 100279.09
606 100229.98
607 100193.02
608 100453.14
609 100217.10
610 100311.04
612 100333.93
613 100236.89
614 100314.86
615 100212.10
616 100371.12
617 100373.03
618 100311.99
619 100203.04
620 100366.83
621 100213.05
622 102108.96
623 100225.93
624 100398.06
625 100237.85
626 100420.00
627 100304.13
628 100298.88
629 100262.17
630 100246.19
631 100335.12
632 100280.05
633 100319.15
634 100390.91
635 100232.84
636 100273.13
637 100241.18
638 100282.19
639 100194.93
640 100318.91
641 100309.85
642 100296.02
643 100211.86
644 100353.96
645 100167.99
646 100208.04
647 100173.00
648 100186.82
649 100186.11
650 100325.82
651 100183.01
652 100180.86
653 100175.14
654 100206.85
655 100186.11
656 100158.93
657 100180.86
658 100156.07
659 100209.00
660 100170.85
661 100384.00
662 100327.01
663 100199.94
664 100274.80
665 100275.99
666 100358.01
667 100183.96
668 100279.09
669 100374.94
670 100363.97
671 100302.22
672 100246.91
673 100266.22
674 100210.91
675 100318.19
676 100234.99
677 100278.14
678 100173.95
679 100193.02
680 100158.93
681 100328.92
682 100164.89
683 100306.99
684 100162.03
685 100321.05
686 100174.90
687 100197.79
688 100183.96
689 100160.12
690 100245.95
691 100180.86
692 100306.99
693 100327.01
694 100380.18
695 100423.10
696 100203.99
697 100286.01
698 100277.90
699 100233.08
700 100337.98
701 101050.14
702 100355.15
703 100193.98
704 100245.00
705 100270.99
706 100219.01
707 100234.99
708 100250.01
709 100293.87
710 100184.92
711 100182.06
712 100178.96
713 100166.80
714 100178.00
715 100178.00
716 100156.78
717 100160.84
718 100179.91
719 100172.04
720 100161.08
721 100152.97
722 100153.92
723 100167.04
724 100162.98
725 100158.21
726 100153.92
727 100145.82
728 100152.97
729 100144.15
730 100155.83
731 100157.02
732 100162.03
733 100169.90
734 100145.10
735 100160.12
736 100234.99
737 100241.18
738 100407.84
739 100312.95
740 100310.09
741 100180.86
742 100676.06
743 100479.13
744 100670.10
745 100461.96
746 100279.09
747 100353.00
748 100193.98
749 100223.06
750 100147.01
751 100147.96
752 100152.02
753 100148.92
754 100157.98
755 100157.98
756 100151.06
757 100144.15
758 100502.97
759 100525.86
760 100146.06
761 100164.89
762 100158.93
763 100155.12
764 100156.07
765 100146.06
766 100157.02
767 100162.98
768 100147.96
769 100147.96
770 100163.22
771 100143.91
772 100148.20
773 100151.06
774 100145.82
775 100152.02
776 100142.96
777 100144.15
778 100312.95
779 100234.99
780 100227.12
781 100325.82
782 100311.99
783 100183.96
784 100202.08
785 100158.93
786 100229.02
787 100159.88
788 100174.19
789 100153.21
790 100155.12
791 100154.16
792 100154.16
793 100149.15
794 100148.92
795 100152.02
796 100153.92
797 100144.86
798 100167.99
799 100153.92
800 100171.09
801 100143.91
802 100147.96
803 100147.96
804 100169.90
805 100148.92
806 100148.92
807 100147.96
808 100166.08
809 100142.96
810 100151.06
811 100159.17
812 100228.07
813 100142.00
814 100163.22
815 100148.92
816 100270.03
817 100159.17
818 100190.88
819 100151.06
820 100174.90
821 100154.16
822 100152.02
823 100152.02
824 100153.92
825 100156.07
826 100147.01
827 100151.06
828 100164.18
829 100155.12
830 100148.92
831 100147.96
832 100148.20
833 100143.19
834 100138.90
835 100145.10
836 100147.01
837 100342.99
838 100143.91
839 100311.04
840 100145.10
841 100373.03
842 100156.07
843 100268.13
844 100156.07
845 100317.96
846 100163.94
847 100231.17
848 100158.21
849 100151.06
850 100147.01
851 100151.78
852 100146.06
853 100152.97
854 100144.86
855 100145.10
856 100151.06
857 100143.91
858 100144.86
859 100148.20
860 100148.92
861 100160.12
862 100148.92
863 100147.01
864 100147.01
865 100147.01
866 100144.15
867 100152.02
868 100147.96
869 100157.98
870 100148.92
871 100142.96
872 100144.86
873 100158.93
874 100146.06
875 100153.92
876 100162.98
877 100144.15
878 100265.03
879 100147.01
880 100380.90
881 100147.01
882 100255.01
883 100144.86
884 100196.12
885 100149.15
886 100208.04
887 100156.07
888 100182.06
889 100146.77
890 100142.00
891 100148.20
892 100140.09
893 100155.12
894 100139.14
895 100152.97
896 100147.01
897 100147.01
898 100145.10
899 100153.92
900 100163.22
901 100147.01
902 100143.19
903 100148.92
904 100143.91
905 100160.84
906 100142.96
907 100143.91
908 100142.96
909 100143.91
910 100147.96
911 100142.96
912 100140.81
913 100137.95
914 100143.91
915 100138.90
916 100136.04
917 100139.14
918 100145.10
919 100140.81
920 100143.19
921 100183.01
922 100156.07
923 100146.06
924 100142.96
925 100142.96
926 100145.10
927 100141.05
928 100142.00
929 100139.86
930 100141.05
931 100137.00
932 100137.00
933 100138.90
934 100138.90
935 100141.05
936 100137.00
937 100138.19
938 100142.96
939 100142.96
940 100143.91
941 100141.05
942 100143.91
943 100137.95
944 100138.90
945 100141.05
946 100141.05
947 100139.14
948 100139.86
949 100141.05
950 100142.96
951 100138.19
952 100142.96
953 100152.97
954 100144.86
955 100162.98
956 100140.09
957 100139.86
958 100139.86
959 100143.91
960 100139.86
961 100152.97
962 100141.05
963 100143.19
964 100139.14
965 100140.09
966 100142.00
967 100157.02
968 100142.96
969 100139.86
970 100137.95
971 100140.81
972 100139.14
973 100142.00
974 100149.15
975 100142.96
976 100137.95
977 100137.95
978 100140.09
979 100142.96
980 100150.11
981 100137.95
982 100141.05
983 100142.96
984 100141.05
985 100140.09
986 100151.06
987 100144.15
988 100141.05
989 100138.90
990 100141.05
991 100140.81
992 100148.92
993 100137.95
994 100138.90
995 100141.05
996 100137.00
997 100137.00
998 100152.02
999 100145.82
1000 100140.09
1001 100148.92
1002 100140.81
1003 100138.19
1004 100139.86
1005 100145.10
1006 100138.90
1007 100142.00
1008 100140.81
1009 100150.82
1010 100138.90
1011 100138.19
1012 100139.86
1013 100137.95
1014 100137.95
1015 100141.05
1016 100140.81
1017 100146.06
1018 100142.96
1019 100140.09
1020 100142.00
1021 100138.90
1022 100137.95
1023 100142.00
1024 100143.91
1025 100139.86
1026 100151.06
1027 100153.92
1028 100146.77
1029 100138.90
1030 100145.10
1031 100141.05
1032 100142.00
1033 100139.86
1034 100145.82
1035 100140.81
1036 100156.07
1037 100148.92
1038 100139.86
1039 100139.86
1040 100142.00
1041 100138.90
1042 100139.86
1043 100139.14
1044 100137.95
1045 100137.00
1046 100140.09
1047 100137.95
1048 100141.05
1049 100137.00
1050 100138.90
1051 100137.95
1052 100138.90
1053 100138.90
1054 100142.00
1055 100137.00
1056 100140.09
1057 100140.09
1058 100137.00
1059 100154.88
1060 100141.05
1061 100137.95
1062 100137.95
1063 100141.05
1064 100137.95
1065 100140.09
1066 100144.86
1067 100138.90
1068 100137.95
1069 100142.00
1070 100141.05
1071 100135.80
1072 100137.00
1073 100147.96
1074 100144.15
1075 100139.14
1076 100139.14
1077 100145.82
1078 100142.00
1079 100145.82
1080 100140.09
1081 100141.05
1082 100139.86
1083 100137.95
1084 100136.04
1085 100141.05
1086 100142.00
1087 100141.05
1088 100139.86
1089 100142.96
1090 100140.09
1091 100139.14
1092 100138.90
1093 100137.95
1094 100142.96
1095 100138.90
1096 100137.00
1097 100142.96
1098 100141.05
1099 100142.00
1100 100137.95
1101 100140.81
1102 100138.90
1103 100140.09
1104 100137.95
1105 100147.01
1106 100140.09
1107 100141.05
1108 100140.09
1109 100141.05
1110 100139.86
1111 100147.96
1112 100140.09
1113 100142.00
1114 100140.09
1115 100137.00
1116 100140.09
1117 100147.01
1118 100142.96
1119 100138.90
1120 100139.86
1121 100145.82
1122 100142.00
1123 100140.09
1124 100137.00
1125 100137.95
1126 100140.09
1127 100141.05
1128 100136.04
1129 100140.09
1130 100147.01
1131 100136.04
1132 100137.00
1133 100134.85
1134 100137.95
1135 100135.80
1136 100143.91
1137 100134.85
1138 100139.86
1139 100141.05
1140 100140.09
1141 100133.18
1142 100149.87
1143 100140.09
1144 100136.04
1145 100137.95
1146 100141.05
1147 100141.05
1148 100143.91
1149 100138.90
1150 100138.90
1151 100140.81
1152 100137.95
1153 100143.91
1154 100140.09
1155 100144.86
1156 100140.09
1157 100140.09
1158 100140.81
1159 100147.01
1160 100142.00
1161 100138.90
1162 100140.09
1163 100137.00
1164 100135.09
1165 100146.06
1166 100141.05
1167 100137.95
1168 100140.09
1169 100137.00
1170 100145.10
1171 100173.00
1172 100141.05
1173 100137.00
1174 100137.95
1175 100138.19
1176 100144.86
1177 100138.19
1178 100141.05
1179 100143.91
1180 100138.19
1181 100138.90
1182 100146.06
1183 100139.86
1184 100137.00
1185 100137.95
1186 100137.00
1187 100141.05
1188 100142.00
1189 100140.81
1190 100138.90
1191 100142.96
1192 100136.04
1193 100137.00
1194 100147.01
1195 100141.05
1196 100137.00
1197 100136.04
1198 100137.95
1199 100142.96
1200 100140.81
1201 100141.05
1202 100140.09
1203 100142.00
1204 100134.85
1205 100143.91
1206 100139.14
1207 100147.01
1208 100137.95
1209 100138.19
1210 100137.95
1211 100138.90
1212 100145.10
1213 100142.00
1214 100142.00
1215 100149.87
1216 100138.19
1217 100138.90
1218 100142.96
1219 100145.82
1220 100140.09
1221 100159.17
1222 100141.05
1223 100137.95
1224 100138.90
1225 100139.14
1226 100140.09
1227 100147.96
1228 100148.92
1229 100139.86
1230 100137.00
1231 100136.04
1232 100145.10
1233 100136.04
1234 100149.15
1235 100138.19
1236 100142.96
1237 100136.04
1238 100147.96
1239 100140.09
1240 100151.78
1241 100135.80
1242 100135.09
1243 100137.95
1244 100138.90
1245 100135.09
1246 100150.11
1247 100142.00
1248 100139.14
1249 100136.04
1250 100135.80
1251 100138.90
1252 100139.14
1253 100139.14
1254 100136.04
1255 100134.85
1256 100137.95
1257 100145.10
1258 100137.00
1259 100139.86
1260 100139.14
1261 100137.00
1262 100137.00
1263 100143.19
1264 100140.09
1265 100137.00
1266 100137.00
1267 100141.05
1268 100142.00
1269 100138.90
1270 100136.04
1271 100136.04
1272 100146.06
1273 100138.90
1274 100136.04
1275 100137.00
1276 100138.90
1277 100139.14
1278 100139.86
1279 100138.90
1280 100140.09
1281 100137.00
1282 100137.00
1283 100139.14
1284 100147.01
1285 100139.86
1286 100142.00
1287 100142.00
1288 100137.00
1289 100150.11
1290 100147.96
1291 100136.04
1292 100137.95
1293 100140.81
1294 100138.19
1295 100136.04
1296 100147.01
1297 100142.96
1298 100137.00
1299 100141.05
1300 100137.95
1301 100139.86
1302 100151.06
1303 100142.00
1304 100137.95
1305 100138.90
1306 100137.00
1307 100135.09
1308 100138.90
1309 100139.86
1310 100137.00
1311 100136.04
1312 100139.14
1313 100145.10
1314 100141.05
1315 100140.09
1316 100142.00
1317 100141.05
1318 100138.90
1319 100140.81
1320 100139.14
1321 100142.96
1322 100140.09
1323 100137.95
1324 100137.00
1325 100138.19
1326 100137.00
1327 100147.96
1328 100139.14
1329 100140.09
1330 100137.00
1331 100141.05
1332 100136.04
1333 100137.95
1334 100137.95
1335 100134.85
1336 100137.95
1337 100137.00
1338 100140.09
1339 100139.86
1340 100136.04
1341 100137.00
1342 100142.96
1343 100134.85
1344 100137.95
1345 100136.04
1346 100141.05
1347 100137.95
1348 100137.95
1349 100140.09
1350 100137.95
1351 100140.09
1352 100139.86
1353 100139.14
1354 100139.14
1355 100138.90
1356 100139.14
1357 100137.00
1358 100140.09
1359 100137.95
1360 100139.14
1361 100136.04
1362 100141.05
1363 100138.19
1364 100135.09
1365 100137.95
1366 100137.00
1367 100137.00
1368 100137.00
1369 100137.00
1370 100138.90
1371 100137.00
1372 100142.00
1373 100144.86
1374 100141.05
1375 100135.09
1376 100135.09
1377 100139.86
1378 100145.10
1379 100138.90
1380 100135.80
1381 100137.00
1382 100137.00
1383 100136.04
1384 100147.01
1385 100138.90
1386 100138.19
1387 100140.09
1388 100138.90
1389 100137.95
1390 100144.15
1391 100139.86
1392 100135.80
1393 100141.05
1394 100136.04
1395 100143.19
1396 100139.86
1397 100141.05
1398 100143.91
1399 100145.10
1400 100142.00
1401 100137.95
1402 100146.06
1403 100142.00
1404 100156.07
1405 100142.00
1406 100137.00
1407 100142.96
1408 100140.09
1409 100157.98
1410 100138.90
1411 100140.81
1412 100138.19
1413 100137.00
1414 100137.00
1415 100149.87
1416 100140.09
1417 100138.90
1418 100141.05
1419 100148.92
1420 100138.90
1421 100152.02
1422 100139.14
1423 100140.09
1424 100137.00
1425 100138.90
1426 100139.86
1427 100151.06
1428 100142.00
1429 100139.14
1430 100137.95
1431 100143.91
1432 100140.09
1433 100154.88
1434 100153.21
1435 100139.86
1436 100141.05
1437 100137.95
1438 100152.97
1439 100146.06
1440 100157.98
1441 100138.90
1442 100138.90
1443 100142.96
1444 100138.90
1445 100139.14
1446 100150.11
1447 100142.96
1448 100139.86
1449 100137.00
1450 100142.00
1451 100140.81
1452 100158.93
1453 100141.05
1454 100141.05
1455 100139.86
1456 100140.81
1457 100147.96
1458 100147.01
1459 100158.93
1460 100151.06
1461 100139.86
1462 100142.00
1463 100142.00
1464 100140.09
1465 100148.92
1466 100139.86
1467 100147.96
1468 100141.05
1469 100140.09
1470 100142.00
1471 100149.15
1472 100142.96
1473 100142.96
1474 100140.09
1475 100137.95
1476 100142.96
1477 100148.92
1478 100144.15
1479 100144.15
1480 100145.10
1481 100142.00
1482 100141.05
1483 100139.86
1484 100147.01
1485 100142.00
1486 100139.14
1487 100158.93
1488 100142.96
1489 100147.01
1490 100148.92
1491 100137.00
1492 100141.05
1493 100143.91
1494 100137.00
1495 100142.96
1496 100157.98
1497 100142.96
1498 100142.96
1499 100138.19
1500 100137.95
1501 100140.09
1502 100154.88
1503 100139.86
1504 100137.95
1505 100138.90
1506 100138.90
1507 100138.90
1508 100158.93
1509 100157.98
1510 100139.86
1511 100138.19
1512 100139.14
1513 100146.06
1514 100137.95
1515 100157.02
1516 100139.86
1517 100141.05
1518 100152.97
1519 100140.81
1520 100141.05
1521 100152.97
1522 100137.95
1523 100139.86
1524 100141.05
1525 100148.92
1526 100142.00
1527 100142.96
1528 100137.95
1529 100142.00
1530 100145.10
1531 100142.96
1532 100141.05
1533 100140.81
1534 100139.86
1535 100138.90
1536 100138.90
1537 100139.86
1538 100142.96
1539 100140.09
1540 100141.05
1541 100149.87
1542 100143.19
1543 100137.95
1544 100139.86
1545 100141.05
1546 100137.95
1547 100138.90
1548 100138.19
1549 100143.91
1550 100139.86
1551 100137.95
1552 100146.06
1553 100142.96
1554 100142.00
1555 100142.00
1556 100141.05
1557 100139.86
1558 100155.12
1559 100146.06
1560 100138.90
1561 100137.00
1562 100142.00
1563 100142.00
1564 100137.00
1565 100148.92
1566 100141.05
1567 100142.00
1568 100137.95
1569 100144.86
1570 100142.96
1571 100147.01
1572 100137.95
1573 100140.81
1574 100142.00
1575 100142.96
1576 100138.90
1577 100146.06
1578 100147.96
1579 100142.00
1580 100138.90
1581 100140.09
1582 100146.06
1583 100147.01
1584 100145.10
1585 100142.96
1586 100142.96
1587 100136.04
1588 100140.09
1589 100137.95
1590 100151.06
1591 100146.06
1592 100137.00
1593 100142.00
1594 100142.96
1595 100137.95
1596 100147.01
1597 100137.95
1598 100143.91
1599 100137.00
1600 100140.09
1601 100144.86
1602 100150.11
1603 100162.03
1604 100141.05
1605 100152.02
1606 100140.81
1607 100146.06
1608 100147.01
1609 100143.91
1610 100140.09
1611 100139.14
1612 100138.90
1613 100144.15
1614 100143.91
1615 100152.97
1616 100144.86
1617 100139.86
1618 100149.87
1619 100142.00
1620 100137.00
1621 100145.10
1622 100138.90
1623 100142.00
1624 100139.86
1625 100147.96
1626 100142.00
1627 100154.16
1628 100141.05
1629 100137.95
1630 100139.14
1631 100139.14
1632 100134.85
1633 100145.10
1634 100137.00
1635 100137.95
1636 100137.95
1637 100137.95
1638 100151.06
1639 100147.01
1640 100143.91
1641 100137.95
1642 100137.95
1643 100140.81
1644 100140.81
1645 100146.06
1646 100145.82
1647 100145.10
1648 100142.00
1649 100136.04
1650 100142.00
1651 100142.00
1652 100147.96
1653 100137.95
1654 100138.90
1655 100146.06
1656 100139.86
1657 100141.05
1658 100155.12
1659 100143.91
1660 100137.00
1661 100140.09
1662 100141.05
1663 100142.00
1664 100147.01
1665 100150.11
1666 100140.09
1667 100138.90
1668 100139.14
1669 100141.05
1670 100140.81
1671 100148.20
1672 100140.09
1673 100140.09
1674 100137.00
1675 100142.00
1676 100143.91
1677 100146.77
1678 100145.82
1679 100139.14
1680 100141.05
1681 100149.87
1682 100137.95
1683 100143.91
1684 100141.05
1685 100138.90
1686 100137.00
1687 100138.90
1688 100137.95
1689 100142.00
1690 100152.02
1691 100138.90
1692 100139.86
1693 100139.86
1694 100144.15
1695 100137.00
1696 100157.02
1697 100131.03
1698 100147.01
1699 100138.90
1700 100140.09
1701 100137.95
1702 100146.06
1703 100139.14
1704 100141.05
1705 100139.14
1706 100138.90
1707 100138.90
1708 100157.02
1709 100147.96
1710 100140.81
1711 100138.19
1712 100143.91
1713 100138.19
1714 100149.15
1715 100147.96
1716 100140.09
1717 100136.04
1718 100142.96
1719 100140.09
1720 100137.95
1721 100147.01
1722 100137.95
1723 100137.95
1724 100140.09
1725 100149.87
1726 100139.86
1727 100139.86
1728 100139.14
1729 100141.05
1730 100139.14
1731 100147.96
1732 100138.90
1733 100141.05
1734 100137.95
1735 100138.19
1736 100137.00
1737 100145.82
1738 100149.15
1739 100142.00
1740 100137.00
1741 100140.09
1742 100141.05
1743 100137.00
1744 100158.21
1745 100139.86
1746 100137.95
1747 100137.95
1748 100142.00
1749 100143.19
1750 100139.14
1751 100141.05
1752 100138.19
1753 100141.05
1754 100135.80
1755 100137.95
1756 100138.19
1757 100137.95
1758 100142.96
1759 100141.05
1760 100138.90
1761 100143.19
1762 100142.00
1763 100146.06
1764 100138.90
1765 100142.96
1766 100137.00
1767 100140.09
1768 100137.00
1769 100152.02
1770 100142.00
1771 100137.95
1772 100140.09
1773 100142.00
1774 100142.00
1775 100147.96
1776 100137.00
1777 100138.90
1778 100145.82
1779 100137.95
1780 100139.14
1781 100149.87
1782 100146.06
1783 100142.00
1784 100139.86
1785 100140.09
1786 100147.96
1787 100161.08
1788 100148.20
1789 100137.00
1790 100139.86
1791 100142.00
1792 100144.86
1793 100146.06
1794 100152.97
1795 100140.09
1796 100137.95
1797 100136.04
1798 100142.00
1799 100137.00
1800 100144.86
1801 100141.05
1802 100138.90
1803 100138.19
1804 100142.00
1805 100141.05
1806 100148.92
1807 100142.96
1808 100137.95
1809 100137.95
1810 100147.01
1811 100140.09
1812 100142.96
1813 100145.82
1814 100140.09
1815 100138.90
1816 100137.95
1817 100145.10
1818 100147.01
1819 100154.16
1820 100137.00
1821 100136.04
1822 100143.19
1823 100137.95
1824 100141.05
1825 100148.92
1826 100137.95
1827 100137.95
1828 100137.95
1829 100145.10
1830 100137.00
1831 100164.18
1832 100141.05
1833 100141.05
1834 100142.00
1835 100143.91
1836 100140.81
1837 100146.06
1838 100143.91
1839 100141.05
1840 100137.00
1841 100141.05
1842 100137.00
1843 100139.86
1844 100147.96
1845 100140.09
1846 100138.90
1847 100140.09
1848 100144.15
1849 100138.90
1850 100150.11
1851 100142.00
1852 100135.80
1853 100137.00
1854 100143.19
1855 100140.09
1856 100143.91
1857 100138.19
1858 100142.96
1859 100139.14
1860 100137.00
1861 100136.04
1862 100145.82
1863 100142.00
1864 100137.00
1865 100140.09
1866 100134.85
1867 100142.00
1868 100135.09
1869 100145.10
1870 100137.00
1871 100144.15
1872 100140.09
1873 100139.86
1874 100137.95
1875 100142.00
1876 100139.14
1877 100145.10
1878 100142.96
1879 100140.09
1880 100135.09
1881 100144.15
1882 100136.04
1883 100134.13
1884 100138.90
1885 100136.04
1886 100136.04
1887 100155.83
1888 100149.87
1889 100137.00
1890 100139.86
1891 100139.14
1892 100148.20
1893 100139.86
1894 100150.11
1895 100139.86
1896 100139.14
1897 100135.80
1898 100141.05
1899 100137.95
1900 100149.87
1901 100142.00
1902 100137.95
1903 100136.04
1904 100140.09
1905 100137.95
1906 100147.01
1907 100138.19
1908 100143.91
1909 100136.04
1910 100141.05
1911 100141.05
1912 100151.06
1913 100148.92
1914 100138.90
1915 100140.09
1916 100143.91
1917 100142.96
1918 100138.90
1919 100148.92
1920 100139.86
1921 100137.00
1922 100139.14
1923 100137.95
1924 100137.00
1925 100150.11
1926 100136.04
1927 100135.80
1928 100143.91
1929 100137.95
1930 100144.15
1931 100146.06
1932 100139.14
1933 100134.85
1934 100137.95
1935 100137.95
1936 100141.05
1937 100152.97
1938 100145.10
1939 100137.95
1940 100138.19
1941 100140.09
1942 100142.96
1943 100138.90
1944 100148.92
1945 100140.81
1946 100138.19
1947 100140.81
1948 100143.19
1949 100140.81
1950 100144.15
1951 100137.00
1952 100138.90
1953 100141.05
1954 100136.04
1955 100133.90
1956 100152.02
1957 100141.05
1958 100137.00
1959 100138.90
1960 100137.95
1961 100145.10
1962 100142.96
1963 100142.96
1964 100137.00
1965 100139.86
1966 100139.14
1967 100137.95
1968 100137.00
1969 100149.87
1970 100136.04
1971 100139.14
1972 100138.90
1973 100138.90
1974 100136.04
1975 100145.10
1976 100137.00
1977 100139.14
1978 100139.14
1979 100153.21
1980 100136.04
1981 100147.01
1982 100137.00
1983 100135.09
1984 100139.86
1985 100137.95
1986 100137.00
1987 100147.96
1988 100146.06
1989 100137.95
1990 100136.04
1991 100141.05
1992 100139.86
1993 100137.00
1994 100152.02
1995 100135.09
1996 100137.00
1997 100140.81
1998 100139.14
1999 100138.90
2000 100147.01
2001 100137.95
2002 100137.00
2003 100151.06
2004 100144.15
2005 100137.00
2006 100152.02
2007 100144.86
2008 100135.09
2009 100155.12
2010 100142.00
2011 100146.06
2012 100149.15
2013 100140.09
2014 100145.10
2015 100136.04
2016 100139.86
2017 100140.09
2018 100150.11
2019 100146.06
2020 100137.95
2021 100139.14
2022 100142.00
2023 100145.10
2024 100136.04
2025 100149.15
2026 100142.00
2027 100138.90
2028 100139.14
2029 100141.05
2030 100143.91
2031 100147.01
2032 100147.01
2033 100140.09
2034 100141.05
2035 100145.10
2036 100137.95
2037 100151.06
2038 100145.82
2039 100139.14
2040 100147.01
2041 100137.95
2042 100143.19
2043 100144.86
2044 100147.96
2045 100147.01
2046 100143.91
2047 100145.82
2048 100137.00
2049 100138.90
2050 100147.01
2051 100139.86
2052 100134.85
2053 100138.90
2054 100137.00
2055 100141.05
2056 100152.02
2057 100140.09
2058 100139.14
2059 100139.86
2060 100132.94
2061 100137.00
2062 100145.10
2063 100140.09
2064 100140.09
2065 100136.04
2066 100138.19
2067 100140.81
2068 100141.05
2069 100147.01
2070 100139.14
2071 100137.95
2072 100137.00
2073 100141.05
2074 100137.00
2075 100144.86
2076 100137.95
2077 100140.09
2078 100142.00
2079 100139.86
2080 100136.04
2081 100146.77
2082 100139.86
2083 100140.81
2084 100137.95
2085 100137.95
2086 100137.95
2087 100153.92
2088 100141.05
2089 100136.04
2090 100137.00
2091 100138.90
2092 100136.04
2093 100143.91
2094 100142.96
2095 100137.95
2096 100137.95
2097 100137.00
2098 100140.81
2099 100138.90
2100 100149.87
2101 100137.95
2102 100136.04
2103 100137.95
2104 100140.09
2105 100133.90
2106 100157.98
2107 100137.95
2108 100138.90
2109 100137.95
2110 100137.00
2111 100137.00
2112 100146.06
2113 100139.86
2114 100137.00
2115 100136.04
2116 100138.19
2117 100138.19
2118 100142.96
2119 100145.10
2120 100138.19
2121 100139.14
2122 100133.90
2123 100136.04
2124 100138.19
2125 100142.00
2126 100137.00
2127 100137.95
2128 100183.01
2129 100164.89
2130 100146.06
2131 100152.97
2132 100147.01
2133 100139.86
2134 100139.86
2135 100139.86
2136 100144.15
2137 100147.96
2138 100145.10
2139 100142.96
2140 100142.00
2141 100139.14
2142 100138.90
2143 100146.06
2144 100145.82
2145 100137.95
2146 100139.86
2147 100141.05
2148 100143.19
2149 100141.05
2150 100144.86
2151 100144.15
2152 100142.96
2153 100142.00
2154 100140.81
2155 100140.09
2156 100165.84
2157 100143.91
2158 100152.02
2159 100140.81
2160 100140.81
2161 100147.01
2162 100147.96
2163 100137.95
2164 100143.19
2165 100143.19
2166 100147.01
2167 100142.96
2168 100147.01
2169 100149.87
2170 100137.00
2171 100137.95
2172 100137.00
2173 100144.15
2174 100140.09
2175 100150.11
2176 100138.90
2177 100145.10
2178 100142.00
2179 100138.19
2180 100142.00
2181 100152.97
2182 100139.86
2183 100141.05
2184 100141.05
2185 100142.96
2186 100138.90
2187 100148.92
2188 100141.05
2189 100157.98
2190 100140.81
2191 100145.10
2192 100138.90
2193 100152.97
2194 100147.01
2195 100140.09
2196 100139.14
2197 100142.00
2198 100145.10
2199 100141.76
2200 100147.96
2201 100145.82
2202 100139.14
2203 100139.86
2204 100142.00
2205 100145.10
2206 100150.82
2207 100141.05
2208 100136.04
2209 100139.86
2210 100143.91
2211 100139.14
2212 100152.02
2213 100162.98
2214 100162.03
2215 100143.91
2216 100142.00
2217 100143.91
2218 100159.88
2219 100145.10
2220 100150.11
2221 100144.86
2222 100149.15
2223 100148.92
2224 100154.88
2225 100151.06
2226 100143.91
2227 100143.91
2228 100143.19
2229 100142.00
2230 100149.15
2231 100152.02
2232 100142.96
2233 100145.82
2234 100148.92
2235 100146.06
2236 100142.96
2237 100157.98
2238 100146.06
2239 100139.86
2240 100141.05
2241 100138.90
2242 100148.92
2243 100146.06
2244 100140.81
2245 100138.90
2246 100142.96
2247 100152.02
2248 100137.95
2249 100154.16
2250 100150.11
2251 100140.09
2252 100137.95
2253 100137.00
2254 100142.00
2255 100137.00
2256 100151.06
2257 100142.00
2258 100141.05
2259 100138.90
2260 100145.10
2261 100141.05
2262 100149.15
2263 100147.96
2264 100142.00
2265 100141.05
2266 100142.00
2267 100144.15
2268 100157.02
2269 100143.91
2270 100142.00
2271 100142.96
2272 100141.05
2273 100142.96
2274 100149.87
2275 100146.06
2276 100139.14
2277 100152.02
2278 100139.14
2279 100144.86
2280 100155.12
2281 100147.96
2282 100140.09
2283 100141.05
2284 100137.95
2285 100137.00
2286 100140.09
2287 100148.92
2288 100137.00
2289 100136.04
2290 100140.09
2291 100142.00
2292 100137.00
2293 100145.82
2294 100138.90
2295 100139.14
2296 100141.05
2297 100156.07
2298 100139.86
2299 100143.91
2300 100147.01
2301 100138.90
2302 100157.02
2303 100143.19
2304 100140.09
2305 100135.09
2306 100144.86
2307 100138.90
2308 100135.80
2309 100138.90
2310 100139.14
2311 100150.11
2312 100145.82
2313 100137.00
2314 100140.09
2315 100139.86
2316 100138.90
2317 100142.00
2318 100152.02
2319 100142.00
2320 100141.05
2321 100140.81
2322 100144.15
2323 100146.06
2324 100145.10
2325 100143.91
2326 100142.00
2327 100140.09
2328 100142.00
2329 100137.00
2330 100137.00
2331 100149.87
2332 100139.86
2333 100137.00
2334 100138.90
2335 100140.09
2336 100142.00
2337 100152.02
2338 100157.98
2339 100139.14
2340 100148.20
2341 100137.00
2342 100135.80
2343 100146.06
2344 100141.05
2345 100137.00
2346 100137.95
2347 100150.11
2348 100142.00
2349 100148.20
2350 100149.15
2351 100139.86
2352 100142.00
2353 100137.00
2354 100141.05
2355 100141.05
2356 100150.11
2357 100139.14
2358 100139.14
2359 100140.09
2360 100147.01
2361 100137.00
2362 100152.02
2363 100136.04
2364 100138.90
2365 100139.14
2366 100138.90
2367 100138.19
2368 100156.07
2369 100147.96
2370 100137.00
2371 100137.95
2372 100139.86
2373 100139.14
2374 100149.87
2375 100137.00
2376 100139.14
2377 100139.86
2378 100137.95
2379 100136.04
2380 100140.09
2381 100183.96
2382 100203.99
2383 100141.05
2384 100142.00
2385 100142.96
2386 100137.00
2387 100143.91
2388 100137.00
2389 100140.09
2390 100136.04
2391 100145.10
2392 100140.09
2393 100142.00
2394 100138.90
2395 100141.05
2396 100137.95
2397 100145.10
2398 100135.80
2399 100138.90
