250
0 35802.13
1 21106.00
2 76009.04
3 21180.87
4 23972.03
5 60117.01
6 21591.90
7 23792.98
8 27822.97
9 29760.12
10 21914.96
11 27967.93
12 21396.16
13 22912.03
14 60486.08
15 21938.09
16 21497.96
17 34097.91
18 21906.85
19 21603.11
20 58144.09
21 22629.02
22 22489.07
23 36653.04
24 36316.16
25 34329.89
26 57439.09
27 22593.02
28 26766.06
29 27729.03
30 33769.85
31 21522.05
32 74261.90
33 23050.79
34 21940.95
35 35998.11
36 32284.02
37 57183.03
38 33226.01
39 159569.03
40 27355.91
41 22042.04
42 57587.15
43 32930.14
44 21167.99
45 48784.02
46 58636.90
47 24441.00
48 38007.97
49 21213.05
50 35647.15
51 65411.09
52 24994.85
53 68189.14
54 22603.03
55 26749.13
56 40930.03
57 22231.82
58 45830.01
59 40043.12
60 22917.03
61 133207.80
62 32138.82
63 73295.12
64 23319.01
65 31712.06
66 39348.84
67 42783.98
68 39678.10
69 23464.92
70 61810.97
71 23558.86
72 21112.92
73 24633.88
74 69971.08
75 37487.98
76 22158.86
77 56910.99
78 22214.89
79 52124.02
80 24573.09
81 25568.96
82 43841.84
83 23282.05
84 24959.09
85 72207.93
86 22525.07
87 60376.88
88 26400.09
89 22173.88
90 58569.19
91 23063.90
92 38650.99
93 33976.08
94 21451.95
95 64965.96
96 29669.05
97 31349.90
98 60044.05
99 26860.95
100 22548.91
101 22994.04
102 25562.05
103 33904.08
104 72390.08
105 25423.77
106 24688.01
107 56920.05
108 31471.97
109 39590.12
110 24085.04
111 67969.80
112 25660.04
113 28290.99
114 37683.96
115 29554.13
116 48205.85
117 137088.06
118 33640.86
119 22506.95
120 141415.12
121 40752.17
122 22381.07
123 26608.94
124 59924.84
125 28386.12
126 28455.97
127 32449.96
128 55854.08
129 27796.03
130 65958.98
131 27173.04
132 58019.16
133 21503.93
134 71735.86
135 25871.04
136 165087.94
137 21343.95
138 55266.86
139 27515.17
140 58305.03
141 23808.00
142 26321.17
143 49046.04
144 45399.90
145 42670.01
146 40091.99
147 22881.98
148 28256.89
149 35689.12
150 35005.81
151 23756.98
152 61959.03
153 26617.05
154 27936.94
155 22627.12
156 150935.89
157 35130.02
158 21754.98
159 53582.19
160 57070.97
161 31686.07
162 57044.98
163 34739.97
164 22171.02
165 67184.93
166 29454.95
167 23567.91
168 40003.06
169 46547.89
170 29193.88
171 58108.09
172 22624.02
173 32078.03
174 23597.00
175 41328.19
176 25707.01
177 21707.06
178 24813.18
179 21600.96
180 24355.89
181 173405.89
182 25035.86
183 22536.04
184 63924.07
185 26431.08
186 22916.08
187 41025.16
188 21711.11
189 75311.90
190 33517.12
191 30720.00
192 21615.98
193 57260.99
194 57693.00
195 30362.13
196 49844.03
197 58532.95
198 34771.92
199 29171.94
200 23514.03
201 35109.04
202 57441.00
203 24453.88
204 26714.80
205 24497.99
206 23853.06
207 46275.85
208 24146.08
209 21752.83
210 76168.06
211 31434.06
212 28679.13
213 21677.02
214 89662.79
215 41037.08
216 34461.98
217 60544.01
218 23642.06
219 23341.89
220 21736.86
221 40755.99
222 29505.97
223 59149.03
224 27683.02
225 26339.05
226 53912.16
227 31013.97
228 22387.98
229 57661.77
230 23158.07
231 84832.91
232 41499.85
233 137047.05
234 35149.10
235 21627.90
236 21437.17
237 34473.90
238 44322.01
239 85991.14
240 28184.89
241 57646.99
242 31550.88
243 23183.82
244 40490.15
245 31895.88
246 56557.89
247 36277.06
248 31546.12
249 142477.04
