600
0 120522.98
1 120202.06
2 120169.88
3 120182.04
4 120163.92
5 120160.82
6 120156.05
7 120158.91
8 120153.90
9 120162.96
10 120164.16
11 120155.10
12 120155.10
13 120157.00
14 120157.00
15 120157.96
16 120160.10
17 120159.86
18 120153.90
19 120156.05
20 120154.14
21 120154.86
22 120152.00
23 120156.05
24 120153.19
25 120156.05
26 120154.14
27 120154.86
28 120150.09
29 120152.95
30 120152.00
31 120157.96
32 120153.90
33 120152.00
34 120177.03
35 120167.02
36 120161.06
37 120154.14
38 120155.10
39 120162.01
40 120155.81
41 120157.96
42 120152.95
43 120156.05
44 120155.10
45 120154.14
46 120152.95
47 120157.00
48 120152.95
49 120152.95
50 120152.00
51 120154.86
52 120152.00
53 120155.81
54 120153.90
55 120154.14
56 120152.00
57 120151.04
58 120152.95
59 120148.90
60 120154.86
61 120151.04
62 120152.95
63 120152.95
64 120157.00
65 120152.00
66 120152.95
67 120152.00
68 120154.14
69 120151.04
70 120150.80
71 120157.00
72 120152.95
73 120158.91
74 120157.00
75 120156.05
76 120153.90
77 120154.14
78 120152.00
79 120158.91
80 120155.10
81 120153.90
82 120149.14
83 120156.05
84 120154.14
85 120153.19
86 120153.19
87 120156.05
88 120153.90
89 120152.95
90 120153.90
91 120157.96
92 120155.10
93 120155.10
94 120157.96
95 120155.10
96 120155.10
97 120157.96
98 120161.77
99 120154.14
100 120157.00
101 120157.00
102 120163.20
103 120157.96
104 120157.00
105 120159.86
106 120155.10
107 120163.92
108 120152.95
109 120149.85
110 120151.04
111 120152.00
112 120155.10
113 120163.92
114 120152.00
115 120157.00
116 120152.95
117 120156.05
118 120156.05
119 120147.23
120 120153.90
121 120157.96
122 120159.86
123 120155.10
124 120157.00
125 120152.95
126 120148.90
127 120150.80
128 120147.94
129 120152.95
130 120160.10
131 120151.04
132 120153.90
133 120154.86
134 120157.00
135 120154.86
136 120152.00
137 120157.00
138 120150.80
139 120148.90
140 120157.00
141 120153.19
142 120156.05
143 120152.95
144 120153.90
145 120165.11
146 120152.95
147 120153.90
148 120151.04
149 120156.05
150 120151.04
151 120149.14
152 120147.94
153 120156.05
154 120157.96
155 120156.05
156 120152.00
157 120150.09
158 120154.14
159 120152.00
160 120155.10
161 120157.96
162 120152.00
163 120144.13
164 120151.04
165 120152.95
166 120156.05
167 120140.08
168 120148.18
169 120146.99
170 120149.85
171 120152.00
172 120150.09
173 120154.14
174 120152.95
175 120147.94
176 120150.09
177 120154.14
178 120160.10
179 120146.04
180 120151.04
181 120148.90
182 120157.00
183 120151.04
184 120158.20
185 120158.20
186 120152.00
187 120143.89
188 120149.14
189 120152.00
190 120153.90
191 120151.04
192 120154.14
193 120153.19
194 120163.20
195 120160.10
196 120157.96
197 120162.96
198 120157.00
199 120150.80
200 120154.86
201 120152.95
202 120157.96
203 120147.94
204 120153.90
205 120146.99
206 120160.10
207 120161.06
208 120152.00
209 120160.82
210 120157.00
211 120148.18
212 120157.00
213 120158.20
214 120159.15
215 120151.04
216 120152.00
217 120151.04
218 120154.14
219 120148.90
220 120155.10
221 120153.90
222 120151.04
223 120147.94
224 120152.95
225 120150.09
226 120155.81
227 120148.90
228 120156.05
229 120154.14
230 120154.86
231 120160.10
232 120147.94
233 120157.00
234 120170.83
235 120151.04
236 120155.10
237 120150.09
238 120157.00
239 120144.13
240 120158.91
241 120156.05
242 120156.05
243 120151.04
244 120152.00
245 120158.91
246 120152.00
247 120150.09
248 120143.89
249 120152.95
250 120156.05
251 120152.00
252 120156.05
253 120151.04
254 120151.04
255 120150.09
256 120148.90
257 120150.09
258 120148.90
259 120149.85
260 120149.85
261 120148.90
262 120152.00
263 120152.95
264 120146.99
265 120151.04
266 120151.04
267 120155.10
268 120145.08
269 120154.86
270 120147.94
271 120146.99
272 120148.18
273 120146.99
274 120148.90
275 120148.90
276 120146.04
277 120142.94
278 120144.84
279 120141.98
280 120149.14
281 120153.90
282 120146.99
283 120149.85
284 120146.99
285 120145.08
286 120144.84
287 120149.85
288 120146.99
289 120147.94
290 120146.04
291 120146.99
292 120153.19
293 120157.00
294 120155.81
295 120144.84
296 120146.99
297 120146.04
298 120146.99
299 120150.80
300 120150.09
301 120146.04
302 120146.99
303 120154.86
304 120148.90
305 120146.04
306 120146.99
307 120146.99
308 120146.99
309 120149.14
310 120151.04
311 120146.04
312 120144.13
313 120146.99
314 120143.89
315 120141.03
316 120146.04
317 120147.94
318 120145.80
319 120143.89
320 120150.09
321 120145.08
322 120143.89
323 120147.94
324 120146.99
325 120146.99
326 120147.94
327 120144.84
328 120146.99
329 120148.90
330 120143.89
331 120146.99
332 120147.94
333 120149.14
334 120147.94
335 120147.94
336 120143.89
337 120142.94
338 120144.84
339 120148.90
340 120152.00
341 120146.04
342 120146.04
343 120147.94
344 120144.84
345 120146.04
346 120140.79
347 120141.98
348 120145.08
349 120145.08
350 120150.80
351 120146.99
352 120147.94
353 120146.04
354 120145.80
355 120138.88
356 120145.08
357 120149.14
358 120147.94
359 120149.85
360 120157.96
361 120144.13
362 120146.04
363 120147.94
364 120148.18
365 120157.00
366 120146.99
367 120146.99
368 120146.99
369 120147.23
370 120141.03
371 120147.94
372 120146.04
373 120152.00
374 120146.04
375 120141.98
376 120143.89
377 120143.89
378 120144.13
379 120149.14
380 120150.09
381 120148.18
382 120144.84
383 120160.10
384 120152.00
385 120141.98
386 120143.89
387 120146.04
388 120145.08
389 120142.94
390 120151.04
391 120147.94
392 120151.04
393 120147.94
394 120153.90
395 120146.04
396 120144.84
397 120145.80
398 120144.84
399 120146.04
400 120151.04
401 120146.99
402 120144.13
403 120147.94
404 120144.84
405 120148.90
406 120151.04
407 120146.99
408 120146.99
409 120163.92
410 120151.04
411 120149.14
412 120145.08
413 120153.19
414 120146.99
415 120147.94
416 120145.08
417 120150.09
418 120147.94
419 120151.04
420 120148.90
421 120151.04
422 120147.94
423 120148.90
424 120145.08
425 120149.85
426 120147.94
427 120145.08
428 120143.18
429 120141.98
430 120153.19
431 120149.85
432 120147.94
433 120149.85
434 120151.04
435 120148.90
436 120146.04
437 120146.99
438 120155.81
439 120147.94
440 120153.90
441 120146.99
442 120146.04
443 120147.94
444 120144.13
445 120145.08
446 120145.08
447 120146.99
448 120146.04
449 120155.81
450 120149.85
451 120152.95
452 120149.14
453 120159.86
454 120149.85
455 120149.14
456 120145.08
457 120146.99
458 120145.08
459 120148.90
460 120150.09
461 120143.89
462 120146.99
463 120149.14
464 120144.13
465 120147.94
466 120145.08
467 120149.14
468 120146.99
469 120149.85
470 120148.90
471 120148.90
472 120150.80
473 120149.85
474 120152.00
475 120149.14
476 120138.88
477 120146.99
478 120151.04
479 120149.14
480 120149.85
481 120152.00
482 120147.94
483 120148.18
484 120146.04
485 120148.90
486 120151.04
487 120141.03
488 120143.89
489 120152.95
490 120147.94
491 120147.94
492 120147.94
493 120147.94
494 120150.09
495 120149.85
496 120151.04
497 120151.04
498 120152.00
499 120150.80
500 120157.00
501 120146.99
502 120148.90
503 120141.03
504 120146.04
505 120149.85
506 120162.01
507 120157.00
508 120152.95
509 120150.80
510 120146.99
511 120146.99
512 120138.17
513 120143.89
514 120150.09
515 120150.09
516 120139.84
517 120147.94
518 120143.89
519 120143.18
520 120146.99
521 120149.14
522 120142.94
523 120145.08
524 120143.89
525 120141.03
526 120145.08
527 120147.94
528 120145.08
529 120143.89
530 120146.99
531 120140.79
532 120152.00
533 120161.06
534 120152.95
535 120143.89
536 120143.18
537 120146.04
538 120146.99
539 120146.04
540 120150.09
541 120147.94
542 120147.94
543 120149.14
544 120145.08
545 120147.94
546 120146.99
547 120146.04
548 120146.99
549 120145.08
550 120150.09
551 120147.94
552 120149.14
553 120154.14
554 120151.04
555 120152.95
556 120152.00
557 120152.00
558 120150.80
559 120150.09
560 120154.14
561 120151.04
562 120152.00
563 120152.00
564 120146.99
565 120149.85
566 120151.04
567 120152.00
568 120154.14
569 120150.09
570 120152.00
571 120146.99
572 120152.95
573 120189.19
574 120170.12
575 120150.09
576 120146.04
577 120148.18
578 120148.18
579 120146.04
580 120146.99
581 120140.08
582 120156.05
583 120148.90
584 120146.04
585 120146.04
586 120144.13
587 120146.99
588 120146.04
589 120145.08
590 120148.90
591 120147.94
592 120152.95
593 120151.04
594 120151.04
595 120146.99
596 120148.18
597 120148.18
598 120147.94
599 120146.04
