575
0 121881.01
1 121746.06
2 121683.12
3 121739.15
4 121662.86
5 121731.04
6 121652.13
7 121721.98
8 121657.85
9 121695.04
10 121620.18
11 121699.81
12 121747.97
13 121668.10
14 121613.03
15 121685.03
16 121599.91
17 121632.10
18 121709.82
19 121629.95
20 121703.86
21 121624.95
22 121698.86
23 121613.98
24 121686.94
25 121621.13
26 121679.78
27 121735.10
28 121667.86
29 121723.89
30 121661.90
31 121721.03
32 121603.01
33 121675.01
34 121728.90
35 121648.07
36 121584.18
37 121654.99
38 121716.02
39 121629.00
40 121620.89
41 121619.94
42 121696.00
43 121608.97
44 121693.85
45 121606.11
46 121680.97
47 121715.78
48 121629.95
49 121709.11
50 121636.87
51 121695.04
52 121618.99
53 121690.99
54 121604.92
55 121671.92
56 121614.93
57 121547.94
58 121615.17
59 121688.13
60 121601.10
61 121677.88
62 121713.88
63 121652.13
64 121713.88
65 121632.10
66 121701.00
67 121614.93
68 121685.03
69 121599.91
70 121535.06
71 121733.19
72 121603.97
73 121638.06
74 121719.12
75 121633.05
76 121706.01
77 121644.97
78 121697.90
79 121615.89
80 121685.98
81 121603.01
82 121676.92
83 121698.86
84 121613.03
85 121685.98
86 121606.11
87 121671.92
88 121735.10
89 121652.84
90 121578.93
91 121650.22
92 121716.02
93 121639.97
94 121703.86
95 121649.03
96 121716.98
97 121602.06
98 121706.01
99 121622.09
100 121695.04
101 121626.85
102 121680.97
103 121742.01
104 121672.15
105 121586.08
106 121402.03
107 121706.01
108 122263.19
109 123137.95
110 123691.08
111 122262.00
112 121947.05
113 123703.96
114 123272.90
115 122818.95
116 122458.93
117 122030.97
118 121586.08
119 123505.12
120 123059.03
121 121499.06
122 123567.10
123 123234.03
124 122811.79
125 122370.96
126 121785.88
127 123874.90
128 123560.19
129 123126.98
130 122669.94
131 122349.98
132 124284.98
133 123705.86
134 122143.98
135 124211.07
136 123898.98
137 123309.85
138 122860.91
139 122566.94
140 122133.02
141 124045.13
142 123600.96
143 123298.17
144 122868.06
145 122421.03
146 123228.07
147 122768.88
148 122467.99
149 122022.15
150 123955.01
151 123502.97
152 123048.07
153 122756.00
154 122308.97
155 124239.92
156 123875.14
157 123453.14
158 123000.86
159 123672.01
160 123450.99
161 123004.20
162 122551.92
163 122256.04
164 124172.21
165 123873.00
166 123428.11
167 122969.87
168 122547.86
169 122361.90
170 121910.81
171 122852.80
172 122290.85
173 121849.06
174 121524.10
175 123449.09
176 123004.91
177 122566.94
178 122093.92
179 121648.07
180 123705.86
181 123403.07
182 122951.98
183 123759.98
184 123322.96
185 123018.03
186 122435.81
187 122009.99
188 121565.10
189 123605.97
190 123169.90
191 122853.04
192 122287.99
193 121844.05
194 121664.05
195 122354.98
196 121762.99
197 121589.90
198 123651.03
199 123064.99
200 122766.02
201 122200.97
202 121741.77
203 123943.09
204 123505.12
205 123045.92
206 122606.04
207 122035.98
208 122965.10
209 122672.08
210 122099.16
211 121741.06
212 123780.01
213 123339.89
214 123037.10
215 122589.83
216 122018.10
217 121567.96
218 123754.02
219 123317.96
220 121493.82
221 123671.05
222 123250.01
223 122816.09
224 122378.83
225 121935.13
226 121623.04
227 123688.94
228 123372.08
229 122781.99
230 122362.14
231 121917.01
232 122727.16
233 122135.88
234 121664.05
235 121523.14
236 123530.86
237 123082.16
238 122776.03
239 122194.05
240 121887.92
241 123976.95
242 123523.00
243 123072.86
244 121529.10
245 123579.98
246 123137.95
247 122694.02
248 122119.90
249 121690.03
250 123734.00
251 123347.04
252 122987.99
253 122531.89
254 121957.06
255 121525.05
256 123712.06
257 122025.97
258 121584.18
259 123641.01
260 123323.92
261 122740.03
262 122244.12
263 121805.19
264 121483.09
265 123538.97
266 123093.13
267 122802.02
268 122233.15
269 123164.18
270 122745.99
271 122164.01
272 121716.98
273 121448.99
274 123383.05
275 123080.02
276 122499.94
277 122052.91
278 121623.99
279 123806.95
280 123358.96
281 121547.22
282 123867.99
283 123430.97
284 122986.08
285 122550.96
286 121961.12
287 121514.08
288 123714.92
289 123271.94
290 122956.99
291 122386.93
292 121943.95
293 121629.95
294 122170.93
295 121746.06
296 121531.96
297 123363.97
298 123172.04
299 121852.16
300 121662.86
301 121589.90
302 121763.94
303 121579.89
304 121484.99
305 121672.15
306 121845.96
307 121906.04
308 121465.92
309 121518.85
310 121439.93
311 121639.97
312 121945.14
313 121495.96
314 121229.89
315 121969.94
316 122925.04
317 123998.17
318 124815.94
319 125122.07
320 125911.95
321 126863.96
322 127648.83
323 128587.01
324 130109.07
325 129647.02
326 130601.88
327 131418.23
328 132468.94
329 133881.09
330 134835.00
331 134506.94
332 135450.12
333 136240.01
334 135940.07
335 137501.00
336 137058.02
337 137994.05
338 138802.05
339 139732.84
340 139286.99
341 140832.90
342 140536.07
343 141454.94
344 142399.07
345 121706.96
346 121628.05
347 121731.04
348 121615.17
349 121692.90
350 121608.97
351 121692.90
352 121604.92
353 121685.03
354 121701.00
355 121600.87
356 121731.04
357 121646.88
358 121706.96
359 121618.03
360 121546.98
361 121608.97
362 121690.03
363 121598.96
364 121677.88
365 121606.83
366 121665.00
367 121742.01
368 121555.09
369 121600.15
370 121670.01
371 121731.04
372 121644.02
373 121722.94
374 121647.83
375 121716.02
376 121628.05
377 121702.91
378 121618.03
379 121695.04
380 121653.08
381 121712.92
382 121622.09
383 121696.95
384 121608.02
385 121688.84
386 121604.92
387 121580.12
388 121649.98
389 121716.98
390 121640.92
391 121708.15
392 121639.01
393 121698.14
394 121617.08
395 121680.97
396 121604.92
397 121675.97
398 121729.85
399 121526.00
400 121668.82
401 121636.87
402 121716.98
403 121637.82
404 121702.91
405 121621.13
406 121696.00
407 121608.02
408 121685.98
409 121612.07
410 121678.83
411 121732.00
412 121654.03
413 121730.09
414 121649.03
415 121719.12
416 121643.78
417 121714.12
418 121625.90
419 121743.20
420 121668.10
421 121728.18
422 121662.14
423 121716.98
424 121639.97
425 121709.82
426 121643.07
427 121615.17
428 121617.08
429 121693.85
430 121616.13
431 121692.90
432 121610.88
433 121623.99
434 121608.02
435 121672.87
436 121737.96
437 121660.95
438 121603.01
439 121676.92
440 121608.02
441 121676.92
442 121726.04
443 121642.83
444 121716.98
445 121645.93
446 121713.88
447 121633.05
448 121704.10
449 121623.99
450 121696.00
451 121608.02
452 121680.97
453 121611.12
454 121672.15
455 121728.90
456 121640.92
457 121723.89
458 121646.88
459 121719.12
460 121654.99
461 121708.87
462 121625.19
463 121681.93
464 121609.21
465 121677.88
466 121598.96
467 121649.98
468 121589.90
469 121649.98
470 121577.98
471 121629.00
472 121706.96
473 121619.94
474 121696.00
475 121561.05
476 121696.95
477 121568.20
478 121635.91
479 121691.94
480 121613.03
481 121686.94
482 121602.06
483 121675.01
484 121732.00
485 121651.17
486 121722.94
487 121645.93
488 121711.97
489 121634.01
490 121706.96
491 121622.09
492 121696.23
493 121607.07
494 121683.12
495 121744.87
496 121677.88
497 121737.00
498 121644.97
499 121717.21
500 121630.91
501 121711.97
502 121628.05
503 121701.00
504 121617.08
505 121686.94
506 121605.16
507 121677.88
508 121597.05
509 121674.06
510 121731.04
511 121670.01
512 121585.13
513 121660.95
514 121737.96
515 121593.95
516 121726.04
517 121653.08
518 121591.09
519 121643.07
520 121572.02
521 121629.95
522 121680.02
523 121620.89
524 121693.85
525 121609.93
526 121684.07
527 121618.03
528 121694.80
529 121611.12
530 121683.12
531 121593.00
532 121673.11
533 121699.09
534 121614.93
535 121690.99
536 121609.21
537 121682.88
538 121747.97
539 121663.09
540 121544.84
541 121598.01
542 121669.05
543 121728.90
544 121649.03
545 121721.98
546 121659.04
547 121711.02
548 121623.04
549 121698.86
550 121611.12
551 121685.98
552 121610.16
553 121677.88
554 121595.14
555 121599.91
556 121594.91
557 121659.99
558 121714.83
559 121651.89
560 121579.89
561 121625.90
562 121704.10
563 121623.04
564 121693.85
565 121577.98
566 121630.19
567 121706.96
568 121615.17
569 121695.04
570 121612.07
571 121689.08
572 121612.07
573 121675.01
574 121737.00
