250
0 21508.93
1 21780.97
2 22409.92
3 152753.83
4 85503.10
5 25390.15
6 91438.06
7 36931.99
8 34559.01
9 51198.01
10 63246.01
11 29034.14
12 27885.91
13 47825.81
14 156146.05
15 53295.14
16 71808.10
17 21470.07
18 23969.89
19 20959.14
20 142313.00
21 89308.02
22 21701.81
23 23357.15
24 31085.01
25 68031.07
26 21436.93
27 71188.93
28 25355.10
29 25590.90
30 60832.98
31 58242.08
32 21280.05
33 72816.85
34 21169.19
35 73057.89
36 20983.93
37 22619.96
38 23970.13
39 23081.06
40 70957.90
41 25010.82
42 67582.13
43 21430.97
44 21128.89
45 56921.96
46 26087.05
47 21356.82
48 23278.95
49 76616.05
50 23759.84
51 59296.85
52 40539.03
53 23833.04
54 60482.98
55 21137.95
56 22024.87
57 22545.10
58 28824.09
59 38611.17
60 26145.22
61 21617.89
62 23679.02
63 72196.01
64 21231.89
65 33331.87
66 25786.88
67 73199.99
68 20982.03
69 21401.88
70 21409.03
71 24386.17
72 21325.11
73 68125.96
74 57024.00
75 21592.14
76 22423.03
77 77577.11
78 23376.94
79 24446.01
80 25584.94
81 24688.96
82 24110.08
83 73769.09
84 21225.93
85 21080.02
86 31690.12
87 21058.08
88 29572.96
89 23130.18
90 43879.99
91 42729.14
92 25717.02
93 24152.99
94 21135.09
95 24712.09
96 27973.89
97 21746.16
98 60489.89
99 21620.04
100 23713.11
101 23133.04
102 21985.05
103 86632.01
104 22243.98
105 54795.98
106 40451.05
107 63592.20
108 22901.06
109 21536.83
110 21952.15
111 57241.92
112 21464.82
113 23759.13
114 75562.00
115 23380.99
116 27111.05
117 59691.91
118 22411.11
119 32182.93
120 111629.01
121 22718.19
122 60652.97
123 21259.07
124 72388.89
125 21231.89
126 116805.08
127 25146.96
128 71361.06
129 21327.02
130 77135.09
131 21014.93
132 61890.13
133 24689.20
134 68001.99
135 23588.18
136 62071.08
137 23980.14
138 71372.03
139 21198.03
140 60958.15
141 21029.95
142 27042.15
143 21226.17
144 23795.13
145 23964.88
146 21667.00
147 71643.11
148 21332.03
149 22033.93
150 45856.95
151 57280.06
152 20944.83
153 72196.96
154 30366.90
155 26237.96
156 70063.11
157 21513.94
158 23608.92
159 45092.11
160 26247.02
161 61277.15
162 21455.05
163 30776.98
164 74424.98
165 21692.99
166 62417.98
167 26320.93
168 72137.83
169 57486.06
170 23987.05
171 20895.96
172 21309.85
173 23693.08
174 23895.03
175 23816.82
176 22818.09
177 55979.97
178 29880.05
179 24553.06
180 60771.94
181 24787.90
182 23407.94
183 25557.04
184 142391.92
185 21698.95
186 158936.02
187 21342.99
188 24575.95
189 75202.94
190 21152.02
191 24784.09
192 21008.97
193 22413.97
194 21512.99
195 57249.07
196 24419.07
197 25677.92
198 21348.00
199 31110.05
200 71804.05
201 21293.16
202 21791.93
203 21337.03
204 21073.10
205 66737.89
206 21454.10
207 31818.15
208 136408.09
209 23132.09
210 22084.00
211 119146.11
212 83797.93
213 32756.81
214 21373.03
215 20947.22
216 21528.96
217 28335.81
218 30234.10
219 26901.01
220 77933.07
221 21214.01
222 25071.86
223 73877.10
224 25576.11
225 21512.99
226 59280.16
227 21175.15
228 22245.88
229 21723.99
230 21011.83
231 98485.95
232 21090.98
233 62148.09
234 21480.80
235 59377.91
236 30340.91
237 74310.06
238 21049.98
239 21620.99
240 21349.91
241 70698.98
242 24471.04
243 76534.03
244 22588.97
245 112622.98
246 58055.88
247 21710.87
248 66531.90
249 131654.02
