575
0 121889.11
1 121649.98
2 121605.87
3 121657.85
4 121724.13
5 121639.01
6 121717.93
7 121624.95
8 121606.83
9 121654.99
10 121575.83
11 121654.99
12 121709.11
13 121646.88
14 121574.88
15 121498.11
16 121698.86
17 121736.05
18 121655.94
19 121657.85
20 121665.95
21 121663.81
22 121675.01
23 121589.90
24 121654.03
25 121723.89
26 121618.03
27 121706.01
28 121603.01
29 121680.97
30 121601.10
31 121679.07
32 121734.14
33 121518.14
34 121726.04
35 121644.02
36 121711.97
37 121634.01
38 121641.16
39 121710.78
40 121543.17
41 121598.01
42 121691.94
43 121613.03
44 121677.88
45 121599.91
46 121673.11
47 121703.15
48 121625.90
49 121699.81
50 121613.03
51 121688.84
52 121606.83
53 121685.98
54 121619.22
55 121680.02
56 121587.99
57 121665.00
58 121721.98
59 121673.11
60 121588.95
61 121651.17
62 121585.13
63 121682.88
64 121596.10
65 121662.86
66 121587.99
67 121669.05
68 121718.17
69 121680.02
70 121598.96
71 121665.00
72 121567.96
73 121555.81
74 121489.05
75 121543.17
76 121618.99
77 121536.02
78 121608.97
79 121526.96
80 121602.06
81 121658.09
82 121574.16
83 121648.07
84 121464.01
85 121644.02
86 121562.00
87 121630.91
88 121681.93
89 121618.03
90 121536.97
91 121612.07
92 121664.76
93 121606.11
94 121540.07
95 121591.09
96 121653.08
97 121587.04
98 121644.97
99 121575.12
100 121633.05
101 121582.03
102 121589.18
103 121572.02
104 121509.08
105 121567.96
106 121622.09
107 121538.88
108 121850.01
109 123905.18
110 122069.12
111 122880.94
112 122586.97
113 122144.94
114 121562.00
115 123636.96
116 123189.93
117 122608.90
118 122306.82
119 123106.00
120 122653.01
121 122361.90
122 121804.00
123 121484.99
124 123419.05
125 122854.95
126 122535.94
127 121952.77
128 121772.05
129 123582.12
130 123261.93
131 121561.05
132 123526.10
133 123202.09
134 122742.89
135 122301.82
136 122004.03
137 121557.95
138 123477.94
139 123297.93
140 122728.11
141 122273.92
142 121942.04
143 121487.14
144 122293.00
145 121989.01
146 121417.05
147 123498.20
148 123179.91
149 122740.03
150 122223.85
151 121840.95
152 123779.06
153 123327.02
154 122897.15
155 122714.04
156 123397.11
157 123065.95
158 122762.92
159 122195.96
160 121754.17
161 123677.97
162 123498.92
163 123058.08
164 122490.88
165 122051.00
166 121611.12
167 123661.99
168 122099.88
169 121659.04
170 123569.97
171 123270.03
172 122829.91
173 122245.07
174 121922.97
175 121366.98
176 123560.91
177 123118.16
178 122528.08
179 122227.91
180 121798.04
181 122729.06
182 122154.00
183 121845.01
184 121392.01
185 123465.06
186 122976.06
187 122536.18
188 121957.78
189 121649.98
190 123707.06
191 123126.03
192 122803.93
193 123750.93
194 123170.85
195 122865.92
196 122412.92
197 121841.91
198 121563.20
199 123583.79
200 123023.03
201 122725.01
202 122132.06
203 121826.89
204 121400.12
205 122456.07
206 121762.99
207 121428.01
208 123500.11
209 123062.85
210 122619.15
211 122174.02
212 121731.04
213 123790.03
214 123209.95
215 122888.09
216 122452.02
217 122022.87
218 123076.92
219 122512.82
220 122066.02
221 121609.93
222 123669.86
223 123229.03
224 122799.87
225 122498.04
226 121921.06
227 121586.08
228 123651.98
229 123204.95
230 121394.87
231 123454.81
232 123157.02
233 122699.98
234 122243.88
235 121934.89
236 121633.05
237 123560.91
238 122992.99
239 122538.09
240 122241.02
241 121784.93
242 122608.18
243 122181.18
244 121727.94
245 121545.08
246 123478.89
247 123035.91
248 122591.02
249 122187.85
250 121608.97
251 123809.10
252 123367.07
253 122911.93
254 122612.00
255 123292.21
256 122982.03
257 122391.94
258 122083.19
259 121504.07
260 123555.90
261 123264.07
262 122823.00
263 122466.09
264 122004.99
265 121557.00
266 123622.89
267 121943.00
268 121483.09
269 123540.16
270 123099.09
271 122797.97
272 122231.01
273 121893.17
274 121605.16
275 123543.98
276 122932.91
277 122642.99
278 122354.03
279 123003.01
280 122706.89
281 122108.94
282 121775.15
283 123866.80
284 123289.11
285 122971.06
286 122408.87
287 122089.86
288 121517.90
289 123718.98
290 123260.02
291 121586.08
292 123629.09
293 123071.19
294 122908.12
295 122343.06
296 122023.82
297 121454.00
298 123516.08
299 121562.96
300 121375.08
301 121575.12
302 122120.14
303 122067.93
304 121258.02
305 121708.15
306 122639.18
307 121933.94
308 121377.94
309 122187.85
310 121623.99
311 122437.95
312 121882.20
313 121437.07
314 122122.05
315 121539.12
316 122346.88
317 121777.06
318 121459.01
319 122025.01
320 121592.04
321 122382.88
322 121831.18
323 121396.06
324 121915.10
325 121546.03
326 122343.06
327 121771.81
328 121456.15
329 122009.99
330 121435.17
331 122246.03
332 121666.91
333 122617.01
334 121922.02
335 121347.19
336 122170.93
337 121607.07
338 122559.07
339 121849.06
340 121405.12
341 122106.08
342 121792.08
343 122534.04
344 121973.99
345 121407.99
346 122217.89
347 121638.06
348 122445.11
349 121872.90
350 121427.06
351 122113.94
352 121690.03
353 122501.13
354 121932.98
355 121478.08
356 122174.98
357 121601.10
358 122420.07
359 121854.07
360 121533.16
361 121952.06
362 121650.93
363 122318.03
364 121769.19
365 122567.89
366 122009.99
367 121443.99
368 122249.84
369 121932.03
370 122488.98
371 122051.00
372 121484.99
373 122147.80
374 121726.04
375 122534.99
376 121871.95
377 121418.00
378 122112.99
379 121684.07
380 122479.20
381 121919.87
382 121610.88
383 122277.02
384 121747.97
385 122496.84
386 121943.00
387 121510.98
388 122200.01
389 121753.93
390 122562.17
391 121850.97
392 121542.93
393 122233.87
394 121665.00
395 122465.13
396 121908.90
397 121447.80
398 122135.16
399 121557.95
400 122375.01
401 121822.12
402 121485.95
403 122065.07
404 121481.90
405 122431.04
406 121725.08
407 122671.13
408 122046.95
409 121536.97
410 122221.95
411 121783.02
412 122569.80
413 121877.91
414 121462.11
415 122123.00
416 121703.86
417 122520.92
418 121963.02
419 121523.14
420 122201.92
421 121766.09
422 122579.10
423 121620.89
424 121696.95
425 121619.94
426 121692.90
427 121615.89
428 121690.03
429 121611.12
430 121688.13
431 121606.83
432 121684.07
433 121603.97
434 121679.07
435 121736.05
436 121664.05
437 121610.16
438 121680.97
439 121723.89
440 121641.16
441 121716.98
442 121639.97
443 121704.82
444 121620.89
445 121701.00
446 121612.07
447 121691.94
448 121603.97
449 121684.07
450 121612.07
451 121654.99
452 121675.01
453 121655.94
454 121721.98
455 121629.00
456 121709.11
457 121618.99
458 121557.00
459 121611.12
460 121676.92
461 121582.98
462 121679.07
463 121721.03
464 121591.09
465 121661.90
466 121715.07
467 121630.91
468 121713.16
469 121626.85
470 121562.00
471 121742.96
472 121670.01
473 121729.85
474 121647.12
475 121734.14
476 121655.94
477 121723.89
478 121645.93
479 121626.85
480 121632.81
481 121577.02
482 121629.95
483 121700.05
484 121628.05
485 121684.79
486 121599.91
487 121661.90
488 121730.09
489 121659.04
490 121582.98
491 121647.12
492 121721.03
493 121640.92
494 121715.07
495 121648.07
496 121704.10
497 121623.04
498 121554.85
499 121610.88
500 121686.22
501 121616.84
502 121654.99
503 121594.19
504 121613.98
505 121691.94
506 121747.97
507 121678.11
508 121732.95
509 121670.96
510 121582.03
511 121658.09
512 121718.88
513 121606.11
514 121664.05
515 121602.06
516 121686.94
517 121609.93
518 121675.97
519 121599.91
520 121663.09
521 121587.99
522 121589.90
523 121656.89
524 121728.90
525 121664.05
526 121593.00
527 121654.03
528 121582.98
529 121644.02
530 121719.12
531 121644.02
532 121705.06
533 121626.85
534 121699.09
535 121615.89
536 121694.09
537 121608.97
538 121538.88
539 121601.10
540 121673.11
541 121590.85
542 121660.95
543 121580.12
544 121659.99
545 121704.10
546 121620.89
547 121698.86
548 121614.93
549 121690.99
550 121610.88
551 121677.88
552 121735.10
553 121670.96
554 121722.94
555 121637.11
556 121714.12
557 121636.87
558 121568.20
559 121615.89
560 121693.85
561 121622.09
562 121685.03
563 121620.89
564 121690.99
565 121603.97
566 121566.06
567 121613.03
568 121687.17
569 121599.91
570 121678.11
571 121734.86
572 121666.91
573 121724.13
574 121651.89
