350
0 121295.93
1 121200.08
2 121104.00
3 121173.86
4 121201.04
5 121129.99
6 121202.95
7 120972.16
8 121105.91
9 121178.15
10 121325.02
11 121078.01
12 120951.18
13 121924.16
14 121129.99
15 121124.98
16 121347.90
17 120910.88
18 121129.04
19 121948.00
20 121380.09
21 120897.05
22 121109.96
23 121227.03
24 121383.91
25 120909.93
26 121163.13
27 120888.95
28 121104.96
29 121107.10
30 121029.85
31 121031.05
32 120999.10
33 120966.91
34 121016.98
35 120934.01
36 120956.90
37 121103.05
38 121325.02
39 121035.81
40 121132.14
41 120931.86
42 121091.13
43 120971.20
44 120944.02
45 121016.98
46 121014.83
47 121143.82
48 121263.03
49 121070.15
50 120915.89
51 121017.93
52 121114.97
53 121139.05
54 121091.13
55 121131.90
56 120903.97
57 121044.16
58 121266.13
59 121043.92
60 121015.07
61 121186.02
62 120996.95
63 121179.10
64 120975.02
65 121093.03
66 121129.04
67 121001.96
68 120996.00
69 121111.87
70 121423.01
71 120976.92
72 121016.03
73 121155.98
74 120949.98
75 121310.00
76 120856.05
77 121088.03
78 121136.19
79 120764.97
80 121052.98
81 121070.86
82 121225.83
83 121025.09
84 121016.98
85 120899.20
86 120985.03
87 121365.07
88 121139.05
89 120968.10
90 120985.03
91 120871.07
92 121143.10
93 121396.06
94 121071.82
95 121170.04
96 120929.96
97 120997.91
98 121129.99
99 121095.90
100 121028.90
101 121047.02
102 120902.06
103 121014.12
104 121222.02
105 121270.90
106 121369.84
107 121174.10
108 120811.94
109 120944.02
110 121044.87
111 120995.04
112 121127.84
113 121063.95
114 121021.99
115 121086.12
116 121012.21
117 121004.10
118 120903.97
119 120915.89
120 120877.03
121 121332.88
122 121086.12
123 121089.94
124 121093.03
125 121191.02
126 121644.02
127 121279.00
128 121302.13
129 121065.14
130 121170.04
131 120931.86
132 121068.95
133 121266.13
134 120893.96
135 120886.09
136 120837.93
137 120888.95
138 121236.09
139 121085.88
140 120965.00
141 120959.04
142 121023.89
143 121958.02
144 121117.12
145 121487.86
146 121031.05
147 121108.06
148 120882.99
149 121150.02
150 120870.11
151 121066.81
152 121243.00
153 120931.86
154 120887.04
155 121375.08
156 121104.00
157 121209.14
158 121100.90
159 121073.01
160 120998.14
161 121011.02
162 121420.15
163 120902.78
164 120847.94
165 120704.89
166 120905.88
167 121111.15
168 121004.10
169 120872.97
170 121083.02
171 121051.07
172 120922.09
173 121006.97
174 120939.02
175 120908.98
176 121232.99
177 120903.97
178 121127.13
179 121349.81
180 121032.00
181 121104.00
182 120878.93
183 121151.92
184 121142.15
185 121130.94
186 120869.87
187 121005.06
188 120939.97
189 121310.95
190 121011.02
191 121536.02
192 120812.89
193 120985.03
194 121380.81
195 120967.15
196 121157.17
197 120970.96
198 121527.91
199 121289.01
200 121407.03
201 121215.11
202 121015.07
203 121278.05
204 121021.03
205 120847.94
206 120928.05
207 120786.91
208 121159.08
209 121016.98
210 120867.97
211 121166.94
212 120905.16
213 121165.04
214 121248.01
215 121318.82
216 121053.93
217 121221.07
218 121180.06
219 121151.92
220 120957.14
221 120927.10
222 121043.92
223 121106.86
224 120983.12
225 121185.06
226 121168.85
227 120922.80
228 121140.96
229 120969.06
230 120979.07
231 121057.03
232 121289.97
233 121001.01
234 121082.07
235 120930.91
236 120940.92
237 120954.04
238 120948.08
239 121134.04
240 120857.95
241 120945.93
242 121523.14
243 121819.02
244 121376.04
245 120900.15
246 121122.12
247 121530.06
248 120997.91
249 121170.04
250 120915.89
251 121235.13
252 120846.99
253 120785.95
254 121104.96
255 121000.05
256 121139.05
257 121235.85
258 120954.99
259 121060.85
260 121089.94
261 121268.99
262 120849.85
263 120901.11
264 120954.04
265 121390.10
266 121166.94
267 120996.00
268 120769.02
269 120869.87
270 121011.97
271 121263.98
272 121219.16
273 121093.03
274 120969.06
275 121176.96
276 121293.07
277 121229.89
278 121639.01
279 121028.90
280 120993.14
281 121444.94
282 122108.94
283 121280.19
284 120898.01
285 121272.80
286 120902.06
287 120824.10
288 120894.19
289 121022.94
290 120893.96
291 120802.88
292 121267.08
293 120903.02
294 120988.13
295 120878.93
296 121294.98
297 121382.00
298 121011.02
299 121401.07
300 120938.06
301 120944.02
302 121407.99
303 120935.92
304 121331.93
305 120970.01
306 121026.99
307 121287.11
308 121248.96
309 121125.94
310 120990.04
311 121082.07
312 121086.12
313 121063.95
314 121489.05
315 121371.03
316 121034.86
317 121133.80
318 121139.05
319 121298.07
320 120898.01
321 121242.05
322 121487.14
323 121186.97
324 121205.09
325 121125.94
326 121587.04
327 121012.93
328 121101.14
329 121307.85
330 120771.88
331 121459.96
332 120882.99
333 120950.94
334 121283.05
335 121191.02
336 121364.12
337 121140.00
338 121114.97
339 121271.85
340 121095.18
341 121414.90
342 120977.88
343 121185.06
344 121305.94
345 121109.01
346 121160.98
347 121270.90
348 121443.03
349 120842.93
