275
0 121984.96
1 121716.02
2 121660.95
3 121721.03
4 121666.91
5 121734.14
6 121799.95
7 121732.00
8 121659.99
9 121717.93
10 121674.06
11 121751.07
12 121713.88
13 121775.15
14 121726.99
15 121662.14
16 121744.87
17 121647.83
18 121595.86
19 121654.03
20 121736.05
21 121793.99
22 121730.09
23 121645.93
24 121705.06
25 121773.00
26 121711.02
27 121782.06
28 121744.87
29 121669.77
30 121762.99
31 121696.00
32 121783.97
33 121717.93
34 121773.96
35 121699.09
36 121768.00
37 121721.98
38 121665.95
39 121732.00
40 121686.94
41 121742.96
42 121697.19
43 121707.92
44 121775.15
45 121684.07
46 121757.03
47 121649.03
48 121745.11
49 121665.95
50 121736.05
51 121675.01
52 121732.00
53 121663.81
54 121756.08
55 121587.04
56 121677.88
57 121729.14
58 121673.11
59 121740.10
60 121726.99
61 121632.10
62 121744.16
63 121752.98
64 121688.84
65 121747.97
66 121690.03
67 121773.00
68 121693.85
69 121783.02
70 121714.12
71 121765.85
72 121699.09
73 121782.06
74 121719.12
75 121774.91
76 121685.03
77 121762.04
78 121697.90
79 121768.24
80 121685.03
81 121777.06
82 121713.16
83 121753.93
84 121573.21
85 121769.91
86 121680.02
87 121667.15
88 121727.23
89 121797.08
90 121737.00
91 121672.15
92 121766.09
93 121700.05
94 121789.93
95 121716.02
96 121659.99
97 121736.05
98 121666.91
99 121762.99
100 121644.02
101 121706.96
102 121768.00
103 121675.01
104 121768.00
105 121709.11
106 121773.96
107 121680.97
108 121782.06
109 121721.98
110 121649.03
111 121718.88
112 121769.91
113 121685.98
114 121638.06
115 121729.85
116 121647.83
117 121709.82
118 121773.96
119 121701.96
120 121644.02
121 121716.98
122 121634.01
123 121721.98
124 121779.92
125 121716.98
126 121773.96
127 121704.10
128 121774.91
129 121695.04
130 121632.10
131 121730.09
132 121631.15
133 121701.96
134 121767.04
135 121685.03
136 121757.98
137 121686.94
138 121745.11
139 121689.08
140 121610.88
141 121565.10
142 121757.98
143 121734.86
144 121654.99
145 121741.06
146 121659.04
147 121732.00
148 121664.05
149 121737.00
150 121673.11
151 121747.02
152 121663.09
153 121756.08
154 121671.20
155 121757.98
156 121676.92
157 121752.02
158 121665.95
159 121761.08
160 121688.13
161 121780.16
162 121706.01
163 121787.07
164 121735.10
165 121651.89
166 121727.23
167 121783.02
168 121693.13
169 121774.91
170 121700.05
171 121642.83
172 121592.04
173 121788.02
174 121698.86
175 121670.96
176 121598.96
177 121669.05
178 121756.79
179 121670.01
180 121750.83
181 121683.84
182 121612.07
183 121688.13
184 121761.08
185 121675.01
186 121767.04
187 121697.19
188 121793.03
189 121707.92
190 121657.85
191 121729.85
192 121773.00
193 121709.11
194 121732.95
195 121663.81
196 121743.92
197 121660.95
198 121753.93
199 121672.15
200 121788.98
201 121669.05
202 121608.97
203 121678.11
204 121738.91
205 121678.11
206 121763.94
207 121683.12
208 121763.94
209 121680.02
210 121747.97
211 121668.10
212 121737.96
213 121680.97
214 121616.13
215 121672.87
216 121631.86
217 121707.92
218 121644.02
219 121732.00
220 121658.09
221 121683.12
222 121747.97
223 121661.90
224 121750.12
225 121671.92
226 121722.94
227 121668.10
228 121608.97
229 121667.15
230 121762.99
231 121732.95
232 121766.09
233 121677.88
234 121766.09
235 121680.97
236 121767.04
237 121671.92
238 121645.93
239 121706.96
240 121789.93
241 121723.89
242 121659.04
243 121715.07
244 121775.15
245 121698.14
246 121783.97
247 121728.90
248 121650.93
249 121743.92
250 121659.99
251 121726.99
252 121793.99
253 121728.90
254 121661.90
255 121732.95
256 121648.07
257 121726.04
258 121783.02
259 121697.90
260 121773.00
261 121683.84
262 121618.03
263 121702.91
264 121774.91
265 121705.77
266 121778.01
267 121716.02
268 121641.87
269 121731.04
270 121746.06
271 121680.97
272 121752.02
273 121644.02
274 121740.10
