350
0 121879.10
1 121706.96
2 121592.04
3 121759.18
4 121759.89
5 121600.15
6 121737.96
7 121613.98
8 121758.94
9 121742.01
10 121762.04
11 121639.97
12 121755.84
13 121525.05
14 121589.90
15 121534.11
16 121788.02
17 121567.01
18 121695.04
19 121569.87
20 121566.06
21 121413.95
22 121686.94
23 121682.17
24 121561.05
25 121545.08
26 121546.98
27 121690.03
28 121546.98
29 121556.04
30 121689.08
31 121684.07
32 121706.01
33 121701.96
34 121955.87
35 121814.97
36 121696.95
37 121946.10
38 121804.00
39 121924.88
40 121818.07
41 122069.84
42 121924.88
43 121949.91
44 121949.20
45 122082.00
46 121945.86
47 122043.85
48 122066.97
49 122035.98
50 122059.82
51 122057.91
52 122172.12
53 122184.04
54 122045.04
55 122187.85
56 122188.81
57 122197.15
58 122187.85
59 122189.04
60 122174.02
61 122158.05
62 122416.97
63 122275.83
64 122159.00
65 122277.02
66 122299.19
67 122348.79
68 122303.96
69 122297.05
70 122427.23
71 122173.07
72 122299.91
73 122432.95
74 122440.81
75 121690.99
76 121619.94
77 121688.13
78 121751.79
79 121631.15
80 121773.00
81 121649.03
82 121788.02
83 121781.11
84 121666.91
85 121650.93
86 121793.99
87 121665.95
88 121798.04
89 121649.98
90 121916.06
91 121915.10
92 121903.18
93 122043.85
94 121392.97
95 121540.07
96 121530.06
97 121649.03
98 121796.85
99 121914.86
100 121925.12
101 121895.07
102 121391.06
103 121536.97
104 121518.14
105 121660.95
106 121786.12
107 121780.16
108 121907.00
109 121911.05
110 121412.04
111 121542.93
112 121525.05
113 121657.85
114 121673.11
115 121800.90
116 121932.98
117 121934.89
118 121616.13
119 121604.92
120 121715.07
121 121722.94
122 121860.98
123 121858.84
124 121367.22
125 121515.04
126 121618.99
127 121630.91
128 121770.14
129 121907.00
130 121905.09
131 121885.06
132 121391.06
133 121534.11
134 121670.01
135 121653.80
136 121782.06
137 121782.06
138 121906.04
139 121901.04
140 122031.93
141 121389.87
142 121522.90
143 121660.95
144 121786.12
145 121765.85
146 121768.00
147 121880.05
148 122035.98
149 121528.15
150 121533.87
151 121659.99
152 121649.98
153 121794.22
154 121917.01
155 121929.88
156 121903.90
157 121546.03
158 121582.98
159 121613.98
160 121795.18
161 121901.99
162 121901.04
163 121883.15
164 121523.14
165 121530.06
166 121649.98
167 121654.99
168 121772.05
169 121894.84
170 121891.02
171 121875.05
172 121995.93
173 121521.00
174 121642.11
175 121634.01
176 121764.90
177 121749.88
178 121752.02
179 121867.90
180 122010.95
181 121512.89
182 121503.83
183 121614.93
184 121732.95
185 121726.04
186 121864.08
187 121846.91
188 121987.82
189 121490.00
190 121480.94
191 121472.12
192 121602.06
193 121740.82
194 121744.16
195 121956.83
196 121454.95
197 121428.01
198 121576.07
199 121565.10
200 121685.98
201 121830.94
202 121814.97
203 121958.02
204 121949.91
205 121448.99
206 121587.04
207 121569.16
208 121726.99
209 121837.14
210 121840.00
211 121824.03
212 121404.17
213 121541.02
214 121526.00
215 121661.19
216 121770.14
217 121771.10
218 121927.02
219 121898.89
220 121399.16
221 121542.93
222 121534.82
223 121665.00
224 121656.18
225 121784.93
226 121928.93
227 121922.97
228 121416.81
229 121551.99
230 121558.19
231 121682.17
232 121673.11
233 121816.16
234 121922.97
235 121947.05
236 121438.03
237 121429.92
238 121574.16
239 121788.02
240 121785.16
241 122036.93
242 121535.06
243 121535.06
244 121665.95
245 121712.92
246 121843.10
247 121828.79
248 121973.99
249 121469.97
250 121465.92
251 121591.09
252 121612.07
253 121752.98
254 121877.91
255 121871.95
256 122009.99
257 121513.13
258 121508.84
259 121639.01
260 121767.04
261 121628.05
262 121894.84
263 121897.94
264 121886.01
265 121528.86
266 121401.07
267 121649.03
268 121589.90
269 121735.10
270 121717.93
271 121856.93
272 121836.90
273 121335.03
274 121488.09
275 121469.02
276 121541.98
277 121589.90
278 121724.13
279 121917.96
280 121925.12
281 121428.01
282 121427.06
283 121670.01
284 121679.07
285 121663.09
286 121813.06
287 121798.99
288 121941.80
289 121443.03
290 121426.82
291 121569.87
292 121701.96
293 121696.00
294 121829.03
295 121814.97
296 121956.83
297 121463.06
298 121446.13
299 121579.17
300 121564.87
301 121712.92
302 121706.01
303 121843.81
304 121825.93
305 121317.15
306 121476.17
307 121463.06
308 121588.95
309 121732.00
310 121714.83
311 121856.93
312 121852.16
313 121338.13
314 121484.99
315 121461.15
316 121608.97
317 121736.05
318 121726.04
319 121927.02
320 121433.97
321 121433.97
322 121423.01
323 121567.96
324 121692.90
325 121680.97
326 121834.04
327 121948.96
328 121953.01
329 121446.85
330 121443.03
331 121587.04
332 121721.98
333 121844.05
334 121697.90
335 121828.08
336 121968.98
337 121474.98
338 121462.82
339 121463.78
340 121727.94
341 121708.87
342 121857.17
343 121855.97
344 121987.82
345 121340.04
346 121467.83
347 121611.12
348 121613.03
349 121742.96
