250
0 37755.97
1 39767.98
2 37151.10
3 28897.05
4 33348.08
5 31471.01
6 31677.01
7 33399.82
8 34306.05
9 33878.80
10 38841.96
11 38136.01
12 38179.16
13 40194.03
14 42079.93
15 34692.05
16 30778.88
17 40330.89
18 34933.09
19 38529.87
20 39351.94
21 22155.05
22 26969.91
23 26463.99
24 28632.88
25 28409.00
26 30897.14
27 34375.91
28 32802.10
29 33427.95
30 36756.99
31 38431.88
32 25063.04
33 26458.02
34 25527.95
35 27055.03
36 27267.93
37 31465.77
38 41240.93
39 33617.97
40 37350.89
41 39823.06
42 33768.89
43 26126.86
44 28373.96
45 27191.88
46 32911.06
47 30515.91
48 33923.86
49 35430.19
50 37529.95
51 36343.10
52 35676.00
53 37992.00
54 37211.89
55 39319.99
56 38773.06
57 28369.90
58 41667.94
59 40819.17
60 41045.90
61 31257.15
62 32263.04
63 24410.01
64 26963.00
65 31473.16
66 29033.90
67 31214.00
68 30989.89
69 33761.98
70 35488.13
71 32717.94
72 35153.87
73 37387.13
74 39311.89
75 30977.96
76 36703.82
77 34676.07
78 35216.09
79 38159.13
80 23154.97
81 29973.03
82 21163.94
83 23999.93
84 25665.04
85 25411.13
86 30205.97
87 32443.05
88 38533.93
89 32900.09
90 32055.85
91 21141.05
92 20730.97
93 20668.03
94 74427.84
95 23134.95
96 26670.93
97 22454.02
98 21404.98
99 22626.16
100 23318.05
101 24637.94
102 28925.90
103 41187.05
104 40624.86
105 38798.81
106 28124.09
107 28028.01
108 24311.07
109 24821.04
110 26888.13
111 28954.98
112 31967.88
113 32937.05
114 38155.79
115 36170.01
116 35269.02
117 105144.02
118 21932.13
119 26914.83
120 29309.99
121 29614.21
122 33972.98
123 33345.94
124 35380.13
125 38740.87
126 37558.08
127 100708.01
128 34864.19
129 31843.19
130 32762.77
131 34704.92
132 36391.02
133 82876.92
134 22464.99
135 68781.14
136 21702.05
137 24655.82
138 24964.09
139 21914.96
140 25951.86
141 26876.93
142 27099.13
143 32146.93
144 35814.05
145 35712.00
146 39083.00
147 41486.98
148 41101.93
149 40282.96
150 94926.83
151 21232.13
152 25379.18
153 24848.94
154 65469.03
155 22012.95
156 25141.95
157 68428.04
158 32846.93
159 21010.16
160 27081.01
161 88869.09
162 22441.15
163 21167.99
164 21415.00
165 25470.02
166 21167.99
167 24648.90
168 25238.99
169 25112.87
170 33171.89
171 33164.98
172 34667.02
173 31255.01
174 35660.98
175 40113.21
176 31128.17
177 30919.08
178 30532.12
179 32711.98
180 34759.04
181 38336.99
182 37755.01
183 38066.15
184 42522.91
185 34981.97
186 30613.90
187 48893.93
188 26938.92
189 23176.91
190 28078.08
191 48580.88
192 57918.79
193 22646.90
194 25295.02
195 54600.95
196 20972.97
197 21703.96
198 24919.03
199 27305.84
200 32855.99
201 30498.98
202 35961.87
203 37684.20
204 41236.16
205 39191.01
206 37454.13
207 26856.90
208 28383.02
209 30382.87
210 32315.02
211 36853.08
212 34965.99
213 37420.03
214 37124.87
215 38831.95
216 40403.13
217 40331.13
218 27023.79
219 30378.10
220 31838.89
221 30421.97
222 33051.01
223 36276.10
224 36224.13
225 39062.98
226 31405.21
227 28548.00
228 30110.12
229 31625.99
230 38581.13
231 33612.97
232 35319.81
233 36970.85
234 37184.95
235 21759.99
236 58336.02
237 46156.88
238 23704.05
239 21890.88
240 23406.03
241 25562.05
242 29292.82
243 28893.95
244 30206.92
245 36756.04
246 36328.79
247 36382.91
248 80453.16
249 25293.11
