450
0 121636.87
1 121505.02
2 121426.82
3 121375.80
4 121558.90
5 121342.90
6 121553.90
7 121340.99
8 121540.07
9 121591.81
10 121491.19
11 121413.95
12 121477.13
13 121521.00
14 121474.03
15 121536.02
16 121508.84
17 121428.97
18 121612.07
19 121438.03
20 121496.20
21 121531.96
22 121613.98
23 121549.84
24 121467.11
25 121537.92
26 121433.02
27 121497.15
28 121428.97
29 121603.01
30 121665.00
31 121615.17
32 121540.07
33 121342.90
34 121395.11
35 121352.20
36 121644.97
37 121464.01
38 121491.91
39 121444.94
40 121483.09
41 121668.82
42 121320.01
43 121384.86
44 121433.02
45 121504.07
46 121423.01
47 121458.05
48 121670.01
49 121463.06
50 121532.92
51 121466.88
52 121504.78
53 121457.10
54 121515.04
55 121574.88
56 121510.03
57 121448.04
58 121361.02
59 121540.07
60 121615.17
61 121690.99
62 121364.12
63 121421.10
64 121483.09
65 121551.99
66 121491.91
67 121371.03
68 121603.01
69 121404.17
70 121457.82
71 121428.97
72 121346.95
73 121405.12
74 121463.78
75 121407.03
76 121591.09
77 121401.07
78 121582.03
79 121516.94
80 121368.89
81 121453.05
82 121637.11
83 121443.99
84 121628.05
85 121438.03
86 121500.97
87 121533.87
88 121479.99
89 121415.85
90 121479.99
91 121539.83
92 121473.07
93 121519.09
94 121451.14
95 121510.98
96 121567.96
97 121355.06
98 121532.20
99 121488.81
100 121537.21
101 121599.91
102 121411.09
103 121334.08
104 121521.00
105 121634.01
106 121440.89
107 121598.96
108 121812.11
109 121609.93
110 121671.20
111 121598.01
112 121788.98
113 121470.93
114 121779.92
115 121593.00
116 121645.93
117 121438.03
118 121521.95
119 121701.96
120 121366.02
121 121568.92
122 121479.03
123 121677.88
124 121485.95
125 121415.14
126 121603.01
127 121397.02
128 121470.21
129 121525.05
130 121579.89
131 121382.95
132 121436.83
133 121618.03
134 121486.90
135 121340.99
136 121407.99
137 121529.10
138 121456.86
139 121645.93
140 121435.88
141 121522.19
142 121570.11
143 121498.11
144 121667.86
145 121367.93
146 121446.85
147 121362.92
148 121567.96
149 121499.06
150 121546.98
151 121619.94
152 121430.16
153 121477.84
154 121541.98
155 121455.91
156 121412.04
157 121464.97
158 121539.12
159 121482.85
160 121519.09
161 121441.84
162 121496.92
163 121455.91
164 121634.96
165 121428.97
166 121370.08
167 121428.97
168 121617.08
169 121551.99
170 121607.07
171 121518.85
172 121472.84
173 121390.82
174 121587.99
175 121522.19
176 121572.97
177 121379.85
178 121584.89
179 121517.90
180 121701.00
181 121515.99
182 121432.07
183 121483.09
184 121424.91
185 121611.12
186 121539.83
187 121462.82
188 121657.85
189 121587.04
190 121646.88
191 121454.00
192 121515.04
193 121426.11
194 121632.10
195 121418.95
196 121620.89
197 121671.92
198 121485.95
199 121446.13
200 121607.07
201 121530.06
202 121469.02
203 121656.89
204 121711.02
205 121649.03
206 121438.98
207 121382.00
208 121555.09
209 121365.07
210 121555.09
211 121621.85
212 121557.95
213 121358.16
214 121413.95
215 121502.88
216 121413.95
217 121540.07
218 121541.02
219 121631.86
220 121449.95
221 121628.05
222 121671.92
223 121334.08
224 121409.18
225 121471.88
226 121551.99
227 121346.00
228 121650.93
229 121582.98
230 121515.99
231 121461.15
232 121513.13
233 121698.86
234 121367.22
235 121559.14
236 121623.99
237 121548.89
238 121474.98
239 121407.99
240 121467.11
241 121411.09
242 121589.18
243 121529.10
244 121571.06
245 121649.98
246 121448.04
247 121636.87
248 121433.02
249 121493.10
250 121560.10
251 121587.99
252 121388.91
253 121576.79
254 121512.17
255 121431.83
256 121628.05
257 121521.00
258 121578.93
259 121366.02
260 121580.84
261 121531.96
262 121457.10
263 121637.82
264 121572.02
265 121615.89
266 121438.98
267 121599.91
268 121557.95
269 121606.83
270 121521.95
271 121582.03
272 121492.86
273 121302.84
274 121490.96
275 121540.07
276 121617.08
277 121557.00
278 121618.99
279 121400.12
280 121478.08
281 121392.97
282 121460.91
283 121483.09
284 121433.02
285 121618.03
286 121527.91
287 121478.80
288 121519.80
289 121472.84
290 121524.10
291 121460.91
292 121520.04
293 121443.99
294 121512.17
295 121453.05
296 121522.90
297 121577.02
298 121374.85
299 121576.07
300 121639.97
301 121576.07
302 121363.88
303 121443.03
304 121484.99
305 121441.13
306 121493.82
307 121407.03
308 121436.83
309 121540.07
310 121470.93
311 121653.08
312 121455.91
313 121438.98
314 121503.11
315 121539.12
316 121488.09
317 121679.78
318 121587.99
319 121397.97
320 121330.02
321 121518.14
322 121448.04
323 121378.90
324 121587.99
325 121505.02
326 121581.08
327 121529.10
328 121442.08
329 121778.01
330 121315.00
331 121515.99
332 121433.02
333 121614.93
334 121426.11
335 121297.12
336 121442.08
337 121366.02
338 121619.94
339 121696.00
340 121513.13
341 121420.86
342 121513.13
343 121635.91
344 121309.04
345 121486.90
346 121618.03
347 121541.02
348 121476.17
349 121542.22
350 121596.10
351 121382.00
352 121574.16
353 121630.19
354 121562.96
355 121504.07
356 121563.91
357 121866.23
358 121413.95
359 121611.12
360 121541.02
361 121598.96
362 121387.96
363 121721.98
364 121635.91
365 121579.89
366 121644.97
367 121448.99
368 121490.96
369 121450.90
370 121504.07
371 121469.97
372 121516.94
373 121585.13
374 121515.99
375 121478.08
376 121302.84
377 121507.88
378 121438.03
379 121478.08
380 121422.05
381 121361.02
382 121427.06
383 121361.02
384 121549.84
385 121481.90
386 121537.92
387 121349.10
388 121432.07
389 121487.14
390 121282.82
391 121483.09
392 121398.93
393 121350.05
394 121260.88
395 121454.00
396 121649.03
397 121318.10
398 121391.06
399 121327.88
400 121526.96
401 121305.94
402 121510.03
403 121514.80
404 121359.83
405 121421.10
406 121493.82
407 121670.01
408 121311.90
409 121546.03
410 121339.80
411 121394.87
412 121474.03
413 121407.03
414 121319.06
415 121398.93
416 121448.04
417 121395.83
418 121587.04
419 121392.01
420 121324.06
421 121379.14
422 121459.01
423 121514.08
424 121568.92
425 121504.07
426 121304.04
427 121492.15
428 121412.99
429 121345.04
430 121292.11
431 121459.96
432 121401.07
433 121377.94
434 121386.77
435 121346.00
436 121386.05
437 121442.08
438 121370.79
439 121700.05
440 121378.90
441 121528.86
442 121443.99
443 121521.00
444 121448.04
445 121406.08
446 121330.02
447 121400.12
448 121461.15
449 121518.14
