275
0 121855.97
1 121748.21
2 121546.03
3 121631.86
4 121706.01
5 121595.86
6 121664.05
7 121348.86
8 121663.09
9 121718.88
10 121529.10
11 121577.02
12 121519.09
13 121312.14
14 121512.89
15 124812.84
16 121883.15
17 149681.09
18 200484.04
19 206653.12
20 258208.04
21 308635.95
22 357203.01
23 408277.99
24 458586.93
25 509016.99
26 559289.93
27 609725.95
28 659533.98
29 708854.91
30 738532.07
33 764330.15
34 774883.03
35 790097.00
36 802854.06
40 851260.90
42 850745.20
44 836375.00
45 811178.92
46 786492.82
47 761158.94
48 736315.01
49 711014.03
50 686363.94
51 661026.95
52 636419.06
53 611244.92
54 585932.97
55 580482.01
56 580662.97
57 581328.87
58 579005.96
59 551271.92
60 512582.06
61 466902.02
62 417819.98
63 369517.09
64 320709.94
65 345000.03
66 378452.06
67 409366.13
68 435554.03
69 461735.01
70 488065.00
71 545601.13
72 626945.02
73 700999.02
74 723558.90
75 723615.88
76 723305.94
77 723212.96
78 722912.07
79 721708.06
80 719538.93
81 716076.85
82 713160.04
83 712594.03
84 712150.10
85 711566.93
86 710639.95
87 710702.90
88 707247.97
89 682458.88
90 656501.05
91 631954.91
92 607139.83
93 581938.03
94 556719.06
95 531880.86
96 506714.11
97 482009.17
98 456202.98
99 431365.97
100 406819.11
101 381395.10
102 366446.97
103 366510.15
104 366061.93
105 365624.90
106 366288.90
107 365868.09
108 366530.90
109 366120.10
110 366771.94
111 366353.99
112 366505.86
113 366596.94
114 366141.80
115 366831.06
116 367147.21
117 367210.87
118 367269.99
119 366813.90
120 366873.98
121 367197.99
122 366599.08
123 367856.03
124 367499.11
125 367682.22
126 367744.92
127 367303.85
128 367971.90
129 367545.13
130 368240.83
131 368434.19
132 367991.92
133 368051.05
134 368236.06
135 368278.98
136 368474.96
137 368513.11
138 368702.17
139 368900.06
140 368397.00
141 369214.06
142 368625.16
143 368809.22
144 369016.89
145 369205.00
146 369272.95
147 369321.11
148 369519.00
149 369703.05
150 369123.94
151 369319.92
152 370092.15
153 370153.90
154 370192.05
155 369771.96
156 369964.84
157 370140.08
158 370176.08
159 370378.97
160 370566.13
161 370638.13
162 370775.94
163 370144.13
164 371069.91
165 370626.93
166 370548.01
167 371353.15
168 370930.19
169 371593.95
170 371204.14
171 371406.08
172 371437.07
173 371000.05
174 371826.17
175 371866.23
176 372070.07
177 372133.02
178 371697.90
179 371886.01
180 371924.88
181 371628.05
182 372809.89
183 372368.10
184 372412.20
185 372612.95
186 372166.16
187 372792.01
188 372400.05
189 373080.97
190 373257.88
191 372842.07
192 373511.08
193 373067.86
194 373272.90
195 373319.86
196 372902.87
197 373571.87
198 373771.91
199 373955.97
200 374003.89
201 373571.87
202 373609.07
203 373817.21
204 373995.07
205 374682.90
206 374225.14
207 374285.22
208 374464.99
209 374042.03
210 374228.00
211 374906.06
212 374953.99
213 375149.01
214 374706.98
215 374754.91
216 374807.12
217 374367.00
218 375184.06
219 375352.14
220 375428.92
221 375596.05
222 375172.85
223 375858.07
224 375401.02
225 375497.10
226 376307.96
227 375727.18
228 375921.96
229 375993.01
230 376171.11
231 376209.97
232 375764.85
233 376595.97
234 376769.07
235 376195.19
236 377016.07
237 376568.08
238 376639.13
239 376806.97
240 376898.05
241 377564.91
242 377155.07
243 377336.98
244 377374.89
245 376951.93
246 377146.01
247 377166.03
248 377348.90
249 378167.15
250 377576.11
251 378409.86
252 377964.97
253 378028.87
254 378215.07
255 377635.96
256 378455.16
257 378514.05
258 378690.96
259 378741.98
260 378300.91
261 379004.00
262 378558.87
263 378108.98
264 379415.04
265 378968.00
266 379024.98
267 379348.99
268 378738.16
269 379457.95
270 379004.96
271 379060.98
272 379901.17
273 379325.87
274 379997.97
