600
0 120418.07
1 120184.90
2 120167.02
3 120153.90
4 120156.05
5 120150.80
6 120145.08
7 120144.13
8 120143.89
9 120157.00
10 120150.09
11 120143.89
12 120148.90
13 120144.13
14 120146.99
15 120146.04
16 120151.04
17 120145.80
18 120143.89
19 120146.99
20 120141.03
21 120142.94
22 120142.94
23 120141.98
24 120143.18
25 120141.03
26 120143.89
27 120141.03
28 120143.18
29 120162.96
30 120146.99
31 120145.08
32 120141.98
33 120139.12
34 120143.89
35 120153.19
36 120147.94
37 120140.08
38 120144.13
39 120144.13
40 120144.13
41 120144.13
42 120144.13
43 120142.94
44 120143.89
45 120141.03
46 120160.10
47 120142.94
48 120139.84
49 120141.98
50 120141.98
51 120142.94
52 120141.98
53 120138.88
54 120144.13
55 120143.18
56 120144.84
57 120141.03
58 120143.89
59 120146.99
60 120144.13
61 120144.13
62 120139.12
63 120141.03
64 120143.89
65 120144.84
66 120141.98
67 120142.94
68 120141.03
69 120141.03
70 120146.04
71 120146.04
72 120141.03
73 120140.08
74 120145.08
75 120148.90
76 120144.13
77 120141.03
78 120141.03
79 120147.94
80 120141.98
81 120141.98
82 120141.03
83 120141.98
84 120141.03
85 120143.89
86 120141.03
87 120141.03
88 120138.88
89 120142.94
90 120144.13
91 120144.13
92 120141.98
93 120143.18
94 120142.94
95 120144.13
96 120146.99
97 120139.84
98 120143.89
99 120143.89
100 120147.94
101 120145.08
102 120155.10
103 120140.08
104 120142.94
105 120143.89
106 120147.94
107 120320.08
108 120141.98
109 120141.03
110 120140.08
111 120144.13
112 120139.12
113 120149.14
114 120142.94
115 120138.88
116 120152.00
117 120150.09
118 120147.94
119 120144.13
120 120136.02
121 120146.04
122 120141.98
123 120142.94
124 120145.08
125 120145.08
126 120140.79
127 120629.07
128 120141.98
129 120149.14
130 120145.08
131 120137.93
132 120136.98
133 120140.08
134 120141.98
135 120146.99
136 120141.98
137 120143.18
138 120142.94
139 120325.09
140 120141.03
141 120140.08
142 120142.94
143 120785.95
144 120140.08
145 120137.93
146 120140.08
147 120141.98
148 120144.84
149 120141.03
150 120139.84
151 120132.92
152 120138.88
153 120138.17
154 120141.98
155 120420.93
156 120141.98
157 120452.88
158 120141.98
159 120148.90
160 120144.84
161 120141.98
162 120153.90
163 120136.02
164 120157.96
165 120136.98
166 120162.01
167 120826.96
168 120139.84
169 120147.94
170 120151.04
171 120141.03
172 120141.98
173 120145.08
174 120146.04
175 121021.03
176 120144.84
177 120141.98
178 120146.04
179 120141.03
180 120143.89
181 120558.98
182 120141.03
183 120141.98
184 120141.03
185 120140.79
186 120141.98
187 120721.10
188 120141.03
189 120146.04
190 120144.13
191 120136.02
192 120140.08
193 120202.06
194 120143.89
195 120146.99
196 120139.84
197 120152.95
198 120144.84
199 120419.98
200 120140.08
201 120144.13
202 120145.08
203 120137.93
204 120137.93
205 120137.93
206 120139.12
207 120140.08
208 120141.98
209 120144.13
210 120144.13
211 121726.99
212 120141.03
213 120141.03
214 120142.94
215 120141.98
216 121290.92
217 120138.17
218 120141.98
219 120145.08
220 120141.03
221 120145.08
222 120150.09
223 121182.20
224 120143.18
225 120146.99
226 120144.13
227 120137.93
228 120929.96
229 120222.09
230 120143.89
231 120143.89
232 120141.03
233 120142.94
234 120141.03
235 120872.02
236 120138.88
237 120149.14
238 120142.94
239 120615.01
240 121242.05
241 120928.05
242 120140.08
243 120143.18
244 120138.17
245 120139.12
246 120736.84
247 120571.85
248 120136.98
249 120134.83
250 120136.02
251 120851.99
252 120938.06
253 120620.97
254 120141.98
255 120145.08
256 120392.08
257 120137.93
258 120980.98
259 120279.07
260 120140.08
261 120137.93
262 120134.12
263 120522.98
264 120640.99
265 120302.20
266 120136.98
267 120137.93
268 121692.90
269 120190.86
270 120672.94
271 120769.02
272 120142.94
273 121250.87
274 120141.98
275 121034.15
276 121145.96
277 121613.03
278 120882.03
279 120141.03
280 120582.82
281 120651.96
282 120372.06
283 121238.95
284 120138.88
285 121742.01
286 120203.02
287 120131.97
288 120133.88
289 120426.89
290 120501.04
291 120588.06
292 120136.02
293 120256.19
294 121570.11
295 120140.08
296 120138.88
297 120136.98
298 120610.95
299 120141.03
300 120377.78
301 120136.98
302 120944.98
303 120152.00
304 120140.08
305 120136.98
306 120378.02
307 120135.07
308 120136.02
309 121014.12
310 120253.09
311 120136.98
312 120855.09
313 120138.17
314 121357.20
315 120152.95
316 121145.96
317 121196.03
318 120862.01
319 120933.77
320 120136.02
321 120659.83
322 120733.02
323 120368.00
324 120457.89
325 120136.02
326 120229.01
327 120300.05
328 121586.08
329 120843.17
330 121296.17
331 120534.90
332 120137.93
333 121109.01
334 120378.02
335 120836.97
336 120916.84
337 120136.98
338 121437.07
339 121510.03
340 120393.99
341 121307.13
342 120954.04
343 120199.92
344 120264.05
345 121582.98
346 120771.88
347 120519.88
348 121350.05
349 120134.12
350 120302.92
351 121173.86
352 121693.13
353 120880.84
354 121418.00
355 121455.91
356 121491.91
357 120136.98
358 121258.02
359 120158.91
360 120136.98
361 120137.93
362 120147.94
363 120132.92
364 120141.03
365 120141.03
366 120136.02
367 120136.02
368 120134.12
369 120135.07
370 120135.07
371 120136.98
372 120137.93
373 120138.88
374 120155.10
375 120136.02
376 120135.07
377 120146.99
378 120136.02
379 120139.12
380 120139.84
381 120138.88
382 120136.02
383 120136.98
384 120135.07
385 120136.98
386 120131.97
387 120135.78
388 120138.88
389 120137.93
390 120134.12
391 120133.16
392 120139.12
393 120141.03
394 120137.93
395 120138.88
396 120131.02
397 120137.93
398 120131.02
399 120134.12
400 120132.21
401 120139.12
402 120140.08
403 120135.07
404 120133.88
405 120424.03
406 120139.12
407 120141.98
408 120139.84
409 120136.98
410 120133.88
411 120133.16
412 120133.16
413 120136.02
414 120136.02
415 120138.17
416 120292.19
417 120136.02
418 120140.08
419 120134.12
420 120136.98
421 120138.88
422 120132.92
423 120137.93
424 120137.93
425 120139.12
426 120256.19
427 120133.16
428 120288.13
429 120426.89
430 120137.93
431 120132.92
432 120136.98
433 120136.98
434 120137.93
435 120139.12
436 120294.09
437 120136.98
438 120252.13
439 120130.06
440 120270.97
441 120253.09
442 120132.92
443 120388.03
444 120134.12
445 120131.97
446 120127.20
447 120131.02
448 120129.11
449 120142.94
450 120132.92
451 120129.11
452 120126.01
453 120261.91
454 120133.88
455 120208.98
456 120130.06
457 120133.88
458 120132.92
459 120131.97
460 120126.96
461 120128.87
462 120155.10
463 120129.11
464 120135.78
465 120128.87
466 120134.12
467 120126.01
468 120128.15
469 120146.04
470 120130.06
471 120284.08
472 120127.20
473 120303.15
474 120133.16
475 120128.87
476 120125.06
477 120136.02
478 120332.96
479 120130.06
480 120131.02
481 120151.04
482 120132.92
483 120126.96
484 120132.92
485 120283.13
486 120130.06
487 120124.10
488 120124.10
489 120128.15
490 120352.03
491 120126.01
492 120131.97
493 120179.89
494 120136.02
495 120131.97
496 120128.15
497 120263.10
498 120131.97
499 120129.11
500 120130.06
501 120459.08
502 120373.01
503 120127.92
504 120270.01
505 120190.14
506 120131.02
507 120131.02
508 120131.97
509 120258.09
510 120136.02
511 120129.11
512 120127.20
513 120270.01
514 120386.12
515 120130.06
516 120263.10
517 120201.11
518 120134.12
519 120130.06
520 120129.82
521 120125.06
522 120134.12
523 120131.02
524 120135.07
525 120245.93
526 120376.11
527 120128.15
528 120427.13
529 120210.17
530 120129.11
531 120133.16
532 120129.11
533 120398.04
534 120136.98
535 120131.02
536 120132.92
537 120411.16
538 120549.92
539 120140.08
540 120579.00
541 120127.92
542 120445.97
543 120134.83
544 120134.12
545 120563.03
546 120130.06
547 120141.03
548 120126.01
549 120126.01
550 120213.03
551 120130.06
552 120224.95
553 120586.16
554 120136.98
555 120141.03
556 120136.02
557 120136.02
558 120131.97
559 120137.93
560 120136.98
561 120136.02
562 120143.18
563 120134.83
564 120137.93
565 120134.12
566 120134.12
567 120137.93
568 120136.02
569 120136.02
570 120136.98
571 120132.92
572 120133.88
573 120132.92
574 120137.93
575 120134.12
576 120137.93
577 120136.98
578 120135.07
579 120135.07
580 120136.02
581 120136.98
582 120137.93
583 120136.02
584 120136.98
585 120137.93
586 120134.12
587 120136.98
588 120136.98
589 120134.83
590 120134.12
591 120134.83
592 120135.78
593 120132.92
594 120138.17
595 120136.02
596 120135.07
597 120135.07
598 120131.97
599 120134.83
