600
0 120467.90
1 120182.99
2 120162.96
3 120147.94
4 120145.08
5 120145.08
6 120143.89
7 120138.88
8 120141.98
9 120152.00
10 120144.84
11 120140.08
12 120143.18
13 120145.80
14 120141.03
15 120140.08
16 120136.98
17 120151.04
18 120141.98
19 120140.08
20 120137.93
21 120146.99
22 120142.94
23 120141.98
24 120153.90
25 120144.13
26 120141.98
27 120138.88
28 120141.98
29 120143.89
30 120138.88
31 120136.02
32 120137.93
33 120145.80
34 120141.98
35 120146.99
36 120140.79
37 120141.98
38 120144.84
39 120141.03
40 120141.03
41 120139.12
42 120146.04
43 120141.03
44 120140.08
45 120136.98
46 120149.14
47 120140.08
48 120136.98
49 120141.03
50 120151.04
51 120145.08
52 120144.13
53 120139.84
54 120141.98
55 120141.98
56 120135.07
57 120136.98
58 120143.89
59 120140.08
60 120138.17
61 120136.02
62 120141.98
63 120142.94
64 120136.98
65 120137.93
66 120143.89
67 120137.93
68 120136.02
69 120132.21
70 120139.84
71 120146.04
72 120136.02
73 120146.04
74 120145.08
75 120136.02
76 120140.08
77 120139.12
78 120141.03
79 120142.94
80 120139.12
81 120136.98
82 120149.85
83 120140.08
84 120136.02
85 120138.88
86 120141.98
87 120137.93
88 120136.02
89 120133.88
90 120139.12
91 120141.98
92 120134.83
93 120142.22
94 120141.03
95 120141.03
96 120139.12
97 120140.08
98 120144.13
99 120148.90
100 120152.95
101 120141.03
102 120140.08
103 120146.04
104 120139.84
105 120137.93
106 120138.17
107 120142.94
108 120136.02
109 120136.02
110 120142.94
111 120138.17
112 120138.88
113 120147.23
114 120146.99
115 120152.95
116 120136.98
117 120132.92
118 120144.13
119 120136.98
120 120141.98
121 120133.88
122 120138.88
123 120137.93
124 120135.07
125 120134.12
126 120141.98
127 120136.98
128 120139.12
129 120133.88
130 120151.04
131 120140.08
132 120140.08
133 120136.02
134 120141.98
135 120138.88
136 120132.92
137 120133.16
138 120138.17
139 120136.98
140 120134.12
141 120140.08
142 120135.07
143 120141.03
144 120135.07
145 120133.16
146 120136.98
147 120135.07
148 120134.83
149 120131.97
150 120134.83
151 120133.16
152 120135.07
153 120136.02
154 120136.98
155 120131.97
156 120140.79
157 120135.07
158 120134.12
159 120135.07
160 120136.98
161 120136.98
162 120136.02
163 120134.83
164 120140.08
165 120136.02
166 120134.12
167 120134.12
168 120135.07
169 120131.02
170 120135.07
171 120131.97
172 120135.07
173 120132.92
174 120137.93
175 120136.98
176 120138.17
177 120134.12
178 120136.02
179 120133.16
180 120135.07
181 120129.82
182 120132.92
183 120134.83
184 120135.07
185 120137.93
186 120138.88
187 120135.07
188 120137.93
189 120135.07
190 120136.02
191 120131.97
192 120138.17
193 120144.84
194 120142.94
195 120135.07
196 120139.84
197 120143.89
198 120134.12
199 120135.07
200 120131.97
201 120140.08
202 120139.12
203 120141.03
204 120132.92
205 120139.84
206 120133.88
207 120133.16
208 120134.12
209 120134.12
210 120136.02
211 120133.16
212 120132.92
213 120136.98
214 120134.12
215 120136.02
216 120131.97
217 120137.93
218 120136.98
219 120134.12
220 120130.06
221 120136.98
222 120135.07
223 120134.83
224 120132.92
225 120133.88
226 120132.92
227 120131.02
228 120136.02
229 120134.83
230 120132.92
231 120140.08
232 120131.02
233 120137.93
234 120140.08
235 120130.78
236 120133.88
237 120140.08
238 120135.07
239 120135.07
240 120134.12
241 120141.03
242 120135.07
243 120133.16
244 120131.97
245 120144.13
246 120138.88
247 120134.12
248 120127.92
249 120143.89
250 120138.88
251 120142.94
252 120137.93
253 120154.86
254 120136.98
255 120133.16
256 120132.21
257 120144.84
258 120140.08
259 120136.98
260 120131.97
261 120133.16
262 120138.88
263 120132.92
264 120132.92
265 120133.88
266 120136.98
267 120132.92
268 120136.02
269 120129.11
270 120137.93
271 120132.21
272 120133.88
273 120131.02
274 120139.12
275 120136.98
276 120135.78
277 120134.12
278 120141.98
279 120135.07
280 120141.98
281 120146.04
282 120139.12
283 120129.82
284 120136.02
285 120131.02
286 120136.98
287 120131.02
288 120132.92
289 120133.88
290 120138.88
291 120139.12
292 120131.97
293 120138.88
294 120140.08
295 120133.88
296 120133.16
297 120136.02
298 120137.93
299 120133.16
300 120134.12
301 120130.06
302 120136.02
303 120134.12
304 120136.02
305 120133.88
306 120139.12
307 120131.97
308 120130.06
309 120137.93
310 120135.07
311 120135.07
312 120132.92
313 120136.02
314 120136.02
315 120135.07
316 120139.84
317 120136.02
318 120134.12
319 120141.03
320 120134.83
321 120132.92
322 120136.02
323 120140.08
324 120131.02
325 120133.88
326 120133.88
327 120135.07
328 120130.78
329 120131.97
330 120134.12
331 120141.03
332 120131.02
333 120135.07
334 120135.07
335 120137.93
336 120134.12
337 120133.88
338 120136.02
339 120140.08
340 120131.97
341 120131.97
342 120136.98
343 120142.94
344 120133.88
345 120136.02
346 120134.12
347 120136.02
348 120129.82
349 120135.07
350 120136.02
351 120140.08
352 120132.92
353 120135.07
354 120134.12
355 120138.88
356 120142.94
357 120132.92
358 120139.12
359 120144.13
360 120143.18
361 120133.16
362 120141.03
363 120147.23
364 120140.08
365 120161.06
366 120151.04
367 120143.18
368 120146.04
369 120139.84
370 120137.93
371 120137.93
372 120139.12
373 120142.94
374 120144.13
375 120141.03
376 120142.94
377 120139.84
378 120137.93
379 120141.03
380 120143.89
381 120141.98
382 120141.98
383 120143.89
384 120145.08
385 120140.08
386 120141.03
387 120139.12
388 120146.04
389 120141.98
390 120141.98
391 120146.04
392 120146.99
393 120141.98
394 120146.99
395 120142.94
396 120150.09
397 120141.98
398 120144.84
399 120140.08
400 120148.90
401 120141.98
402 120145.08
403 120144.13
404 120143.89
405 120142.94
406 120146.04
407 120146.99
408 120150.09
409 120146.99
410 120145.80
411 120141.03
412 120147.94
413 120145.08
414 120145.08
415 120145.08
416 120146.99
417 120141.98
418 120142.94
419 120144.13
420 120145.08
421 120148.18
422 120146.99
423 120147.94
424 120142.94
425 120149.85
426 120141.98
427 120143.18
428 120140.08
429 120151.04
430 120141.98
431 120144.13
432 120143.89
433 120146.04
434 120138.88
435 120144.13
436 120145.08
437 120150.09
438 120143.89
439 120145.08
440 120141.98
441 120147.94
442 120145.08
443 120145.08
444 120141.98
445 120143.89
446 120141.98
447 120144.13
448 120140.08
449 120157.00
450 120145.08
451 120147.94
452 120150.09
453 120151.04
454 120142.94
455 120143.18
456 120141.98
457 120146.99
458 120139.84
459 120144.13
460 120146.04
461 120146.99
462 120141.98
463 120143.89
464 120141.98
465 120145.08
466 120144.13
467 120147.94
468 120149.85
469 120146.99
470 120143.89
471 120144.13
472 120140.08
473 120142.94
474 120147.94
475 120142.94
476 120145.08
477 120146.04
478 120148.90
479 120145.80
480 120146.04
481 120143.89
482 120147.94
483 120143.89
484 120141.03
485 120141.98
486 120148.90
487 120152.00
488 120141.98
489 120152.00
490 120150.09
491 120138.88
492 120141.98
493 120139.12
494 120146.99
495 120146.99
496 120144.84
497 120141.98
498 120147.94
499 120146.99
500 120152.00
501 120146.99
502 120146.99
503 120146.99
504 120140.79
505 120141.98
506 120147.94
507 120146.04
508 120138.17
509 120145.80
510 120149.14
511 120142.94
512 120138.88
513 120141.03
514 120143.89
515 120142.94
516 120149.14
517 120139.84
518 120146.99
519 120143.89
520 120142.94
521 120144.13
522 120150.09
523 120143.89
524 120142.94
525 120144.13
526 120146.99
527 120146.04
528 120141.98
529 120144.84
530 120141.03
531 120145.08
532 120141.98
533 120154.14
534 120141.98
535 120146.99
536 120141.03
537 120139.84
538 120136.98
539 120151.04
540 120144.13
541 120143.18
542 120143.89
543 120149.14
544 120143.89
545 120142.94
546 120141.98
547 120149.14
548 120142.94
549 120149.85
550 120145.08
551 120148.18
552 120144.13
553 120144.13
554 120143.89
555 120147.94
556 120144.13
557 120145.08
558 120141.98
559 120146.99
560 120153.90
561 120145.08
562 120143.89
563 120150.09
564 120145.08
565 120140.79
566 120139.12
567 120144.84
568 120154.14
569 120145.08
570 120146.99
571 120149.14
572 120142.94
573 120143.18
574 120139.84
575 120144.13
576 120145.08
577 120141.98
578 120143.89
579 120150.09
580 120144.13
581 120145.08
582 120144.13
583 120144.84
584 120148.90
585 120142.94
586 120142.94
587 120144.84
588 120149.14
589 120142.94
590 120143.89
591 120142.94
592 120144.84
593 120144.84
594 120141.98
595 120141.98
596 120149.14
597 120143.18
598 120141.98
599 120149.85
