575
0 121986.15
1 121636.87
2 121716.98
3 121629.00
4 121701.00
5 121616.84
6 121692.90
7 121629.00
8 121722.94
9 121618.03
10 121699.09
11 121630.91
12 121700.05
13 121614.93
14 121701.00
15 121618.99
16 121705.06
17 121599.91
18 121700.05
19 121616.13
20 121582.03
21 121614.93
22 121699.09
23 121614.93
24 121705.06
25 121670.01
26 121705.06
27 121623.04
28 121699.81
29 121491.19
30 121695.04
31 121550.80
32 121689.80
33 121659.99
34 121680.02
35 121611.12
36 121679.07
37 121602.06
38 121690.03
39 121604.20
40 121685.03
41 121595.14
42 121651.17
43 121711.97
44 121675.01
45 121590.14
46 121653.08
47 121679.07
48 121613.98
49 121689.08
50 121741.06
51 121680.02
52 121589.90
53 121669.05
54 121599.91
55 121678.11
56 121729.14
57 121644.02
58 121718.88
59 121637.11
60 121588.95
61 121624.95
62 121708.87
63 121618.99
64 121701.00
65 121605.16
66 121707.20
67 121614.93
68 121709.82
69 121541.98
70 121605.16
71 121676.92
72 121546.98
73 121571.06
74 121539.83
75 121621.85
76 121545.08
77 121619.94
78 121557.00
79 121631.15
80 121558.90
81 121629.00
82 121551.04
83 121572.97
84 121637.82
85 121551.04
86 121646.17
87 121551.99
88 121587.99
89 121674.06
90 121603.97
91 121547.94
92 121593.00
93 121655.94
94 121592.04
95 121680.97
96 121628.05
97 121557.24
98 121649.03
99 121586.08
100 121544.12
101 121557.00
102 121652.84
103 121575.12
104 121639.01
105 121567.96
106 121643.07
107 121554.85
108 121647.12
109 121595.86
110 121655.94
111 121587.04
112 121663.09
113 121608.02
114 121541.98
115 121628.05
116 121557.95
117 121651.17
118 121599.91
119 121550.08
120 121467.11
121 121521.95
122 121590.85
123 121649.03
124 121605.16
125 121546.98
126 121614.93
127 121670.01
128 121589.90
129 121658.09
130 121572.02
131 121521.00
132 121594.91
133 121649.98
134 121560.10
135 121649.98
136 121567.96
137 121631.15
138 121677.88
139 121617.79
140 121555.09
141 121613.03
142 121673.11
143 121596.10
144 121623.99
145 121680.97
146 121621.13
147 121539.83
148 121626.85
149 121535.06
150 121619.94
151 121529.10
152 121551.04
153 121665.95
154 121613.03
155 121536.97
156 121612.07
157 121500.97
158 121603.01
159 121663.09
160 121591.09
161 121654.99
162 121564.15
163 121644.02
164 121567.01
165 121636.87
166 121557.95
167 121632.10
168 121687.17
169 121620.89
170 121539.83
171 121614.93
172 121518.14
173 121609.93
174 121670.01
175 121598.01
176 121661.19
177 121597.05
178 121669.05
179 121597.05
180 121532.92
181 121603.01
182 121656.89
183 121573.93
184 121649.03
185 121563.91
186 121660.95
187 121598.96
188 121539.12
189 121612.07
190 121537.92
191 121610.88
192 121533.87
193 121623.04
194 121539.12
195 121631.86
196 121557.95
197 121654.03
198 121581.79
199 121649.98
200 121581.08
201 121646.88
202 121580.84
203 121645.93
204 121569.16
205 121510.98
206 121557.00
207 121650.93
208 121654.99
209 121574.16
210 121524.81
211 121618.99
212 121555.81
213 121623.99
214 121548.89
215 121637.11
216 121550.80
217 121649.98
218 121706.01
219 121641.87
220 121577.98
221 121639.01
222 121553.90
223 121639.97
224 121560.10
225 121638.06
226 121550.08
227 121564.87
228 121622.09
229 121696.95
230 121647.12
231 121598.01
232 121667.86
233 121589.90
234 121660.95
235 121607.07
236 121544.84
237 121635.20
238 121547.94
239 121629.00
240 121547.94
241 121615.89
242 121675.97
243 121608.97
244 121667.15
245 121603.01
246 121538.16
247 121611.83
248 121527.91
249 121595.86
250 121659.99
251 121595.86
252 121655.94
253 121608.02
254 121577.98
255 121617.08
256 121559.14
257 121659.99
258 121598.01
259 121529.82
260 121454.95
261 121536.97
262 121597.05
263 121666.91
264 121604.92
265 121665.95
266 121598.01
267 121655.94
268 121608.02
269 121531.01
270 121607.07
271 121555.81
272 121538.16
273 121554.14
274 121626.14
275 121559.86
276 121654.99
277 121567.01
278 121665.95
279 121609.93
280 121548.89
281 121609.21
282 121531.01
283 121580.84
284 121603.97
285 121597.05
286 121526.96
287 121599.91
288 121675.01
289 121627.09
290 121541.98
291 121608.97
292 121559.86
293 121499.06
294 121549.84
295 121506.93
296 121581.08
297 121531.96
298 121487.14
299 121546.98
300 121465.92
301 121541.02
302 121613.98
303 121639.01
304 121553.90
305 121637.11
306 121565.10
307 121640.92
308 121572.97
309 121669.05
310 121626.14
311 121571.78
312 121649.98
313 121599.20
314 121656.18
315 121613.03
316 121544.12
317 121620.18
318 121675.97
319 121623.99
320 121572.02
321 121641.87
322 121576.07
323 121649.98
324 121565.82
325 121647.83
326 121561.05
327 121652.84
328 121551.99
329 121664.05
330 121598.96
331 121515.99
332 121569.87
333 121645.93
334 121557.00
335 121631.15
336 121552.94
337 121648.07
338 121557.00
339 121634.01
340 121430.16
341 121632.10
342 121686.94
343 121640.92
344 121588.95
345 121665.95
346 121611.12
347 121587.99
348 121664.05
349 121616.84
350 121547.94
351 121638.06
352 121551.99
353 121653.08
354 121568.92
355 121648.79
356 121595.86
357 121658.09
358 121603.01
359 121667.15
360 121620.18
361 121548.89
362 121627.09
363 121823.79
364 121648.79
365 121580.12
366 121641.87
367 121556.04
368 121635.91
369 121557.00
370 121629.95
371 121541.02
372 121493.82
373 121443.03
374 121649.03
375 121564.87
376 121639.97
377 121554.14
378 121628.05
379 121556.04
380 121480.94
381 121687.17
382 121613.98
383 121598.01
384 121556.04
385 121624.95
386 121543.88
387 121616.13
388 121551.99
389 121627.81
390 121547.94
391 121637.82
392 121546.98
393 121634.96
394 121551.99
395 121663.09
396 121588.95
397 121654.03
398 121606.83
399 121576.07
400 121596.81
401 121656.89
402 121571.06
403 121660.95
404 121573.93
405 121662.14
406 121589.90
407 121520.04
408 121572.02
409 121644.97
410 121592.04
411 121521.00
412 121587.04
413 121654.03
414 121568.92
415 121644.02
416 121576.07
417 121526.00
418 121608.97
419 121667.15
420 121600.15
421 121531.96
422 121598.96
423 121529.82
424 121621.85
425 121547.94
426 121618.03
427 121540.78
428 121615.89
429 121527.19
430 121605.87
431 121528.86
432 121620.18
433 121675.01
434 121629.00
435 121604.92
436 121657.13
437 121557.00
438 121649.98
439 121562.00
440 121533.87
441 121585.85
442 121675.01
443 121604.92
444 121560.81
445 121638.06
446 121551.99
447 121653.08
448 121572.97
449 121641.87
450 121554.14
451 121631.86
452 121690.99
453 121618.99
454 121649.03
455 121557.00
456 121642.11
457 121598.01
458 121634.01
459 121566.06
460 121513.13
461 121575.83
462 121512.89
463 121557.00
464 121639.97
465 121582.03
466 121645.93
467 121582.98
468 121634.96
469 121575.83
470 121642.11
471 121596.10
472 121659.04
473 121578.93
474 121576.07
475 121554.14
476 121639.97
477 121547.94
478 121626.14
479 121526.00
480 121618.03
481 121536.97
482 121623.04
483 121541.98
484 121630.91
485 121551.04
486 121562.00
487 121656.89
488 121603.01
489 121668.82
490 121598.96
491 121515.04
492 121618.99
493 121644.97
494 121602.06
495 121525.05
496 121613.03
497 121544.84
498 121644.97
499 121557.95
500 121634.96
501 121552.94
502 121641.16
503 121578.93
504 121648.07
505 121565.10
506 121642.83
507 121565.10
508 121654.99
509 121574.88
510 121662.86
511 121565.10
512 121549.84
513 121588.95
514 121536.97
515 121620.89
516 121614.93
517 121548.89
518 121633.05
519 121689.08
520 121497.15
521 121553.90
522 121640.92
523 121572.97
524 121648.07
525 121604.92
526 121522.90
527 121613.03
528 121664.05
529 121598.96
530 121608.97
531 121528.86
532 121597.05
533 121682.17
534 121593.00
535 121652.84
536 121572.02
537 121661.90
538 121603.97
539 121685.03
540 121479.99
541 121533.87
542 121639.97
543 121551.99
544 121759.18
545 121567.96
546 121530.06
547 121593.95
548 121665.00
549 121615.89
550 121689.08
551 121624.95
552 121559.86
553 121648.07
554 121561.05
555 121637.11
556 121572.02
557 121657.13
558 121582.03
559 121665.00
560 121598.01
561 121650.93
562 121568.92
563 121645.93
564 121590.85
565 121654.03
566 121713.88
567 121662.14
568 121596.81
569 121798.99
570 121658.09
571 121725.08
572 121642.11
573 121726.99
574 121685.98
