275
0 121958.02
1 121781.11
2 121736.05
3 121708.87
4 121786.12
5 121684.79
6 121776.10
7 121680.02
8 121780.87
9 121835.95
10 121644.97
11 121720.08
12 121649.98
13 121740.82
14 121702.19
15 121639.01
16 121729.14
17 121777.06
18 121749.16
19 121789.93
20 121728.90
21 121668.10
22 121753.93
23 121682.88
24 121646.88
25 121712.92
26 121750.12
27 121721.03
28 121796.85
29 121740.10
30 121696.00
31 121643.07
32 121732.95
33 121668.10
34 121737.00
35 121666.91
36 121725.08
37 121665.95
38 121755.84
39 121670.01
40 121747.97
41 121679.78
42 121731.04
43 121788.98
44 121690.03
45 121616.84
46 121687.89
47 121598.01
48 121678.11
49 121589.90
50 121680.97
51 121595.14
52 121659.99
53 121596.10
54 121675.01
55 121606.11
56 121560.81
57 121613.98
58 121688.84
59 121646.88
60 121701.00
61 121652.13
62 121608.97
63 121704.10
64 121622.09
65 121696.00
66 121614.93
67 121689.08
68 121633.05
69 121711.97
70 121634.01
71 121581.08
72 121671.92
73 121587.99
74 121683.12
75 121601.82
76 121689.08
77 121595.86
78 121673.82
79 121621.13
80 121694.09
81 121725.08
82 121643.07
83 121593.95
84 121685.03
85 121599.20
86 121665.95
87 121605.87
88 121684.07
89 121598.01
90 121673.11
91 121734.14
92 121652.84
93 121737.00
94 121646.88
95 121630.91
96 121699.09
97 121770.86
98 121716.98
99 121649.98
100 121630.91
101 121685.98
102 121614.93
103 121709.11
104 121642.11
105 121726.99
106 121679.07
107 121606.11
108 121683.84
109 121613.98
110 121703.86
111 121644.97
112 121729.14
113 121673.11
114 121600.87
115 121696.95
116 121644.97
117 121716.98
118 121641.87
119 121716.98
120 121650.93
121 121569.87
122 121628.05
123 121714.12
124 121641.16
125 121725.08
126 121659.99
127 121733.90
128 121664.05
129 121600.15
130 121676.92
131 121589.90
132 121657.85
133 121730.09
134 121680.02
135 121735.81
136 121685.98
137 121617.08
138 121695.04
139 121665.95
140 121600.87
141 121684.07
142 121616.84
143 121712.21
144 121582.98
145 121657.13
146 121584.89
147 121680.97
148 121610.88
149 121689.08
150 121540.78
151 121735.10
152 121545.79
153 121619.94
154 121676.92
155 121627.81
156 121582.03
157 121659.04
158 121721.03
159 121665.00
160 121732.23
161 121676.92
162 121755.84
163 121706.01
164 121620.18
165 121703.15
166 121615.17
167 121708.87
168 121643.07
169 121680.02
170 121490.00
171 121685.98
172 121613.98
173 121711.02
174 121552.94
175 121749.16
176 121685.03
177 121601.10
178 121688.13
179 121617.08
180 121696.00
181 121621.85
182 121722.94
183 121652.84
184 121722.94
185 121657.13
186 121728.90
187 121681.93
188 121618.03
189 121688.84
190 121628.05
191 121714.12
192 121652.13
193 121737.00
194 121564.87
195 121623.04
196 121567.96
197 121659.99
198 121732.95
199 121681.93
200 121616.84
201 121688.13
202 121619.94
203 121708.87
204 121638.06
205 121730.09
206 121686.94
207 121629.00
208 121687.89
209 121618.99
210 121710.06
211 121655.94
212 121596.10
213 121687.17
214 121592.04
215 121670.96
216 121623.04
217 121696.95
218 121622.09
219 121714.12
220 121651.89
221 121723.18
222 121514.08
223 121586.08
224 121541.02
225 121599.20
226 121685.98
227 121611.83
228 121694.09
229 121606.11
230 121701.00
231 121618.99
232 121681.93
233 121753.93
234 121686.94
235 121620.89
236 121688.84
237 121603.01
238 121700.05
239 121610.88
240 121680.02
241 121604.92
242 121670.01
243 121725.08
244 121661.90
245 121713.88
246 121634.01
247 121712.92
248 121648.07
249 121716.98
250 121659.99
251 121733.90
252 121659.99
253 121762.99
254 121684.07
255 121686.94
256 121614.93
257 121680.02
258 121735.10
259 121680.97
260 121615.17
261 121690.99
262 121606.11
263 121696.00
264 121646.88
265 121706.01
266 121618.03
267 121707.92
268 121629.95
269 121714.12
270 121651.89
271 121594.19
272 121675.01
273 121606.11
274 121699.09
