6000
0 120477.91
1 120177.98
2 120141.03
3 120140.79
4 120128.15
5 120133.16
6 120135.07
7 120131.02
8 120136.02
9 120141.98
10 120134.12
11 120128.87
12 120126.96
13 120133.16
14 120129.11
15 120126.96
16 120131.97
17 120133.88
18 120128.15
19 120127.20
20 120131.02
21 120132.92
22 120126.01
23 120126.96
24 120128.87
25 120133.88
26 120131.97
27 120126.96
28 120132.92
29 120130.06
30 120125.06
31 120130.06
32 120131.02
33 120125.77
34 120126.96
35 120138.17
36 120129.11
37 120131.02
38 120127.92
39 120130.06
40 120132.92
41 120129.11
42 120127.92
43 120147.94
44 120125.06
45 120128.15
46 120127.92
47 120133.88
48 120126.01
49 120126.96
50 120127.92
51 120128.15
52 120124.82
53 120126.96
54 120128.87
55 120132.21
56 120127.92
57 120127.20
58 120144.84
59 120131.02
60 120122.91
61 120124.82
62 120131.97
63 120126.01
64 120126.01
65 120128.87
66 120127.92
67 120128.87
68 120126.96
69 120129.11
70 120131.02
71 120129.11
72 120126.96
73 120136.02
74 120129.82
75 120125.06
76 120126.96
77 120131.02
78 120128.87
79 120126.96
80 120127.92
81 120126.96
82 120125.06
83 120126.01
84 120127.92
85 120133.16
86 120126.96
87 120129.11
88 120129.82
89 120129.11
90 120126.01
91 120129.11
92 120128.87
93 120126.96
94 120127.92
95 120128.87
96 120127.92
97 120127.92
98 120126.01
99 120131.02
100 120131.02
101 120126.01
102 120130.06
103 120128.87
104 120127.92
105 120129.11
106 120126.96
107 120128.15
108 120126.96
109 120127.20
110 120126.96
111 120132.92
112 120125.06
113 120133.88
114 120131.02
115 120127.92
116 120129.11
117 120126.01
118 120129.11
119 120128.87
120 120125.06
121 120126.01
122 120131.97
123 120126.01
124 120123.15
125 120130.06
126 120127.92
127 120124.10
128 120128.87
129 120127.20
130 120131.02
131 120128.15
132 120126.96
133 120129.11
134 120131.02
135 120126.96
136 120128.87
137 120131.02
138 120126.01
139 120127.92
140 120136.02
141 120127.92
142 120130.06
143 120125.06
144 120129.11
145 120129.11
146 120127.92
147 120128.15
148 120128.87
149 120129.11
150 120129.11
151 120128.87
152 120131.97
153 120129.11
154 120126.96
155 120126.01
156 120130.06
157 120124.82
158 120125.06
159 120128.87
160 120128.87
161 120124.82
162 120130.06
163 120126.96
164 120131.02
165 120128.87
166 120126.01
167 120133.88
168 120129.82
169 120126.01
170 120131.97
171 120131.97
172 120126.01
173 120128.15
174 120130.06
175 120126.96
176 120127.92
177 120127.92
178 120131.02
179 120129.11
180 120128.87
181 120127.92
182 120154.86
183 120126.96
184 120126.96
185 120126.01
186 120129.11
187 120126.01
188 120127.20
189 120127.92
190 120129.11
191 120124.82
192 120128.15
193 120129.82
194 120131.97
195 120130.06
196 120129.11
197 120137.93
198 120132.92
199 120126.01
200 120126.96
201 120133.16
202 120126.96
203 120127.92
204 120131.02
205 120127.92
206 120125.06
207 120127.20
208 120129.11
209 120131.97
210 120127.92
211 120126.96
212 120130.06
213 120129.11
214 120126.01
215 120126.96
216 120128.87
217 120123.15
218 120128.87
219 120128.15
220 120127.92
221 120126.96
222 120126.01
223 120126.01
224 120127.92
225 120126.96
226 120126.96
227 120131.02
228 120126.01
229 120127.92
230 120127.92
231 120129.11
232 120128.15
233 120124.82
234 120128.15
235 120134.12
236 120124.10
237 120126.01
238 120129.11
239 120128.87
240 120127.92
241 120129.11
242 120126.01
243 120128.15
244 120124.82
245 120125.06
246 120131.97
247 120130.06
248 120126.01
249 120131.97
250 120128.15
251 120125.06
252 120126.96
253 120128.15
254 120130.06
255 120126.96
256 120126.01
257 120129.11
258 120131.97
259 120126.01
260 120129.11
261 120131.97
262 120127.92
263 120129.11
264 120144.84
265 120127.92
266 120129.11
267 120127.20
268 120127.92
269 120129.11
270 120124.10
271 120129.82
272 120133.88
273 120132.21
274 120129.82
275 120126.01
276 120131.02
277 120126.96
278 120126.96
279 120125.06
280 120131.02
281 120138.88
282 120129.11
283 120131.97
284 120128.15
285 120126.01
286 120128.15
287 120130.06
288 120127.92
289 120126.01
290 120128.87
291 120152.00
292 120127.20
293 120126.96
294 120126.01
295 120131.02
296 120127.92
297 120126.01
298 120133.16
299 120128.87
300 120127.92
301 120125.06
302 120128.87
303 120126.96
304 120127.92
305 120126.96
306 120126.96
307 120129.11
308 120126.96
309 120123.15
310 120131.97
311 120126.96
312 120123.86
313 120130.06
314 120128.87
315 120125.06
316 120126.96
317 120127.92
318 120128.87
319 120128.87
320 120128.15
321 120128.87
322 120129.11
323 120125.06
324 120129.11
325 120129.82
326 120126.96
327 120126.96
328 120130.06
329 120126.01
330 120128.15
331 120125.06
332 120128.15
333 120129.11
334 120127.92
335 120128.87
336 120131.02
337 120127.92
338 120129.11
339 120127.92
340 120129.11
341 120129.11
342 120126.01
343 120126.96
344 120131.97
345 120123.86
346 120126.01
347 120128.87
348 120126.96
349 120132.21
350 120129.11
351 120126.01
352 120131.02
353 120133.16
354 120126.01
355 120131.02
356 120126.96
357 120122.91
358 120161.06
359 120142.94
360 120128.87
361 120133.16
362 120128.87
363 120133.16
364 120129.82
365 120140.08
366 120135.07
367 120137.93
368 120126.96
369 120132.92
370 120134.83
371 120133.16
372 120126.96
373 120182.99
374 120131.97
375 120127.92
376 120129.82
377 120126.01
378 120131.02
379 120125.06
380 120126.96
381 120129.11
382 120129.82
383 120127.92
384 120126.01
385 120132.21
386 120132.92
387 120126.96
388 120125.06
389 120128.15
390 120126.01
391 120124.82
392 120137.93
393 120130.06
394 120130.06
395 120129.82
396 120131.02
397 120132.92
398 120133.88
399 120132.92
400 120157.00
401 120134.12
402 120131.02
403 120130.06
404 120133.88
405 120131.97
406 120127.20
407 120131.02
408 120129.82
409 120132.92
410 120127.20
411 120128.87
412 120127.92
413 120131.97
414 120130.06
415 120134.83
416 120131.97
417 120131.97
418 120126.96
419 120135.07
420 120128.15
421 120128.87
422 120133.16
423 120131.97
424 120129.11
425 120131.97
426 120131.02
427 120136.02
428 120130.06
429 120130.06
430 120131.02
431 120132.92
432 120127.20
433 120132.92
434 120132.92
435 120133.88
436 120129.82
437 120128.87
438 120127.92
439 120132.92
440 120129.11
441 120128.87
442 120130.06
443 120133.88
444 120130.06
445 120137.21
446 120131.97
447 120128.87
448 120130.06
449 120141.98
450 120136.98
451 120130.06
452 120128.87
453 120128.87
454 120133.16
455 120125.06
456 120131.97
457 120130.78
458 120132.92
459 120128.87
460 120134.12
461 120129.82
462 120133.16
463 120126.01
464 120133.16
465 120126.96
466 120126.96
467 120131.02
468 120130.06
469 120131.97
470 120126.96
471 120128.87
472 120134.12
473 120129.11
474 120128.87
475 120129.11
476 120127.92
477 120136.02
478 120126.96
479 120137.93
480 120127.92
481 120132.21
482 120141.98
483 120136.98
484 120126.96
485 120132.92
486 120130.06
487 120126.96
488 120128.87
489 120133.16
490 120128.87
491 120136.02
492 120130.78
493 120131.02
494 120133.16
495 120129.11
496 120125.77
497 120132.92
498 120131.02
499 120131.97
500 120127.92
501 120129.11
502 120127.92
503 120133.88
504 120124.10
505 120132.92
506 120130.06
507 120131.02
508 120127.92
509 120160.10
510 120126.96
511 120131.97
512 120126.01
513 120135.78
514 120130.06
515 120130.06
516 120126.96
517 120143.89
518 120127.92
519 120131.97
520 120129.82
521 120134.12
522 120128.87
523 120133.16
524 120131.02
525 120136.02
526 120128.87
527 120131.02
528 120132.92
529 120134.12
530 120126.01
531 120133.16
532 120131.02
533 120139.84
534 120129.11
535 120131.97
536 120130.06
537 120135.07
538 120125.77
539 120136.98
540 120129.82
541 120131.97
542 120126.96
543 120136.02
544 120126.96
545 120134.12
546 120129.82
547 120128.15
548 120126.01
549 120129.11
550 120127.92
551 120129.11
552 120130.06
553 120126.96
554 120134.12
555 120131.97
556 120129.11
557 120131.97
558 120130.06
559 120132.92
560 120128.87
561 120129.11
562 120129.82
563 120131.97
564 120123.86
565 120131.02
566 120128.15
567 120136.02
568 120128.87
569 120133.16
570 120131.02
571 120131.97
572 120126.01
573 120139.12
574 120126.96
575 120132.21
576 120131.97
577 120134.12
578 120126.01
579 120132.92
580 120129.11
581 120127.92
582 120127.20
583 120127.92
584 120136.98
585 120130.06
586 120131.97
587 120131.02
588 120138.17
589 120126.96
590 120133.88
591 120142.22
592 120133.88
593 120129.11
594 120132.92
595 120129.11
596 120133.16
597 120127.92
598 120129.11
599 120136.98
600 120131.02
601 120134.83
602 120128.87
603 120135.07
604 120130.06
605 120135.07
606 120126.96
607 120137.93
608 120129.11
609 120129.82
610 120131.97
611 120132.92
612 120126.96
613 120131.97
614 120131.97
615 120132.92
616 120131.97
617 120140.08
618 120157.96
619 120133.88
620 120126.96
621 120128.87
622 120132.92
623 120130.06
624 120128.87
625 120129.11
626 120128.87
627 120130.06
628 120126.01
629 120129.11
630 120131.02
631 120133.16
632 120126.01
633 120140.08
634 120131.02
635 120131.97
636 120126.01
637 120136.02
638 120127.92
639 120131.97
640 120133.88
641 120133.16
642 120131.97
643 120131.02
644 120128.87
645 120131.97
646 120126.96
647 120130.06
648 120138.17
649 120131.02
650 120131.02
651 120130.06
652 120136.98
653 120124.82
654 120135.07
655 120131.02
656 120133.16
657 120130.06
658 120128.87
659 120127.92
660 120129.11
661 120126.96
662 120128.87
663 120134.12
664 120133.16
665 120129.11
666 120131.97
667 120128.87
668 120133.16
669 120129.11
670 120126.96
671 120131.97
672 120130.06
673 120126.96
674 120127.20
675 120131.97
676 120136.98
677 120131.97
678 120131.02
679 120132.92
680 120127.92
681 120125.06
682 120130.06
683 120130.06
684 120151.04
685 120139.12
686 120133.88
687 120136.98
688 120128.87
689 120133.16
690 120130.06
691 120134.12
692 120130.06
693 120129.11
694 120135.07
695 120136.02
696 120135.07
697 120134.83
698 120129.11
699 120126.96
700 120150.09
701 120142.94
702 120136.98
703 120127.92
704 120138.17
705 120128.87
706 120134.12
707 120128.87
708 120134.12
709 120130.06
710 120132.92
711 120125.06
712 120138.88
713 120126.01
714 120138.88
715 120133.16
716 120136.02
717 120131.02
718 120135.07
719 120131.02
720 120131.97
721 120131.97
722 120130.06
723 120133.88
724 120136.02
725 120131.02
726 120134.12
727 120146.99
728 120136.02
729 120129.82
730 120135.07
731 120131.02
732 120134.12
733 120130.06
734 120130.06
735 120131.02
736 120130.78
737 120126.01
738 120130.06
739 120130.06
740 120138.17
741 120131.02
742 120137.93
743 120133.16
744 120133.88
745 120125.06
746 120134.12
747 120127.92
748 120130.06
749 120131.97
750 120134.12
751 120126.96
752 120131.02
753 120135.07
754 120135.07
755 120134.83
756 120138.88
757 120131.02
758 120136.02
759 120127.92
760 120139.12
761 120136.02
762 120131.02
763 120128.87
764 120131.02
765 120128.87
766 120138.17
767 120127.92
768 120135.07
769 120130.78
770 120135.07
771 120127.20
772 120135.07
773 120130.06
774 120131.97
775 120126.96
776 120136.98
777 120128.15
778 120132.92
779 120135.78
780 120133.16
781 120131.97
782 120133.88
783 120129.11
784 120130.78
785 120137.93
786 120130.06
787 120134.12
788 120133.16
789 120133.16
790 120127.92
791 120137.93
792 120133.16
793 120135.78
794 120137.93
795 120131.02
796 120127.92
797 120131.97
798 120128.87
799 120133.16
800 120129.82
801 120136.02
802 120130.78
803 120135.07
804 120129.11
805 120137.93
806 120135.78
807 120137.93
808 120126.96
809 120130.06
810 120132.92
811 120131.97
812 120127.92
813 120130.06
814 120128.87
815 120132.92
816 120128.87
817 120131.97
818 120132.92
819 120134.12
820 120131.02
821 120141.98
822 120129.11
823 120133.16
824 120126.01
825 120136.02
826 120127.92
827 120130.06
828 120131.02
829 120133.16
830 120132.92
831 120133.16
832 120136.02
833 120133.88
834 120130.06
835 120136.02
836 120130.06
837 120134.12
838 120129.82
839 120129.11
840 120135.07
841 120132.92
842 120127.20
843 120136.98
844 120133.16
845 120132.92
846 120130.06
847 120131.02
848 120131.02
849 120133.88
850 120126.01
851 120138.17
852 120130.06
853 120133.16
854 120126.96
855 120135.07
856 120128.87
857 120134.12
858 120133.16
859 120132.92
860 120129.82
861 120131.02
862 120131.02
863 120134.12
864 120131.02
865 120131.02
866 120133.88
867 120131.97
868 120127.92
869 120141.03
870 120136.98
871 120127.92
872 120129.11
873 120150.80
874 120129.11
875 120128.87
876 120126.01
877 120127.92
878 120126.96
879 120126.96
880 120126.96
881 120127.92
882 120131.97
883 120130.06
884 120129.11
885 120134.83
886 120127.92
887 120124.82
888 120126.01
889 120130.06
890 120126.01
891 120125.06
892 120131.97
893 120130.06
894 120126.96
895 120127.92
896 120131.97
897 120132.92
898 120129.82
899 120127.92
900 120146.99
901 120130.06
902 120132.92
903 120128.87
904 120131.97
905 120129.82
906 120128.15
907 120132.92
908 120133.16
909 120129.82
910 120131.02
911 120134.83
912 120131.97
913 120132.92
914 120132.92
915 120129.82
916 120133.16
917 120131.97
918 120129.11
919 120134.83
920 120176.08
921 120144.13
922 120139.84
923 120139.12
924 120131.02
925 120134.83
926 120131.97
927 120137.21
928 120132.92
929 120132.92
930 120159.15
931 120136.02
932 120132.21
933 120131.97
934 120133.88
935 120129.11
936 120133.88
937 120135.07
938 120132.21
939 120133.88
940 120133.88
941 120132.21
942 120133.88
943 120131.97
944 120133.16
945 120132.92
946 120136.02
947 120131.02
948 120133.88
949 120136.98
950 120131.02
951 120136.02
952 120147.94
953 120144.13
954 120136.98
955 120131.97
956 120131.97
957 120134.12
958 120131.02
959 120131.02
960 120133.88
961 120133.16
962 120130.06
963 120133.16
964 120132.92
965 120131.02
966 120131.97
967 120130.06
968 120134.12
969 120130.06
970 120131.97
971 120134.12
972 120131.97
973 120131.02
974 120132.92
975 120136.98
976 120134.12
977 120133.16
978 120134.83
979 120149.14
980 120132.92
981 120133.16
982 120134.83
983 120136.02
984 120131.97
985 120131.97
986 120136.98
987 120132.92
988 120129.82
989 120130.06
990 120134.83
991 120136.98
992 120132.92
993 120134.12
994 120133.88
995 120132.92
996 120134.12
997 120131.97
998 120131.97
999 120133.16
1000 120133.88
1001 120132.92
1002 120135.07
1003 120131.02
1004 120134.83
1005 120135.07
1006 120131.97
1007 120132.21
1008 123482.94
1009 120126.96
1010 120134.12
1011 120132.92
1012 120131.97
1013 120131.97
1014 120131.02
1015 120130.06
1016 120132.21
1017 120131.97
1018 120129.11
1019 120131.02
1020 120134.12
1021 120135.07
1022 120133.16
1023 120133.88
1024 120134.12
1025 120131.97
1026 120131.97
1027 120130.06
1028 120133.16
1029 120131.02
1030 120131.97
1031 120140.08
1032 130913.97
1033 125916.96
1034 120949.98
1035 120131.02
1036 120131.02
1037 120142.94
1038 120133.88
1039 120131.97
1040 120135.78
1041 120133.16
1042 120131.02
1043 120135.07
1044 120130.06
1045 120131.02
1046 120130.06
1047 120133.16
1048 120132.92
1049 120131.97
1050 120132.92
1051 120134.12
1052 120129.82
1053 120131.02
1054 120136.02
1055 124892.95
1056 129598.86
1057 134299.99
1058 135771.99
1059 130770.92
1060 125787.02
1061 120794.06
1062 120131.02
1063 120131.02
1064 120133.88
1065 120133.16
1066 120129.82
1067 120131.97
1068 120129.11
1069 120130.06
1070 120136.98
1071 120130.06
1072 120131.02
1073 120133.88
1074 120131.02
1075 120131.02
1076 120134.12
1077 120131.97
1078 120128.87
1079 121860.03
1080 131403.92
1081 136110.07
1082 140810.97
1083 140662.91
1084 140527.01
1085 137157.92
1086 132161.86
1087 127171.99
1088 122184.04
1089 120126.96
1090 120137.93
1091 120129.82
1092 120131.02
1093 120130.06
1094 120128.87
1095 120130.06
1096 120131.97
1097 120130.06
1098 120131.02
1099 120131.02
1100 120132.92
1101 120132.92
1102 120136.02
1103 125290.16
1104 129994.87
1105 137933.02
1106 139401.20
1107 139256.95
1108 140732.05
1109 138971.09
1110 138020.99
1111 135450.12
1112 132079.84
1113 127082.11
1114 122096.06
1115 120130.06
1116 120131.97
1117 120131.02
1118 120131.97
1119 120135.07
1120 120131.02
1121 120140.08
1122 120153.19
1123 120130.06
1124 120129.82
1125 120130.06
1126 120128.87
1127 120126.01
1128 120130.06
1129 120129.82
1130 120131.02
1131 120126.01
1132 120125.06
1133 120128.87
1134 120133.16
1135 120131.02
1136 120130.06
1137 120129.82
1138 120131.02
1139 120131.97
1140 120134.12
1141 120131.02
1142 120132.92
1143 120132.92
1144 120131.02
1145 120131.97
1146 120132.92
1147 120132.21
1148 120130.06
1149 120131.97
1150 120131.97
1151 120131.02
1152 120132.92
1153 120131.97
1154 120132.92
1155 120129.11
1156 120128.87
1157 120128.87
1158 120126.01
1159 120129.82
1160 120132.21
1161 120126.96
1162 120129.11
1163 120131.97
1164 120133.88
1165 120131.97
1166 120135.07
1167 120132.21
1168 120134.12
1169 120131.02
1170 120130.06
1171 120131.02
1172 120133.16
1173 120131.02
1174 120152.00
1175 120136.02
1176 120130.78
1177 120131.02
1178 120132.92
1179 120131.97
1180 120130.06
1181 120132.92
1182 120131.97
1183 120128.15
1184 120130.06
1185 120131.02
1186 120133.16
1187 120131.02
1188 120133.16
1189 120131.97
1190 120132.92
1191 120131.02
1192 120130.06
1193 120127.92
1194 120131.97
1195 120132.92
1196 120130.06
1197 120134.12
1198 120136.02
1199 120129.82
1200 120131.97
1201 120141.03
1202 120129.11
1203 120131.02
1204 120135.07
1205 120144.13
1206 120132.92
1207 120131.97
1208 120131.02
1209 120128.15
1210 120134.12
1211 120131.02
1212 120131.02
1213 120134.12
1214 120129.82
1215 120134.12
1216 120132.21
1217 120131.97
1218 120131.97
1219 120130.06
1220 120133.16
1221 120131.97
1222 120133.16
1223 120134.12
1224 120129.82
1225 120134.12
1226 120130.06
1227 120131.02
1228 120133.16
1229 120131.02
1230 120131.97
1231 120132.92
1232 120129.11
1233 120131.02
1234 120134.12
1235 120132.92
1236 120129.11
1237 120131.97
1238 120133.16
1239 120131.02
1240 120131.02
1241 120130.06
1242 120132.92
1243 120133.88
1244 120134.12
1245 120135.07
1246 120134.12
1247 120131.97
1248 120131.02
1249 120133.88
1250 120133.88
1251 120131.97
1252 120131.02
1253 120131.97
1254 120131.97
1255 120131.97
1256 120129.11
1257 120131.02
1258 120131.97
1259 120133.88
1260 120134.12
1261 120134.83
1262 120132.92
1263 120131.02
1264 120129.82
1265 120132.92
1266 120131.97
1267 120128.87
1268 120154.14
1269 120133.16
1270 120126.96
1271 120131.02
1272 120131.02
1273 120130.06
1274 120131.02
1275 120134.12
1276 120129.82
1277 120135.07
1278 120131.02
1279 120129.11
1280 120134.12
1281 120128.87
1282 120127.92
1283 120131.02
1284 120131.02
1285 120127.92
1286 120130.78
1287 120134.12
1288 120131.97
1289 120139.84
1290 120131.97
1291 120135.07
1292 120133.88
1293 120130.06
1294 120133.16
1295 120139.84
1296 120132.21
1297 120130.06
1298 120133.88
1299 120130.78
1300 120141.98
1301 120131.97
1302 120132.92
1303 120130.06
1304 120131.02
1305 120130.06
1306 120137.93
1307 120131.97
1308 120131.97
1309 120134.12
1310 120135.07
1311 120132.92
1312 120131.02
1313 120131.97
1314 120133.88
1315 120131.97
1316 120131.02
1317 120133.88
1318 120133.16
1319 120132.92
1320 120132.21
1321 120131.02
1322 120134.83
1323 120132.92
1324 120131.02
1325 120132.92
1326 120134.83
1327 120130.06
1328 120130.06
1329 120133.88
1330 120129.11
1331 120130.06
1332 120134.83
1333 120131.02
1334 120131.02
1335 120128.87
1336 120131.02
1337 120132.92
1338 120131.97
1339 120132.92
1340 120133.16
1341 120136.98
1342 120132.92
1343 120131.97
1344 120133.88
1345 120131.02
1346 120129.82
1347 120149.85
1348 120133.16
1349 120131.02
1350 120133.16
1351 120131.02
1352 120131.02
1353 120131.97
1354 120131.97
1355 120131.97
1356 120131.02
1357 120131.02
1358 120131.97
1359 120135.07
1360 120129.82
1361 120131.97
1362 120133.88
1363 120129.82
1364 120132.92
1365 120134.12
1366 120132.92
1367 120132.92
1368 120131.02
1369 120131.97
1370 120135.07
1371 120130.06
1372 120129.11
1373 120141.98
1374 120150.09
1375 123100.04
1376 120124.10
1377 120131.97
1378 120130.78
1379 120130.06
1380 120129.11
1381 120132.92
1382 120132.92
1383 120132.21
1384 120131.97
1385 120132.92
1386 120132.92
1387 120132.21
1388 120133.88
1389 120131.02
1390 120132.92
1391 120129.82
1392 120131.02
1393 120134.12
1394 120131.02
1395 120129.82
1396 120134.12
1397 120131.02
1398 120131.02
1399 120127.92
1400 120131.97
1401 120132.92
1402 120131.02
1403 120131.97
1404 120135.07
1405 120130.06
1406 120131.97
1407 120131.97
1408 120130.06
1409 120130.06
1410 120131.02
1411 120131.97
1412 120128.87
1413 120130.06
1414 120128.87
1415 120131.02
1416 120131.02
1417 120128.87
1418 120129.11
1419 120131.02
1420 120131.02
1421 120128.87
1422 120128.15
1423 120131.97
1424 120132.92
1425 120134.12
1426 120133.16
1427 120134.12
1428 120128.87
1429 120133.16
1430 120131.97
1431 120130.06
1432 120133.88
1433 120136.02
1434 120130.06
1435 120135.07
1436 120130.06
1437 120131.97
1438 120137.93
1439 120131.02
1440 120131.02
1441 120131.02
1442 120134.12
1443 120131.02
1444 120132.21
1445 120131.02
1446 120135.07
1447 120128.15
1448 120131.97
1449 120134.12
1450 120135.07
1451 120132.21
1452 120131.97
1453 120133.16
1454 120133.88
1455 120130.06
1456 120132.92
1457 120141.98
1458 120136.02
1459 120131.97
1460 120131.02
1461 120131.97
1462 120131.97
1463 120130.06
1464 120132.92
1465 120132.92
1466 120129.11
1467 120132.92
1468 120132.92
1469 120131.97
1470 120131.02
1471 120132.92
1472 120131.97
1473 120131.02
1474 120131.02
1475 120131.97
1476 120132.92
1477 120130.06
1478 120128.87
1479 120132.92
1480 120134.83
1481 120131.97
1482 120131.97
1483 120131.97
1484 120134.83
1485 120131.97
1486 120129.11
1487 120130.06
1488 120132.92
1489 120128.15
1490 120133.88
1491 120131.02
1492 120130.06
1493 120131.02
1494 120129.11
1495 120131.02
1496 120131.02
1497 120134.83
1498 120131.97
1499 120131.97
1500 120130.78
1501 120131.02
1502 120130.06
1503 120133.88
1504 120131.97
1505 120130.06
1506 120134.83
1507 120131.97
1508 120128.87
1509 120136.98
1510 120131.02
1511 120129.11
1512 120132.92
1513 120136.98
1514 120133.16
1515 120133.88
1516 120130.06
1517 120141.98
1518 120129.82
1519 120130.06
1520 120131.02
1521 120131.97
1522 120127.92
1523 120133.16
1524 120133.88
1525 120130.06
1526 120131.97
1527 120131.02
1528 120133.16
1529 120136.02
1530 120131.02
1531 120131.02
1532 120133.88
1533 120129.82
1534 120130.06
1535 120131.97
1536 120132.92
1537 120129.82
1538 120131.97
1539 120132.92
1540 120131.02
1541 120136.98
1542 120130.06
1543 120133.88
1544 120131.97
1545 120130.06
1546 120133.88
1547 120131.02
1548 120130.06
1549 120133.88
1550 120130.06
1551 120131.97
1552 120130.06
1553 120129.82
1554 120132.92
1555 120131.97
1556 120129.11
1557 120129.11
1558 120132.92
1559 120131.97
1560 120136.02
1561 120131.02
1562 120131.97
1563 120132.92
1564 120129.11
1565 123543.98
1566 120976.92
1567 120128.87
1568 120130.06
1569 120135.07
1570 120130.06
1571 120130.06
1572 120131.02
1573 120132.92
1574 120131.02
1575 120131.97
1576 120129.11
1577 120131.02
1578 120132.92
1579 120132.92
1580 120130.06
1581 120136.02
1582 120129.11
1583 120134.12
1584 120146.99
1585 120131.02
1586 120131.02
1587 120132.92
1588 120132.92
1589 122941.02
1590 121181.96
1591 120131.02
1592 120131.97
1593 120132.92
1594 120133.88
1595 120131.02
1596 120131.02
1597 120132.92
1598 120130.06
1599 120131.02
1600 120134.83
1601 120134.83
1602 120129.11
1603 120135.07
1604 120129.11
1605 120128.87
1606 120132.92
1607 120131.97
1608 120133.16
1609 120133.88
1610 120130.06
1611 120143.89
1612 120132.21
1613 120126.01
1614 120127.92
1615 120131.02
1616 120129.11
1617 120131.02
1618 120132.92
1619 120131.02
1620 120131.97
1621 120131.97
1622 120132.92
1623 120133.16
1624 120131.02
1625 120143.18
1626 120135.07
1627 120130.78
1628 120130.06
1629 120131.02
1630 120135.07
1631 120134.12
1632 120131.97
1633 120135.07
1634 120130.06
1635 120131.02
1636 123549.94
1637 123404.03
1638 120831.97
1639 120131.02
1640 120133.88
1641 120134.83
1642 120132.92
1643 120127.92
1644 120133.16
1645 120131.02
1646 120132.92
1647 120131.02
1648 120131.97
1649 120130.06
1650 120131.02
1651 120130.06
1652 120129.82
1653 120134.12
1654 120131.02
1655 120130.78
1656 120136.02
1657 120132.92
1658 120131.02
1659 120131.97
1660 122133.02
1661 121987.10
1662 121037.96
1663 120132.92
1664 120129.11
1665 120131.02
1666 120127.20
1667 120131.02
1668 120131.02
1669 120131.97
1670 120131.02
1671 120134.12
1672 120131.97
1673 120137.93
1674 120131.02
1675 120133.88
1676 120129.11
1677 120131.02
1678 120146.04
1679 120131.02
1680 120129.82
1681 120130.06
1682 120133.16
1683 120130.06
1684 120128.15
1685 120131.97
1686 120134.12
1687 120131.97
1688 120131.02
1689 120131.97
1690 120131.97
1691 120128.87
1692 120131.02
1693 120131.02
1694 120134.12
1695 120131.97
1696 120127.92
1697 120133.88
1698 120131.97
1699 120130.06
1700 120129.11
1701 120133.16
1702 120133.16
1703 120133.88
1704 120133.88
1705 120136.02
1706 120130.06
1707 120131.97
1708 120131.02
1709 120151.04
1710 120136.02
1711 120131.97
1712 120133.88
1713 120131.02
1714 120131.02
1715 120131.97
1716 120132.21
1717 120131.97
1718 120134.12
1719 120131.02
1720 120134.12
1721 120134.83
1722 120128.87
1723 120131.97
1724 120134.12
1725 120130.06
1726 120134.12
1727 120133.88
1728 120131.97
1729 120133.16
1730 120132.92
1731 120131.02
1732 120127.92
1733 120132.92
1734 120132.92
1735 120131.97
1736 120136.02
1737 120134.83
1738 120131.02
1739 120132.92
1740 120131.97
1741 120131.97
1742 120139.12
1743 120132.92
1744 120131.02
1745 120130.06
1746 120131.02
1747 120132.92
1748 120133.16
1749 120131.97
1750 120133.88
1751 120131.97
1752 120131.02
1753 120131.02
1754 120136.02
1755 120128.15
1756 120133.88
1757 120131.02
1758 120132.21
1759 120128.87
1760 120133.16
1761 120133.16
1762 120130.06
1763 120128.87
1764 120130.06
1765 120135.07
1766 120131.97
1767 120131.02
1768 120132.92
1769 120146.04
1770 120132.92
1771 120132.92
1772 120131.02
1773 120132.92
1774 120132.21
1775 120129.11
1776 120136.02
1777 120131.02
1778 120131.02
1779 120129.11
1780 120132.92
1781 120133.88
1782 120131.97
1783 120132.92
1784 120134.12
1785 120131.97
1786 120131.02
1787 120131.02
1788 120131.02
1789 120131.97
1790 120131.97
1791 120133.88
1792 120132.92
1793 120139.12
1794 120133.16
1795 120132.92
1796 120131.97
1797 120131.02
1798 120130.06
1799 120131.02
1800 120132.92
1801 120131.02
1802 120127.92
1803 120131.02
1804 120131.02
1805 120130.06
1806 120132.92
1807 120130.06
1808 120130.06
1809 120128.15
1810 120134.83
1811 120131.97
1812 120133.88
1813 120130.06
1814 120131.02
1815 120132.21
1816 120129.11
1817 120128.15
1818 120137.93
1819 120130.06
1820 120130.06
1821 120135.07
1822 120132.21
1823 120126.96
1824 120131.97
1825 120133.16
1826 120129.11
1827 120131.97
1828 120131.97
1829 120132.21
1830 120137.21
1831 120129.11
1832 120133.16
1833 120136.02
1834 120131.02
1835 120131.02
1836 120131.97
1837 120131.97
1838 120133.16
1839 120131.97
1840 120133.16
1841 120135.07
1842 120131.02
1843 120130.06
1844 120139.12
1845 120133.16
1846 120132.21
1847 120134.83
1848 120131.02
1849 120131.97
1850 120131.97
1851 120128.87
1852 120135.07
1853 120135.07
1854 120130.78
1855 120132.92
1856 120134.12
1857 120130.06
1858 120128.15
1859 120133.88
1860 120133.16
1861 120131.97
1862 120133.16
1863 120132.92
1864 120131.02
1865 120134.12
1866 120130.06
1867 120132.92
1868 120130.06
1869 120131.97
1870 120134.12
1871 120133.16
1872 120129.82
1873 120131.02
1874 120131.02
1875 120130.06
1876 120132.21
1877 120146.99
1878 120136.02
1879 120135.07
1880 120133.16
1881 120134.12
1882 120133.16
1883 120131.02
1884 120131.97
1885 120139.12
1886 120135.07
1887 120131.97
1888 120130.06
1889 120132.92
1890 120131.02
1891 120131.02
1892 120132.92
1893 120131.02
1894 120132.92
1895 120132.92
1896 120131.02
1897 120132.92
1898 120131.97
1899 120133.16
1900 120129.82
1901 120134.12
1902 120128.87
1903 120133.16
1904 120131.02
1905 120128.87
1906 120131.97
1907 120131.02
1908 120131.02
1909 120136.02
1910 120133.88
1911 120131.97
1912 120151.04
1913 120131.02
1914 120130.06
1915 120129.82
1916 120131.02
1917 120131.02
1918 120130.06
1919 120134.83
1920 120127.92
1921 120129.82
1922 120131.02
1923 120131.97
1924 120131.97
1925 120131.02
1926 120131.97
1927 120131.97
1928 120132.92
1929 120130.06
1930 120130.06
1931 120133.88
1932 120126.96
1933 120131.97
1934 120135.07
1935 120129.11
1936 120130.06
1937 120131.02
1938 120131.97
1939 120133.88
1940 120130.06
1941 120131.02
1942 120131.97
1943 120130.06
1944 120128.87
1945 120131.02
1946 120133.88
1947 120130.06
1948 120133.16
1949 120134.12
1950 120128.87
1951 120132.92
1952 120131.97
1953 120131.97
1954 120132.21
1955 120128.87
1956 120131.97
1957 120148.90
1958 120128.87
1959 120131.02
1960 120135.07
1961 120140.08
1962 120133.88
1963 120130.06
1964 120132.92
1965 120130.78
1966 120131.97
1967 120127.92
1968 120131.02
1969 120130.06
1970 120130.78
1971 120131.02
1972 120131.02
1973 120131.97
1974 120130.06
1975 120130.06
1976 120133.88
1977 120130.06
1978 120128.87
1979 120136.02
1980 120131.02
1981 120130.06
1982 120136.02
1983 120131.97
1984 120131.02
1985 120132.92
1986 120129.11
1987 120131.02
1988 120133.88
1989 120128.87
1990 120131.97
1991 120133.88
1992 120131.02
1993 120131.97
1994 120127.92
1995 120129.11
1996 120129.82
1997 120130.06
1998 120131.97
1999 120131.02
2000 120131.02
2001 120130.06
2002 120134.12
2003 120131.97
2004 120129.82
2005 120132.92
2006 120140.08
2007 120131.97
2008 120131.02
2009 120130.06
2010 120131.02
2011 120131.02
2012 120127.92
2013 120135.07
2014 120131.02
2015 120131.02
2016 120130.06
2017 120135.07
2018 120129.11
2019 120131.02
2020 120134.12
2021 120131.02
2022 120132.21
2023 120131.02
2024 120128.87
2025 120135.07
2026 120132.92
2027 120130.06
2028 120134.83
2029 120131.02
2030 120129.11
2031 120131.02
2032 120134.12
2033 120131.97
2034 120130.78
2035 120130.06
2036 120131.02
2037 120131.97
2038 120130.06
2039 120136.02
2040 120131.97
2041 120131.97
2042 120131.02
2043 120131.97
2044 120131.97
2045 120141.98
2046 120126.96
2047 120129.82
2048 120130.06
2049 120131.02
2050 120131.02
2051 120132.92
2052 120130.78
2053 120131.02
2054 120131.02
2055 120135.07
2056 120131.02
2057 120128.87
2058 120134.83
2059 120130.06
2060 120131.02
2061 120131.02
2062 120131.97
2063 120148.90
2064 120130.06
2065 120132.92
2066 120132.92
2067 120132.92
2068 120130.06
2069 120132.92
2070 120130.78
2071 120131.02
2072 120130.06
2073 120129.82
2074 120131.97
2075 120131.02
2076 120127.92
2077 120135.07
2078 120131.02
2079 120128.15
2080 120132.92
2081 120132.92
2082 120131.02
2083 120133.88
2084 120129.82
2085 120137.93
2086 120131.02
2087 120126.96
2088 120133.16
2089 120135.78
2090 120126.01
2091 120133.16
2092 120133.88
2093 120131.97
2094 120130.78
2095 120131.97
2096 120133.88
2097 120133.88
2098 120130.06
2099 120131.97
2100 120152.00
2101 120136.98
2102 120141.98
2103 120134.83
2104 120141.98
2105 120134.12
2106 120141.03
2107 120138.17
2108 120130.06
2109 120133.16
2110 120130.06
2111 120135.07
2112 120131.97
2113 120139.12
2114 120135.07
2115 120141.98
2116 120136.98
2117 120141.03
2118 120133.88
2119 120131.97
2120 120133.88
2121 120140.08
2122 120135.07
2123 120132.21
2124 120139.12
2125 120143.89
2126 120138.88
2127 120136.02
2128 120136.02
2129 120156.05
2130 120141.03
2131 120139.84
2132 120140.08
2133 120144.13
2134 120141.03
2135 120140.08
2136 120137.93
2137 120144.84
2138 120139.12
2139 120137.93
2140 120137.21
2141 120149.14
2142 120136.98
2143 120134.83
2144 120135.78
2145 120147.94
2146 120137.93
2147 120137.93
2148 120137.93
2149 120138.17
2150 120138.88
2151 120143.18
2152 120140.08
2153 120136.02
2154 120136.98
2155 120132.92
2156 120139.12
2157 120135.07
2158 139142.99
2159 134132.86
2160 129145.15
2161 124156.95
2162 120137.93
2163 120140.08
2164 120137.93
2165 120137.93
2166 120141.03
2167 120137.93
2168 120134.83
2169 120137.93
2170 120136.98
2171 120137.93
2172 120136.02
2173 120144.13
2174 120135.07
2175 120144.13
2176 120139.84
2177 120137.93
2178 120134.83
2179 120138.17
2180 120143.89
2181 120136.02
2182 121597.77
2183 121449.95
2184 121313.10
2185 121167.90
2186 120153.19
2187 120137.93
2188 120136.98
2189 120138.17
2190 120850.09
2191 120143.89
2192 120137.93
2193 120144.13
2194 120143.89
2195 120137.93
2196 120134.83
2197 120143.89
2198 120143.18
2199 120134.83
2200 120134.12
2201 120146.04
2202 120139.84
2203 120136.02
2204 120136.02
2205 120139.12
2206 120142.94
2207 120135.07
2208 120141.03
2209 120145.08
2210 120138.17
2211 120137.93
2212 120140.79
2213 120172.02
2214 120137.93
2215 120146.99
2216 120137.93
2217 120134.12
2218 120140.79
2219 120136.98
2220 120136.98
2221 120141.98
2222 120142.94
2223 120134.83
2224 120148.90
2225 120137.93
2226 120137.93
2227 120137.93
2228 120147.94
2229 120144.84
2230 120136.02
2231 120141.98
2232 120141.03
2233 120135.07
2234 120140.08
2235 120148.90
2236 120140.79
2237 120136.02
2238 120136.98
2239 120138.88
2240 120146.99
2241 120136.98
2242 120146.99
2243 120140.08
2244 120146.99
2245 120139.12
2246 120146.04
2247 120138.17
2248 120136.98
2249 120135.78
2250 120147.94
2251 120136.98
2252 120135.07
2253 120136.98
2254 120143.89
2255 120135.07
2256 120133.88
2257 120138.17
2258 120144.84
2259 120138.17
2260 120137.93
2261 120135.78
2262 120135.07
2263 120145.80
2264 120136.02
2265 120147.94
2266 120138.17
2267 120136.02
2268 120136.98
2269 120149.14
2270 120137.93
2271 120139.12
2272 120136.02
2273 120146.04
2274 120140.08
2275 120141.98
2276 120146.99
2277 120136.02
2278 120138.88
2279 120136.02
2280 120136.02
2281 120136.98
2282 120142.94
2283 120138.88
2284 120146.99
2285 120136.02
2286 120136.98
2287 120136.02
2288 120148.90
2289 120138.88
2290 120139.12
2291 120135.07
2292 120142.94
2293 120143.18
2294 120136.98
2295 120146.99
2296 120138.88
2297 120141.03
2298 120136.98
2299 120147.23
2300 120136.02
2301 120136.02
2302 120131.97
2303 120136.02
2304 120142.22
2305 120135.07
2306 120144.84
2307 120141.98
2308 120143.89
2309 120136.98
2310 120145.80
2311 120135.07
2312 120136.98
2313 120135.07
2314 120144.13
2315 120136.98
2316 120136.98
2317 120135.07
2318 120137.93
2319 120136.02
2320 120137.93
2321 120144.84
2322 120141.03
2323 120140.08
2324 120140.08
2325 120141.98
2326 120150.09
2327 120138.88
2328 120134.12
2329 120146.99
2330 120137.93
2331 120136.98
2332 120134.83
2333 120148.90
2334 120137.93
2335 120139.12
2336 120136.02
2337 120145.80
2338 120136.98
2339 120136.98
2340 120136.02
2341 120137.93
2342 120143.89
2343 120133.88
2344 120144.13
2345 120137.93
2346 120136.98
2347 120136.02
2348 120147.94
2349 120136.02
2350 120136.02
2351 120134.12
2352 120145.08
2353 120138.88
2354 120136.02
2355 120138.88
2356 120138.17
2357 120145.08
2358 120138.17
2359 120146.99
2360 120140.08
2361 120146.99
2362 120136.02
2363 120146.99
2364 120136.98
2365 120133.88
2366 120137.21
2367 120136.02
2368 120142.94
2369 120136.02
2370 120143.89
2371 120136.98
2372 120145.80
2373 120136.98
2374 120145.80
2375 120136.98
2376 120133.88
2377 120134.83
2378 120162.96
2379 120135.07
2380 120138.17
2381 120179.89
2382 120213.99
2383 120136.98
2384 120134.12
2385 120143.89
2386 120141.98
2387 120137.93
2388 120138.88
2389 120136.02
2390 120140.08
2391 120138.88
2392 120144.84
2393 120139.12
2394 120136.98
2395 120139.12
2396 120142.94
2397 120141.98
2398 120137.93
2399 120134.83
2400 120136.98
2401 120140.08
2402 120137.21
2403 120142.94
2404 120138.88
2405 120137.21
2406 120136.98
2407 120142.94
2408 120139.84
2409 120139.12
2410 120145.08
2411 120142.94
2412 120144.13
2413 120135.78
2414 120135.78
2415 120133.88
2416 120137.93
2417 120136.98
2418 120143.89
2419 120138.88
2420 120136.02
2421 120136.02
2422 120136.98
2423 120136.98
2424 120137.93
2425 120143.89
2426 120136.98
2427 120146.99
2428 120136.02
2429 120136.02
2430 120136.98
2431 120140.08
2432 120142.94
2433 120137.93
2434 120147.94
2435 120140.08
2436 120146.99
2437 120139.84
2438 120144.13
2439 120141.03
2440 120133.88
2441 120136.98
2442 120152.95
2443 120135.78
2444 120136.02
2445 120139.12
2446 120146.04
2447 120137.93
2448 120136.98
2449 120137.93
2450 120140.08
2451 120148.90
2452 120135.07
2453 120142.94
2454 120141.98
2455 120136.98
2456 120137.93
2457 120143.89
2458 120136.98
2459 120135.78
2460 120136.02
2461 120148.90
2462 120139.12
2463 120132.92
2464 120138.88
2465 120156.05
2466 120141.03
2467 120136.02
2468 120137.93
2469 120135.07
2470 120136.98
2471 120133.88
2472 120137.21
2473 120139.12
2474 120137.21
2475 120145.08
2476 120137.93
2477 120138.17
2478 120141.03
2479 120135.07
2480 120146.99
2481 120137.93
2482 120136.98
2483 120136.98
2484 120138.17
2485 120145.08
2486 120136.02
2487 120142.94
2488 120138.88
2489 120142.94
2490 120136.98
2491 120149.14
2492 120136.98
2493 120144.13
2494 120136.98
2495 120145.08
2496 120137.93
2497 120138.17
2498 120136.02
2499 120146.99
2500 120142.94
2501 120143.18
2502 120136.98
2503 120139.12
2504 120135.07
2505 120134.83
2506 120150.09
2507 120136.02
2508 120141.98
2509 120136.98
2510 120146.04
2511 120135.07
2512 120134.83
2513 120138.17
2514 120144.84
2515 120135.07
2516 120134.83
2517 120136.98
2518 120136.02
2519 120146.04
2520 120136.02
2521 120143.89
2522 120137.93
2523 120134.83
2524 120135.07
2525 120152.00
2526 120136.98
2527 120135.07
2528 120137.93
2529 120136.98
2530 120141.98
2531 120137.93
2532 120140.79
2533 120133.88
2534 120138.17
2535 120131.02
2536 120146.04
2537 121870.04
2538 120134.12
2539 120136.98
2540 120145.08
2541 120132.92
2542 120135.07
2543 120132.92
2544 120137.93
2545 120135.07
2546 120135.78
2547 120144.13
2548 120141.98
2549 120151.04
2550 120136.98
2551 120142.94
2552 120139.12
2553 120138.88
2554 120137.93
2555 120148.18
2556 120135.07
2557 120138.88
2558 120132.92
2559 120142.94
2560 123936.18
2561 127027.99
2562 122032.17
2563 120137.93
2564 120136.98
2565 120135.07
2566 120136.98
2567 120138.17
2568 120141.98
2569 120134.83
2570 120148.18
2571 120137.21
2572 120136.02
2573 120136.98
2574 120145.08
2575 120133.88
2576 120136.02
2577 120131.97
2578 120146.99
2579 120136.02
2580 120133.88
2581 120138.17
2582 120134.12
2583 120142.22
2584 122594.83
2585 128922.94
2586 133627.89
2587 128628.02
2588 123631.95
2589 120133.16
2590 120135.07
2591 120139.84
2592 120140.79
2593 120140.08
2594 120138.88
2595 120136.98
2596 120140.08
2597 120161.06
2598 120136.98
2599 120136.98
2600 120136.02
2601 120134.12
2602 120138.88
2603 120131.97
2604 120134.83
2605 120135.07
2606 120132.92
2607 120134.12
2608 124454.02
2609 130778.07
2610 135470.87
2611 140173.91
2612 135178.80
2613 130191.09
2614 125195.98
2615 120208.02
2616 120134.83
2617 120138.17
2618 120136.02
2619 120149.85
2620 120136.98
2621 120135.78
2622 120128.87
2623 120131.97
2624 120136.02
2625 120133.16
2626 120131.02
2627 120131.97
2628 120136.98
2629 120131.97
2630 120129.11
2631 120140.08
2632 120128.87
2633 120139.84
2634 120131.97
2635 120131.02
2636 120127.92
2637 120131.97
2638 120131.02
2639 120130.06
2640 120131.02
2641 120131.97
2642 120133.16
2643 120133.16
2644 120129.82
2645 120132.92
2646 120131.97
2647 120126.96
2648 120133.16
2649 120131.02
2650 120130.06
2651 120132.92
2652 120130.06
2653 120132.92
2654 120135.07
2655 120128.15
2656 120126.96
2657 120134.12
2658 120131.02
2659 120128.87
2660 120134.12
2661 120132.21
2662 120132.92
2663 120131.02
2664 120129.11
2665 120130.06
2666 120131.97
2667 120129.82
2668 120131.97
2669 120132.92
2670 120129.11
2671 120127.92
2672 120131.97
2673 120130.06
2674 120133.16
2675 120133.16
2676 120131.02
2677 120135.07
2678 120129.11
2679 120128.15
2680 120136.98
2681 120129.11
2682 120128.15
2683 120141.98
2684 120129.82
2685 120130.06
2686 120131.02
2687 120131.02
2688 120131.02
2689 120133.88
2690 120131.97
2691 120128.87
2692 120135.07
2693 120131.02
2694 120129.11
2695 120136.02
2696 120129.82
2697 120129.11
2698 120131.02
2699 120131.97
2700 120127.92
2701 120131.97
2702 120132.21
2703 120130.06
2704 120129.82
2705 120131.02
2706 120131.97
2707 120131.02
2708 120131.97
2709 120129.11
2710 120146.99
2711 120133.16
2712 120128.87
2713 120130.06
2714 120133.16
2715 120130.06
2716 120130.06
2717 120141.03
2718 120132.92
2719 120132.92
2720 120131.02
2721 120131.97
2722 120134.12
2723 120132.92
2724 120131.02
2725 120133.88
2726 120130.78
2727 120127.92
2728 120131.02
2729 120132.92
2730 120128.87
2731 120129.11
2732 120134.12
2733 120130.06
2734 120128.87
2735 120129.11
2736 120131.97
2737 120135.07
2738 120128.87
2739 120130.06
2740 120133.16
2741 120131.02
2742 120127.92
2743 120131.97
2744 120131.97
2745 120129.11
2746 120132.21
2747 120131.97
2748 120127.92
2749 120131.97
2750 120128.87
2751 120131.02
2752 120131.02
2753 120130.78
2754 120131.02
2755 120131.97
2756 120130.06
2757 120131.02
2758 120132.92
2759 120131.02
2760 120132.92
2761 120131.02
2762 120131.97
2763 120131.97
2764 120128.15
2765 120129.11
2766 120131.02
2767 120131.02
2768 120131.02
2769 120134.12
2770 120131.02
2771 120131.97
2772 120131.02
2773 120131.02
2774 120132.92
2775 120133.16
2776 120127.92
2777 120132.92
2778 120131.02
2779 120129.11
2780 120129.11
2781 120131.97
2782 120132.21
2783 120131.97
2784 120134.12
2785 120131.97
2786 120131.97
2787 120131.97
2788 120126.96
2789 120135.07
2790 120131.02
2791 120128.87
2792 120131.02
2793 120133.16
2794 120127.92
2795 120128.87
2796 120135.07
2797 120130.06
2798 120129.11
2799 120130.06
2800 120131.02
2801 120140.08
2802 120135.07
2803 120128.87
2804 120146.99
2805 120133.16
2806 120126.96
2807 120131.02
2808 120128.87
2809 120126.96
2810 120131.97
2811 120132.21
2812 120126.96
2813 120129.11
2814 120129.11
2815 120134.12
2816 120132.92
2817 120131.02
2818 120132.92
2819 120132.92
2820 120131.97
2821 120128.87
2822 120131.97
2823 120131.02
2824 120133.16
2825 120129.11
2826 120131.02
2827 120128.15
2828 120129.82
2829 120130.06
2830 120131.97
2831 120132.92
2832 120130.06
2833 120132.92
2834 120133.88
2835 120128.87
2836 120131.02
2837 120130.06
2838 120131.97
2839 120131.02
2840 120131.02
2841 120133.16
2842 120131.97
2843 120131.02
2844 120128.87
2845 120130.06
2846 120131.02
2847 120131.97
2848 120131.02
2849 120133.88
2850 120131.02
2851 120127.92
2852 120131.02
2853 120131.97
2854 120129.11
2855 120132.92
2856 120131.02
2857 120131.02
2858 120130.06
2859 120127.92
2860 120129.11
2861 120131.02
2862 120129.11
2863 120133.88
2864 120128.15
2865 120130.06
2866 120129.82
2867 120130.06
2868 120130.06
2869 120140.08
2870 120130.06
2871 120150.09
2872 120131.97
2873 120126.96
2874 120128.87
2875 120132.92
2876 120131.02
2877 120134.12
2878 120134.12
2879 120128.87
2880 120133.88
2881 120131.02
2882 120131.02
2883 120131.02
2884 120132.92
2885 120141.98
2886 120134.12
2887 120136.02
2888 120128.87
2889 120133.16
2890 120131.02
2891 120130.06
2892 120131.02
2893 120129.82
2894 120134.12
2895 120134.12
2896 120129.11
2897 120132.92
2898 120133.88
2899 120133.16
2900 120131.02
2901 120130.06
2902 120131.02
2903 120132.92
2904 120129.11
2905 120133.88
2906 120132.21
2907 120130.06
2908 120126.96
2909 120134.12
2910 120133.88
2911 120130.06
2912 120135.07
2913 120131.97
2914 120128.87
2915 120131.02
2916 120130.06
2917 120131.97
2918 120131.97
2919 120131.02
2920 120133.88
2921 120131.02
2922 122971.06
2923 120125.06
2924 120131.97
2925 120133.16
2926 120131.97
2927 120130.06
2928 120131.97
2929 120134.12
2930 120127.92
2931 120130.06
2932 120131.02
2933 120128.87
2934 120131.02
2935 120135.07
2936 120133.16
2937 120129.11
2938 120131.02
2939 120129.82
2940 120132.92
2941 120131.02
2942 120131.02
2943 120131.97
2944 120132.92
2945 120129.11
2946 124780.89
2947 124641.90
2948 120122.91
2949 120131.97
2950 120148.90
2951 120131.02
2952 120130.06
2953 120131.97
2954 120130.06
2955 120131.02
2956 120129.82
2957 120132.92
2958 120133.16
2959 120134.12
2960 120131.02
2961 120130.06
2962 120133.16
2963 120130.06
2964 120130.06
2965 120132.92
2966 120134.83
2967 120128.87
2968 120131.97
2969 120141.98
2970 128208.16
2971 132915.02
2972 131149.05
2973 126156.09
2974 121165.04
2975 120130.78
2976 120136.98
2977 120138.17
2978 120131.97
2979 120131.02
2980 120127.92
2981 120128.87
2982 120134.12
2983 120128.15
2984 120131.02
2985 120132.92
2986 120129.82
2987 120128.87
2988 120134.12
2989 120131.97
2990 120132.92
2991 120131.02
2992 120131.97
2993 122158.05
2994 126857.04
2995 133176.09
2996 133033.04
2997 138541.94
2998 133540.15
2999 128555.06
3000 123566.87
3001 120125.06
3002 120129.82
3003 120131.02
3004 120134.12
3005 120131.02
3006 120131.97
3007 120139.12
3008 120131.02
3009 120130.78
3010 120131.02
3011 120131.97
3012 120129.11
3013 120130.06
3014 120131.97
3015 120134.12
3016 120130.06
3017 120126.01
3018 120130.78
3019 120128.87
3020 120131.97
3021 120934.96
3022 120785.95
3023 122260.09
3024 122123.00
3025 120123.86
3026 120136.02
3027 120132.92
3028 120132.92
3029 120134.12
3030 120131.02
3031 120131.97
3032 120131.02
3033 120129.11
3034 120132.21
3035 120131.02
3036 120129.11
3037 120132.92
3038 120134.83
3039 120132.92
3040 120132.21
3041 120177.03
3042 120130.06
3043 120132.92
3044 120128.87
3045 120133.88
3046 121084.21
3047 122555.97
3048 122413.16
3049 120126.96
3050 120129.11
3051 120131.02
3052 120135.07
3053 120139.12
3054 120134.12
3055 120130.06
3056 120131.02
3057 120132.92
3058 120128.87
3059 120129.11
3060 120132.92
3061 120131.02
3062 120128.15
3063 120131.97
3064 120131.02
3065 120355.84
3066 120216.13
3067 120131.02
3068 121541.98
3069 121392.97
3070 122871.16
3071 122718.10
3072 122579.10
3073 120126.96
3074 120127.92
3075 120132.92
3076 120130.06
3077 120128.15
3078 120131.97
3079 120130.06
3080 120129.82
3081 120131.97
3082 120126.96
3083 120134.12
3084 120132.92
3085 120127.92
3086 120130.06
3087 120135.07
3088 120744.94
3089 120598.08
3090 120460.03
3091 121118.07
3092 120980.02
3093 122449.87
3094 122308.02
3095 122165.92
3096 122024.06
3097 120259.05
3098 120130.06
3099 120130.06
3100 120132.92
3101 120129.82
3102 120131.97
3103 120132.21
3104 120129.82
3105 120130.78
3106 120130.78
3107 120127.92
3108 120129.11
3109 120131.97
3110 120131.02
3111 120129.11
3112 120131.97
3113 120761.87
3114 120633.13
3115 122101.07
3116 121957.06
3117 121810.91
3118 123289.11
3119 123139.86
3120 122193.10
3121 121245.86
3122 120128.87
3123 120130.06
3124 120128.87
3125 120131.97
3126 120128.15
3127 120131.02
3128 120132.92
3129 120130.06
3130 120128.15
3131 120131.02
3132 120131.02
3133 120131.02
3134 120131.97
3135 120131.02
3136 120133.16
3137 120137.93
3138 120907.78
3139 120764.02
3140 120616.91
3141 120476.96
3142 120332.00
3143 123422.15
3144 122478.01
3145 121536.97
3146 120130.06
3147 120128.15
3148 120133.16
3149 120131.02
3150 120130.06
3151 120134.12
3152 120131.97
3153 120129.11
3154 120134.12
3155 120128.87
3156 120130.06
3157 120133.88
3158 120130.06
3159 120129.82
3160 120128.87
3161 120131.02
3162 121907.00
3163 121758.94
3164 121620.89
3165 121471.17
3166 122948.88
3167 122798.92
3168 123466.01
3169 122500.90
3170 120126.96
3171 120135.07
3172 120129.11
3173 120131.02
3174 120131.97
3175 120129.11
3176 120130.06
3177 120133.88
3178 120130.06
3179 120131.97
3180 120131.02
3181 120136.02
3182 120131.97
3183 120960.00
3184 120826.96
3185 120673.89
3186 122151.14
3187 122001.89
3188 121860.98
3189 123341.08
3190 124008.18
3191 123864.17
3192 122917.89
3193 122779.85
3194 120127.20
3195 120130.78
3196 120133.88
3197 120131.02
3198 120130.06
3199 120131.97
3200 120132.92
3201 120131.97
3202 120129.82
3203 120130.06
3204 120128.15
3205 120130.06
3206 120133.88
3207 120404.01
3208 120258.09
3209 121738.91
3210 121593.00
3211 121448.04
3212 121307.13
3213 121187.21
3214 122639.18
3215 122499.94
3216 122368.10
3217 123033.05
3218 120465.04
3219 120133.88
3220 120131.97
3221 120138.88
3222 120133.88
3223 120131.02
3224 120131.97
3225 120131.97
3226 120130.06
3227 120129.82
3228 120132.92
3229 120131.02
3230 120133.16
3231 120645.05
3232 120512.01
3233 120364.90
3234 120226.14
3235 121699.09
3236 123173.00
3237 123033.05
3238 122896.91
3239 122748.14
3240 122611.05
3241 124085.19
3242 122333.05
3243 120126.01
3244 120131.02
3245 120131.02
3246 120131.02
3247 120128.87
3248 120131.02
3249 120130.06
3250 120129.82
3251 120128.87
3252 120134.83
3253 120131.02
3254 120128.87
3255 120870.11
3256 120738.98
3257 122212.17
3258 122065.07
3259 121924.88
3260 121781.83
3261 123254.06
3262 123921.87
3263 123775.96
3264 123636.96
3265 123497.01
3266 124975.92
3267 120122.91
3268 120133.88
3269 120128.15
3270 120134.12
3271 120131.97
3272 120130.06
3273 120127.92
3274 120132.21
3275 120129.11
3276 120131.02
3277 120130.06
3278 120134.12
3279 120131.02
3280 120131.02
3281 120815.99
3282 120664.12
3283 120520.83
3284 121998.07
3285 121854.07
3286 123328.21
3287 122379.78
3288 122241.02
3289 122100.11
3290 121962.07
3291 121824.03
3292 120125.06
3293 120131.97
3294 120133.16
3295 120131.02
3296 120128.15
3297 120132.92
3298 120127.92
3299 120130.06
3300 120130.06
3301 120131.97
3302 120128.15
3303 120128.87
3304 121253.01
3305 121114.97
3306 120972.16
3307 120825.05
3308 122302.06
3309 122153.04
3310 122017.86
3311 122676.13
3312 122538.09
3313 122411.01
3314 122263.19
3315 123739.00
3316 120127.92
3317 120131.97
3318 120132.21
3319 120130.06
3320 120132.92
3321 120130.06
3322 120126.96
3323 120131.97
3324 120131.02
3325 120133.88
3326 120175.12
3327 120131.97
3328 121490.96
3329 121350.05
3330 121207.00
3331 122677.80
3332 122534.04
3333 122396.95
3334 122247.93
3335 123723.03
3336 123582.12
3337 122633.93
3338 124099.02
3339 123968.12
3340 120591.88
3341 120126.01
3342 120131.02
3343 120130.06
3344 120129.11
3345 120128.15
3346 120127.92
3347 120129.11
3348 120126.96
3349 120606.90
3350 120447.87
3351 121801.85
3352 123277.19
3353 123932.84
3354 123794.08
3355 123643.88
3356 123500.82
3357 123354.20
3358 123219.01
3359 123071.91
3360 123728.04
3361 125201.94
3362 125056.03
3363 124914.88
3364 123149.87
3365 120128.87
3366 120126.96
3367 120123.15
3368 120127.92
3369 120126.96
3370 120126.01
3371 120125.06
3372 120126.96
3373 120743.99
3374 120128.87
3375 120335.10
3376 121001.01
3377 122468.95
3378 122321.13
3379 122180.94
3380 122038.13
3381 121891.02
3382 123359.92
3383 124027.01
3384 122259.86
3385 123739.00
3386 123589.99
3387 123448.85
3388 126531.84
3389 121541.02
3390 120128.87
3391 120126.01
3392 120131.02
3393 120128.15
3394 120122.91
3395 120129.11
3396 120125.06
3397 120905.88
3398 120709.18
3399 120563.98
3400 122030.97
3401 121893.17
3402 121747.97
3403 123225.93
3404 123080.02
3405 122133.97
3406 123598.10
3407 123460.05
3408 123312.95
3409 123172.04
3410 124643.09
3411 124495.98
3412 123544.93
3413 125023.13
3414 120120.05
3415 120123.15
3416 120126.96
3417 120126.96
3418 120127.92
3419 120126.96
3420 120128.87
3421 120150.09
3422 120880.13
3423 122357.85
3424 122209.07
3425 122071.03
3426 121113.06
3427 122591.97
3428 124073.98
3429 122303.01
3430 123775.01
3431 123636.96
3432 123490.10
3433 125768.90
3434 125617.98
3435 125479.94
3436 123718.02
3437 125196.22
3438 123435.97
3439 120124.10
3440 120133.16
3441 120126.01
3442 120125.06
3443 120145.08
3444 120126.96
3445 120126.01
3446 121881.96
3447 121737.00
3448 121593.95
3449 121444.94
3450 122923.14
3451 122776.03
3452 122636.08
3453 123296.98
3454 123155.83
3455 123010.87
3456 122869.97
3457 122725.01
3458 124194.86
3459 124053.00
3460 124718.90
3461 124571.08
3462 124433.99
3463 121049.88
3464 120126.01
3465 120126.96
3466 120128.15
3467 120126.96
3468 120129.11
3469 120127.92
3470 120151.04
3471 121103.05
3472 120962.14
3473 123239.04
3474 123095.99
3475 122952.94
3476 122809.17
3477 122666.84
3478 124143.84
3479 123994.11
3480 124661.92
3481 124516.96
3482 124375.82
3483 124228.00
3484 125705.96
3485 125561.00
3486 125419.14
3487 124464.04
3488 120123.15
3489 120129.82
3490 120125.06
3491 120126.96
3492 120249.03
3493 121649.98
3494 121512.89
3495 122981.07
3496 122842.07
3497 121079.92
3498 123361.11
3499 123213.05
3500 123072.86
3501 122927.19
3502 124402.05
3503 124257.09
3504 124122.14
3505 124782.80
3506 124644.04
3507 124491.93
3508 125965.12
3509 125815.87
3510 125679.02
3511 125532.87
3512 123775.01
3513 120124.82
3514 120125.06
3515 120645.05
3516 120127.92
3517 120208.02
3518 120124.10
3519 123157.98
3520 123014.93
3521 122864.01
3522 122723.10
3523 121761.80
3524 123238.09
3525 124705.08
3526 124567.99
3527 124423.98
3528 124279.98
3529 124144.08
3530 124804.97
3531 126274.11
3532 126134.87
3533 125988.01
3534 125844.00
3535 125691.89
3536 125555.04
3537 122177.84
3538 120126.96
3539 120124.82
3540 120127.92
3541 121990.92
3542 121849.78
3543 123327.97
3544 123183.97
3545 123035.91
3546 122895.00
3547 121939.90
3548 123412.13
3549 124895.10
3550 124747.99
3551 124600.17
3552 124455.93
3553 124311.21
3554 124975.92
3555 126446.01
3556 123759.98
3557 120131.02
3558 120126.01
3559 120125.06
3560 120127.92
3561 120131.02
3562 120129.11
3563 120619.06
3564 120166.06
3565 120131.02
3566 120125.06
3567 120126.01
3568 120630.03
3569 120128.15
3570 120123.86
3571 120125.06
3572 120124.10
3573 120126.01
3574 120227.10
3575 120124.82
3576 120126.96
3577 120124.10
3578 120122.91
3579 120125.06
3580 120177.98
3581 120121.96
3582 120125.06
3583 120125.06
3584 120126.01
3585 120126.96
3586 120128.87
3587 120129.11
3588 120121.00
3589 120123.15
3590 120124.82
3591 120129.82
3592 120126.96
3593 120128.15
3594 120245.22
3595 120126.01
3596 120124.10
3597 120123.86
3598 120125.06
3599 120257.14
3600 120128.87
3601 120125.06
3602 120124.10
3603 120125.06
3604 120121.96
3605 120211.84
3606 120419.03
3607 120266.91
3608 120126.96
3609 120126.96
3610 120126.01
3611 120123.15
3612 120124.82
3613 120126.01
3614 120124.10
3615 120125.77
3616 120122.91
3617 120126.96
3618 120126.96
3619 120123.15
3620 120124.82
3621 120126.01
3622 120126.01
3623 120126.96
3624 120127.92
3625 120227.10
3626 120127.20
3627 120126.96
3628 120311.02
3629 120126.96
3630 120129.11
3631 120171.07
3632 120126.01
3633 120125.06
3634 120124.82
3635 120128.87
3636 120124.10
3637 120123.15
3638 120127.92
3639 120126.01
3640 120130.06
3641 120136.02
3642 120147.94
3643 120126.96
3644 120125.06
3645 120124.10
3646 120126.96
3647 120126.01
3648 120126.96
3649 120126.01
3650 120127.20
3651 120126.01
3652 120128.15
3653 120126.96
3654 120128.15
3655 120129.82
3656 120127.92
3657 120125.06
3658 120282.89
3659 120288.13
3660 120123.86
3661 120124.10
3662 120125.06
3663 120284.08
3664 120123.86
3665 120121.96
3666 120124.10
3667 120122.91
3668 120120.05
3669 120126.01
3670 120127.92
3671 120126.01
3672 120126.01
3673 120126.01
3674 120126.96
3675 120198.97
3676 120126.01
3677 120128.15
3678 120126.01
3679 120125.06
3680 120127.20
3681 120461.94
3682 120124.82
3683 120124.10
3684 120278.84
3685 120480.06
3686 120126.01
3687 120124.82
3688 120125.06
3689 120126.01
3690 120213.99
3691 120122.91
3692 120128.87
3693 120123.15
3694 120124.82
3695 120124.10
3696 120126.96
3697 120121.96
3698 120122.19
3699 120121.96
3700 120126.01
3701 120125.06
3702 120126.01
3703 120125.06
3704 120126.96
3705 120125.06
3706 120125.06
3707 120126.96
3708 120124.10
3709 120122.91
3710 120164.87
3711 120373.96
3712 120124.10
3713 120123.15
3714 120124.82
3715 120257.85
3716 120480.06
3717 120152.00
3718 120126.96
3719 120123.86
3720 120123.86
3721 120205.88
3722 120122.91
3723 120321.04
3724 120124.82
3725 120132.92
3726 120125.77
3727 120126.96
3728 120125.06
3729 120127.92
3730 120257.14
3731 120126.96
3732 120126.96
3733 120123.86
3734 120126.96
3735 120124.82
3736 120416.88
3737 120146.04
3738 120127.92
3739 120123.15
3740 120429.99
3741 120178.94
3742 120126.01
3743 120224.95
3744 120126.01
3745 120127.20
3746 120274.07
3747 120127.20
3748 120127.92
3749 120127.92
3750 120125.06
3751 120126.01
3752 120126.01
3753 120129.11
3754 120125.06
3755 120124.82
3756 120127.92
3757 120124.82
3758 120123.86
3759 120126.96
3760 120128.87
3761 120123.15
3762 120122.91
3763 120126.01
3764 120129.11
3765 120126.96
3766 120214.94
3767 120123.86
3768 120302.92
3769 120124.10
3770 120219.95
3771 120290.04
3772 120156.05
3773 120687.01
3774 120209.93
3775 120125.06
3776 120121.96
3777 120123.86
3778 120236.16
3779 120307.92
3780 120153.90
3781 120126.01
3782 120126.01
3783 120131.02
3784 120126.96
3785 120124.10
3786 120130.06
3787 120128.15
3788 120126.96
3789 120127.20
3790 120132.92
3791 120290.04
3792 120125.06
3793 120129.11
3794 120160.10
3795 120127.92
3796 120126.01
3797 120220.18
3798 120126.01
3799 120126.96
3800 120124.10
3801 120126.96
3802 120123.15
3803 120122.19
3804 120136.02
3805 120128.15
3806 120123.86
3807 120122.91
3808 120203.02
3809 120138.88
3810 120126.96
3811 120486.02
3812 120481.97
3813 120131.97
3814 120127.20
3815 120126.01
3816 120126.01
3817 120125.06
3818 120301.01
3819 120122.91
3820 120131.02
3821 120123.86
3822 120126.01
3823 120126.96
3824 120122.91
3825 120126.96
3826 120152.00
3827 120127.92
3828 120132.92
3829 120688.92
3830 120124.82
3831 120131.97
3832 120126.96
3833 120567.08
3834 120125.06
3835 120588.06
3836 120123.86
3837 120125.06
3838 120126.96
3839 120157.96
3840 120124.10
3841 120241.17
3842 120127.92
3843 120126.01
3844 120128.15
3845 120126.01
3846 120126.01
3847 120193.00
3848 120126.01
3849 120125.06
3850 120127.92
3851 120180.85
3852 120123.15
3853 120279.79
3854 120131.02
3855 120123.86
3856 120256.90
3857 120126.96
3858 120128.87
3859 120127.92
3860 120125.06
3861 120128.87
3862 120128.87
3863 120280.03
3864 120125.06
3865 120527.98
3866 120126.01
3867 120473.15
3868 120313.88
3869 120130.06
3870 120125.06
3871 120123.86
3872 120125.06
3873 120129.82
3874 120126.96
3875 120126.96
3876 120203.02
3877 120427.85
3878 120126.96
3879 120125.06
3880 120131.02
3881 120286.23
3882 120175.12
3883 120128.15
3884 120123.86
3885 120460.03
3886 120125.06
3887 120565.89
3888 120125.06
3889 120476.01
3890 120128.15
3891 120762.83
3892 120390.89
3893 120136.98
3894 120128.87
3895 120128.15
3896 120131.97
3897 120126.96
3898 120126.96
3899 120125.77
3900 120126.01
3901 120128.15
3902 120440.01
3903 120173.93
3904 120131.02
3905 120127.92
3906 120476.01
3907 120468.14
3908 120123.86
3909 120125.06
3910 120126.01
3911 120122.91
3912 120123.86
3913 120610.00
3914 120128.87
3915 120126.01
3916 120125.06
3917 120125.06
3918 120130.06
3919 120502.00
3920 120126.96
3921 120127.20
3922 120131.97
3923 120125.06
3924 120324.13
3925 120132.21
3926 120127.92
3927 120633.13
3928 120126.96
3929 120134.12
3930 120240.93
3931 120126.96
3932 120132.21
3933 120582.10
3934 120158.20
3935 120127.92
3936 120404.01
3937 120131.97
3938 120345.83
3939 120124.10
3940 120154.86
3941 120131.02
3942 120123.86
3943 120594.02
3944 120572.09
3945 120306.97
3946 120136.98
3947 120123.86
3948 120228.05
3949 120249.99
3950 120125.06
3951 120126.96
3952 120129.11
3953 120126.96
3954 120129.11
3955 120133.16
3956 120129.11
3957 120128.15
3958 120123.86
3959 120135.07
3960 120490.07
3961 120126.01
3962 120443.11
3963 120126.96
3964 120265.01
3965 120126.01
3966 120126.01
3967 120130.78
3968 120126.96
3969 120440.01
3970 120127.92
3971 120127.20
3972 120124.82
3973 120128.87
3974 120359.90
3975 120135.07
3976 120126.96
3977 120150.09
3978 120472.91
3979 120127.20
3980 120409.97
3981 120128.87
3982 120182.99
3983 120131.97
3984 120956.90
3985 120131.02
3986 120560.88
3987 120158.91
3988 120127.20
3989 120130.06
3990 120344.88
3991 120128.15
3992 120321.04
3993 120129.82
3994 120126.01
3995 120316.98
3996 120127.20
3997 120131.02
3998 120646.95
3999 120411.16
4000 120129.82
4001 120785.95
4002 120581.87
4003 120124.10
4004 120128.15
4005 120122.91
4006 120123.15
4007 120425.94
4008 121093.99
4009 120126.01
4010 120163.92
4011 120126.01
4012 120124.82
4013 120389.94
4014 120461.94
4015 120130.06
4016 120129.11
4017 120341.78
4018 120189.91
4019 120429.99
4020 120470.05
4021 120127.20
4022 120244.03
4023 120259.05
4024 120126.96
4025 120898.01
4026 120178.94
4027 120129.11
4028 120558.02
4029 120629.07
4030 120131.02
4031 120537.04
4032 120683.91
4033 120143.18
4034 120491.98
4035 120126.01
4036 120129.82
4037 120122.91
4038 120126.01
4039 120380.88
4040 120126.96
4041 120129.11
4042 120383.98
4043 120264.05
4044 120126.96
4045 120126.96
4046 120127.92
4047 120462.89
4048 120383.02
4049 120527.03
4050 120152.00
4051 120126.01
4052 120168.92
4053 120412.11
4054 120194.91
4055 120661.97
4056 120126.01
4057 120273.11
4058 120619.06
4059 120124.82
4060 120126.96
4061 120139.84
4062 120131.02
4063 120127.92
4064 120267.15
4065 120127.92
4066 120125.06
4067 120126.96
4068 120282.89
4069 120359.90
4070 120126.96
4071 120128.87
4072 120506.05
4073 120131.02
4074 120127.92
4075 120238.07
4076 120130.06
4077 120188.95
4078 120126.96
4079 120451.93
4080 120130.06
4081 120759.01
4082 120774.98
4083 120127.92
4084 120126.96
4085 120191.10
4086 120125.06
4087 120129.11
4088 120126.01
4089 120129.11
4090 120332.00
4091 120126.01
4092 120259.05
4093 120481.01
4094 120136.98
4095 120141.98
4096 120286.94
4097 120954.04
4098 120132.21
4099 120455.03
4100 120496.03
4101 120127.92
4102 120131.02
4103 120586.87
4104 120620.97
4105 120125.06
4106 120914.94
4107 120126.96
4108 120129.11
4109 120327.00
4110 120277.17
4111 120128.87
4112 120543.00
4113 120131.02
4114 120807.17
4115 120169.88
4116 120125.06
4117 120438.10
4118 120126.96
4119 120126.01
4120 120584.96
4121 120556.83
4122 120128.15
4123 120581.15
4124 120456.93
4125 120225.19
4126 120749.00
4127 120718.96
4128 120702.98
4129 120396.85
4130 120882.99
4131 120121.96
4132 120125.06
4133 120146.99
4134 120218.99
4135 120124.10
4136 120487.93
4137 120127.20
4138 120759.96
4139 120824.10
4140 120132.21
4141 120125.06
4142 120126.01
4143 120590.93
4144 121250.87
4145 121052.98
4146 120455.98
4147 120412.11
4148 120126.01
4149 120124.10
4150 120869.87
4151 120666.03
4152 120815.99
4153 120198.01
4154 120128.87
4155 120131.02
4156 120772.12
4157 120126.96
4158 121306.90
4159 120126.96
4160 120200.87
4161 120125.06
4162 120128.87
4163 120128.15
4164 121273.99
4165 120125.06
4166 120126.96
4167 120532.04
4168 120504.86
4169 120992.90
4170 120124.10
4171 120270.97
4172 120599.03
4173 120129.11
4174 120130.06
4175 120126.01
4176 121289.97
4177 120560.17
4178 120128.15
4179 120126.01
4180 120890.14
4181 120125.06
4182 120123.15
4183 120409.97
4184 120144.84
4185 120707.04
4186 120262.86
4187 120812.18
4188 121230.84
4189 120713.00
4190 120130.06
4191 121144.06
4192 121286.15
4193 121426.82
4194 120806.93
4195 120126.96
4196 120755.91
4197 121430.87
4198 120883.94
4199 120127.92
4200 121104.96
4201 121251.82
4202 120126.01
4203 120128.15
4204 120315.07
4205 120630.03
4206 120129.11
4207 120543.96
4208 120123.15
4209 121004.82
4210 120203.02
4211 120264.05
4212 121532.92
4213 120124.10
4214 120130.06
4215 120584.01
4216 121595.86
4217 120872.02
4218 120311.98
4219 120134.12
4220 121623.99
4221 120904.92
4222 120191.10
4223 121329.07
4224 121473.07
4225 121615.89
4226 120127.92
4227 120131.97
4228 120127.20
4229 120951.89
4230 120534.18
4231 120122.91
4232 120125.06
4233 120604.99
4234 120669.84
4235 120825.05
4236 120970.96
4237 120341.78
4238 120738.98
4239 120887.04
4240 120161.06
4241 120310.07
4242 121313.81
4243 120597.84
4244 120278.12
4245 121285.92
4246 121426.11
4247 120754.96
4248 120897.05
4249 121045.11
4250 120127.92
4251 120771.17
4252 120251.89
4253 120399.00
4254 120810.03
4255 120542.76
4256 120475.05
4257 120125.06
4258 120960.00
4259 120254.04
4260 120394.95
4261 120122.91
4262 120159.15
4263 121172.90
4264 121315.00
4265 121460.91
4266 122462.03
4267 121744.87
4268 121886.01
4269 122035.03
4270 123039.01
4271 122316.12
4272 122455.84
4273 123466.97
4274 120124.10
4275 120195.87
4276 120122.91
4277 120522.98
4278 120759.01
4279 121026.99
4280 121499.06
4281 120126.96
4282 121251.11
4283 121261.84
4284 120883.94
4285 120126.01
4286 120471.95
4287 121484.04
4288 121105.19
4289 121769.91
4290 121907.95
4291 121541.98
4292 122198.10
4293 122344.02
4294 123012.07
4295 123671.05
4296 122769.83
4297 123439.07
4298 120982.17
4299 120682.95
4300 121042.01
4301 120595.93
4302 121258.97
4303 121053.93
4304 121021.03
4305 120645.05
4306 120361.09
4307 121411.09
4308 121202.95
4309 120388.03
4310 121115.92
4311 120931.86
4312 121592.04
4313 121567.01
4314 121360.06
4315 120990.04
4316 122171.16
4317 122831.82
4318 122452.02
4319 122601.99
4320 123258.11
4321 123919.96
4322 123023.03
4323 122647.05
4324 123310.09
4325 122416.97
4326 123076.92
4327 122704.98
4328 122845.17
4329 123512.98
4330 122611.05
4331 123798.85
4332 123763.08
4333 120795.01
4334 120590.93
4335 120738.98
4336 120354.89
4337 121037.01
4338 121682.88
4339 121824.03
4340 121785.16
4341 122104.17
4342 123293.16
4343 122906.92
4344 123569.97
4345 123539.92
4346 123334.17
4347 122959.85
4348 124151.95
4349 124807.12
4350 124423.98
4351 124569.89
4352 125230.79
4353 125896.93
4354 124998.09
4355 125833.99
4356 126320.84
4357 126465.08
4358 126601.93
4359 127616.17
4360 127405.88
4361 127036.09
4362 127523.90
4363 127842.90
4364 127289.06
4365 127954.01
4366 128274.92
4367 129106.04
4368 129081.01
4369 128704.79
4370 129367.11
4371 130715.85
4372 129822.97
4373 130477.91
4374 130449.06
4375 131278.04
4376 130558.01
4377 132085.08
4378 131194.83
4379 131864.07
4380 132343.05
4381 132831.10
4382 132967.95
4383 133974.08
4384 134116.17
4385 133567.09
4386 133880.85
4387 134721.99
4388 133991.00
4389 134997.84
4390 134107.11
4391 135634.18
4392 135257.96
4393 135743.14
4394 136049.99
4395 135847.09
4396 137027.98
4397 137169.84
4398 136450.05
4399 137105.94
4400 137954.95
4401 138262.03
4402 137714.86
4403 137328.86
4404 138846.87
4405 138640.88
4406 138961.08
4407 139266.01
4408 139063.12
4409 139894.96
4410 139697.07
4411 139315.84
4412 139808.89
4413 138910.06
4414 139406.92
4415 139718.06
4416 140730.86
4417 139307.02
4418 139807.22
4419 139256.95
4420 140264.03
4421 139369.96
4422 139166.12
4423 139653.92
4424 139276.03
4425 139945.03
4426 138520.00
4427 137629.99
4428 138983.96
4429 139480.11
4430 139791.97
4431 139590.98
4432 138694.05
4433 139708.04
4434 138811.11
4435 140342.00
4436 138581.99
4437 138038.87
4438 138006.93
4439 133652.93
4440 129290.82
4441 124768.97
4442 120413.06
4443 120122.19
4444 120126.96
4445 120127.92
4446 120123.15
4447 120125.77
4448 120124.10
4449 120128.15
4450 120122.91
4451 120126.96
4452 120126.96
4453 120124.10
4454 120123.86
4455 120126.96
4456 120124.10
4457 120122.91
4458 120123.15
4459 120127.92
4460 120122.91
4461 120123.15
4462 120124.10
4463 120121.00
4464 120123.15
4465 120121.96
4466 120127.92
4467 120129.82
4468 120125.06
4469 120123.15
4470 120123.86
4471 120126.01
4472 120122.19
4473 120125.06
4474 120127.92
4475 120123.86
4476 120125.06
4477 120124.82
4478 120128.87
4479 120123.15
4480 120122.91
4481 120136.02
4482 120128.87
4483 120123.15
4484 120127.92
4485 120126.01
4486 120126.01
4487 120122.91
4488 120124.82
4489 120121.00
4490 120125.06
4491 120124.10
4492 120122.91
4493 120126.01
4494 120126.01
4495 120121.96
4496 120121.96
4497 120129.11
4498 120124.82
4499 120127.20
4500 120127.92
4501 120125.06
4502 120123.86
4503 120122.91
4504 120121.96
4505 120126.96
4506 120124.10
4507 120128.15
4508 120124.10
4509 120128.15
4510 120122.91
4511 120125.06
4512 120126.96
4513 120125.06
4514 120126.01
4515 120124.82
4516 120128.15
4517 120125.06
4518 120123.15
4519 120126.01
4520 120123.86
4521 120124.10
4522 120125.06
4523 120124.10
4524 120122.91
4525 120124.10
4526 120126.01
4527 120122.91
4528 120122.91
4529 120122.19
4530 120122.91
4531 120130.06
4532 120122.91
4533 120123.86
4534 120127.20
4535 120128.15
4536 120121.96
4537 120122.91
4538 120129.11
4539 120125.06
4540 120125.06
4541 120126.01
4542 120126.96
4543 120123.86
4544 120120.05
4545 120127.92
4546 120129.82
4547 120128.15
4548 120126.96
4549 120141.98
4550 120127.92
4551 120123.86
4552 120126.01
4553 120126.96
4554 120127.92
4555 120126.96
4556 120123.86
4557 120126.96
4558 120124.10
4559 120121.96
4560 120124.10
4561 120130.06
4562 120123.15
4563 120126.96
4564 120126.01
4565 120134.83
4566 120131.02
4567 120121.96
4568 120128.87
4569 120125.06
4570 120123.86
4571 120122.91
4572 120126.96
4573 120125.06
4574 120128.15
4575 120127.92
4576 120130.06
4577 120126.01
4578 120126.01
4579 120127.20
4580 120125.06
4581 120126.96
4582 120123.86
4583 120131.02
4584 120122.91
4585 120126.01
4586 120126.96
4587 120131.02
4588 120121.00
4589 120130.06
4590 120125.06
4591 120127.92
4592 120127.20
4593 120125.06
4594 120126.96
4595 120129.11
4596 120126.01
4597 120123.15
4598 120126.96
4599 120128.15
4600 120127.20
4601 120127.92
4602 120131.02
4603 120121.96
4604 120125.06
4605 120130.06
4606 120128.15
4607 120126.96
4608 120126.96
4609 120126.96
4610 120129.82
4611 120126.01
4612 120126.01
4613 120129.82
4614 120131.02
4615 120124.82
4616 120145.08
4617 120125.06
4618 120123.86
4619 120125.06
4620 120126.01
4621 120130.06
4622 120126.01
4623 120122.91
4624 120130.06
4625 120131.02
4626 120128.15
4627 120124.82
4628 120127.20
4629 120126.96
4630 120127.92
4631 120121.00
4632 120127.92
4633 120126.01
4634 120126.01
4635 120126.96
4636 120125.06
4637 120125.06
4638 120131.02
4639 120127.92
4640 120127.92
4641 120126.01
4642 120126.01
4643 120136.02
4644 120128.87
4645 120125.06
4646 120126.96
4647 120126.96
4648 120128.87
4649 120133.88
4650 120129.11
4651 120128.87
4652 120125.06
4653 120126.96
4654 120129.11
4655 120126.01
4656 120125.06
4657 120126.01
4658 120129.11
4659 120126.96
4660 120126.96
4661 120125.06
4662 120126.96
4663 120126.01
4664 120131.97
4665 120127.92
4666 120126.01
4667 120123.86
4668 120125.06
4669 120126.96
4670 120128.15
4671 120126.01
4672 120126.01
4673 120127.92
4674 120124.10
4675 120125.06
4676 120123.15
4677 120129.82
4678 120125.06
4679 120126.96
4680 120128.15
4681 120126.96
4682 120124.10
4683 120124.10
4684 120125.06
4685 120126.01
4686 120125.06
4687 120128.15
4688 120129.11
4689 120128.87
4690 120127.92
4691 120127.20
4692 120126.96
4693 120126.01
4694 120125.06
4695 120129.11
4696 120128.15
4697 120124.10
4698 120124.10
4699 120126.01
4700 120129.11
4701 120125.06
4702 120130.06
4703 120126.96
4704 120131.02
4705 120126.01
4706 120126.96
4707 120128.87
4708 120127.20
4709 120126.96
4710 120138.88
4711 120126.96
4712 120125.06
4713 120122.91
4714 120128.15
4715 120127.92
4716 120126.01
4717 120130.06
4718 120125.06
4719 120126.01
4720 120127.20
4721 120126.01
4722 120130.06
4723 120124.10
4724 120126.01
4725 120123.86
4726 120127.92
4727 120126.01
4728 120126.01
4729 120126.96
4730 120131.97
4731 120124.10
4732 120127.92
4733 120136.02
4734 120131.02
4735 120127.20
4736 120126.96
4737 120141.98
4738 120126.01
4739 120125.06
4740 120125.06
4741 120130.06
4742 120126.96
4743 120123.86
4744 120129.11
4745 120127.20
4746 120124.10
4747 120124.10
4748 120128.87
4749 120127.92
4750 120128.15
4751 120124.82
4752 120126.96
4753 120125.06
4754 120130.06
4755 120125.06
4756 120131.02
4757 120126.96
4758 120123.86
4759 120126.96
4760 120126.96
4761 120123.86
4762 120126.96
4763 120124.82
4764 120130.06
4765 120128.15
4766 120125.06
4767 120131.97
4768 120126.01
4769 120124.10
4770 120126.01
4771 120129.11
4772 120123.86
4773 120128.15
4774 120127.92
4775 120125.06
4776 120126.01
4777 120123.86
4778 120127.20
4779 120128.87
4780 120127.92
4781 120126.96
4782 120144.84
4783 120126.96
4784 120124.82
4785 120127.92
4786 120128.15
4787 120126.01
4788 120126.01
4789 120126.96
4790 120127.92
4791 120124.82
4792 120126.01
4793 120126.96
4794 120129.11
4795 120126.96
4796 120128.87
4797 120129.11
4798 120130.06
4799 120126.01
4800 120128.15
4801 120131.02
4802 120125.06
4803 120125.06
4804 120134.83
4805 120129.11
4806 120130.06
4807 120126.96
4808 120126.01
4809 120128.87
4810 120127.92
4811 120126.01
4812 120130.06
4813 120127.92
4814 120126.96
4815 120125.06
4816 120129.11
4817 120133.88
4818 120131.97
4819 120124.82
4820 120133.16
4821 120124.10
4822 120123.86
4823 120131.02
4824 120127.20
4825 120125.06
4826 120126.96
4827 120126.01
4828 120128.87
4829 120126.96
4830 120125.06
4831 120131.02
4832 120126.96
4833 120125.06
4834 120126.01
4835 120127.92
4836 120123.86
4837 120127.20
4838 120128.87
4839 120126.01
4840 120126.01
4841 120125.06
4842 120131.02
4843 120127.92
4844 120129.82
4845 120127.92
4846 120141.03
4847 120126.96
4848 120126.01
4849 120126.01
4850 120126.96
4851 120126.01
4852 120124.82
4853 120126.96
4854 120127.92
4855 120124.10
4856 120123.86
4857 120126.96
4858 120129.11
4859 120127.92
4860 120126.01
4861 120129.82
4862 120126.01
4863 120125.06
4864 120125.06
4865 120128.15
4866 120121.96
4867 120126.01
4868 120129.11
4869 120129.11
4870 120128.15
4871 120126.01
4872 120126.96
4873 120128.87
4874 120126.96
4875 120125.06
4876 120128.87
4877 120127.20
4878 120125.06
4879 120125.06
4880 120127.92
4881 120123.15
4882 120124.82
4883 120126.01
4884 120128.87
4885 120124.10
4886 120123.15
4887 120125.06
4888 120127.92
4889 120126.96
4890 120127.20
4891 120126.01
4892 120126.01
4893 120126.01
4894 120126.01
4895 120127.20
4896 120125.06
4897 120126.01
4898 120126.01
4899 120124.82
4900 120127.92
4901 120136.02
4902 120126.01
4903 120128.87
4904 120126.96
4905 120124.82
4906 120127.92
4907 120129.11
4908 120124.82
4909 120126.01
4910 120132.92
4911 120123.86
4912 120124.10
4913 120139.84
4914 138368.13
4915 134703.16
4916 129666.09
4917 124622.82
4918 120126.01
4919 120126.01
4920 120129.11
4921 120126.96
4922 120127.92
4923 120126.01
4924 120126.96
4925 120128.15
4926 120129.11
4927 120125.77
4928 120123.86
4929 120128.15
4930 120123.86
4931 120122.91
4932 120126.01
4933 120125.06
4934 120126.96
4935 120126.01
4936 120124.82
4937 120126.01
4938 138687.85
4939 134495.97
4940 139642.00
4941 135452.99
4942 130756.86
4943 125715.02
4944 120676.99
4945 120126.96
4946 120126.96
4947 120128.15
4948 120127.92
4949 120126.01
4950 120126.01
4951 120128.87
4952 120127.92
4953 120125.06
4954 120127.92
4955 120145.80
4956 120124.10
4957 120126.96
4958 120125.06
4959 120126.96
4960 120126.01
4961 120123.15
4962 139519.21
4963 135524.03
4964 131492.14
4965 127314.81
4966 124686.00
4967 120332.00
4968 120126.01
4969 120127.92
4970 120130.06
4971 120125.06
4972 120128.87
4973 120122.19
4974 120127.92
4975 120126.01
4976 120123.86
4977 120129.11
4978 120130.06
4979 120124.10
4980 120126.96
4981 120129.11
4982 120126.96
4983 120123.86
4984 120126.01
4985 120136.98
4986 120124.82
4987 120124.10
4988 120125.06
4989 120131.97
4990 120129.11
4991 120124.82
4992 120127.92
4993 120127.92
4994 120123.86
4995 120125.06
4996 120126.01
4997 120126.01
4998 120129.11
4999 120126.01
5000 120126.96
5001 120129.82
5002 120125.06
5003 120124.10
5004 120129.82
5005 120122.91
5006 120124.10
5007 120129.82
5008 120127.92
5009 120124.10
5010 120126.01
5011 120126.96
5012 120131.97
5013 120128.15
5014 120126.01
5015 120130.06
5016 120130.78
5017 120123.86
5018 120126.96
5019 120127.92
5020 120135.07
5021 120126.01
5022 120150.09
5023 120126.96
5024 120128.15
5025 120135.07
5026 120127.92
5027 120125.06
5028 120123.86
5029 120126.96
5030 120127.92
5031 120125.06
5032 120130.06
5033 120126.01
5034 120126.96
5035 120126.01
5036 120123.86
5037 120123.86
5038 120131.02
5039 120126.96
5040 120123.86
5041 120131.02
5042 120126.01
5043 120125.06
5044 120129.82
5045 120126.01
5046 120127.20
5047 120126.96
5048 120126.01
5049 120141.03
5050 120129.11
5051 120123.86
5052 120128.15
5053 120131.02
5054 120125.06
5055 120126.96
5056 120130.06
5057 120124.10
5058 120126.96
5059 120130.06
5060 120126.01
5061 120128.87
5062 120127.92
5063 120124.82
5064 120127.92
5065 120126.96
5066 120123.86
5067 120126.96
5068 120130.06
5069 120134.12
5070 120126.96
5071 120134.12
5072 120126.01
5073 120124.10
5074 120126.01
5075 120128.15
5076 120131.02
5077 120127.20
5078 120126.01
5079 120129.82
5080 120126.01
5081 120126.01
5082 120129.11
5083 120132.92
5084 120124.82
5085 120126.96
5086 120130.06
5087 120126.96
5088 120128.15
5089 120123.86
5090 120126.96
5091 120128.87
5092 120124.10
5093 120123.15
5094 120129.82
5095 120126.96
5096 120123.15
5097 120127.92
5098 120128.15
5099 120123.86
5100 120123.15
5101 120130.06
5102 120126.01
5103 137682.91
5104 132652.04
5105 127605.92
5106 122565.03
5107 120128.15
5108 120129.82
5109 120120.05
5110 120131.97
5111 120126.01
5112 120121.96
5113 120126.96
5114 120127.20
5115 120126.01
5116 120156.05
5117 120135.07
5118 120136.98
5119 120129.82
5120 120132.92
5121 120131.97
5122 120131.97
5123 120124.82
5124 120126.96
5125 120131.02
5126 120548.96
5127 120165.11
5128 121499.06
5129 121636.15
5130 121608.02
5131 120126.01
5132 120131.97
5133 120130.06
5134 120126.01
5135 120140.08
5136 120127.20
5137 120131.97
5138 120127.20
5139 120133.88
5140 120131.02
5141 120136.02
5142 120126.01
5143 120157.96
5144 120128.87
5145 120131.97
5146 120125.06
5147 120132.92
5148 120125.06
5149 120127.92
5150 120127.92
5151 120130.06
5152 120401.86
5153 120138.88
5154 120137.21
5155 120131.02
5156 120126.96
5157 120131.02
5158 120128.87
5159 120136.98
5160 120130.06
5161 120132.21
5162 120128.87
5163 120127.92
5164 120128.15
5165 120131.97
5166 120129.11
5167 120134.83
5168 120126.01
5169 120131.02
5170 120132.21
5171 120131.02
5172 120126.01
5173 120127.92
5174 120125.06
5175 120203.02
5176 120125.77
5177 120126.96
5178 120126.01
5179 120128.15
5180 120131.02
5181 120125.06
5182 120131.97
5183 120126.01
5184 120131.97
5185 120128.87
5186 120133.16
5187 120125.06
5188 120138.17
5189 120127.92
5190 120130.06
5191 120128.15
5192 120135.07
5193 120126.96
5194 120131.02
5195 120127.92
5196 120131.97
5197 120123.86
5198 120130.06
5199 120126.96
5200 120131.97
5201 120126.01
5202 120131.02
5203 120131.02
5204 120134.83
5205 120126.96
5206 120133.16
5207 120127.92
5208 120132.92
5209 120126.96
5210 120132.92
5211 120127.92
5212 120131.97
5213 120125.06
5214 120131.02
5215 120131.02
5216 120126.96
5217 120128.15
5218 120130.06
5219 120129.11
5220 120131.02
5221 120126.96
5222 120135.07
5223 120129.11
5224 120129.82
5225 120126.01
5226 120133.16
5227 120126.01
5228 120129.11
5229 120130.06
5230 120131.02
5231 120126.96
5232 120131.02
5233 120129.82
5234 120126.01
5235 120130.06
5236 120131.97
5237 120152.00
5238 120134.83
5239 120129.11
5240 120128.87
5241 120131.02
5242 120132.92
5243 120126.01
5244 120129.82
5245 120126.96
5246 120130.78
5247 120126.01
5248 120127.92
5249 120126.96
5250 120131.97
5251 120127.92
5252 120133.88
5253 120125.06
5254 120132.21
5255 120125.06
5256 120135.07
5257 120127.92
5258 120131.97
5259 120131.97
5260 120131.97
5261 120125.06
5262 120130.06
5263 120131.02
5264 120132.92
5265 120128.87
5266 120131.97
5267 120131.02
5268 120132.92
5269 120127.92
5270 120129.11
5271 120134.12
5272 120131.02
5273 120126.01
5274 120131.02
5275 120127.92
5276 120126.01
5277 120128.15
5278 120127.92
5279 120129.82
5280 120132.92
5281 120129.11
5282 120129.11
5283 120130.06
5284 120125.77
5285 120125.06
5286 120132.92
5287 120130.06
5288 120128.15
5289 120128.87
5290 120126.01
5291 120129.82
5292 120126.01
5293 120128.15
5294 120126.96
5295 120131.97
5296 120128.15
5297 120133.88
5298 120131.97
5299 120133.16
5300 120126.01
5301 120131.02
5302 120122.91
5303 120131.02
5304 120126.01
5305 120128.87
5306 120128.15
5307 120126.96
5308 120125.06
5309 120130.06
5310 120129.11
5311 120131.97
5312 120126.96
5313 120133.16
5314 120126.01
5315 120131.02
5316 120133.16
5317 120130.06
5318 120127.92
5319 120134.12
5320 120127.92
5321 120141.98
5322 120129.11
5323 120128.87
5324 120129.11
5325 120132.92
5326 120125.06
5327 120133.16
5328 120126.01
5329 120131.97
5330 120129.11
5331 120149.14
5332 120126.96
5333 120132.92
5334 120123.86
5335 120131.97
5336 120133.16
5337 120132.92
5338 120127.92
5339 120136.02
5340 120124.82
5341 120131.02
5342 120130.78
5343 120132.92
5344 120130.06
5345 120132.92
5346 120129.11
5347 120134.83
5348 120126.96
5349 120130.06
5350 120131.02
5351 120130.06
5352 120123.86
5353 120131.97
5354 120129.11
5355 120131.02
5356 120126.96
5357 120126.96
5358 120131.02
5359 120132.92
5360 120127.20
5361 120135.07
5362 120127.92
5363 120131.02
5364 120126.96
5365 120132.92
5366 120126.01
5367 120126.01
5368 120128.15
5369 120128.87
5370 120129.11
5371 120126.01
5372 120130.06
5373 120131.02
5374 120135.07
5375 120128.87
5376 120131.02
5377 120128.87
5378 120132.92
5379 120124.82
5380 120137.93
5381 120131.02
5382 120128.87
5383 120129.11
5384 120131.02
5385 120123.86
5386 120131.97
5387 120127.92
5388 120131.02
5389 120131.97
5390 120131.97
5391 120129.82
5392 121436.83
5393 120126.01
5394 120131.02
5395 120131.97
5396 120126.01
5397 120124.10
5398 120179.89
5399 120131.02
5400 120127.92
5401 120126.01
5402 120127.20
5403 120126.96
5404 120124.82
5405 120141.98
5406 120130.06
5407 120130.06
5408 120124.10
5409 120124.10
5410 120142.94
5411 120130.06
5412 120125.06
5413 120121.96
5414 120129.11
5415 121610.88
5416 125566.01
5417 120543.00
5418 120126.01
5419 120124.10
5420 120126.01
5421 120130.06
5422 120126.01
5423 120129.82
5424 120126.96
5425 120149.14
5426 120129.11
5427 120125.06
5428 120124.82
5429 120132.21
5430 120126.01
5431 120126.01
5432 120134.12
5433 120126.01
5434 120124.10
5435 120126.01
5436 120125.06
5437 120129.82
5438 120125.06
5439 122278.21
5440 128826.86
5441 129827.98
5442 124790.91
5443 120120.05
5444 120126.96
5445 120126.01
5446 120123.15
5447 120123.15
5448 120127.92
5449 120121.00
5450 120123.86
5451 120126.01
5452 120128.15
5453 120128.87
5454 120130.06
5455 120128.15
5456 120127.92
5457 120123.86
5458 120122.91
5459 120129.11
5460 120122.91
5461 120142.94
5462 120126.96
5463 123457.91
5464 129137.99
5465 139831.07
5466 137034.89
5467 133362.05
5468 128326.89
5469 123283.15
5470 120123.86
5471 120135.07
5472 120131.02
5473 120123.86
5474 120141.98
5475 120128.87
5476 120123.15
5477 120128.87
5478 120126.96
5479 120123.86
5480 120126.01
5481 120122.91
5482 120129.11
5483 120126.96
5484 120146.04
5485 120129.82
5486 120132.92
5487 120121.96
5488 120123.15
5489 120175.84
5490 120127.20
5491 120124.10
5492 120135.07
5493 120128.15
5494 120131.02
5495 120123.86
5496 120126.01
5497 120133.16
5498 120126.01
5499 120131.97
5500 120126.96
5501 120129.82
5502 120126.01
5503 120127.20
5504 120130.06
5505 120125.06
5506 120126.01
5507 120122.91
5508 120128.15
5509 120121.96
5510 120129.11
5511 120212.08
5512 120136.98
5513 120124.10
5514 120124.82
5515 120131.02
5516 120141.98
5517 120128.87
5518 120126.96
5519 120131.97
5520 120124.82
5521 120129.11
5522 120121.96
5523 120131.97
5524 120125.06
5525 120129.11
5526 120130.78
5527 120128.87
5528 120126.96
5529 120123.86
5530 120126.96
5531 120126.96
5532 120126.01
5533 120127.92
5534 120127.92
5535 120123.86
5536 120136.02
5537 120121.96
5538 120133.16
5539 120124.10
5540 120124.10
5541 120129.82
5542 120124.82
5543 120123.15
5544 120124.10
5545 120127.92
5546 120128.15
5547 120128.87
5548 120126.01
5549 120132.92
5550 120125.06
5551 120133.16
5552 120121.96
5553 120136.98
5554 120128.87
5555 120126.01
5556 120127.92
5557 120125.77
5558 120121.96
5559 120121.96
5560 120127.92
5561 120126.96
5562 120132.21
5563 120126.96
5564 120154.14
5565 120126.01
5566 120126.96
5567 120126.01
5568 120126.01
5569 120124.82
5570 120130.06
5571 120127.92
5572 120125.06
5573 120136.02
5574 120132.92
5575 120125.06
5576 120135.07
5577 120127.92
5578 120123.15
5579 120127.92
5580 120127.20
5581 120125.06
5582 120125.06
5583 120130.06
5584 120125.06
5585 120130.06
5586 120126.96
5587 120131.97
5588 120122.91
5589 120129.11
5590 120126.96
5591 120126.01
5592 120126.01
5593 120128.87
5594 120128.87
5595 120129.11
5596 120126.96
5597 120123.15
5598 120131.02
5599 120124.82
5600 120131.02
5601 120125.06
5602 120134.83
5603 120125.06
5604 120121.96
5605 120130.06
5606 120126.01
5607 120122.91
5608 120124.82
5609 120128.87
5610 120131.02
5611 120126.96
5612 120126.01
5613 120141.98
5614 120126.96
5615 120131.02
5616 120125.06
5617 120126.01
5618 120124.82
5619 120127.92
5620 120127.20
5621 120128.87
5622 120128.15
5623 120122.91
5624 120131.02
5625 120127.92
5626 120126.96
5627 120122.91
5628 120132.92
5629 120125.77
5630 120126.01
5631 120126.01
5632 120130.06
5633 120130.06
5634 120126.96
5635 120126.96
5636 120126.01
5637 120126.96
5638 120125.06
5639 120129.11
5640 120131.02
5641 120129.82
5642 120126.01
5643 120126.96
5644 120128.87
5645 120126.96
5646 120123.86
5647 120126.01
5648 120126.01
5649 120126.01
5650 120126.01
5651 120130.06
5652 120121.96
5653 120123.86
5654 120131.02
5655 120126.01
5656 120131.02
5657 120134.83
5658 120130.06
5659 120126.96
5660 120126.01
5661 120122.91
5662 120130.06
5663 120123.86
5664 120126.96
5665 120131.02
5666 120128.87
5667 120124.82
5668 120124.10
5669 120127.20
5670 120125.06
5671 120127.20
5672 120124.82
5673 120131.02
5674 120130.06
5675 120126.01
5676 120121.00
5677 120138.88
5678 120124.10
5679 120131.97
5680 120122.91
5681 120130.06
5682 120126.96
5683 120125.06
5684 120128.15
5685 120125.06
5686 120124.82
5687 120127.92
5688 120128.87
5689 120127.20
5690 120128.87
5691 120124.10
5692 120128.15
5693 120127.92
5694 120127.20
5695 120122.91
5696 120130.06
5697 120126.01
5698 120121.96
5699 120126.96
5700 120128.15
5701 120126.01
5702 120123.15
5703 120129.11
5704 120892.05
5705 120129.11
5706 120126.96
5707 120128.15
5708 120127.92
5709 120124.82
5710 120125.06
5711 120128.15
5712 120126.01
5713 120129.11
5714 120135.07
5715 120126.96
5716 120126.01
5717 120122.91
5718 120131.02
5719 120128.15
5720 120128.87
5721 120126.01
5722 120127.92
5723 120126.96
5724 120122.91
5725 120123.15
5726 120131.02
5727 120126.01
5728 121204.85
5729 120131.02
5730 120127.92
5731 120129.11
5732 120121.96
5733 120126.96
5734 120124.82
5735 120126.96
5736 120126.01
5737 120129.11
5738 120131.02
5739 120126.01
5740 120123.15
5741 120144.13
5742 120126.96
5743 120126.96
5744 120146.04
5745 120126.96
5746 120126.01
5747 120124.82
5748 120125.06
5749 120128.15
5750 120126.96
5751 120126.96
5752 122564.08
5753 120127.92
5754 120132.92
5755 120126.01
5756 120138.88
5757 120127.92
5758 120134.12
5759 120126.01
5760 120136.02
5761 120126.01
5762 120126.96
5763 120128.15
5764 120126.96
5765 120128.15
5766 120123.86
5767 120132.92
5768 120130.06
5769 120126.96
5770 120125.06
5771 120136.02
5772 120125.06
5773 120126.96
5774 120125.06
5775 120130.06
5776 125292.06
5777 121623.99
5778 120126.96
5779 120127.92
5780 120123.86
5781 120126.96
5782 120132.21
5783 120129.11
5784 120126.96
5785 120126.96
5786 120127.92
5787 120127.20
5788 120122.91
5789 120126.96
5790 120126.96
5791 120122.91
5792 120126.01
5793 120128.15
5794 120132.92
5795 120130.06
5796 120119.81
5797 120126.01
5798 120130.06
5799 121311.90
5800 126132.01
5801 131115.20
5802 126079.80
5803 121035.10
5804 120122.91
5805 120127.92
5806 120126.01
5807 120124.10
5808 120130.06
5809 120129.11
5810 120122.91
5811 120128.87
5812 120126.01
5813 120131.02
5814 120127.92
5815 120126.96
5816 120128.15
5817 120128.15
5818 120126.01
5819 120126.01
5820 120128.87
5821 120127.92
5822 120134.12
5823 122690.92
5824 127153.87
5825 139416.93
5826 136950.97
5827 133978.84
5828 128932.95
5829 123894.93
5830 120121.96
5831 120128.15
5832 120131.02
5833 120128.87
5834 120132.92
5835 120130.06
5836 120129.82
5837 120146.99
5838 120125.06
5839 120131.02
5840 120129.11
5841 120135.78
5842 120126.01
5843 120127.20
5844 120126.96
5845 120126.01
5846 120131.97
5847 120139.12
5848 120126.96
5849 120126.01
5850 120131.02
5851 120206.12
5852 120526.08
5853 120144.84
5854 120131.02
5855 120128.87
5856 120120.05
5857 120133.16
5858 120123.86
5859 120126.01
5860 120129.11
5861 120126.96
5862 120126.01
5863 120131.02
5864 120126.01
5865 120129.11
5866 120127.92
5867 120126.01
5868 120125.06
5869 120130.06
5870 120128.15
5871 120122.91
5872 120131.02
5873 120126.96
5874 120124.10
5875 120121.96
5876 120131.02
5877 120127.92
5878 120129.11
5879 120126.96
5880 120131.02
5881 120126.96
5882 120125.06
5883 120128.87
5884 120128.15
5885 120131.97
5886 120124.10
5887 120124.10
5888 120128.15
5889 120125.06
5890 120121.96
5891 120122.19
5892 120127.92
5893 120126.96
5894 120125.06
5895 120126.96
5896 120130.78
5897 120127.92
5898 120132.92
5899 120127.92
5900 120123.15
5901 120123.86
5902 120131.02
5903 120126.01
5904 120123.86
5905 120128.87
5906 120122.91
5907 120127.92
5908 120126.01
5909 120138.88
5910 120128.87
5911 120136.02
5912 120124.10
5913 120125.06
5914 120129.11
5915 120122.91
5916 120129.11
5917 120140.79
5918 120136.02
5919 120126.01
5920 120122.91
5921 120132.92
5922 120126.01
5923 120126.96
5924 120134.12
5925 120126.01
5926 120126.96
5927 120127.92
5928 120126.01
5929 120131.97
5930 120126.01
5931 120126.01
5932 120124.10
5933 120130.06
5934 120128.87
5935 120126.01
5936 120132.92
5937 120126.01
5938 120121.96
5939 120123.86
5940 120131.02
5941 120126.96
5942 120126.96
5943 120127.20
5944 120141.03
5945 120126.96
5946 120123.86
5947 120131.02
5948 120130.06
5949 120133.88
5950 120126.01
5951 120130.06
5952 120127.92
5953 120126.96
5954 120122.19
5955 120126.96
5956 120132.92
5957 120126.01
5958 120127.20
5959 120137.93
5960 120131.02
5961 120126.01
5962 120129.11
5963 120126.01
5964 120126.01
5965 120128.87
5966 120126.96
5967 120127.92
5968 120123.15
5969 120124.82
5970 120122.91
5971 120129.11
5972 120124.10
5973 120131.02
5974 120129.11
5975 120128.87
5976 120128.87
5977 120130.06
5978 120123.15
5979 120126.01
5980 120123.86
5981 120124.10
5982 120129.11
5983 120124.10
5984 120124.10
5985 120126.01
5986 120130.06
5987 120126.96
5988 120135.07
5989 120127.92
5990 120128.15
5991 120126.96
5992 120121.00
5993 120140.08
5994 120127.92
5995 120126.01
5996 120149.14
5997 120133.88
5998 120128.87
5999 120132.92
