250
0 145118.00
1 142830.13
2 143747.09
3 128561.02
4 157853.13
5 126167.06
6 137975.93
7 124028.92
8 147579.91
9 125549.79
10 138997.08
11 158877.13
12 127026.08
13 139989.85
14 121771.81
15 157622.81
16 125041.01
17 121104.00
18 126474.14
19 156918.05
20 125297.07
21 131654.98
22 162588.83
23 122733.83
24 126907.11
25 128789.90
26 144530.06
27 123574.02
28 129982.95
29 157984.02
30 133472.20
31 125282.05
32 122756.00
33 158227.92
34 135373.12
35 141580.82
36 130613.09
37 156665.80
38 122180.94
39 143247.13
40 126111.03
41 156014.20
42 121685.98
43 122826.10
44 152349.95
45 153732.06
46 146810.05
47 126243.83
48 125653.98
49 140179.16
50 136589.05
51 122115.85
52 135991.10
53 134308.10
54 122892.86
55 132443.90
56 158319.95
57 124785.90
58 125998.02
59 142613.89
60 126763.11
61 156968.12
62 125411.99
63 157798.05
64 123389.96
65 122211.93
66 132110.12
67 130985.98
68 125645.88
69 232469.80
70 176612.14
71 137629.99
72 123131.04
73 156905.17
74 123288.87
75 124444.96
76 124948.98
77 130483.15
78 122518.06
79 126955.99
80 156833.17
81 123399.02
82 139034.03
83 121397.02
84 144836.90
85 144440.17
86 141886.00
87 123057.84
88 126647.00
89 132605.08
90 125792.98
91 125890.97
92 138299.94
93 125824.93
94 122582.91
95 123389.01
96 152787.92
97 139404.06
98 122314.93
99 151649.95
100 139950.99
101 139454.13
102 121147.16
103 153627.87
104 132958.89
105 125017.17
106 131412.98
107 156794.07
108 126281.98
109 130877.02
110 157125.00
111 127631.90
112 124023.91
113 135626.08
114 156919.00
115 124148.85
116 136271.95
117 126568.08
118 121940.85
119 137965.92
120 137937.07
121 122592.93
122 156970.02
123 125472.07
124 121221.07
125 129926.92
126 154903.89
127 122259.14
128 126407.86
129 160676.96
130 125713.83
131 133651.97
132 121449.95
133 158141.85
134 122565.98
135 125891.92
136 129108.91
137 157035.11
138 122006.89
139 130592.11
140 141395.81
141 141539.10
142 139465.09
143 121355.06
144 157002.93
145 122186.90
146 123327.02
147 121597.05
148 123451.95
149 127859.12
150 124298.10
151 156697.99
152 136507.99
153 135893.11
154 124250.89
155 156860.11
156 121893.17
157 121738.20
158 123974.08
159 140822.17
160 125273.94
161 141194.11
162 129055.02
163 148409.13
164 135479.93
165 125036.95
166 133026.84
167 138451.10
168 135972.98
169 121480.94
170 156413.08
171 122778.89
172 121456.15
173 129123.93
174 157505.99
175 131828.07
176 123522.04
177 132952.21
178 133036.14
179 133572.82
180 121463.06
181 157922.98
182 123476.98
183 121890.07
184 121204.85
185 157900.09
186 150696.99
187 121879.10
188 156917.10
189 126060.96
190 138646.13
191 122025.97
192 157669.07
193 124094.96
194 127586.84
195 139832.97
196 158857.11
197 123133.90
198 130647.90
199 149947.17
200 139796.02
201 130095.01
202 138751.03
203 153439.04
204 138354.06
205 122137.07
206 129568.10
207 139418.13
208 121788.02
209 133389.95
210 148684.02
211 126205.21
212 141996.86
213 123228.07
214 156806.95
215 121176.00
216 127586.13
217 129494.91
218 121278.05
219 121227.03
220 124659.06
221 158620.83
222 128787.99
223 145390.99
224 122823.95
225 146119.12
226 131847.86
227 134480.95
228 122130.87
229 139488.94
230 123917.82
231 150125.98
232 126652.96
233 135498.05
234 138509.99
235 121526.00
236 129895.21
237 137568.95
238 124387.03
239 121444.94
240 155443.91
241 123558.04
242 122365.95
243 121396.06
244 149407.86
245 133705.85
246 139014.96
247 127753.97
248 128675.94
249 138805.87
