1650
0 121738.91
1 121157.88
2 121140.96
3 121094.94
4 121156.93
5 121124.03
6 121078.97
7 121102.09
8 121142.15
9 121159.08
10 121148.11
11 121086.84
12 121074.20
13 121120.93
14 121145.01
15 121129.04
16 121109.96
17 121119.98
18 121145.01
19 121103.05
20 121056.08
21 121126.89
22 121135.95
23 121129.99
24 121143.82
25 121132.85
26 121049.88
27 121142.15
28 121122.12
29 121140.96
30 121145.01
31 121147.16
32 121115.92
33 121115.92
34 121126.17
35 121120.93
36 121123.08
37 121124.03
38 121131.90
39 121067.05
40 121142.15
41 121114.02
42 121144.06
43 121122.12
44 121150.97
45 121132.85
46 121178.87
47 121119.02
48 121084.93
49 121128.08
50 121144.06
51 121129.04
52 121130.94
53 121135.95
54 121137.14
55 121145.01
56 121135.00
57 121140.96
58 121140.96
59 121032.00
60 121078.97
61 121113.06
62 121131.18
63 121129.99
64 121137.14
65 121135.00
66 121129.04
67 121125.94
68 121141.20
69 121143.82
70 121144.06
71 121142.86
72 121125.94
73 121146.20
74 121119.02
75 121116.88
76 121123.08
77 121127.84
78 121081.83
79 121130.94
80 121147.87
81 121132.14
82 121119.98
83 121114.02
84 121129.99
85 121126.89
86 121138.10
87 121035.10
88 121137.14
89 121155.02
90 121144.06
91 121086.84
92 121145.01
93 120990.99
94 121104.96
95 121145.96
96 121011.02
97 120974.78
98 121003.87
99 121010.07
100 120906.11
101 121019.84
102 121866.94
103 121040.82
104 122225.05
105 120885.13
106 122245.07
107 121421.10
108 122313.02
109 122267.01
110 121150.02
111 122904.78
112 122076.03
113 122392.89
114 122158.05
115 122822.05
116 121297.84
117 121360.06
118 122264.15
119 122112.04
120 121293.78
121 122275.83
122 122251.99
123 122266.05
124 122159.96
125 121062.99
126 121093.03
127 121896.03
128 121727.94
129 120944.98
130 122488.02
131 123986.96
132 121792.79
133 122574.81
134 121698.14
135 121784.93
136 120736.12
137 121594.19
138 121567.01
139 122350.93
140 122440.10
141 121618.03
142 122386.93
143 122480.15
144 123354.91
145 121652.13
146 121719.12
147 122597.93
148 122081.04
149 121214.15
150 122745.99
151 122766.97
152 121949.91
153 121433.97
154 121951.10
155 124351.98
156 121076.11
157 122735.02
158 122656.11
159 121800.90
160 121527.91
161 121858.12
162 121389.87
163 122195.01
164 122838.97
165 122925.04
166 122710.94
167 122076.99
168 122293.00
169 122946.98
170 122029.07
171 121026.99
172 122698.07
173 121904.85
174 122165.92
175 122210.03
176 121855.02
177 122379.06
178 121469.97
179 123128.89
180 123176.10
181 122237.92
182 122982.03
183 121329.07
184 121333.12
185 121279.00
186 123131.99
187 123886.11
188 121321.92
189 121043.92
190 123650.07
191 123528.96
192 121195.79
193 122026.92
194 122582.91
195 122728.11
196 121883.87
197 121715.07
198 121892.93
199 122469.90
200 122328.04
201 122123.96
202 123110.06
203 122155.90
204 122381.93
205 121711.02
206 122393.13
207 121410.85
208 121376.99
209 123039.01
210 122918.13
211 121415.14
212 121982.10
213 122899.06
214 121124.98
215 121228.93
216 122763.16
217 121173.14
218 120937.11
219 120918.04
220 121864.08
221 122728.82
222 122864.01
223 121074.91
224 120941.16
225 122679.00
226 122740.03
227 121739.86
228 122199.06
229 121977.09
230 122042.89
231 121289.97
232 121930.12
233 122754.10
234 120895.86
235 122633.93
236 121697.19
237 121193.89
238 121730.09
239 122480.87
240 122431.04
241 121037.01
242 122195.01
243 122181.89
244 123757.84
245 121643.07
246 122502.09
247 121677.88
248 121546.03
249 122356.89
250 123486.04
251 121579.89
252 123149.87
253 121628.05
254 122045.99
255 121304.99
256 122071.98
257 122095.82
258 121247.05
259 121251.11
260 122863.05
261 121169.09
262 122004.03
263 122948.88
264 122127.06
265 122215.03
266 121154.07
267 122791.05
268 121004.10
269 124418.02
270 121960.88
271 122667.07
272 120921.85
273 121853.83
274 123607.16
275 122700.21
276 121245.15
277 121925.83
278 121078.01
279 121275.19
280 122162.82
281 122550.96
282 123334.88
283 121876.00
284 122403.14
285 123810.05
286 121499.06
287 121545.79
288 121701.00
289 121533.16
290 122385.98
291 122380.97
292 121554.85
293 123056.89
294 122240.07
295 122154.95
296 121375.08
297 123064.99
298 122395.99
299 123855.11
300 121037.01
301 120974.06
302 122251.03
303 121054.89
304 121325.97
305 121200.08
306 121569.16
307 121845.01
308 121223.93
309 121253.01
310 121777.06
311 121116.16
312 122011.90
313 121356.01
314 121110.92
315 121829.03
316 121607.07
317 121515.99
318 121521.00
319 121509.08
320 122504.00
321 121420.15
322 121398.21
323 122124.91
324 122426.99
325 121295.21
326 121475.93
327 122621.06
328 121804.95
329 121245.15
330 122097.97
331 121799.95
332 121256.11
333 121169.09
334 120829.11
335 120935.92
336 121722.94
337 121757.98
338 121259.93
339 121022.94
340 121172.19
341 121509.08
342 120786.91
343 120784.04
344 121601.10
345 120991.95
346 121598.96
347 121793.03
348 121811.87
349 120779.04
350 120782.85
351 121639.97
352 121262.07
353 121879.82
354 122056.01
355 122162.10
356 121443.99
357 121184.83
358 120985.98
359 121383.19
360 121336.94
361 121335.98
362 121432.07
363 121223.93
364 121749.16
365 121334.08
366 120928.05
367 121382.00
368 121417.05
369 121723.89
370 121574.88
371 121302.84
372 121392.97
373 121382.95
374 121463.06
375 121414.90
376 121794.94
377 121248.01
378 121552.94
379 121629.95
380 121675.97
381 120802.16
382 121901.99
383 121249.91
384 121645.93
385 121366.98
386 120814.09
387 122333.05
388 121208.91
389 122246.98
390 121589.90
391 121178.15
392 121025.80
393 120995.04
394 121213.91
395 121519.09
396 121468.07
397 121705.06
398 122071.98
399 121884.11
400 120801.93
401 121774.91
402 121286.15
403 121500.02
404 120971.92
405 122364.04
406 122551.92
407 121334.08
408 121770.14
409 121569.87
410 123349.91
411 121375.08
412 121907.95
413 121809.01
414 121752.02
415 121362.92
416 121309.04
417 121906.04
418 121348.14
419 121577.02
420 122220.04
421 120899.92
422 122176.89
423 121314.05
424 121346.95
425 121129.04
426 121378.90
427 121704.82
428 121718.88
429 120883.94
430 121804.95
431 121587.99
432 121623.99
433 122158.05
434 121265.89
435 121709.11
436 121047.02
437 121456.86
438 121720.08
439 122728.11
440 122030.02
441 121966.12
442 121352.91
443 121096.85
444 121737.96
445 121814.01
446 122156.86
447 121368.89
448 120754.96
449 121126.89
450 121859.07
451 121437.07
452 121374.13
453 121541.02
454 122146.84
455 120984.08
456 121778.96
457 121441.13
458 122156.86
459 121314.05
460 121844.05
461 121760.13
462 121249.91
463 122317.08
464 121098.04
465 121377.94
466 121634.01
467 122188.09
468 121259.93
469 122475.15
470 120975.02
471 121078.01
472 122466.09
473 121571.06
474 121443.99
475 122277.98
476 121629.95
477 121294.98
478 121881.01
479 120806.93
480 121253.01
481 122527.12
482 121577.98
483 121298.07
484 122077.94
485 121730.09
486 121368.89
487 120841.98
488 121505.98
489 121370.08
490 120687.96
491 121442.08
492 121592.04
493 121508.12
494 122427.94
495 121620.89
496 122063.16
497 122640.13
498 122302.06
499 122370.96
500 122104.17
501 121623.04
502 122110.84
503 122146.84
504 122293.95
505 121468.07
506 120827.91
507 120810.99
508 120825.05
509 121554.85
510 120701.79
511 122036.93
512 121020.08
513 121566.06
514 121387.00
515 121230.84
516 120832.92
517 121361.97
518 122262.00
519 121206.05
520 121865.03
521 122998.95
522 121628.05
523 122390.99
524 121294.02
525 120987.89
526 120810.99
527 121218.92
528 121405.84
529 122055.05
530 120846.03
531 121675.97
532 121793.03
533 121800.90
534 121363.88
535 121236.09
536 122247.22
537 121503.11
538 121785.16
539 122236.01
540 121378.18
541 121179.10
542 121673.11
543 121093.99
544 121433.02
545 121315.00
546 121852.87
547 120862.96
548 121563.91
549 121942.04
550 122272.97
551 121228.93
552 121557.00
553 122032.88
554 121823.07
555 121381.04
556 120989.08
557 121747.02
558 121459.01
559 121927.98
560 121032.00
561 121206.05
562 121963.02
563 121511.94
564 121157.88
565 122156.14
566 122777.94
567 122581.01
568 122408.87
569 122333.05
570 121606.83
571 121852.16
572 121766.09
573 121125.94
574 121064.19
575 122268.92
576 121011.02
577 121751.07
578 121175.05
579 120904.92
580 121173.14
581 121243.00
582 121480.94
583 122853.99
584 121257.07
585 121170.04
586 121315.00
587 121800.90
588 122689.01
589 121420.86
590 121207.95
591 121878.86
592 121461.15
593 121448.99
594 121577.02
595 121690.03
596 122233.15
597 121788.98
598 121337.18
599 121422.05
600 121316.91
601 121113.06
602 121459.96
603 120774.03
604 121247.77
605 121162.18
606 121319.06
607 122432.95
608 121759.18
609 120980.02
610 121299.03
611 121448.04
612 121525.05
613 121845.96
614 122402.19
615 121714.83
616 121804.95
617 121121.88
618 121903.90
619 121747.97
620 121851.92
621 121504.07
622 122115.85
623 121005.06
624 121733.90
625 122046.95
626 120863.91
627 121689.08
628 121575.12
629 121220.83
630 121362.92
631 121562.00
632 122365.00
633 121826.89
634 121809.01
635 121376.04
636 121559.14
637 121880.05
638 120967.86
639 122205.97
640 121134.04
641 121971.13
642 121468.07
643 121505.98
644 121438.98
645 121049.17
646 121655.94
647 121911.05
648 121881.96
649 121182.20
650 121026.99
651 122472.05
652 121788.02
653 121159.08
654 121881.01
655 121382.00
656 121675.97
657 122729.06
658 121330.02
659 121526.96
660 121087.07
661 121106.15
662 122371.91
663 121769.91
664 121732.95
665 121979.00
666 121598.01
667 121459.01
668 121839.05
669 121073.96
670 122232.91
671 121487.14
672 121110.92
673 122444.15
674 121297.84
675 121168.85
676 121598.96
677 121763.94
678 121289.97
679 121870.99
680 121680.97
681 121553.90
682 121366.98
683 121770.14
684 121291.16
685 122093.92
686 121633.05
687 121169.09
688 121157.88
689 121578.93
690 121994.97
691 121492.15
692 121593.95
693 121205.09
694 121334.08
695 121531.96
696 121696.00
697 121339.08
698 121713.16
699 121899.13
700 121303.08
701 121186.97
702 121118.07
703 122457.03
704 121618.03
705 121181.01
706 121883.87
707 121554.85
708 121708.87
709 120907.07
710 121875.05
711 121227.03
712 121506.93
713 121150.97
714 120869.87
715 120967.15
716 120695.83
717 121781.83
718 120949.03
719 121336.94
720 121156.93
721 122092.96
722 121841.19
723 121644.02
724 121920.82
725 122221.95
726 121631.15
727 122138.98
728 121613.98
729 121751.07
730 121575.83
731 121500.02
732 122952.94
733 121662.14
734 121938.94
735 122184.99
736 121470.93
737 121204.85
738 122256.99
739 121284.96
740 121988.06
741 121493.82
742 121654.03
743 121529.10
744 121222.97
745 121945.14
746 121440.89
747 121046.07
748 120860.10
749 121307.13
750 121201.99
751 121819.97
752 121665.00
753 122022.15
754 121491.91
755 122464.90
756 121166.94
757 122137.07
758 121907.00
759 121416.09
760 121693.13
761 121104.96
762 121389.15
763 122190.95
764 121279.95
765 121258.02
766 120925.90
767 121422.05
768 120879.89
769 121554.85
770 120864.87
771 121577.98
772 122218.13
773 121516.94
774 121355.06
775 121356.01
776 122031.93
777 121319.06
778 121598.01
779 121052.03
780 120773.08
781 122034.07
782 121643.07
783 121118.07
784 121032.00
785 121383.19
786 122095.82
787 121318.10
788 122115.85
789 121587.99
790 121491.19
791 122513.06
792 121000.05
793 121344.80
794 121487.86
795 121055.84
796 121966.84
797 121933.94
798 120638.13
799 120856.05
800 121608.97
801 121105.91
802 121004.10
803 121661.90
804 122065.07
805 121818.07
806 121464.97
807 121807.81
808 121330.02
809 120703.94
810 121375.08
811 120897.05
812 121477.13
813 121145.01
814 121523.86
815 121114.97
816 121118.07
817 121505.02
818 121796.13
819 120694.16
820 121634.01
821 122223.14
822 120936.87
823 122094.15
824 121528.86
825 121160.03
826 121252.06
827 120929.00
828 120995.04
829 121263.98
830 121319.06
831 120939.02
832 121077.06
833 121114.02
834 122190.95
835 120907.07
836 122066.02
837 121173.86
838 121084.93
839 120969.06
840 122410.06
841 121423.96
842 121329.07
843 121682.17
844 121075.15
845 121576.79
846 121090.89
847 121370.08
848 122488.98
849 121433.02
850 122052.91
851 121148.82
852 121438.98
853 120990.04
854 121534.11
855 120988.85
856 121354.82
857 121454.00
858 121413.95
859 122159.00
860 121459.01
861 121874.09
862 121297.84
863 122277.02
864 120792.87
865 121559.86
866 121673.82
867 121363.16
868 120919.94
869 121981.14
870 121423.96
871 121387.00
872 121081.11
873 121365.79
874 121344.80
875 121755.12
876 120904.92
877 122197.87
878 121339.08
879 121505.02
880 121481.90
881 121033.91
882 120881.08
883 121456.86
884 121489.05
885 121110.92
886 122182.85
887 121148.11
888 121044.87
889 121750.83
890 120994.09
891 121173.14
892 121160.98
893 121574.88
894 120930.91
895 120868.92
896 121442.08
897 121145.96
898 121006.97
899 121599.91
900 121073.96
901 121306.90
902 121574.88
903 121686.94
904 120917.08
905 121162.89
906 121988.06
907 122039.08
908 120877.03
909 120974.06
910 120837.93
911 121924.88
912 121269.94
913 121292.83
914 121200.08
915 121213.91
916 121256.11
917 121340.99
918 121391.06
919 120771.17
920 121327.88
921 120810.99
922 122009.99
923 121193.89
924 121337.89
925 121299.03
926 122690.92
927 121438.03
928 121293.07
929 120846.03
930 120782.14
931 121454.00
932 121443.99
933 121316.91
934 122035.98
935 121222.97
936 121058.94
937 121597.05
938 120970.96
939 121176.00
940 121203.90
941 121139.05
942 121016.98
943 120681.05
944 121897.94
945 122074.13
946 121243.00
947 120818.85
948 121348.14
949 121625.90
950 121171.00
951 121075.15
952 122148.99
953 121143.10
954 121833.09
955 122318.03
956 121305.94
957 121634.01
958 122054.10
959 121448.04
960 120994.09
961 121222.02
962 121196.99
963 121165.04
964 121229.89
965 120861.05
966 121183.16
967 121536.97
968 121341.94
969 121090.17
970 120892.05
971 120806.93
972 120805.98
973 121203.90
974 121804.00
975 121188.16
976 121173.86
977 121537.92
978 121170.04
979 121434.93
980 121398.93
981 121338.13
982 121792.08
983 121092.08
984 121555.81
985 121318.10
986 121614.93
987 121248.01
988 120815.99
989 121323.11
990 121740.10
991 121287.11
992 122195.96
993 120836.02
994 121268.99
995 121294.02
996 122118.00
997 120965.00
998 121428.97
999 122528.08
1000 120705.84
1001 121089.94
1002 121754.17
1003 121396.06
1004 121752.02
1005 121303.08
1006 121562.00
1007 121207.95
1008 121521.95
1009 121272.09
1010 120756.86
1011 121186.97
1012 121798.99
1013 121831.89
1014 121833.09
1015 121223.93
1016 120803.83
1017 121165.99
1018 121233.94
1019 121920.82
1020 121057.03
1021 121389.15
1022 120958.09
1023 121257.07
1024 121520.04
1025 121088.03
1026 121134.04
1027 121065.86
1028 121235.85
1029 121245.86
1030 121165.99
1031 120796.92
1032 120636.94
1033 121402.03
1034 121345.04
1035 122144.94
1036 121307.13
1037 121038.91
1038 121675.97
1039 121016.98
1040 120942.12
1041 121692.18
1042 121310.00
1043 120872.02
1044 120810.99
1045 120720.86
1046 121388.91
1047 121093.03
1048 121786.83
1049 121131.90
1050 121129.04
1051 121247.05
1052 121253.97
1053 121543.17
1054 121118.78
1055 121454.95
1056 121357.92
1057 121353.86
1058 121330.98
1059 121039.15
1060 121510.98
1061 121278.05
1062 121011.97
1063 122379.06
1064 122139.93
1065 121876.00
1066 121245.15
1067 120991.95
1068 121747.97
1069 120775.94
1070 120773.08
1071 120845.08
1072 122688.06
1073 121640.92
1074 121379.14
1075 121159.08
1076 122009.99
1077 121075.87
1078 121157.88
1079 122833.97
1080 121051.07
1081 120795.97
1082 121289.01
1083 120747.09
1084 120770.93
1085 121716.02
1086 121484.99
1087 121702.91
1088 121186.02
1089 122446.06
1090 121177.91
1091 121608.02
1092 121206.05
1093 120872.02
1094 121573.93
1095 121454.00
1096 120860.10
1097 121635.91
1098 121196.99
1099 121183.87
1100 121086.12
1101 122536.18
1102 121258.97
1103 120751.14
1104 121005.06
1105 121428.97
1106 121148.11
1107 121124.98
1108 120733.02
1109 121320.01
1110 121097.09
1111 120900.87
1112 120730.88
1113 120742.08
1114 121329.07
1115 121006.97
1116 121445.89
1117 121774.91
1118 120926.86
1119 121425.87
1120 120810.03
1121 120728.97
1122 121534.11
1123 121382.00
1124 121581.08
1125 121114.02
1126 121466.88
1127 121047.02
1128 121397.97
1129 121452.81
1130 120759.96
1131 121476.17
1132 122049.09
1133 121811.87
1134 121171.00
1135 121765.14
1136 120782.85
1137 121180.06
1138 121522.19
1139 121223.93
1140 122511.15
1141 122932.91
1142 121240.14
1143 121469.97
1144 121975.90
1145 121584.89
1146 121315.96
1147 121353.86
1148 121133.09
1149 121609.93
1150 121599.91
1151 120928.05
1152 120754.00
1153 121378.90
1154 121720.08
1155 121587.99
1156 120925.90
1157 121534.82
1158 121442.08
1159 122210.03
1160 121610.16
1161 121691.94
1162 121249.91
1163 122185.95
1164 120764.97
1165 121026.99
1166 121058.94
1167 121095.90
1168 121645.93
1169 121694.09
1170 120783.81
1171 121075.87
1172 121083.02
1173 121681.93
1174 121001.01
1175 120895.15
1176 120826.01
1177 121155.98
1178 121087.79
1179 121136.90
1180 121088.03
1181 121515.99
1182 121486.90
1183 121359.11
1184 120970.01
1185 121191.02
1186 121985.91
1187 122004.99
1188 121526.96
1189 121452.81
1190 121521.00
1191 121745.11
1192 120882.99
1193 121923.92
1194 121490.96
1195 121361.02
1196 121295.93
1197 120848.18
1198 121245.86
1199 121131.90
1200 121021.03
1201 121248.01
1202 122113.94
1203 121241.09
1204 121161.94
1205 120675.09
1206 121439.22
1207 120990.99
1208 120930.19
1209 121274.95
1210 120841.98
1211 121330.02
1212 121111.87
1213 121119.98
1214 121598.01
1215 121650.93
1216 121404.17
1217 120879.89
1218 121108.06
1219 120707.04
1220 121877.91
1221 121141.91
1222 120986.94
1223 121304.04
1224 120868.92
1225 121113.78
1226 121841.91
1227 121362.92
1228 121268.03
1229 121160.03
1230 122440.10
1231 121166.94
1232 121275.90
1233 122212.89
1234 121992.11
1235 122248.89
1236 121170.04
1237 120969.06
1238 121431.11
1239 120762.83
1240 121272.09
1241 121030.09
1242 120811.94
1243 120975.97
1244 121665.00
1245 121629.95
1246 121621.13
1247 121150.02
1248 120931.15
1249 121515.99
1250 121929.88
1251 120813.85
1252 122363.09
1253 120754.96
1254 121917.96
1255 121083.97
1256 121823.79
1257 120924.00
1258 121307.13
1259 121172.90
1260 120856.05
1261 121116.88
1262 121448.04
1263 120772.12
1264 121326.92
1265 121198.89
1266 122338.06
1267 120891.09
1268 121851.92
1269 121296.17
1270 120798.11
1271 120707.04
1272 121189.12
1273 121555.09
1274 121028.90
1275 121218.92
1276 120917.08
1277 120784.04
1278 121573.93
1279 121150.97
1280 121871.95
1281 121722.94
1282 122107.98
1283 120836.02
1284 121222.02
1285 121232.99
1286 121030.81
1287 121814.97
1288 121449.95
1289 121281.15
1290 121154.07
1291 121521.00
1292 121042.97
1293 121026.04
1294 121657.13
1295 120984.08
1296 121356.01
1297 120857.00
1298 121274.95
1299 120811.22
1300 120955.94
1301 121155.98
1302 120996.00
1303 120844.13
1304 120865.11
1305 120717.76
1306 121346.95
1307 121011.97
1308 121385.10
1309 120843.89
1310 121001.96
1311 120748.04
1312 121961.83
1313 120901.11
1314 121395.83
1315 121706.01
1316 121594.19
1317 121061.09
1318 121238.95
1319 121037.96
1320 120856.05
1321 121008.87
1322 120853.90
1323 121276.14
1324 121170.04
1325 120814.09
1326 121226.07
1327 120893.00
1328 120985.98
1329 121035.10
1330 121032.95
1331 121047.97
1332 121042.97
1333 121016.98
1334 121011.02
1335 121027.95
1336 121023.18
1337 121035.81
1338 120993.85
1339 121039.87
1340 121016.03
1341 121042.01
1342 121021.03
1343 121057.99
1344 121027.95
1345 120926.86
1346 121035.10
1347 121040.11
1348 121046.07
1349 121030.09
1350 121016.03
1351 121013.16
1352 121019.84
1353 121016.98
1354 121023.18
1355 121067.05
1356 121042.01
1357 121001.01
1358 121016.98
1359 121022.94
1360 121062.04
1361 121038.91
1362 121023.89
1363 121047.97
1364 121035.10
1365 120957.85
1366 121039.87
1367 121036.05
1368 121048.93
1369 121043.92
1370 121016.98
1371 121042.01
1372 121027.95
1373 120990.99
1374 121037.01
1375 121045.11
1376 121042.97
1377 121072.05
1378 120999.10
1379 120997.91
1380 121042.97
1381 120997.91
1382 121040.11
1383 121026.04
1384 121042.01
1385 120947.12
1386 120975.02
1387 121042.97
1388 121043.21
1389 121018.17
1390 121046.07
1391 121026.04
1392 121008.87
1393 121031.05
1394 121065.86
1395 121041.77
1396 120981.93
1397 121040.82
1398 121041.06
1399 121041.06
1400 121031.05
1401 121041.06
1402 121023.89
1403 121047.97
1404 120953.08
1405 120966.91
1406 121013.16
1407 121020.08
1408 121022.94
1409 121020.08
1410 121034.15
1411 121046.07
1412 121042.01
1413 120956.90
1414 120951.89
1415 121047.02
1416 121026.04
1417 121057.99
1418 120997.91
1419 120986.94
1420 121026.99
1421 121042.01
1422 121026.04
1423 121044.16
1424 121036.05
1425 120950.94
1426 121042.01
1427 121010.78
1428 121038.91
1429 120998.14
1430 120994.09
1431 121038.91
1432 121042.01
1433 121043.92
1434 121053.22
1435 121022.94
1436 121026.99
1437 121027.95
1438 120995.04
1439 121033.91
1440 121014.12
1441 121042.01
1442 121024.13
1443 121019.84
1444 121031.05
1445 120961.90
1446 120996.95
1447 121052.98
1448 121019.84
1449 120985.98
1450 121024.13
1451 121074.91
1452 120940.92
1453 120971.92
1454 120944.02
1455 121024.13
1456 121037.96
1457 121017.22
1458 121042.97
1459 121039.87
1460 121047.97
1461 121098.04
1462 121041.06
1463 121008.87
1464 121042.97
1465 120969.06
1466 121018.89
1467 121042.01
1468 121041.06
1469 121044.87
1470 121042.97
1471 121041.06
1472 121042.97
1473 121038.91
1474 121057.99
1475 121042.01
1476 121025.80
1477 121042.97
1478 120999.10
1479 121039.87
1480 121038.91
1481 121023.89
1482 121011.02
1483 121025.09
1484 121025.09
1485 120985.03
1486 121042.01
1487 121036.05
1488 120843.89
1489 121034.86
1490 121038.91
1491 121032.95
1492 121040.82
1493 120940.92
1494 120946.88
1495 121040.11
1496 121026.99
1497 121041.06
1498 121062.99
1499 121041.06
1500 120990.04
1501 121046.07
1502 121064.90
1503 121022.94
1504 121046.07
1505 120995.04
1506 121018.89
1507 121041.06
1508 121026.04
1509 121042.97
1510 121030.09
1511 120937.82
1512 120988.85
1513 121030.09
1514 121042.97
1515 121043.92
1516 121047.02
1517 121043.92
1518 120998.14
1519 121048.93
1520 121022.94
1521 120982.17
1522 121037.96
1523 121029.14
1524 121032.95
1525 120974.06
1526 121031.05
1527 121042.97
1528 121020.08
1529 121038.91
1530 121026.04
1531 121047.97
1532 121033.91
1533 121047.02
1534 120945.93
1535 121042.01
1536 121056.08
1537 121043.92
1538 121003.15
1539 121011.97
1540 121016.98
1541 121021.03
1542 120942.12
1543 121028.18
1544 121041.06
1545 121036.05
1546 121037.96
1547 121034.86
1548 121044.87
1549 121038.20
1550 121041.06
1551 121037.01
1552 121040.82
1553 121047.97
1554 121042.97
1555 121019.12
1556 121038.20
1557 121025.09
1558 121000.05
1559 121037.01
1560 121028.18
1561 121047.02
1562 121033.19
1563 121019.84
1564 121032.95
1565 120977.16
1566 121041.77
1567 121007.92
1568 121037.96
1569 121021.99
1570 121042.01
1571 121025.09
1572 121016.03
1573 121035.10
1574 120965.96
1575 121035.81
1576 121063.95
1577 121047.97
1578 120895.86
1579 121045.11
1580 121038.20
1581 121040.82
1582 121040.11
1583 121016.03
1584 121037.96
1585 121026.99
1586 120968.82
1587 120951.89
1588 121027.95
1589 121040.11
1590 120954.04
1591 121042.01
1592 121011.97
1593 121047.02
1594 121052.03
1595 121048.93
1596 121033.91
1597 121057.03
1598 120998.86
1599 121029.85
1600 121019.84
1601 120991.95
1602 121025.09
1603 121044.16
1604 121028.90
1605 120967.15
1606 121036.05
1607 121046.07
1608 120939.97
1609 121043.21
1610 121057.03
1611 121043.92
1612 121024.85
1613 121016.98
1614 121034.86
1615 121035.10
1616 121059.89
1617 121044.16
1618 120996.00
1619 121042.97
1620 121042.97
1621 121038.20
1622 121042.97
1623 121045.11
1624 121044.87
1625 121047.97
1626 121038.91
1627 121044.16
1628 121041.06
1629 121016.03
1630 121042.01
1631 121021.99
1632 121083.02
1633 121060.85
1634 121010.07
1635 120988.13
1636 121021.03
1637 121039.87
1638 120996.95
1639 121023.89
1640 121045.11
1641 121038.91
1642 121042.97
1643 121043.21
1644 120996.00
1645 120966.91
1646 121041.06
1647 121031.05
1648 121016.98
1649 121038.91
