600
0 120467.90
1 120177.03
2 120160.82
3 120149.14
4 120141.98
5 120141.98
6 120142.94
7 120146.04
8 120137.93
9 120142.94
10 120136.02
11 120137.93
12 120136.02
13 120163.92
14 120138.17
15 120149.14
16 120143.89
17 120138.17
18 120140.08
19 120137.93
20 120138.88
21 120141.03
22 120146.99
23 120140.79
24 120134.83
25 120137.93
26 120140.08
27 120141.98
28 120135.07
29 120134.83
30 120134.83
31 120138.17
32 120137.93
33 120136.02
34 120138.88
35 120149.14
36 120144.13
37 120141.98
38 120141.98
39 120139.12
40 120135.07
41 120136.98
42 120138.17
43 120141.98
44 120136.02
45 120135.07
46 120136.02
47 120137.93
48 120135.07
49 120136.98
50 120135.78
51 120135.78
52 120141.03
53 120135.07
54 120135.07
55 120136.02
56 120141.03
57 120136.98
58 120136.98
59 120136.98
60 120136.02
61 120136.02
62 120133.88
63 120137.93
64 120141.98
65 120136.02
66 120145.08
67 120139.12
68 120135.07
69 120136.02
70 120134.83
71 120138.17
72 120135.07
73 120138.17
74 120134.12
75 120136.02
76 120147.94
77 120136.98
78 120133.16
79 120136.02
80 120136.98
81 120134.12
82 120136.98
83 120138.88
84 120151.04
85 120137.93
86 120143.89
87 120135.07
88 120135.07
89 120133.88
90 120132.92
91 120136.02
92 120136.98
93 120137.93
94 120134.83
95 120137.93
96 120146.04
97 120140.08
98 120138.88
99 120134.12
100 120147.94
101 120136.98
102 120722.06
103 120141.98
104 120140.08
105 120139.84
106 120146.04
107 120134.12
108 120136.98
109 120131.97
110 120140.08
111 120136.02
112 120142.94
113 120147.94
114 120363.95
115 120145.08
116 120141.03
117 120141.03
118 120138.88
119 120815.04
120 120136.98
121 120136.02
122 120146.99
123 120142.22
124 120142.22
125 120143.89
126 120137.93
127 120146.99
128 120136.98
129 120140.08
130 120139.12
131 120468.85
132 120133.88
133 120136.98
134 120139.12
135 120137.93
136 120133.16
137 120141.03
138 120614.05
139 120138.88
140 120139.12
141 120138.17
142 120138.17
143 120255.95
144 120266.20
145 120139.12
146 120141.98
147 120143.89
148 120133.16
149 120137.93
150 120140.08
151 120140.08
152 120138.88
153 120135.07
154 120136.02
155 120731.83
156 120141.03
157 120139.12
158 120136.98
159 120143.18
160 120138.88
161 120136.98
162 120139.12
163 120146.04
164 120143.89
165 120136.98
166 120142.94
167 120136.02
168 120138.17
169 120134.12
170 120137.21
171 120131.02
172 120135.07
173 120133.16
174 120138.88
175 120141.98
176 120144.84
177 120139.12
178 120145.80
179 120136.98
180 120138.88
181 120532.99
182 120136.98
183 120142.94
184 120135.07
185 120249.03
186 120151.04
187 120136.02
188 120141.98
189 120923.04
190 120142.94
191 120749.95
192 120144.13
193 120159.15
194 120141.03
195 120141.03
196 120275.02
197 120760.92
198 120142.22
199 120141.98
200 120138.88
201 120580.91
202 120144.13
203 120152.00
204 120146.04
205 120138.88
206 120141.03
207 120138.17
208 120136.98
209 120473.15
210 120133.88
211 120136.02
212 120141.03
213 120246.89
214 120246.17
215 120139.84
216 120139.84
217 120140.08
218 120134.12
219 120141.98
220 120332.96
221 120135.07
222 120149.14
223 120143.89
224 120140.79
225 120723.01
226 120718.00
227 120142.94
228 120132.92
229 120142.94
230 120408.06
231 120139.84
232 120138.88
233 120145.08
234 120643.85
235 120141.98
236 120142.94
237 120364.90
238 120405.91
239 120134.83
240 120137.93
241 120138.17
242 120146.04
243 120148.18
244 120136.98
245 120133.88
246 120332.96
247 120653.15
248 120138.17
249 120140.08
250 120911.84
251 120857.95
252 120135.07
253 120134.12
254 120630.03
255 120145.08
256 120566.84
257 120138.17
258 120860.10
259 120409.01
260 120141.98
261 120670.08
262 120599.99
263 120657.92
264 120136.02
265 120141.98
266 120255.95
267 120377.06
268 120363.00
269 120141.98
270 120144.13
271 120950.94
272 120136.02
273 120878.22
274 120287.90
275 120326.04
276 120386.84
277 120141.03
278 120561.84
279 120879.89
280 120836.02
281 120887.04
282 120148.90
283 120333.19
284 120382.07
285 120507.00
286 120564.94
287 120772.12
288 120836.97
289 120887.04
290 120280.98
291 120331.05
292 120455.98
293 120512.96
294 120654.11
295 120771.88
296 120842.93
297 120223.05
298 120275.97
299 120403.77
300 120455.98
301 120520.11
302 120722.06
303 120139.12
304 120138.88
305 120141.98
306 120276.93
307 120407.10
308 120476.01
309 120135.07
310 120732.07
311 120151.04
312 120910.88
313 120252.13
314 120360.85
315 120418.07
316 120558.02
317 120595.93
318 120748.04
319 120855.09
320 120139.84
321 120247.13
322 120281.93
323 120431.18
324 120519.88
325 120703.94
326 120918.99
327 120860.82
328 120933.06
329 120288.85
330 120376.11
331 120432.85
332 120553.02
333 120706.08
334 120890.14
335 120153.90
336 120157.96
337 120240.93
338 120479.82
339 120505.09
340 120750.90
341 120799.06
342 120734.93
343 120248.08
344 120308.88
345 120510.10
346 120573.04
347 120594.98
348 120831.01
349 120887.99
350 120830.06
351 120341.06
352 120284.08
353 120607.85
354 120350.12
355 120612.86
356 120934.96
357 120177.03
358 120379.92
359 120444.06
360 120134.12
361 120234.97
362 120293.14
363 120146.99
364 120136.02
365 120145.80
366 120265.01
367 120154.14
368 120140.08
369 120134.83
370 120132.92
371 120133.88
372 120131.02
373 120208.02
374 120136.02
375 120132.92
376 120136.02
377 120137.93
378 120238.78
379 120306.02
380 120131.02
381 120137.93
382 120138.88
383 120136.98
384 120136.98
385 120205.16
386 120151.04
387 120137.93
388 120141.03
389 120136.98
390 120228.05
391 120137.93
392 120142.94
393 120136.02
394 120137.93
395 120137.21
396 120136.98
397 120137.21
398 120136.98
399 120136.98
400 120135.07
401 120137.93
402 120202.06
403 120137.93
404 120137.93
405 120137.93
406 120141.03
407 120192.05
408 120136.02
409 120140.08
410 120136.98
411 120134.12
412 120136.02
413 120136.98
414 120137.93
415 120136.98
416 120136.98
417 120136.98
418 120128.87
419 120135.78
420 120136.02
421 120133.16
422 120138.88
423 120144.13
424 120138.88
425 120136.98
426 120135.07
427 120137.21
428 120132.92
429 120136.02
430 120133.88
431 120139.12
432 120142.94
433 120134.83
434 120136.02
435 120138.88
436 120135.07
437 120138.88
438 120133.16
439 120141.98
440 120141.03
441 120132.92
442 120134.12
443 120138.88
444 120134.83
445 120136.98
446 120136.98
447 120136.98
448 120136.98
449 120147.94
450 120139.84
451 120136.02
452 120136.02
453 120129.11
454 120134.12
455 120136.98
456 120141.03
457 120136.98
458 120136.02
459 120136.98
460 120131.97
461 120136.02
462 120135.07
463 120141.98
464 120136.02
465 120135.78
466 120136.98
467 120137.93
468 120136.02
469 120135.78
470 120137.93
471 120134.12
472 120136.98
473 120139.12
474 120139.12
475 120137.93
476 120136.02
477 120132.92
478 120133.88
479 120210.17
480 120131.97
481 120136.98
482 120135.07
483 120146.04
484 120132.92
485 120148.90
486 120146.99
487 120142.94
488 120136.98
489 120142.94
490 120140.08
491 120140.79
492 120133.88
493 120146.99
494 120145.08
495 120155.10
496 120145.08
497 120140.08
498 120143.89
499 120259.05
500 120144.13
501 120138.88
502 120144.13
503 120146.04
504 120140.08
505 120147.94
506 120141.98
507 120311.02
508 120139.12
509 120146.04
510 120144.84
511 120139.12
512 120143.89
513 120142.94
514 120142.94
515 120141.03
516 120138.88
517 120142.94
518 120140.08
519 120280.98
520 120144.13
521 120138.88
522 120140.08
523 120198.97
524 120143.89
525 120141.98
526 120269.06
527 120142.94
528 120146.04
529 120143.89
530 120140.08
531 120236.87
532 120140.08
533 120146.99
534 120143.18
535 120162.01
536 120141.03
537 120287.18
538 120229.96
539 120238.07
540 120141.03
541 120141.98
542 120139.12
543 120198.01
544 120144.13
545 120142.94
546 120141.03
547 120314.12
548 120140.08
549 120146.04
550 120174.88
551 120143.18
552 120142.94
553 120141.03
554 120182.99
555 120144.13
556 120138.88
557 120138.88
558 120140.08
559 120141.98
560 120149.14
561 120143.18
562 120143.18
563 120145.80
564 120138.88
565 120142.94
566 120141.98
567 120141.03
568 120141.03
569 120137.93
570 120142.22
571 120142.22
572 120140.79
573 120140.79
574 120142.94
575 120146.04
576 120141.03
577 120143.18
578 120141.03
579 120141.03
580 120141.03
581 120142.94
582 120141.98
583 120143.89
584 120141.03
585 120141.98
586 120141.98
587 120141.03
588 120146.99
589 120141.03
590 120141.03
591 120142.94
592 120143.89
593 120143.89
594 120151.04
595 120141.98
596 120142.94
597 120143.89
598 120143.18
599 120140.08
