575
0 121742.96
1 121665.00
2 121614.93
3 121551.04
4 121622.80
5 121560.10
6 121646.17
7 121596.10
8 121539.12
9 121603.01
10 121529.10
11 121624.95
12 121507.17
13 121588.95
14 121530.06
15 121470.93
16 121542.93
17 121601.10
18 121521.00
19 121608.02
20 121526.96
21 121608.02
22 121551.99
23 121509.08
24 121586.80
25 121518.14
26 121587.99
27 121499.06
28 121590.85
29 121526.00
30 121474.98
31 121533.87
32 121636.15
33 121567.01
34 121513.13
35 121595.86
36 121526.96
37 121567.96
38 121557.95
39 121638.06
40 121592.04
41 121526.00
42 121612.07
43 121557.95
44 121634.01
45 121568.92
46 121515.99
47 121579.17
48 121500.97
49 121584.89
50 121513.84
51 121605.87
52 121501.21
53 121629.95
54 121551.99
55 121640.92
56 121521.95
57 121604.92
58 121542.93
59 121626.14
60 121577.02
61 121510.03
62 121461.15
63 121543.88
64 121604.20
65 121530.06
66 121627.81
67 121574.16
68 121531.01
69 121599.91
70 121531.01
71 121623.99
72 121571.06
73 121608.97
74 121538.16
75 121633.05
76 121578.93
77 121513.13
78 121581.79
79 121524.10
80 121621.13
81 121541.02
82 121649.98
83 121596.10
84 121530.06
85 121620.89
86 121642.11
87 121639.01
88 121590.14
89 121520.04
90 121614.22
91 121533.16
92 121621.13
93 121541.98
94 121643.07
95 121451.14
96 121531.01
97 121472.12
98 121553.90
99 121637.82
100 121443.99
101 121510.98
102 121325.97
103 121393.92
104 121609.93
105 121399.16
106 121622.09
107 121428.01
108 121356.01
109 121431.11
110 121366.02
111 121433.97
112 121480.94
113 121551.04
114 121484.99
115 121700.05
116 121734.14
117 121811.15
118 121397.97
119 121350.05
120 121287.11
121 121735.10
122 121323.11
123 121624.95
124 122308.02
125 121737.00
126 121915.10
127 121536.02
128 121735.10
129 121547.94
130 121381.04
131 121566.06
132 121361.02
133 121431.11
134 121508.84
135 121457.82
136 121509.08
137 121342.18
138 121279.00
139 121479.99
140 121419.19
141 121478.08
142 121264.93
143 121418.95
144 121486.90
145 121310.95
146 121374.85
147 121530.06
148 121340.04
149 121415.85
150 121515.99
151 121440.17
152 121498.11
153 121192.93
154 121644.97
155 121341.94
156 121414.90
157 121367.22
158 121440.17
159 121374.13
160 121454.00
161 121511.94
162 121297.12
163 121283.05
164 121341.94
165 121433.02
166 121380.81
167 121459.96
168 121254.92
169 121459.96
170 121253.97
171 121468.07
172 121294.02
173 121381.04
174 121311.90
175 121383.91
176 121461.15
177 121510.03
178 121325.02
179 121284.01
180 121359.11
181 121433.02
182 121240.85
183 121583.22
184 121368.89
185 121463.06
186 121271.13
187 121368.17
188 121397.02
189 121346.00
190 121544.12
191 121230.84
192 121553.90
193 121654.03
194 121489.05
195 121292.83
196 121504.07
197 121299.98
198 121495.96
199 121582.98
200 121411.09
201 121604.92
202 121180.77
203 121518.85
204 121401.07
205 121730.09
206 121408.94
207 121363.88
208 121294.02
209 121379.85
210 121302.13
211 121258.02
212 121581.08
213 121400.12
214 121453.05
215 121376.04
216 121324.06
217 121502.16
218 121584.89
219 121419.19
220 121351.96
221 121295.93
222 121371.98
223 121570.11
224 121537.92
225 121613.98
226 121684.07
227 121513.13
228 121187.93
229 121407.03
230 121353.15
231 121558.90
232 121381.04
233 121454.00
234 121384.14
235 121333.12
236 121547.22
237 121361.97
238 121319.06
239 121653.80
240 121479.03
241 121279.00
242 121602.06
243 121427.06
244 121499.06
245 121424.91
246 121494.77
247 121788.98
248 121532.92
249 121350.05
250 121550.08
251 121239.90
252 121460.91
253 121262.07
254 121335.98
255 121549.84
256 121481.18
257 121427.06
258 121388.91
259 121400.12
260 121346.95
261 121282.10
262 121256.11
263 121445.18
264 121646.88
265 121598.96
266 121285.92
267 121732.95
268 121301.89
269 121497.15
270 121256.11
271 121515.99
272 121573.93
273 121768.00
274 121340.99
275 121420.86
276 121350.05
277 121438.03
278 121633.05
279 121317.15
280 121404.89
281 121354.82
282 121679.07
283 121378.90
284 121326.92
285 121394.87
286 121330.02
287 121541.98
288 121621.13
289 121444.94
290 121668.10
291 121344.09
292 121921.78
293 121368.89
294 121798.04
295 121386.05
296 121463.06
297 121521.95
298 121488.81
299 121425.15
300 121509.79
301 121318.10
302 121253.97
303 121325.97
304 121901.04
305 121479.99
306 121563.20
307 121279.00
308 121571.06
309 121640.92
310 121603.01
311 121924.16
312 121629.95
313 121304.99
314 121424.91
315 121696.00
316 121621.85
317 121314.05
318 121654.03
319 121479.03
320 121299.03
321 121375.80
322 121306.90
323 121397.02
324 121469.02
325 121534.11
326 121756.08
327 121453.05
328 121508.12
329 121719.84
330 121270.90
331 121448.04
332 121546.03
333 121455.91
334 121390.10
335 121735.10
336 121927.02
337 121739.15
338 121912.00
339 121456.86
340 121526.00
341 121747.02
342 121425.87
343 121627.81
344 121325.02
345 121418.00
346 121728.90
347 121433.02
348 121629.95
349 121880.05
350 121467.83
351 121351.00
352 121303.80
353 121495.96
354 121680.02
355 121875.05
356 121684.07
357 121989.01
358 121423.96
359 121498.11
360 121677.88
361 121247.05
362 121707.92
363 121761.08
364 121215.11
365 121401.07
366 121587.99
367 121773.96
368 121820.93
369 121392.97
370 121453.05
371 121754.88
372 121317.86
373 121508.84
374 121567.96
375 121603.97
376 121816.87
377 121524.10
378 121437.07
379 121639.97
380 121711.97
381 121942.04
382 121484.04
383 121540.07
384 121741.06
385 121289.01
386 121977.09
387 121500.02
388 121575.83
389 121529.10
390 121201.99
391 121285.92
392 121356.01
393 121453.05
394 121611.12
395 121372.94
396 121307.13
397 121400.83
398 121572.02
399 121370.08
400 121341.94
401 121272.09
402 121340.99
403 121397.02
404 121350.05
405 121680.02
406 121639.01
407 121455.19
408 121269.94
409 121469.02
410 121377.94
411 121454.00
412 121398.93
413 121321.92
414 121645.21
415 121317.15
416 121625.90
417 121441.13
418 121623.99
419 121313.10
420 121244.19
421 121577.98
422 121533.87
423 121336.94
424 121277.09
425 121351.96
426 121572.02
427 121366.02
428 121435.88
429 121499.78
430 121667.15
431 121613.03
432 121318.82
433 121535.06
434 121330.98
435 121540.07
436 121374.85
437 121451.14
438 121361.97
439 121431.83
440 121258.97
441 121456.15
442 121532.92
443 121594.91
444 121410.13
445 121356.96
446 121438.98
447 121388.20
448 121465.92
449 121273.04
450 121351.96
451 121424.91
452 121325.97
453 121365.79
454 121317.86
455 121393.92
456 121701.00
457 121407.03
458 121608.97
459 121424.91
460 121368.89
461 121564.15
462 121386.05
463 121454.00
464 121382.95
465 121327.88
466 121418.95
467 121618.99
468 121411.09
469 121179.10
470 121303.80
471 121484.04
472 121421.10
473 121396.06
474 121366.98
475 121451.14
476 121389.15
477 121715.07
478 121536.97
479 121364.12
480 121422.05
481 121246.10
482 121313.10
483 121348.14
484 121478.08
485 121284.01
486 121615.89
487 121706.96
488 121658.09
489 121724.13
490 121662.86
491 121743.92
492 121695.04
493 121632.10
494 121658.80
495 121607.07
496 121675.97
497 121608.97
498 121680.02
499 121600.15
500 121674.06
501 121615.89
502 121708.15
503 121646.17
504 121580.84
505 121650.93
506 121732.95
507 121541.98
508 121599.91
509 121689.08
510 121625.90
511 121567.96
512 121640.92
513 121733.19
514 121545.08
515 121613.98
516 121704.10
517 121657.85
518 121737.00
519 121569.87
520 121654.03
521 121591.09
522 121654.99
523 121742.01
524 121689.80
525 121629.00
526 121696.95
527 121614.93
528 121577.98
529 121670.01
530 121604.92
531 121695.04
532 121644.02
533 121736.05
534 121686.94
535 121753.93
536 121706.96
537 121651.17
538 121727.23
539 121671.92
540 121612.07
541 121701.00
542 121629.95
543 121696.95
544 121664.05
545 121742.01
546 121689.08
547 121603.97
548 121683.12
549 121610.88
550 121701.96
551 121644.02
552 121726.99
553 121675.97
554 121734.86
555 121683.12
556 121619.22
557 121560.81
558 121657.13
559 121727.23
560 121680.97
561 121613.03
562 121702.91
563 121666.19
564 121598.96
565 121679.78
566 121613.98
567 121701.96
568 121647.12
569 121726.99
570 121632.81
571 121643.07
572 121670.96
573 121612.07
574 121701.00
