275
0 121991.16
1 121686.94
2 121623.99
3 121585.85
4 121747.02
5 121695.04
6 121752.02
7 121670.01
8 121510.98
9 121702.91
10 121510.98
11 121685.03
12 121356.96
13 121557.95
14 121731.04
15 121546.03
16 124477.86
17 124003.17
18 124071.12
19 123638.15
20 124338.15
21 125014.07
22 124573.95
23 124135.02
24 124192.95
25 124858.14
26 124420.17
27 123974.08
28 124784.95
29 124340.06
30 125017.88
31 125251.05
32 124642.13
33 124361.99
34 125048.88
35 124604.94
36 125257.97
37 125313.04
38 124872.92
39 125576.02
40 124983.07
41 124685.05
42 125492.10
43 125545.98
44 124980.21
45 124537.94
46 125224.11
47 124737.98
48 125429.15
49 124382.97
50 125189.07
51 125862.12
52 125443.94
53 125004.05
54 125811.82
55 126374.96
56 125406.03
57 124984.03
58 125665.90
59 125077.01
60 124767.07
61 125337.12
62 125380.99
63 125083.92
64 125767.95
65 125309.94
66 124884.13
67 125549.08
68 125723.84
69 125159.98
70 125993.97
71 125471.12
72 125099.90
73 125783.21
74 124714.14
75 124404.91
76 123960.02
77 124655.01
78 124079.94
79 123759.98
80 123945.00
81 124503.14
82 124054.91
83 124866.96
84 124114.99
85 123813.87
86 124546.05
87 124566.08
88 124096.16
89 123646.97
90 124326.94
91 124017.00
92 124696.97
93 124611.14
94 124306.92
95 123874.90
96 124548.91
97 124114.99
98 123528.00
99 123707.06
100 124423.98
101 123847.01
102 123548.98
103 124355.79
104 123914.00
105 123971.22
106 124632.84
107 124210.12
108 123765.95
109 124459.98
110 124008.18
111 124807.12
112 124866.01
113 124427.08
114 123960.02
115 124637.84
116 124196.05
117 124879.12
118 124935.87
119 124482.87
120 124056.10
121 123627.90
122 124279.98
123 123860.12
124 124041.08
125 124711.04
126 124286.89
127 123843.19
128 124527.22
129 124086.14
130 124136.92
131 123710.16
132 124372.96
133 123950.00
134 124619.96
135 124185.09
136 125020.98
137 123953.10
138 124638.08
139 124173.88
140 123738.05
141 124424.93
142 125246.05
143 124037.03
144 123615.03
145 124289.99
146 123860.12
147 124665.02
148 124224.90
149 124278.07
150 123839.86
151 124334.10
152 123991.01
153 124756.10
154 124363.90
155 124555.11
156 123966.93
157 124655.96
158 124207.97
159 123776.91
160 124594.93
161 125263.21
162 124067.07
163 123770.00
164 124434.95
165 124012.95
166 124701.02
167 124253.03
168 124451.88
169 124013.19
170 124702.93
171 124119.04
172 123648.88
173 124500.99
174 124536.04
175 124079.94
176 123677.02
177 124486.92
178 124043.94
179 124704.12
180 124638.80
181 124470.95
182 123764.99
183 124588.01
184 124148.85
185 123565.91
186 123762.85
187 124428.03
188 124009.13
189 124681.00
190 124241.83
191 123802.90
192 124415.16
193 124669.08
194 124239.21
195 123664.86
196 124337.91
197 124039.17
198 124725.10
199 123651.03
200 124315.02
201 123898.03
202 124557.97
203 124125.00
204 123816.01
205 123728.04
206 124677.90
207 124106.88
208 123528.00
209 124351.98
210 123909.00
211 123946.91
212 124758.96
213 124180.08
214 123751.16
215 124577.05
216 124111.89
217 124830.96
218 123758.08
219 124428.03
220 124134.06
221 124886.99
222 124271.15
223 125057.94
224 123880.86
225 124825.95
226 124128.10
227 123667.96
228 124500.99
229 124046.09
230 124108.08
231 124772.07
232 124137.16
233 123909.00
234 124576.09
235 124154.81
236 124331.00
237 123744.01
238 124425.89
239 124004.84
240 123548.98
241 124368.91
242 125059.84
243 123995.07
244 124603.99
245 124230.86
246 123672.01
247 124516.01
248 125339.03
249 124273.06
250 123682.02
251 124367.00
252 123945.00
253 124753.00
254 124187.95
255 124352.93
256 123801.95
257 124475.00
258 124163.15
259 123734.95
260 124410.87
261 124600.89
262 124037.03
263 123595.95
264 124287.13
265 123983.86
266 124644.99
267 125338.08
268 124255.90
269 123861.07
270 124515.06
271 123934.03
272 123632.19
273 124438.05
274 124468.80
