575
0 121829.99
1 121747.02
2 121694.09
3 121640.21
4 121706.01
5 121521.95
6 121729.14
7 121676.92
8 121733.90
9 121631.15
10 121707.92
11 121648.07
12 121587.99
13 121669.05
14 121603.97
15 121695.04
16 121603.01
17 121652.84
18 121742.01
19 121669.05
20 121596.10
21 121670.01
22 121740.10
23 121654.03
24 121604.92
25 121563.91
26 121603.01
27 121705.06
28 121670.96
29 121580.12
30 121657.13
31 121713.88
32 121670.96
33 121713.88
34 121655.94
35 121729.85
36 121682.88
37 121752.98
38 121687.89
39 121616.13
40 121546.03
41 121620.18
42 121690.99
43 121606.11
44 121701.96
45 121726.99
46 121643.78
47 121570.83
48 121613.03
49 121709.11
50 121633.05
51 121720.08
52 121661.90
53 121732.95
54 121680.97
55 121737.00
56 121685.03
57 121617.08
58 121702.91
59 121552.94
60 121627.09
61 121711.97
62 121649.98
63 121714.12
64 121656.18
65 121600.15
66 121688.84
67 121612.07
68 121693.13
69 121625.19
70 121711.97
71 121665.00
72 121626.14
73 121682.88
74 121618.03
75 121694.09
76 121618.03
77 121709.11
78 121664.05
79 121611.12
80 121568.20
81 121762.99
82 121571.06
83 121659.04
84 121738.20
85 121613.03
86 121705.06
87 121640.21
88 121725.08
89 121677.88
90 121685.98
91 121761.08
92 121692.90
93 121627.81
94 121711.97
95 121628.05
96 121722.94
97 121677.16
98 121607.07
99 121744.87
100 121747.97
101 121746.78
102 121746.06
103 121626.14
104 121739.15
105 121735.81
106 121714.12
107 121693.85
108 121696.00
109 121695.04
110 121689.80
111 121680.02
112 121672.87
113 121678.83
114 121673.11
115 121655.23
116 121778.01
117 121676.21
118 121657.13
119 121662.14
120 121531.01
121 121659.99
122 121663.09
123 121526.00
124 121678.11
125 121527.91
126 121661.90
127 121676.92
128 121672.15
129 121676.92
130 121680.97
131 121680.97
132 121613.98
133 121667.86
134 121682.88
135 121679.07
136 121692.90
137 121693.13
138 121674.06
139 121686.94
140 121688.84
141 121681.93
142 121685.03
143 121575.83
144 121710.06
145 121716.98
146 121711.02
147 121709.82
148 121579.17
149 121717.93
150 121724.13
151 121726.04
152 121723.89
153 121719.12
154 121721.98
155 121706.01
156 121702.19
157 121726.04
158 121715.78
159 121716.98
160 121713.88
161 121715.07
162 121714.12
163 121713.16
164 121725.08
165 121711.97
166 121715.07
167 121716.02
168 121715.78
169 121715.07
170 121713.88
171 121718.17
172 121721.03
173 121722.94
174 121722.94
175 121723.18
176 121723.18
177 121717.93
178 121721.03
179 121721.03
180 121724.13
181 121716.98
182 121726.04
183 121728.18
184 121721.03
185 121721.98
186 121724.13
187 121719.12
188 121721.03
189 121574.16
190 121723.89
191 121714.12
192 121718.17
193 121578.93
194 121716.98
195 121571.78
196 121580.12
197 121584.89
198 121589.90
199 121588.95
200 121588.95
201 121711.02
202 121707.92
203 121670.01
204 121711.02
205 121649.98
206 121737.96
207 121742.01
208 121737.00
209 121591.81
210 121735.10
211 121742.01
212 121740.10
213 121742.01
214 121599.91
215 121736.05
216 121738.20
217 121601.10
218 121743.92
219 121744.16
220 121604.92
221 121600.15
222 121702.91
223 121740.10
224 121598.01
225 121603.01
226 121604.20
227 121741.06
228 121599.91
229 121602.77
230 121600.87
231 121741.77
232 121606.11
233 121608.02
234 121747.02
235 121737.96
236 121603.01
237 121599.91
238 121645.93
239 121654.99
240 121636.15
241 121634.01
242 121629.00
243 121651.89
244 121653.08
245 121701.96
246 121698.86
247 121698.14
248 121696.95
249 121691.94
250 121694.09
251 121700.05
252 121692.90
253 121696.00
254 121699.09
255 121702.91
256 121698.14
257 121705.06
258 121706.96
259 121701.00
260 121618.03
261 121704.10
262 121702.91
263 121699.09
264 121727.94
265 121727.94
266 121734.86
267 121734.86
268 121736.05
269 121735.81
270 121730.80
271 121735.81
272 121737.00
273 121733.90
274 121721.98
275 121714.12
276 121721.03
277 121716.98
278 121732.95
279 121731.04
280 121585.13
281 121722.94
282 121721.03
283 121718.88
284 121719.84
285 121695.04
286 121564.15
287 121688.84
288 121685.98
289 121685.98
290 121685.98
291 121681.93
292 121684.79
293 121662.14
294 121671.92
295 121669.05
296 121671.92
297 121661.90
298 121667.86
299 121670.96
300 121674.06
301 121691.94
302 121694.09
303 121693.13
304 121690.99
305 121525.05
306 121703.86
307 121558.90
308 121708.87
309 121581.08
310 121739.86
311 121721.98
312 121706.96
313 121719.12
314 121723.18
315 121713.88
316 121705.06
317 121710.06
318 121715.07
319 121706.96
320 121567.01
321 121713.88
322 121710.06
323 121703.15
324 121706.01
325 121706.96
326 121703.15
327 121694.09
328 121708.87
329 121704.10
330 121703.15
331 121701.96
332 121695.04
333 121703.15
334 121629.95
335 121637.11
336 121630.19
337 121626.85
338 121630.91
339 121639.01
340 121649.03
341 121510.03
342 121640.92
343 121630.19
344 121640.92
345 121625.90
346 121630.91
347 121629.00
348 121623.99
349 121589.90
350 121732.00
351 121732.00
352 121608.02
353 121737.00
354 121732.00
355 121732.00
356 121727.94
357 121729.85
358 121730.09
359 121685.98
360 121538.16
361 121666.19
362 121675.01
363 121598.01
364 121650.93
365 121674.06
366 121691.94
367 121696.00
368 121695.04
369 121694.80
370 121711.97
371 121718.88
372 121718.88
373 121717.93
374 121715.07
375 121711.97
376 121716.98
377 121710.06
378 121711.97
379 121713.16
380 121567.01
381 121621.13
382 121708.87
383 121711.97
384 121705.06
385 121727.94
386 121725.08
387 121727.94
388 121721.03
389 121583.94
390 121725.08
391 121718.17
392 121729.85
393 121729.14
394 121729.85
395 121726.99
396 121731.04
397 121726.99
398 121721.98
399 121652.13
400 121659.99
401 121649.03
402 121651.89
403 121578.93
404 121713.16
405 121711.97
406 121625.90
407 121748.92
408 121757.03
409 121752.98
410 121756.08
411 121759.89
412 121762.99
413 121765.14
414 121767.04
415 121778.01
416 121784.93
417 121786.83
418 121785.88
419 121783.02
420 121647.12
421 121791.12
422 121806.14
423 121659.99
424 121661.90
425 121661.90
426 121803.05
427 121659.04
428 121668.10
429 121654.99
430 121803.05
431 121670.96
432 121669.05
433 121672.15
434 121661.90
435 121658.09
436 121657.85
437 121798.99
438 121663.81
439 121802.09
440 121676.21
441 121666.91
442 121666.91
443 121669.05
444 121665.00
445 121665.00
446 121762.04
447 121772.05
448 121784.93
449 121638.06
450 121783.97
451 121786.12
452 121788.98
453 121788.02
454 121793.03
455 121799.95
456 121793.99
457 121789.93
458 121791.12
459 121793.99
460 121671.92
461 121791.12
462 121781.11
463 121770.86
464 121768.95
465 121766.81
466 121782.06
467 121785.16
468 121780.87
469 121782.06
470 121778.01
471 121781.11
472 121784.93
473 121782.06
474 121782.78
475 121785.88
476 121785.16
477 121780.87
478 121778.96
479 121779.92
480 121689.08
481 121807.10
482 121810.91
483 121806.86
484 121795.89
485 121807.10
486 121670.96
487 121661.19
488 121661.90
489 121682.17
490 121680.97
491 121662.86
492 121668.10
493 121670.01
494 121665.95
495 121667.15
496 121666.91
497 121677.88
498 121669.05
499 121677.16
500 121672.87
501 121665.95
502 121622.09
503 121674.06
504 121668.10
505 121664.05
506 121670.96
507 121667.86
508 121667.86
509 121675.01
510 121663.81
511 121698.86
512 121665.00
513 121670.96
514 121671.20
515 121670.01
516 121671.92
517 121678.83
518 121679.07
519 121676.92
520 121677.88
521 121678.11
522 121684.07
523 121782.06
524 121634.01
525 121769.91
526 121780.16
527 121644.02
528 121780.87
529 121641.16
530 121787.07
531 121784.93
532 121783.97
533 121786.12
534 121787.07
535 121786.12
536 121788.02
537 121791.12
538 121800.18
539 121812.11
540 121808.05
541 121671.92
542 121807.81
543 121662.14
544 121667.86
545 121668.10
546 121670.01
547 121670.96
548 121669.05
549 121681.93
550 121675.01
551 121673.11
552 121679.07
553 121675.01
554 121635.20
555 121671.92
556 121674.06
557 121807.10
558 121815.92
559 121666.91
560 121670.96
561 121675.97
562 121810.20
563 121668.10
564 121677.16
565 121673.11
566 121721.03
567 121595.86
568 121718.88
569 121619.94
570 121757.98
571 121755.12
572 121751.07
573 121750.12
574 121753.93
