250
0 133007.05
1 136762.86
2 153286.22
3 129534.96
4 122652.05
5 134612.80
6 151066.06
7 145618.92
8 140406.13
9 137625.93
10 122447.01
11 127087.12
12 129513.03
13 124202.01
14 134981.16
15 142759.80
16 127408.98
17 125676.87
18 125430.11
19 155992.03
20 152917.15
21 124564.89
22 169837.00
23 139907.84
24 128288.03
25 137704.13
26 128337.86
27 127290.96
28 123612.88
29 140275.00
30 121565.10
31 124303.10
32 192656.99
33 183666.94
34 131823.06
35 121740.10
36 145524.02
37 158161.88
38 124811.89
39 135612.96
40 137576.82
41 135427.00
42 140292.88
43 135720.97
44 124201.06
45 123109.10
46 168213.13
47 148506.88
48 167565.11
49 176328.90
50 130525.11
51 136080.03
52 124041.08
53 145423.89
54 138828.99
55 145708.08
56 132315.16
57 136548.04
58 124354.12
59 145533.80
60 145267.01
61 186326.03
62 164664.98
63 155338.05
64 127425.91
65 155008.08
66 149586.92
67 126843.93
68 125518.80
69 121227.03
70 184752.94
71 152161.12
72 129690.89
73 134124.04
74 121202.95
75 128911.02
76 141235.83
77 155927.90
78 122915.98
79 134498.12
80 140822.89
81 125569.82
82 135655.88
83 138293.03
84 122686.15
85 132385.02
86 122497.80
87 159807.92
88 127818.82
89 123999.12
90 171194.08
91 137952.80
92 127434.02
93 142803.19
94 124988.08
95 137899.88
96 129366.16
97 130066.87
98 163047.79
99 136564.97
100 140681.98
101 147926.09
102 124946.83
103 127725.84
104 131377.94
105 143624.07
106 126528.98
107 150901.08
108 141246.08
109 128922.94
110 129966.02
111 131262.06
112 140442.13
113 150872.95
114 135712.86
115 137071.13
116 123535.87
117 160260.92
118 132498.03
119 152936.94
120 179587.84
121 126625.06
122 140662.19
123 125764.13
124 127978.09
125 132248.16
126 121371.03
127 151428.94
128 136311.05
129 133101.94
130 135180.95
131 141327.14
132 149312.97
133 125117.06
134 164230.11
135 179639.82
136 126521.11
137 147666.93
138 123685.12
139 127547.03
140 160074.95
141 124547.00
142 130177.02
143 128348.11
144 126297.00
145 158303.98
146 124797.82
147 144423.96
148 130451.20
149 142585.99
150 168186.19
151 126790.05
152 139283.18
153 134298.80
154 148655.89
155 164088.96
156 131063.94
157 131916.05
158 150019.88
159 152014.97
160 125139.95
161 126115.08
162 165345.91
163 127120.02
164 136430.98
165 140596.87
166 144267.80
167 144649.98
168 131112.10
169 144372.94
170 126358.03
171 133003.95
172 125144.96
173 128137.83
174 133483.89
175 141648.05
176 125566.01
177 131542.21
178 134447.10
179 128839.02
180 153147.94
181 129864.22
182 137190.82
183 121933.94
184 128834.96
185 124223.95
186 121744.87
187 185459.14
188 143516.06
189 129161.83
190 123394.97
191 143399.95
192 131659.98
193 121091.84
194 126844.17
195 156128.17
196 134917.02
197 163047.08
198 140641.93
199 145083.90
200 121526.00
201 144773.96
202 152367.12
203 125529.05
204 138550.04
205 123732.09
206 124141.93
207 150044.20
208 122076.03
209 146331.07
210 123383.05
211 124802.11
212 152070.05
213 145828.96
214 143229.96
215 123451.95
216 152499.91
217 127393.01
218 133657.93
219 135553.12
220 124294.04
221 134845.97
222 134267.09
223 123820.07
224 133242.85
225 122355.94
226 136806.96
227 123101.00
228 139542.82
229 132797.96
230 132583.86
231 126452.92
232 162445.07
233 148719.07
234 122261.05
235 151376.01
236 126581.91
237 143714.19
238 167863.13
239 141285.90
240 170031.07
241 158302.07
242 122359.04
243 161654.00
244 122076.99
245 188302.04
246 202502.97
247 126801.97
248 260469.91
249 208894.01
