575
0 121996.88
1 121635.20
2 121717.93
3 121674.06
4 121741.06
5 121671.92
6 121621.85
7 121712.92
8 121639.97
9 121696.00
10 121618.03
11 121688.13
12 121621.85
13 121711.97
14 121662.14
15 121737.00
16 121642.11
17 121713.88
18 121662.86
19 121641.87
20 121572.97
21 121628.05
22 121698.14
23 121629.00
24 121719.12
25 121632.81
26 121690.99
27 121628.05
28 121697.19
29 121610.16
30 121690.03
31 121623.99
32 121720.08
33 121676.92
34 121625.90
35 121698.14
36 121631.15
37 121716.02
38 121654.99
39 121724.13
40 121634.96
41 121732.00
42 121654.99
43 121717.93
44 121665.95
45 121686.22
46 121688.13
47 121737.96
48 121670.96
49 121603.97
50 121693.13
51 121603.01
52 121680.02
53 121611.83
54 121573.21
55 121631.86
56 121711.02
57 121661.90
58 121623.99
59 121693.85
60 121739.86
61 121688.13
62 121622.09
63 121709.82
64 121588.95
65 121668.10
66 121606.11
67 121680.02
68 121603.97
69 121596.10
70 121529.82
71 121731.04
72 121642.11
73 121710.06
74 121643.07
75 121695.04
76 121669.05
77 121598.01
78 121690.99
79 121602.77
80 121698.86
81 121630.19
82 121723.18
83 121667.15
84 121665.95
85 121597.05
86 121664.05
87 121747.97
88 121694.09
89 121619.94
90 121697.90
91 121613.98
92 121704.10
93 121619.94
94 121570.11
95 121632.10
96 121708.87
97 121634.96
98 121718.17
99 121648.07
100 121724.84
101 121640.92
102 121608.02
103 121670.01
104 121596.10
105 121487.14
106 121450.90
107 121635.91
108 121407.99
109 121589.90
110 121641.16
111 121844.05
112 122524.98
113 121932.98
114 121514.08
115 121676.92
116 122374.06
117 122057.91
118 121505.02
119 122173.07
120 121780.87
121 121824.98
122 122768.88
123 122091.05
124 121629.00
125 122438.91
126 122098.92
127 122284.89
128 121856.93
129 122431.99
130 122120.14
131 122800.83
132 122231.96
133 122447.97
134 122023.11
135 122730.97
136 122318.03
137 121885.06
138 122589.11
139 122100.11
140 122168.06
141 121868.13
142 122692.11
143 121984.00
144 122930.05
145 122262.95
146 122570.99
147 121889.11
148 122982.03
149 122287.99
150 121867.90
151 122565.03
152 122839.93
153 122286.08
154 122968.20
155 122544.05
156 121975.90
157 122809.89
158 123139.86
159 122576.00
160 123260.97
161 122821.81
162 122266.77
163 123099.09
164 122686.86
165 122618.91
166 122318.03
167 123119.12
168 122676.13
169 122123.96
170 121823.07
171 122009.99
172 121459.96
173 122163.06
174 121743.92
175 122438.91
176 121994.97
177 122081.04
178 121761.80
179 122365.00
180 121926.78
181 121510.98
182 122192.86
183 122279.17
184 121979.00
185 121550.08
186 122236.97
187 121668.82
188 122488.02
189 122578.86
190 122154.00
191 121717.21
192 122560.02
193 121989.97
194 121585.85
195 121768.95
196 122678.04
197 121989.97
198 121574.16
199 122262.95
200 121707.20
201 122534.99
202 121487.14
203 122202.87
204 121693.13
205 122598.17
206 122035.03
207 121603.01
208 121685.03
209 122491.12
210 122056.01
211 121499.06
212 122195.01
213 121783.02
214 121981.86
215 121562.96
216 122257.95
217 121826.89
218 121408.94
219 122090.82
220 122441.05
221 121870.99
222 122591.97
223 122165.92
224 121736.05
225 122436.05
226 121878.86
227 122210.03
228 121655.94
229 122344.02
230 122056.01
231 121616.84
232 122183.80
233 122405.05
234 121837.85
235 121533.16
236 122226.95
237 121819.97
238 122375.01
239 121596.10
240 122178.08
241 121590.85
242 122422.93
243 121871.23
244 121584.89
245 121675.97
246 122492.07
247 122061.97
248 121651.89
249 122068.88
250 121774.20
251 122112.04
252 121519.09
253 122339.96
254 121790.89
255 122616.05
256 122052.19
257 121608.02
258 121701.96
259 122506.14
260 122159.00
261 121624.95
262 122303.96
263 121899.13
264 122090.10
265 121539.83
266 122344.97
267 121922.02
268 121475.93
269 122160.91
270 122369.05
271 121937.99
272 121504.07
273 122190.95
274 121672.87
275 122621.77
276 121447.80
277 122779.13
278 122993.95
279 121802.09
280 122639.89
281 121583.22
282 122285.84
283 123095.04
284 121917.96
285 122725.96
286 121541.98
287 122362.14
288 123193.98
289 122036.93
290 122861.15
291 121791.12
292 122468.95
293 121416.09
294 122136.12
295 122946.98
296 121797.08
297 122603.18
298 121549.13
299 122247.93
300 123036.86
301 122022.15
302 122846.13
303 121649.98
304 122428.89
305 123113.16
306 122056.96
307 122902.15
308 121847.87
309 122557.88
310 121482.13
311 122172.12
312 123011.11
313 121841.91
314 122653.96
315 121478.08
316 122282.98
317 123173.00
318 121990.92
319 122807.98
320 121765.85
321 122467.04
322 121542.93
323 122103.93
324 122917.89
325 121878.15
326 122545.00
327 121499.06
328 122195.01
329 122992.99
330 121820.93
331 122628.93
332 121567.96
333 122293.00
334 123111.01
335 121930.84
336 122750.04
337 121701.00
338 122392.89
339 121471.17
340 122161.87
341 122960.81
342 121757.03
343 122580.05
344 121531.01
345 122206.93
346 123033.05
347 121837.85
348 122586.97
349 121520.04
350 122225.05
351 123044.01
352 121865.99
353 122678.04
354 121494.05
355 122305.87
356 123119.83
357 121937.04
358 122769.12
359 121698.86
360 122418.88
361 121467.83
362 122176.89
363 122860.91
364 121809.96
365 122649.91
366 121596.10
367 122282.03
368 122963.19
369 121925.12
370 122602.94
371 121578.22
372 122262.00
373 123071.91
374 122042.89
375 122870.92
376 121798.99
377 122524.02
378 121459.01
379 122033.12
380 122995.14
381 121820.93
382 122649.91
383 121596.10
384 122297.05
385 123103.86
386 121919.87
387 122732.88
388 121549.84
389 121763.94
390 121535.06
391 121652.13
392 121740.10
393 121643.07
394 121719.12
395 121659.04
396 121722.94
397 121672.87
398 121609.93
399 121577.98
400 121612.07
401 121687.89
402 121602.06
403 121694.09
404 121607.07
405 121682.88
406 121632.81
407 121577.98
408 121651.89
409 121613.03
410 121684.07
411 121744.16
412 121693.85
413 121607.07
414 121684.07
415 121603.97
416 121685.98
417 121625.90
418 121712.21
419 121641.16
420 121714.12
421 121433.02
422 121524.81
423 121595.14
424 121526.00
425 121620.18
426 121557.00
427 121640.92
428 121591.09
429 121542.93
430 121614.93
431 121540.07
432 121617.79
433 121530.06
434 121570.11
435 121560.10
436 121644.02
437 121573.93
438 121582.03
439 121495.96
440 121590.85
441 121647.12
442 121580.12
443 121529.10
444 121582.03
445 121635.91
446 121588.95
447 121510.03
448 121598.01
449 121529.82
450 121590.14
451 121659.99
452 121594.91
453 121614.93
454 121568.20
455 121637.11
456 121587.99
457 121656.89
458 121618.03
459 121668.10
460 121615.89
461 121351.96
462 121553.90
463 121615.89
464 121524.81
465 121623.04
466 121579.17
467 121509.08
468 121592.04
469 121543.17
470 121616.13
471 121533.16
472 121621.85
473 121563.91
474 121493.82
475 121566.06
476 121626.14
477 121570.83
478 121515.04
479 121595.86
480 121535.06
481 121600.15
482 121527.91
483 121621.85
484 121561.05
485 121646.17
486 121593.00
487 121515.04
488 121601.10
489 121531.01
490 121633.05
491 121585.13
492 121516.94
493 121608.02
494 121557.00
495 121635.91
496 121583.94
497 121593.00
498 121425.15
499 121582.03
500 121533.87
501 121502.88
502 121438.98
503 121515.99
504 121555.09
505 121479.03
506 121567.96
507 121625.90
508 121572.02
509 121544.12
510 121620.89
511 121539.12
512 121620.89
513 121562.96
514 121500.97
515 121594.19
516 121523.86
517 121623.99
518 121565.82
519 121506.93
520 121572.97
521 121642.11
522 121582.03
523 121520.04
524 121611.12
525 121533.87
526 121623.99
527 121548.89
528 121634.96
529 121578.93
530 121638.06
531 121593.00
532 121644.97
533 121591.09
534 121548.89
535 121608.02
536 121526.00
537 121583.94
538 121509.08
539 121598.96
540 121521.00
541 121589.18
542 121646.88
543 121596.81
544 121537.92
545 121617.08
546 121572.97
547 121630.91
548 121579.17
549 121521.00
550 121598.96
551 121546.98
552 121621.13
553 121574.88
554 121505.02
555 121596.81
556 121526.00
557 121616.13
558 121546.03
559 121637.82
560 121587.99
561 121634.96
562 121583.94
563 121538.16
564 121614.93
565 121479.99
566 121571.06
567 121644.02
568 121594.91
569 121523.14
570 121614.93
571 121541.02
572 121617.08
573 121524.81
574 121605.16
