575
0 121899.13
1 121757.98
2 121569.16
3 121629.00
4 121696.00
5 121607.07
6 121676.92
7 121608.02
8 121690.99
9 121739.15
10 121690.03
11 121747.97
12 121679.07
13 121624.95
14 121675.01
15 121603.97
16 121673.82
17 121716.02
18 121630.91
19 121721.98
20 121633.05
21 121711.97
22 121597.05
23 121711.97
24 121628.05
25 121714.12
26 121612.07
27 121673.82
28 121616.13
29 121686.94
30 121747.97
31 121700.05
32 121649.98
33 121621.85
34 121637.11
35 121730.80
36 121660.95
37 121740.82
38 121579.17
39 121665.00
40 121736.05
41 121759.18
42 121694.80
43 121617.08
44 121701.96
45 121576.79
46 121640.21
47 121614.93
48 121702.91
49 121626.14
50 121719.12
51 121662.14
52 121610.88
53 121557.95
54 121620.89
55 121710.06
56 121656.89
57 121692.18
58 121632.10
59 121574.16
60 121647.12
61 121603.01
62 121690.03
63 121603.01
64 121694.09
65 121753.93
66 121640.92
67 121600.87
68 121671.92
69 121732.95
70 121677.16
71 121603.01
72 121702.91
73 121603.01
74 121653.08
75 121720.79
76 121662.86
77 121725.08
78 121674.78
79 121618.03
80 121685.98
81 121631.15
82 121585.13
83 121518.14
84 121590.14
85 121602.06
86 121536.02
87 121474.03
88 121551.04
89 121632.10
90 121585.13
91 121521.00
92 121591.09
93 121517.90
94 121485.95
95 121524.81
96 121605.87
97 121545.08
98 121587.99
99 121515.99
100 121607.07
101 121546.98
102 121618.99
103 121553.18
104 121617.08
105 121542.93
106 121628.05
107 121562.96
108 121625.90
109 121579.89
110 121538.16
111 121617.08
112 121567.96
113 121516.94
114 121588.95
115 121644.97
116 121479.99
117 121521.00
118 121612.07
119 121496.20
120 121459.96
121 121514.08
122 121604.20
123 121540.07
124 121626.85
125 121571.06
126 121512.89
127 121607.07
128 121544.84
129 121490.00
130 121547.94
131 121618.03
132 121552.94
133 121496.92
134 121589.90
135 121531.96
136 121613.98
137 121558.90
138 121631.15
139 121580.12
140 121516.94
141 121602.06
142 121534.11
143 121608.02
144 121523.86
145 121615.89
146 121542.22
147 121623.04
148 121572.97
149 121510.03
150 121594.91
151 121521.95
152 121477.13
153 121430.87
154 121636.15
155 121577.02
156 121634.01
157 121582.03
158 121516.94
159 121603.97
160 121519.09
161 121591.09
162 121520.04
163 121614.93
164 121411.09
165 121587.99
166 121429.92
167 121609.93
168 121546.98
169 121629.95
170 121579.17
171 121528.15
172 121603.97
173 121537.92
174 121619.94
175 121546.98
176 121629.00
177 121496.92
178 121587.99
179 121522.90
180 121596.81
181 121514.08
182 121583.94
183 121523.86
184 121598.01
185 121620.89
186 121536.02
187 121611.83
188 121526.00
189 121621.13
190 121547.94
191 121613.03
192 121549.13
193 121473.07
194 121532.92
195 121610.16
196 121522.90
197 121611.12
198 121531.96
199 121618.99
200 121430.16
201 121523.14
202 121588.95
203 121507.17
204 121598.96
205 121525.05
206 121618.99
207 121557.95
208 121644.97
209 121590.14
210 121431.11
211 121646.17
212 121588.95
213 121538.88
214 121612.07
215 121543.88
216 121639.01
217 121583.94
218 121642.11
219 121445.89
220 121501.21
221 121571.06
222 121530.06
223 121488.81
224 121549.13
225 121609.93
226 121540.07
227 121646.88
228 121607.07
229 121628.05
230 121550.08
231 121618.03
232 121474.03
233 121562.96
234 121639.01
235 121576.07
236 121633.05
237 121538.88
238 121636.15
239 121465.92
240 121524.81
241 121603.01
242 121513.84
243 121606.11
244 121526.00
245 121603.01
246 121516.94
247 121606.11
248 121537.92
249 121612.07
250 121540.07
251 121618.99
252 121431.11
253 121490.00
254 121440.17
255 121638.06
256 121569.87
257 121626.14
258 121540.78
259 121618.03
260 121562.00
261 121624.95
262 121573.93
263 121504.07
264 121577.98
265 121638.06
266 121587.04
267 121524.81
268 121603.01
269 121536.97
270 121599.20
271 121515.99
272 121580.12
273 121572.02
274 121505.02
275 121567.01
276 121650.93
277 121597.05
278 121530.06
279 121621.85
280 121417.05
281 121627.09
282 121564.15
283 121644.97
284 121597.05
285 121543.17
286 121612.07
287 121545.08
288 121627.09
289 121574.88
290 121629.00
291 121539.12
292 121483.80
293 121437.07
294 121634.96
295 121586.08
296 121505.02
297 121572.97
298 121407.03
299 121583.94
300 121498.11
301 121562.00
302 121588.95
303 121497.87
304 121595.86
305 121525.05
306 121612.07
307 121546.03
308 121638.06
309 121574.88
310 121541.98
311 121477.13
312 121552.94
313 121459.96
314 121522.19
315 121603.97
316 121521.00
317 121580.12
318 121536.02
319 121608.02
320 121612.07
321 121557.95
322 121618.99
323 121546.98
324 121644.02
325 121593.00
326 121507.88
327 121604.20
328 121516.94
329 121597.05
330 121504.07
331 121582.98
332 121506.21
333 121588.95
334 121559.86
335 121585.13
336 121502.88
337 121591.09
338 121509.08
339 121437.07
340 121510.03
341 121587.99
342 121429.92
343 121623.04
344 121429.92
345 121506.93
346 121506.93
347 121590.85
348 121513.13
349 121598.01
350 121509.79
351 121601.82
352 121526.00
353 121469.97
354 121567.96
355 121646.17
356 121592.04
357 121629.00
358 121566.06
359 121513.13
360 121443.99
361 121474.03
362 121535.06
363 121603.97
364 121519.09
365 121591.09
366 121532.20
367 121616.13
368 121644.02
369 121643.07
370 121589.90
371 121650.93
372 121595.14
373 121547.94
374 121626.14
375 121531.01
376 121627.81
377 121574.16
378 121555.09
379 121588.95
380 121503.83
381 121595.14
382 121527.91
383 121586.08
384 121507.17
385 121567.01
386 121431.11
387 121608.02
388 121521.00
389 121599.20
390 121516.94
391 121608.97
392 121558.90
393 121617.08
394 121542.93
395 121499.06
396 121534.82
397 121604.20
398 121522.19
399 121599.20
400 121530.06
401 121605.16
402 121548.89
403 121608.97
404 121542.93
405 121618.03
406 121548.89
407 121629.95
408 121554.14
409 121616.13
410 121541.02
411 121602.06
412 121528.15
413 121466.88
414 121547.94
415 121638.06
416 121586.08
417 121521.95
418 121584.18
419 121532.92
420 121605.87
421 121534.82
422 121626.14
423 121415.14
424 121634.01
425 121551.99
426 121497.87
427 121578.93
428 121492.15
429 121582.03
430 121512.17
431 121619.94
432 121538.16
433 121501.92
434 121565.10
435 121632.81
436 121583.94
437 121590.85
438 121641.16
439 121591.81
440 121525.05
441 121490.96
442 121531.96
443 121627.09
444 121563.91
445 121643.07
446 121447.09
447 121533.16
448 121475.93
449 121542.93
450 121629.00
451 121565.82
452 121522.90
453 121448.99
454 121526.00
455 121617.08
456 121560.10
457 121633.05
458 121572.97
459 121637.11
460 121587.99
461 121516.94
462 121606.11
463 121531.01
464 121500.02
465 121562.00
466 121623.04
467 121569.87
468 121508.12
469 121593.95
470 121527.91
471 121618.99
472 121570.83
473 121515.99
474 121577.02
475 121513.13
476 121521.00
477 121611.12
478 121564.87
479 121639.01
480 121593.00
481 121420.15
482 121611.12
483 121548.18
484 121634.96
485 121577.98
486 121527.91
487 121488.09
488 121568.92
489 121484.04
490 121535.78
491 121488.09
492 121560.81
493 121598.01
494 121519.09
495 121587.04
496 121515.99
497 121605.87
498 121519.09
499 121593.00
500 121514.08
501 121605.87
502 121551.99
503 121486.90
504 121576.07
505 121515.99
506 121608.97
507 121531.96
508 121613.03
509 121544.84
510 121619.94
511 121557.95
512 121500.97
513 121448.04
514 121527.91
515 121623.04
516 121564.15
517 121644.97
518 121474.98
519 121542.93
520 121600.15
521 121527.91
522 121623.04
523 121531.01
524 121630.91
525 121567.96
526 121505.02
527 121597.77
528 121536.97
529 121503.11
530 121575.83
531 121517.90
532 121599.91
533 121510.98
534 121603.01
535 121536.02
536 121631.15
537 121509.08
538 121586.08
539 121510.98
540 121606.11
541 121521.00
542 121605.16
543 121548.18
544 121619.94
545 121547.94
546 121626.14
547 121546.03
548 121627.09
549 121580.84
550 121509.08
551 121582.98
552 121520.04
553 121460.20
554 121514.08
555 121603.97
556 121518.85
557 121613.03
558 121532.20
559 121602.06
560 121536.02
561 121555.09
562 121514.08
563 121602.06
564 121535.06
565 121623.99
566 121575.12
567 121618.99
568 121595.14
569 121531.01
570 121597.05
571 121411.09
572 121605.87
573 121556.04
574 121518.85
