250
0 247359.99
1 178081.99
2 131569.15
3 178096.06
4 822319.98
5 910460.00
6 337651.97
7 218405.01
8 174185.99
9 171102.05
10 155919.08
11 156446.93
12 251346.11
13 269675.97
14 214144.95
15 158831.83
16 120926.14
17 134355.07
18 137784.96
19 135120.87
20 138008.12
21 142379.05
22 127697.94
23 147006.99
24 142234.09
25 195704.94
26 242008.92
27 189814.09
28 124606.85
29 128424.88
30 256577.97
31 332987.07
32 250328.06
33 186015.13
34 168845.89
35 275342.94
36 209384.20
37 157578.95
38 346623.18
39 141335.01
40 144997.84
41 174592.02
42 182257.89
43 135925.05
44 160856.01
45 164865.97
46 178871.87
47 151016.95
48 128545.05
49 299396.99
50 254899.98
51 142714.98
52 192430.97
53 131207.94
54 134701.97
55 189821.96
56 136305.81
57 140164.14
58 166409.97
59 139135.12
60 234467.03
61 180476.90
62 122965.81
63 137608.05
64 162847.04
65 122061.01
66 125951.05
67 251336.10
68 150043.01
69 125679.97
70 164368.15
71 158165.93
72 134252.07
73 241556.17
74 192610.98
75 554087.88
76 198588.85
77 126252.89
78 152844.91
79 122335.20
80 166416.17
81 149688.01
82 201695.20
83 163519.14
84 162833.21
85 136318.21
86 133083.11
87 146914.96
88 195430.04
89 144293.07
90 742395.88
91 711089.13
92 171467.78
93 133419.99
94 161415.10
95 242444.04
96 163897.04
97 127233.03
98 161288.98
99 157631.87
100 154795.17
101 149214.98
102 161225.08
103 126441.00
104 201567.17
105 130752.80
106 171306.85
107 124319.08
108 137129.07
109 244084.12
110 207774.88
111 161226.03
112 316035.99
113 276710.99
114 250316.86
115 259874.11
116 133408.78
117 167388.20
118 240872.86
119 154560.09
120 218492.03
121 198301.08
122 140135.05
123 239820.96
124 217346.91
125 359118.94
126 321428.06
127 181128.98
128 212193.97
129 152755.98
130 154093.03
131 137779.00
132 773420.10
133 738326.07
134 163493.87
135 183924.20
136 126296.04
137 182515.14
138 216348.89
139 138576.98
140 141279.94
141 155014.04
142 179472.21
143 203138.11
144 274871.11
145 260006.90
146 136729.00
147 125483.99
148 132205.96
149 160905.12
150 136608.84
151 137856.96
152 178222.18
153 150782.82
154 287100.79
155 244006.16
156 388031.96
157 220438.00
158 172114.13
159 209389.93
160 191195.01
161 128352.88
162 185688.97
163 161060.09
164 241358.04
165 240209.82
166 122121.10
167 156178.95
168 170759.92
169 130491.02
170 158787.97
171 121649.03
172 129256.01
173 237322.81
174 243565.08
175 175302.98
176 210213.90
177 245761.87
178 131649.02
179 263393.88
180 262252.81
181 151621.82
182 200098.99
183 410941.12
184 302079.92
185 316844.94
186 140367.98
187 124676.94
188 419073.82
189 375837.09
190 141742.94
191 122761.01
192 194617.99
193 238462.92
194 162673.00
195 122697.83
196 129868.98
197 644860.98
198 584321.02
199 145715.95
200 181811.09
201 122039.08
202 120851.04
203 251158.95
204 264379.02
205 255965.95
206 213788.99
207 156416.89
208 153819.80
209 140693.90
210 140624.05
211 138187.89
212 146630.05
213 154737.00
214 166090.97
215 124885.08
216 138759.14
217 133332.97
218 177923.20
219 175445.08
220 134524.11
221 168073.18
222 126538.99
223 148487.09
224 150314.81
225 173913.00
226 134596.82
227 132621.05
228 163608.79
229 151234.15
230 145395.04
231 156106.00
232 143243.07
233 140608.07
234 147108.08
235 151014.09
236 145517.83
237 135297.06
238 177412.03
239 144084.93
240 230723.86
241 206626.18
242 170886.04
243 133236.89
244 133089.07
245 176712.04
246 140854.84
247 122279.88
248 153587.10
249 164512.87
