250
0 122159.96
1 122057.91
2 121865.03
3 121688.13
4 121954.20
5 122015.95
6 122223.14
7 122240.07
8 121833.80
9 122353.08
10 122277.02
11 121878.86
12 121833.09
13 122009.99
14 121837.14
15 121877.91
16 121644.02
17 121794.94
18 121793.03
19 122076.99
20 122082.00
21 121935.13
22 122290.85
23 122131.11
24 122082.95
25 122044.09
26 121788.02
27 121843.10
28 121894.12
29 121956.11
30 122152.09
31 121789.93
32 121993.06
33 122066.97
34 122159.00
35 121814.01
36 122045.99
37 121778.01
38 122099.16
39 121953.96
40 122133.02
41 122089.15
42 122051.00
43 121927.02
44 121824.98
45 121891.98
46 122025.97
47 121727.94
48 121829.99
49 122182.13
50 121829.03
51 122046.95
52 121893.17
53 121855.97
54 121948.96
55 121714.83
56 122064.83
57 121707.92
58 121896.98
59 122188.09
60 122012.85
61 121969.94
62 121790.17
63 121783.02
64 121873.86
65 121821.17
66 122032.88
67 121922.02
68 121969.94
69 121739.86
70 121812.11
71 122007.85
72 121873.14
73 122164.01
74 121868.13
75 121819.97
76 122071.98
77 122174.98
78 121980.91
79 121964.93
80 122097.97
81 122200.97
82 122073.89
83 121961.12
84 121968.03
85 122112.04
86 122090.10
87 121947.05
88 121692.18
89 121734.86
90 121840.00
91 122143.98
92 122071.03
93 121995.93
94 121840.95
95 122088.91
96 121999.03
97 121767.04
98 122165.92
99 121806.86
100 122330.90
101 122319.94
102 121840.95
103 122035.03
104 122109.89
105 122102.98
106 121798.04
107 121881.01
108 121800.90
109 122644.90
110 122156.86
111 122248.89
112 121908.90
113 122001.89
114 122128.01
115 122112.04
116 122367.86
117 122164.96
118 121990.92
119 122582.20
120 122078.90
121 122267.01
122 122097.02
123 122654.91
124 122154.00
125 122404.10
126 121891.02
127 122129.92
128 122037.89
129 122123.00
130 121999.98
131 121936.08
132 122137.07
133 121850.01
134 121975.90
135 122251.99
136 122289.90
137 122425.08
138 122459.17
139 122024.06
140 122058.87
141 122414.11
142 122364.04
143 122020.01
144 121707.92
145 122332.10
146 122575.04
147 122205.02
148 122270.11
149 122055.05
150 121929.17
151 122659.92
152 122289.90
153 122376.92
154 122187.14
155 121928.93
156 122185.95
157 121948.96
158 122403.14
159 122516.87
160 122110.84
161 122180.94
162 122137.07
163 122363.09
164 122042.89
165 122285.13
166 121872.90
167 122009.99
168 122364.04
169 122627.02
170 122101.07
171 121946.10
172 122238.87
173 122295.14
174 122051.00
175 122234.82
176 122060.06
177 121992.83
178 122331.86
179 122565.03
180 122632.98
181 122161.15
182 122303.96
183 121897.94
184 122005.94
185 122148.99
186 122327.09
187 122329.00
188 122461.08
189 122034.07
190 122154.00
191 122369.05
192 121824.98
193 121963.02
194 122159.96
195 122263.91
196 122452.97
197 121967.08
198 122139.93
199 122319.94
200 122459.17
201 122503.04
202 122046.23
203 122158.05
204 122431.99
205 121817.11
206 122200.97
207 122050.05
208 122103.93
209 121968.98
210 122159.96
211 121840.00
212 121911.05
213 121854.07
214 121833.09
215 121907.00
216 122278.93
217 121979.00
218 122061.01
219 122148.99
220 122066.02
221 121948.00
222 122201.92
223 121969.22
224 122171.16
225 121968.03
226 122318.98
227 121727.94
228 122036.22
229 121868.13
230 122128.01
231 122065.07
232 121987.82
233 121962.07
234 121829.99
235 122087.96
236 122071.98
237 122251.99
238 121912.00
239 121960.16
240 122235.06
241 122127.06
242 122115.14
243 122313.98
244 122118.00
245 122062.92
246 122211.93
247 122020.01
248 122045.99
249 122068.17
