575
0 121939.90
1 121714.12
2 121812.82
3 121766.09
4 121716.02
5 121766.09
6 121684.79
7 121754.88
8 121689.08
9 121725.80
10 121649.98
11 121716.98
12 121790.89
13 121718.88
14 121643.07
15 121711.97
16 121783.97
17 121680.02
18 121747.02
19 121672.15
20 121726.04
21 121663.81
22 121734.14
23 121796.13
24 121730.80
25 121809.01
26 121738.91
27 121798.99
28 121706.01
29 121582.98
30 121749.88
31 121695.04
32 121767.04
33 121587.99
34 121648.07
35 121738.20
36 121749.16
37 121687.89
38 121776.10
39 121711.97
40 121776.82
41 121730.09
42 121783.02
43 121739.15
44 121792.79
45 121711.02
46 121658.09
47 121703.15
48 121788.98
49 121732.00
50 121684.07
51 121752.02
52 121677.16
53 121748.92
54 121659.04
55 121740.82
56 121797.80
57 121727.94
58 121783.97
59 121721.03
60 121791.12
61 121721.03
62 121789.93
63 121704.82
64 121780.16
65 121741.06
66 121794.94
67 121581.08
68 121783.97
69 121696.00
70 121649.03
71 121707.92
72 121655.23
73 121703.86
74 121655.94
75 121743.92
76 121675.97
77 121773.96
78 121721.98
79 121646.17
80 121732.95
81 121663.81
82 121706.96
83 121774.91
84 121701.96
85 121770.86
86 121707.92
87 121660.95
88 121685.98
89 121784.93
90 121712.92
91 121771.10
92 121702.91
93 121775.15
94 121730.09
95 121781.83
96 121698.14
97 121783.97
98 121706.96
99 121532.92
100 121739.15
101 121655.94
102 121737.00
103 121669.05
104 121607.07
105 121676.92
106 121737.00
107 121655.94
108 121945.86
109 121587.04
110 123464.11
111 121901.04
112 121550.08
113 123606.92
114 123185.87
115 122725.96
116 122285.84
117 121972.08
118 123801.95
119 122238.16
120 121797.08
121 123872.04
122 123425.96
123 122996.09
124 122649.91
125 122220.04
126 124304.06
127 123865.84
128 123147.96
129 122949.84
130 122386.93
131 122082.95
132 122911.93
133 122600.08
134 122030.02
135 124085.90
136 123622.18
137 123048.07
138 122745.04
139 122442.01
140 124248.98
141 123909.00
142 123468.88
143 123040.91
144 123864.17
145 123564.96
146 123245.95
147 122797.01
148 122365.95
149 124342.92
150 123988.87
151 123538.97
152 122834.92
153 122536.90
154 124600.89
155 124171.02
156 122729.06
157 124637.13
158 124212.03
159 123757.12
160 123421.19
161 122847.08
162 122644.19
163 124717.00
164 124214.17
165 123914.00
166 123368.02
167 123065.95
168 122639.18
169 123588.09
170 122883.08
171 122848.03
172 122529.03
173 122106.08
174 121639.97
175 123589.99
176 123152.02
177 122708.08
178 122262.95
179 121942.04
180 123897.08
181 122196.91
182 121777.06
183 123835.80
184 123534.92
185 123112.92
186 122659.92
187 122114.90
188 121775.15
189 123860.12
190 123415.95
191 123239.99
192 122664.93
193 123500.11
194 122936.01
195 122498.99
196 122196.91
197 121769.91
198 123699.90
199 123523.95
200 121602.06
201 121658.09
202 121466.16
203 121793.99
204 121921.06
205 121351.00
206 121804.95
207 121716.02
208 121420.15
209 122102.02
210 121285.92
211 122214.08
212 121698.86
213 122454.88
214 121886.97
215 121587.99
216 122193.10
217 121703.15
218 122488.98
219 122142.79
220 121438.03
221 122136.12
222 121716.02
223 122519.97
224 122098.92
225 121532.20
226 122091.05
227 121484.99
228 122292.04
229 121724.13
230 121427.06
231 121996.16
232 121485.95
233 122187.85
234 121596.10
235 122411.97
236 121856.93
237 121412.04
238 122226.00
239 121533.87
240 122347.12
241 121798.04
242 122618.91
243 122060.06
244 121491.91
245 122191.91
246 121773.00
247 122469.90
248 121802.81
249 121598.01
250 122159.00
251 121570.11
252 122398.14
253 121864.08
254 121407.99
255 122118.00
256 121553.18
257 122209.07
258 121638.06
259 122604.85
260 121912.96
261 121472.84
262 122174.98
263 121606.83
264 122564.08
265 122066.97
266 121481.90
267 122319.94
268 121768.00
269 122599.12
270 121927.98
271 121584.89
272 122173.07
273 121617.08
274 122555.97
275 121860.98
276 121404.17
277 122097.97
278 121383.91
279 122189.04
280 121626.85
281 122584.10
282 121891.02
283 121573.93
284 121991.87
285 121567.96
286 122375.97
287 121807.10
288 122486.11
289 122061.01
290 121510.98
291 122193.10
292 121634.96
293 122486.11
294 121921.06
295 121595.86
296 122153.04
297 121584.89
298 121768.95
299 121687.17
300 121766.81
301 121707.92
302 121762.04
303 121685.03
304 121790.89
305 121689.08
306 121765.85
307 121680.97
308 121773.00
309 121568.92
310 121762.99
311 121643.78
312 121711.97
313 121793.03
314 121606.83
315 121790.89
316 121703.15
317 121780.87
318 121651.17
319 121741.06
320 121668.10
321 121751.07
322 121665.00
323 121623.04
324 121672.15
325 121751.07
326 121668.10
327 121740.10
328 121797.08
329 121725.08
330 121787.79
331 121707.92
332 121776.82
333 121716.98
334 121641.87
335 121709.11
336 121659.99
337 121711.97
338 121781.11
339 121699.09
340 121766.09
341 121686.94
342 121769.19
343 121788.98
344 121696.95
345 121774.91
346 121706.96
347 121630.91
348 121726.99
349 121721.98
350 121714.12
351 121730.09
352 121675.97
353 121665.95
354 121747.02
355 121660.95
356 121598.01
357 121791.12
358 121706.01
359 121804.95
360 121727.94
361 121799.95
362 121720.08
363 121640.21
364 121706.01
365 121529.82
366 121715.07
367 121785.16
368 121675.97
369 121660.95
370 121742.96
371 121659.99
372 121747.97
373 121656.89
374 121732.00
375 121660.95
376 121598.96
377 121670.01
378 121752.98
379 121665.00
380 121756.08
381 121673.11
382 121750.12
383 121668.10
384 121743.20
385 121799.95
386 121757.03
387 121662.14
388 121718.17
389 121791.12
390 121732.00
391 121672.15
392 121652.84
393 121675.01
394 121747.97
395 121713.16
396 121752.98
397 121667.86
398 121757.98
399 121691.23
400 121767.04
401 121679.07
402 121718.17
403 121649.03
404 121735.81
405 121800.18
406 121706.01
407 121786.12
408 121706.01
409 121777.06
410 121685.98
411 121753.93
412 121694.09
413 121728.90
414 121647.12
415 121706.96
416 121621.85
417 121685.03
418 121758.94
419 121670.96
420 121751.07
421 121680.97
422 121696.00
423 121670.96
424 121747.97
425 121680.97
426 121760.13
427 121687.89
428 121780.87
429 121709.82
430 121774.91
431 121731.04
432 121784.93
433 121711.97
434 121648.07
435 121701.00
436 121723.18
437 121682.88
438 121747.02
439 121638.06
440 121761.08
441 121674.78
442 121755.12
443 121697.19
444 121778.96
445 121699.09
446 121767.04
447 121684.07
448 121768.95
449 121682.17
450 121770.14
451 121701.00
452 121773.96
453 121707.92
454 121639.97
455 121729.85
456 121657.85
457 121741.06
458 121798.99
459 121705.06
460 121804.00
461 121725.08
462 121788.98
463 121690.03
464 121782.06
465 121723.89
466 121792.08
467 121712.92
468 121778.01
469 121713.88
470 121773.00
471 121721.03
472 121665.95
473 121716.02
474 121649.03
475 121601.10
476 121678.11
477 121757.98
478 121669.05
479 121759.18
480 121608.02
481 121768.00
482 121701.00
483 121762.99
484 121685.03
485 121754.88
486 121673.11
487 121764.90
488 121684.07
489 121758.94
490 121706.96
491 121762.04
492 121731.04
493 121638.06
494 121803.05
495 121737.00
496 121661.90
497 121720.79
498 121795.89
499 121722.94
500 121784.93
501 121743.92
502 121652.84
503 121732.00
504 121650.93
505 121740.10
506 121662.86
507 121701.96
508 121640.92
509 121721.03
510 121779.20
511 121707.92
512 121659.99
513 121582.03
514 121652.84
515 121725.08
516 121783.97
517 121699.09
518 121789.93
519 121728.18
520 121672.87
521 121763.94
522 121680.97
523 121759.89
524 121672.87
525 121754.17
526 121771.81
527 121680.02
528 121761.80
529 121670.96
530 121762.04
531 121693.85
532 121757.98
533 121669.05
534 121747.02
535 121804.00
536 121613.98
537 121690.99
538 121780.16
539 121696.00
540 121764.90
541 121684.07
542 121761.08
543 121674.06
544 121751.79
545 121661.90
546 121737.96
547 121646.88
548 121737.96
549 121783.97
550 121737.96
551 121798.99
552 121653.08
553 121724.13
554 121586.08
555 121778.96
556 121708.15
557 121768.95
558 121681.93
559 121755.84
560 121670.96
561 121747.97
562 121675.01
563 121772.05
564 121679.07
565 121760.85
566 121819.02
567 121768.00
568 121688.13
569 121773.96
570 121598.01
571 121783.97
572 121735.81
573 121790.89
574 121726.04
