575
0 121891.02
1 121803.05
2 121742.01
3 121794.94
4 121731.04
5 121780.87
6 121701.96
7 121717.93
8 121636.15
9 121807.81
10 121729.14
11 121670.96
12 121603.97
13 121665.00
14 121726.99
15 121778.96
16 121697.90
17 121737.96
18 121793.03
19 121706.96
20 121660.95
21 121698.14
22 121685.03
23 121702.91
24 121761.08
25 121674.06
26 121659.04
27 121736.05
28 121670.01
29 121710.06
30 121768.00
31 121705.06
32 121771.81
33 121691.94
34 121772.05
35 121708.15
36 121772.05
37 121681.21
38 121747.02
39 121659.99
40 121593.95
41 121798.04
42 121738.91
43 121670.01
44 121742.01
45 121655.94
46 121730.80
47 121763.94
48 121678.11
49 121746.06
50 121663.09
51 121741.06
52 121653.08
53 121718.17
54 121783.02
55 121698.14
56 121773.96
57 121681.21
58 121583.94
59 121629.00
60 121642.11
61 121715.78
62 121766.09
63 121681.93
64 121762.04
65 121680.02
66 121750.12
67 121660.95
68 121740.82
69 121667.15
70 121669.77
71 121734.86
72 121792.08
73 121678.11
74 121753.93
75 121701.00
76 121757.03
77 121679.07
78 121752.98
79 121672.15
80 121737.00
81 121658.09
82 121726.99
83 121785.16
84 121717.93
85 121778.01
86 121694.09
87 121772.05
88 121700.05
89 121757.98
90 121684.07
91 121752.98
92 121671.92
93 121742.01
94 121659.99
95 121730.09
96 121662.86
97 121738.91
98 121649.98
99 121707.92
100 121778.96
101 121526.00
102 121668.82
103 121719.84
104 121792.08
105 121700.05
106 121773.00
107 121675.01
108 121757.03
109 121896.03
110 121687.17
111 121759.89
112 121695.04
113 121746.06
114 121753.93
115 121670.01
116 121734.86
117 121804.95
118 121731.04
119 121793.99
120 121721.98
121 121764.90
122 121680.97
123 121755.12
124 121665.00
125 121745.11
126 121796.85
127 121721.03
128 121788.02
129 121714.12
130 121783.02
131 121709.11
132 121773.00
133 121689.80
134 121703.15
135 121679.78
136 121752.02
137 121661.90
138 121650.22
139 121788.98
140 121702.91
141 121701.96
142 121651.17
143 121735.81
144 121783.97
145 121699.09
146 121712.92
147 121637.11
148 121706.01
149 121761.08
150 121677.88
151 121752.02
152 121815.20
153 121737.00
154 121788.98
155 121728.90
156 121783.97
157 121691.94
158 121775.15
159 121688.84
160 121623.04
161 121694.09
162 121752.02
163 121665.00
164 121737.00
165 121743.20
166 121665.00
167 121725.08
168 121793.03
169 121708.87
170 121775.15
171 121685.98
172 121762.99
173 121675.97
174 121750.83
175 121691.94
176 121728.18
177 121653.08
178 121601.82
179 121783.97
180 121718.88
181 121754.88
182 121576.07
183 121744.87
184 121689.08
185 121753.93
186 121670.01
187 121746.06
188 121660.95
189 121737.96
190 121792.08
191 121713.16
192 121785.88
193 121692.90
194 121773.00
195 121705.06
196 121761.08
197 121652.13
198 121712.92
199 121773.96
200 121702.91
201 121752.98
202 121676.92
203 121748.92
204 121659.04
205 121728.90
206 121791.12
207 121702.91
208 121776.10
209 121643.07
210 121716.98
211 121777.06
212 121694.09
213 121762.99
214 121685.98
215 121626.14
216 121677.88
217 121750.83
218 121665.00
219 121732.95
220 121807.10
221 121751.07
222 121660.95
223 121737.96
224 121659.99
225 121730.09
226 121791.84
227 121706.01
228 121779.92
229 121680.97
230 121769.91
231 121688.13
232 121620.89
233 121674.06
234 121739.15
235 121803.05
236 121760.13
237 121785.88
238 121717.93
239 121777.06
240 121685.98
241 121706.96
242 121772.05
243 121681.93
244 121750.83
245 121668.10
246 121747.02
247 121659.99
248 121723.89
249 121783.02
250 121712.92
251 121773.00
252 121679.07
253 121764.18
254 121670.96
255 121753.22
256 121676.92
257 121743.92
258 121663.09
259 121730.09
260 121592.04
261 121789.93
262 121701.96
263 121787.07
264 121706.01
265 121771.10
266 121680.02
267 121758.94
268 121675.01
269 121757.98
270 121674.78
271 121749.88
272 121661.90
273 121593.95
274 121665.95
275 121736.05
276 121650.22
277 121703.15
278 121634.96
279 121711.02
280 121629.00
281 121688.13
282 121760.13
283 121670.96
284 121752.02
285 121664.05
286 121740.82
287 121654.03
288 121730.09
289 121659.04
290 121734.86
291 121789.93
292 121674.06
293 121600.87
294 121787.07
295 121587.04
296 121619.94
297 121825.93
298 121634.96
299 121560.10
300 121627.09
301 121613.03
302 121758.94
303 121664.05
304 121672.15
305 121747.97
306 121664.05
307 121741.06
308 121794.94
309 121700.05
310 121778.01
311 121675.97
312 121755.84
313 121670.01
314 121749.88
315 121804.95
316 121736.05
317 121788.02
318 121715.07
319 121783.97
320 121572.02
321 121774.91
322 121688.13
323 121761.08
324 121681.93
325 121748.92
326 121664.05
327 121732.00
328 121793.03
329 121711.97
330 121783.97
331 121706.96
332 121770.14
333 121688.13
334 121762.99
335 121685.03
336 121673.82
337 121760.85
338 121677.88
339 121739.15
340 121674.06
341 121734.86
342 121798.04
343 121719.12
344 121781.11
345 121711.97
346 121780.16
347 121697.90
348 121769.91
349 121690.03
350 121762.04
351 121681.93
352 121752.98
353 121669.05
354 121742.01
355 121757.03
356 121677.16
357 121745.11
358 121657.13
359 121727.94
360 121671.20
361 121703.86
362 121775.87
363 121702.91
364 121771.10
365 121695.04
366 121762.04
367 121679.07
368 121746.06
369 121666.91
370 121742.96
371 121655.94
372 121709.82
373 121641.87
374 121714.12
375 121631.86
376 121703.15
377 121770.14
378 121685.03
379 121661.19
380 121694.09
381 121750.83
382 121662.86
383 121739.86
384 121669.05
385 121737.00
386 121656.18
387 121685.03
388 121747.02
389 121802.09
390 121732.95
391 121787.07
392 121581.08
393 121784.93
394 121695.04
395 121752.98
396 121685.98
397 121763.94
398 121684.07
399 121699.09
400 121620.89
401 121817.11
402 121753.93
403 121673.11
404 121732.95
405 121666.19
406 121716.98
407 121659.04
408 121733.19
409 121659.99
410 121734.86
411 121792.08
412 121699.81
413 121778.01
414 121706.96
415 121629.00
416 121685.03
417 121760.13
418 121674.06
419 121737.00
420 121675.97
421 121735.10
422 121737.00
423 121663.09
424 121733.19
425 121788.02
426 121711.97
427 121771.10
428 121698.14
429 121768.24
430 121824.03
431 121585.85
432 121765.85
433 121691.94
434 121758.94
435 121666.91
436 121606.11
437 121663.81
438 121687.17
439 121742.01
440 121675.97
441 121728.90
442 121787.07
443 121653.08
444 121733.90
445 121788.02
446 121699.09
447 121650.93
448 121700.05
449 121764.90
450 121673.82
451 121753.93
452 121814.01
453 121747.02
454 121553.90
455 121734.14
456 121788.02
457 121721.03
458 121783.02
459 121700.05
460 121773.00
461 121695.04
462 121749.88
463 121715.07
464 121685.98
465 121768.00
466 121677.16
467 121752.02
468 121664.05
469 121735.10
470 121806.14
471 121735.10
472 121653.08
473 121727.23
474 121643.07
475 121626.14
476 121721.03
477 121778.01
478 121687.89
479 121759.89
480 121697.90
481 121760.13
482 121701.00
483 121775.15
484 121703.86
485 121770.86
486 121690.99
487 121757.98
488 121675.97
489 121748.92
490 121663.09
491 121728.90
492 121792.08
493 121724.13
494 121726.99
495 121642.83
496 121696.00
497 121775.15
498 121686.94
499 121762.04
500 121701.00
501 121750.83
502 121744.87
503 121694.09
504 121753.93
505 121673.11
506 121742.96
507 121636.15
508 121749.16
509 121666.91
510 121732.00
511 121792.08
512 121721.03
513 121782.06
514 121706.96
515 121633.05
516 121685.98
517 121762.04
518 121670.96
519 121683.12
520 121605.16
521 121809.01
522 121740.10
523 121652.13
524 121728.18
525 121783.02
526 121732.95
527 121783.02
528 121720.08
529 121773.96
530 121692.90
531 121763.94
532 121689.08
533 121753.93
534 121673.82
535 121742.96
536 121798.04
537 121721.03
538 121732.00
539 121645.93
540 121720.08
541 121780.87
542 121773.96
543 121702.91
544 121757.03
545 121674.06
546 121749.88
547 121659.99
548 121745.82
549 121632.10
550 121731.04
551 121783.97
552 121703.86
553 121775.15
554 121699.81
555 121629.00
556 121680.02
557 121616.84
558 121666.19
559 121742.01
560 121674.06
561 121732.00
562 121794.22
563 121696.00
564 121778.01
565 121688.13
566 121762.99
567 121701.00
568 121772.05
569 121683.84
570 121715.07
571 121752.98
572 121679.07
573 121747.97
574 121665.00
