575
0 121938.94
1 121711.02
2 121638.06
3 121697.90
4 121629.00
5 121701.96
6 121625.90
7 121706.96
8 121647.12
9 121552.94
10 121630.19
11 121721.98
12 121649.03
13 121747.02
14 121557.00
15 121632.10
16 121702.19
17 121738.91
18 121667.86
19 121736.05
20 121656.89
21 121609.93
22 121684.07
23 121620.18
24 121708.15
25 121636.87
26 121715.07
27 121651.89
28 121718.17
29 121637.82
30 121566.06
31 121647.83
32 121724.84
33 121656.89
34 121603.01
35 121670.01
36 121734.14
37 121659.99
38 121721.03
39 121639.01
40 121693.13
41 121612.07
42 121681.93
43 121594.19
44 121662.14
45 121596.10
46 121687.89
47 121734.14
48 121661.90
49 121597.05
50 121628.05
51 121703.86
52 121608.02
53 121676.21
54 121551.99
55 121608.02
56 121681.93
57 121611.12
58 121690.99
59 121609.21
60 121676.21
61 121735.10
62 121667.86
63 121723.18
64 121652.84
65 121598.96
66 121664.05
67 121730.09
68 121657.13
69 121721.03
70 121641.87
71 121709.82
72 121621.13
73 121689.80
74 121613.03
75 121689.08
76 121628.05
77 121703.15
78 121608.97
79 121683.12
80 121737.96
81 121531.01
82 121728.90
83 121647.12
84 121634.96
85 121655.94
86 121585.13
87 121666.91
88 121731.04
89 121678.11
90 121741.06
91 121668.82
92 121602.06
93 121687.89
94 121597.05
95 121677.88
96 121728.90
97 121643.07
98 121718.88
99 121634.01
100 121721.98
101 121654.99
102 121575.12
103 121644.02
104 121692.18
105 121653.80
106 121480.94
107 121378.18
108 123720.88
109 122159.00
110 122709.04
111 123665.09
112 123223.07
113 122781.04
114 122355.94
115 121900.08
116 121349.81
117 123545.89
118 122990.13
119 122540.95
120 122260.09
121 122956.99
122 122658.01
123 122216.94
124 121620.18
125 123824.12
126 123230.93
127 122807.03
128 122514.01
129 122099.16
130 124147.89
131 123862.03
132 123312.00
133 121742.01
134 123835.09
135 123260.02
136 122895.00
137 122472.05
138 122270.11
139 124202.01
140 123633.86
141 123452.19
142 122902.87
143 122462.03
144 122005.94
145 122808.93
146 122497.80
147 122061.97
148 123989.11
149 123694.90
150 123251.91
151 122826.10
152 122254.85
153 122079.13
154 124167.92
155 123601.91
156 123281.96
157 122861.86
158 123563.05
159 123121.02
160 122919.08
161 122209.79
162 124430.89
163 123863.94
164 123433.83
165 123153.92
166 122566.94
167 122256.99
168 124318.12
169 121500.02
170 122323.99
171 122040.99
172 121593.95
173 123665.81
174 123238.09
175 122772.93
176 122376.92
177 122054.10
178 121616.13
179 123661.04
180 123265.03
181 122945.07
182 123625.04
183 123193.03
184 122728.82
185 122318.98
186 121858.12
187 121557.00
188 123484.13
189 123036.86
190 122709.04
191 122298.00
192 121854.07
193 123802.90
194 122109.89
195 121932.98
196 123882.06
197 123307.94
198 122996.09
199 122558.12
200 122277.98
201 121831.89
202 123770.00
203 123428.11
204 123003.01
205 122684.96
206 122118.95
207 122905.02
208 122640.85
209 122058.87
210 121628.05
211 123672.96
212 123250.01
213 122828.96
214 122391.94
215 122104.88
216 121536.02
217 123857.02
218 123296.98
219 121593.00
220 123655.08
221 123210.91
222 122744.80
223 122323.99
224 122002.84
225 121558.90
226 123489.14
227 123176.10
228 122744.08
229 122294.90
230 121860.03
231 122673.99
232 122371.20
233 121924.16
234 123842.00
235 123408.08
236 122994.90
237 122550.96
238 122108.94
239 121825.22
240 123915.91
241 123485.09
242 123125.08
243 122628.93
244 123424.05
245 122999.91
246 122550.01
247 121979.00
248 121623.99
249 123728.04
250 123170.14
251 122843.03
252 122548.10
253 122088.91
254 121523.14
255 123873.00
256 122164.01
257 121602.06
258 123646.97
259 123225.93
260 122936.01
261 122468.95
262 122024.06
263 121603.01
264 123672.96
265 123354.91
266 122914.08
267 122467.04
268 123139.14
269 122711.18
270 122267.01
271 121821.88
272 121660.95
273 123599.05
274 123028.99
275 122577.91
276 122245.07
277 121798.99
278 123847.96
279 123545.89
280 121744.16
281 123692.99
282 123362.06
283 122926.00
284 122649.91
285 122226.00
286 121661.90
287 123751.88
288 123442.89
289 123004.91
290 122416.97
291 122128.01
292 121670.01
293 122480.15
294 122038.13
295 121483.80
296 123667.00
297 123225.93
298 122648.00
299 121468.07
300 121768.00
301 121718.88
302 121532.92
303 121598.96
304 121397.02
305 121453.05
306 121886.97
307 121577.02
308 121872.19
309 122046.95
310 122283.94
311 121709.11
312 122395.04
313 121949.91
314 121519.80
315 122221.95
316 121773.96
317 122325.18
318 121894.12
319 121464.97
320 122023.11
321 121464.01
322 122301.82
323 121864.08
324 122555.02
325 122003.08
326 121562.00
327 122251.99
328 121704.10
329 122524.98
330 121866.94
331 121547.94
332 122158.05
333 121588.95
334 122540.00
335 121978.04
336 121416.09
337 122237.92
338 121539.12
339 122493.03
340 121797.08
341 121485.95
342 122061.01
343 121443.03
344 122170.93
345 121602.06
346 122421.03
347 122139.93
348 121593.95
349 122164.01
350 121580.12
351 122382.16
352 121829.03
353 121384.86
354 122034.79
355 121466.16
356 122030.02
357 121840.95
358 122418.88
359 121863.13
360 121433.97
361 122130.16
362 121716.98
363 122411.01
364 121851.92
365 121529.10
366 122107.98
367 121576.07
368 122395.99
369 121872.19
370 121418.00
371 121988.06
372 121573.93
373 122261.05
374 121829.03
375 121392.01
376 121977.81
377 121680.97
378 121736.05
379 121569.16
380 121653.08
381 121701.96
382 121627.09
383 121717.93
384 121624.95
385 121724.13
386 121669.05
387 121723.89
388 121685.03
389 121660.95
390 121730.09
391 121676.92
392 121754.17
393 121685.98
394 121778.01
395 121692.90
396 121759.89
397 121708.15
398 121739.15
399 121809.96
400 121742.01
401 121676.21
402 121742.96
403 121803.05
404 121752.98
405 121703.86
406 121757.98
407 121713.88
408 121776.10
409 121701.00
410 121635.91
411 121641.87
412 121718.88
413 121771.10
414 121718.88
415 121781.83
416 121690.99
417 121770.86
418 121716.02
419 121792.08
420 121702.19
421 121621.85
422 121707.92
423 121788.98
424 121709.82
425 121784.93
426 121711.97
427 121778.96
428 121706.01
429 121795.89
430 121703.15
431 121777.06
432 121704.10
433 121768.95
434 121685.03
435 121775.15
436 121701.00
437 121782.06
438 121574.88
439 121783.97
440 121730.09
441 121651.89
442 121632.10
443 121685.98
444 121644.97
445 121703.86
446 121788.02
447 121714.12
448 121793.03
449 121728.90
450 121686.94
451 121768.95
452 121716.02
453 121774.91
454 121657.13
455 121755.12
456 121733.19
457 121806.14
458 121602.06
459 121793.99
460 121699.81
461 121648.07
462 121707.92
463 121763.94
464 121711.97
465 121777.06
466 121685.03
467 121778.01
468 121719.84
469 121667.15
470 121747.02
471 121682.17
472 121754.17
473 121688.13
474 121754.17
475 121684.07
476 121766.81
477 121687.17
478 121783.02
479 121464.97
480 121790.17
481 121695.04
482 121791.12
483 121709.11
484 121776.10
485 121684.07
486 121787.07
487 121696.00
488 121774.91
489 121694.09
490 121762.99
491 121826.17
492 121757.98
493 121569.87
494 121779.92
495 121760.85
496 121708.87
497 121766.09
498 121674.06
499 121703.15
500 121687.17
501 121770.14
502 121714.12
503 121769.91
504 121707.92
505 121773.00
506 121716.98
507 121799.95
508 121720.08
509 121787.07
510 121716.02
511 121788.02
512 121739.86
513 121793.03
514 121741.06
515 121656.89
516 121736.05
517 121768.95
518 121783.02
519 121694.09
520 121775.15
521 121705.06
522 121759.89
523 121673.82
524 121748.92
525 121659.99
526 121747.02
527 121782.06
528 121699.09
529 121774.91
530 121716.02
531 121804.00
532 121749.16
533 121813.06
534 121733.19
535 121793.99
536 121726.99
537 121784.93
538 121699.09
539 121777.06
540 121701.96
541 121614.93
542 121685.03
543 121751.79
544 121669.05
545 121745.82
546 121803.05
547 121734.86
548 121789.93
549 121699.09
550 121635.91
551 121705.06
552 121770.86
553 121683.12
554 121760.85
555 121674.06
556 121743.92
557 121662.14
558 121736.05
559 121669.05
560 121744.87
561 121537.92
562 121616.84
563 121672.15
564 121739.15
565 121679.07
566 121718.88
567 121781.11
568 121752.02
569 121772.05
570 121693.85
571 121588.95
572 121789.93
573 121709.11
574 121789.93
