575
0 121921.06
1 121686.94
2 121757.98
3 121680.02
4 121757.98
5 121675.01
6 121747.02
7 121807.10
8 121737.96
9 121774.91
10 121686.94
11 121768.00
12 121670.01
13 121745.11
14 121661.19
15 121732.95
16 121650.93
17 121691.94
18 121769.91
19 121601.10
20 121711.97
21 121702.91
22 121710.06
23 121629.95
24 121705.06
25 121766.09
26 121654.99
27 121734.14
28 121673.11
29 121703.15
30 121777.06
31 121637.11
32 121720.08
33 121769.91
34 121562.96
35 121762.99
36 121647.12
37 121703.86
38 121760.85
39 121672.15
40 121749.88
41 121667.86
42 121743.92
43 121659.04
44 121734.14
45 121660.95
46 121722.94
47 121772.05
48 121705.06
49 121755.84
50 121680.02
51 121732.00
52 121670.96
53 121757.98
54 121666.91
55 121743.20
56 121651.89
57 121732.95
58 121654.03
59 121649.03
60 121781.11
61 121574.16
62 121717.21
63 121714.83
64 121635.91
65 121695.04
66 121768.00
67 121680.02
68 121615.89
69 121678.11
70 121747.97
71 121662.86
72 121744.87
73 121706.96
74 121634.01
75 121639.97
76 121715.07
77 121765.14
78 121680.97
79 121762.04
80 121670.96
81 121745.11
82 121648.79
83 121721.98
84 121640.21
85 121698.86
86 121768.00
87 121557.00
88 121758.94
89 121676.92
90 121747.97
91 121662.14
92 121743.20
93 121796.13
94 121722.94
95 121729.85
96 121711.97
97 121782.06
98 121704.10
99 121765.14
100 121677.88
101 121746.06
102 121546.03
103 121740.82
104 121657.85
105 121732.95
106 121788.98
107 121509.08
108 121588.95
109 121647.12
110 121806.14
111 121505.02
112 122288.94
113 122004.03
114 121587.04
115 122403.14
116 121836.90
117 121531.01
118 122348.07
119 121881.96
120 122580.05
121 122262.00
122 121782.06
123 122625.83
124 122200.97
125 121902.94
126 121517.90
127 121701.00
128 121778.01
129 121566.06
130 121640.21
131 121573.93
132 121634.01
133 121590.14
134 121739.15
135 121531.96
136 121612.07
137 121765.85
138 121477.13
139 121503.83
140 121579.89
141 121372.94
142 121657.85
143 121604.20
144 121649.98
145 121581.79
146 121631.15
147 121698.14
148 121633.05
149 121564.87
150 121480.94
151 121547.94
152 121731.04
153 121663.81
154 121454.00
155 121665.95
156 121598.01
157 121906.04
158 121418.00
159 121457.10
160 121529.10
161 121593.00
162 121636.87
163 121703.86
164 121633.05
165 121690.03
166 121539.83
167 121665.00
168 121609.93
169 121675.97
170 121680.97
171 121477.84
172 121664.05
173 121479.99
174 121526.00
175 121585.13
176 121762.04
177 121804.00
178 122003.08
179 121620.89
180 121675.97
181 121667.15
182 121613.03
183 122421.03
184 121466.88
185 121665.00
186 121829.99
187 121525.05
188 121695.04
189 121645.93
190 121816.16
191 121744.87
192 121577.02
193 122233.15
194 121566.06
195 122497.08
196 121556.04
197 121868.13
198 122542.14
199 121607.07
200 122647.05
201 121598.01
202 121479.03
203 121551.04
204 121742.96
205 121541.02
206 121598.01
207 121528.15
208 121588.95
209 121506.93
210 121563.91
211 121770.14
212 121577.02
213 121628.05
214 121641.87
215 121577.98
216 121633.05
217 121689.80
218 121724.13
219 121571.06
220 121490.00
221 121433.97
222 121716.98
223 121762.04
224 121571.06
225 121497.87
226 121683.12
227 121603.01
228 121527.91
229 121606.11
230 121554.85
231 121492.15
232 121546.03
233 121603.01
234 121664.05
235 121711.97
236 121631.15
237 121706.01
238 121888.16
239 121427.06
240 121503.11
241 121685.98
242 121610.16
243 121670.96
244 121654.99
245 121527.91
246 121423.01
247 121850.01
248 121788.98
249 121590.85
250 121631.15
251 121575.83
252 121618.99
253 121669.05
254 121498.11
255 121435.88
256 121744.16
257 121546.98
258 121719.12
259 121519.09
260 121320.96
261 121519.09
262 121577.02
263 121455.19
264 121636.87
265 121540.07
266 121451.14
267 121654.99
268 121584.89
269 121513.13
270 121577.98
271 121482.85
272 121562.00
273 121610.16
274 121532.92
275 121738.91
276 121548.18
277 121729.14
278 121482.13
279 121467.11
280 121523.14
281 121565.10
282 121754.88
283 121697.90
284 121614.93
285 121556.04
286 121876.00
287 121437.07
288 121744.87
289 121676.21
290 121611.12
291 121669.05
292 121602.06
293 121639.01
294 121721.98
295 121779.92
296 121715.07
297 121726.99
298 121524.81
299 121579.89
300 121639.01
301 121585.13
302 121704.10
303 121518.14
304 121562.00
305 121741.06
306 121815.92
307 121753.93
308 121432.07
309 121674.06
310 121623.99
311 121419.91
312 121618.99
313 121668.82
314 121468.07
315 121387.96
316 121596.81
317 121521.00
318 121643.07
319 121432.07
320 121626.85
321 121565.10
322 121618.99
323 121556.04
324 121608.02
325 121547.94
326 121590.14
327 121788.98
328 121598.96
329 121655.94
330 121468.07
331 121383.91
332 121690.99
333 121769.91
334 121560.10
335 121490.96
336 121686.94
337 121477.84
338 121556.04
339 121492.86
340 121426.11
341 121289.97
342 121748.92
343 121536.97
344 121722.94
345 121394.16
346 121450.19
347 121515.04
348 121579.89
349 121446.13
350 121572.97
351 121369.84
352 121428.01
353 121562.96
354 121498.11
355 121686.94
356 121603.01
357 121433.02
358 121470.93
359 121670.96
360 121464.01
361 121510.03
362 121582.03
363 121526.96
364 121580.84
365 121372.94
366 121433.02
367 121631.15
368 121671.92
369 121620.89
370 121536.97
371 121486.90
372 121525.05
373 121603.97
374 121666.19
375 121456.15
376 121407.03
377 121710.06
378 121514.08
379 121578.93
380 121372.94
381 121814.97
382 121484.99
383 121752.02
384 121577.98
385 121583.94
386 121515.99
387 121454.95
388 121505.02
389 121546.03
390 121491.91
391 121685.03
392 121352.91
393 121531.01
394 121596.10
395 121653.08
396 121440.17
397 121762.04
398 121680.97
399 121613.98
400 121544.12
401 121618.99
402 121521.00
403 121484.04
404 121340.99
405 121541.98
406 121597.05
407 121660.95
408 121447.09
409 121515.99
410 121575.12
411 121485.95
412 121440.17
413 121354.10
414 121416.09
415 121615.17
416 121407.03
417 121428.97
418 121669.05
419 121580.84
420 121472.12
421 121464.01
422 121526.00
423 121505.98
424 121838.09
425 121515.99
426 121440.17
427 121639.01
428 121550.08
429 121634.96
430 121688.13
431 121496.92
432 121536.97
433 121615.89
434 121660.95
435 121474.03
436 121477.13
437 121393.92
438 121472.12
439 121507.88
440 121577.98
441 121509.08
442 121586.80
443 121503.11
444 121450.90
445 121495.96
446 121571.06
447 121502.16
448 121621.13
449 121691.94
450 121641.87
451 121706.01
452 121639.01
453 121548.18
454 121351.00
455 121680.97
456 121489.05
457 121531.96
458 121644.02
459 121516.94
460 121359.11
461 121402.98
462 121470.93
463 121631.86
464 121565.10
465 121521.00
466 121567.96
467 121625.90
468 121562.00
469 121341.94
470 121546.03
471 121465.92
472 121664.05
473 121598.96
474 121650.93
475 121586.08
476 121515.04
477 121706.01
478 121488.81
479 121418.95
480 121448.99
481 121624.95
482 121684.07
483 121618.03
484 121551.04
485 121723.89
486 121667.15
487 121580.84
488 121527.91
489 121570.11
490 121514.80
491 121310.95
492 121519.09
493 121577.02
494 121608.97
495 121422.05
496 121628.05
497 121543.88
498 121598.01
499 121762.04
500 121570.11
501 121443.03
502 121561.05
503 121621.13
504 121530.06
505 121465.92
506 121651.17
507 121603.97
508 121271.85
509 121472.84
510 121657.13
511 121696.95
512 121765.85
513 121831.89
514 121743.92
515 121819.02
516 121756.08
517 121810.91
518 121725.08
519 121807.10
520 121728.18
521 121800.90
522 121721.03
523 121781.11
524 121798.04
525 121847.87
526 121782.78
527 121689.80
528 121778.01
529 121840.00
530 121780.16
531 121709.82
532 121637.11
533 121838.09
534 121748.92
535 121823.79
536 121758.94
537 121817.11
538 121721.98
539 121752.02
540 121728.90
541 121793.99
542 121711.02
543 121706.96
544 121726.04
545 121788.02
546 121845.96
547 121753.22
548 121685.98
549 121756.08
550 121814.97
551 121726.04
552 121806.86
553 121732.95
554 121798.99
555 121714.12
556 121781.11
557 121842.86
558 121774.20
559 121685.98
560 121747.97
561 121819.97
562 121737.00
563 121788.98
564 121889.11
565 121796.13
566 121711.02
567 121792.08
568 121844.05
569 121761.08
570 121688.13
571 121742.96
572 121840.95
573 121769.91
574 121833.09
