1650
0 122022.87
1 121798.04
2 121690.03
3 121708.15
4 121788.98
5 121690.99
6 121776.82
7 121728.18
8 121803.05
9 121741.06
10 121660.95
11 121737.00
12 121793.99
13 121749.88
14 121714.83
15 121650.93
16 121743.92
17 121798.99
18 121708.87
19 121797.80
20 121711.97
21 121667.86
22 121731.04
23 121669.05
24 121766.09
25 121696.00
26 121651.89
27 121603.01
28 121660.95
29 121752.98
30 121690.03
31 121773.00
32 121693.13
33 121783.02
34 121737.96
35 121798.04
36 121703.86
37 121778.96
38 121649.03
39 121735.81
40 121673.11
41 121620.89
42 121732.00
43 121665.95
44 121754.88
45 121665.95
46 121766.09
47 121673.82
48 121764.90
49 121698.86
50 121773.96
51 121711.97
52 121659.99
53 121735.10
54 121792.79
55 121745.11
56 121694.09
57 121840.00
58 121614.93
59 121798.99
60 121753.22
61 121825.93
62 121774.20
63 121725.08
64 121784.21
65 121707.92
66 121790.89
67 121740.82
68 121669.05
69 121762.99
70 121721.98
71 121793.99
72 121718.88
73 121785.88
74 121734.86
75 121672.15
76 121752.02
77 121776.10
78 121668.10
79 121764.90
80 121697.19
81 121791.12
82 121603.01
83 121694.09
84 121753.93
85 121685.98
86 121775.87
87 121689.08
88 121784.93
89 121597.05
90 121808.05
91 121758.94
92 121687.89
93 121780.87
94 121589.18
95 121671.92
96 121515.04
97 121681.93
98 121651.89
99 121987.10
100 121685.98
101 123218.06
102 121659.99
103 121746.06
104 121947.05
105 122019.05
106 122450.11
107 123399.02
108 121727.94
109 121781.83
110 122498.04
111 122834.92
112 122138.98
113 121957.06
114 122776.99
115 124241.83
116 121685.98
117 123875.86
118 123077.15
119 122905.02
120 123705.15
121 122174.98
122 124469.04
123 124554.16
124 123769.04
125 122828.96
126 123641.97
127 121944.90
128 123541.12
129 123615.03
130 122545.00
131 123501.06
132 124208.93
133 123277.19
134 125115.16
135 122570.04
136 122278.93
137 122183.80
138 122794.87
139 122247.93
140 123719.93
141 123543.02
142 123631.00
143 122691.15
144 122747.90
145 123543.98
146 124203.92
147 122384.07
148 122466.09
149 124290.94
150 122848.03
151 123298.88
152 124128.10
153 123330.12
154 122260.09
155 123978.85
156 124023.91
157 124862.91
158 123962.16
159 124655.01
160 124101.16
161 123290.06
162 124116.18
163 124677.18
164 123868.94
165 123846.05
166 122902.15
167 123003.96
168 123681.07
169 123628.14
170 122961.04
171 123655.08
172 126093.15
173 122935.06
174 122862.82
175 122700.93
176 126022.10
177 124488.12
178 124292.85
179 124259.00
180 123188.97
181 125033.86
182 123222.11
183 123178.01
184 124122.86
185 125576.97
186 124032.97
187 124087.81
188 123158.93
189 122984.89
190 123079.06
191 123622.18
192 124471.90
193 125301.12
194 123756.89
195 124585.87
196 124413.97
197 126097.92
198 123173.95
199 123746.87
200 124696.02
201 123632.19
202 123522.04
203 123346.09
204 123424.05
205 123495.10
206 124570.13
207 125273.94
208 123719.93
209 124410.87
210 123859.88
211 123709.92
212 123596.91
213 125964.88
214 124290.94
215 123337.98
216 124034.17
217 124850.03
218 124391.08
219 123067.14
220 125124.93
221 124063.01
222 123389.01
223 124073.98
224 125652.07
225 124238.01
226 124914.17
227 124012.95
228 124963.05
229 123147.96
230 124451.88
231 125149.97
232 123442.17
233 125888.11
234 124968.05
235 124166.97
236 123981.95
237 124930.86
238 123996.97
239 123678.92
240 124394.89
241 123595.00
242 124544.86
243 123994.83
244 123947.86
245 123880.86
246 123645.07
247 123878.96
248 125302.08
249 124627.11
250 124437.81
251 124511.00
252 124320.03
253 124270.92
254 124197.01
255 123404.03
256 123979.09
257 124917.03
258 126502.99
259 124062.06
260 125742.91
261 123948.10
262 123913.05
263 124842.17
264 124815.94
265 124000.07
266 124719.86
267 124913.93
268 124120.00
269 124820.95
270 124511.96
271 123862.98
272 124053.00
273 124496.94
274 125948.91
275 124404.91
276 124341.01
277 125174.05
278 125227.93
279 124405.86
280 124357.94
281 125060.08
282 124266.15
283 124220.85
284 124053.96
285 124502.90
286 125915.05
287 125225.78
288 124435.19
289 126011.13
290 124464.99
291 124773.98
292 124329.09
293 125128.98
294 125473.02
295 124917.98
296 125606.06
297 124677.18
298 125054.84
299 124939.92
300 125477.08
301 125540.02
302 127853.87
303 126055.00
304 124760.15
305 126832.96
306 126014.95
307 124586.11
308 125792.03
309 124219.89
310 125772.95
311 124951.12
312 126153.23
313 124619.01
314 126053.81
315 125877.14
316 124934.20
317 125136.14
318 124964.95
319 124974.01
320 125173.81
321 124494.08
322 125031.95
323 125094.89
324 125936.99
325 125246.05
326 126590.01
327 125044.11
328 125726.94
329 125784.87
330 124861.96
331 125543.83
332 126981.02
333 126178.98
334 124756.10
335 126189.95
336 125374.08
337 124557.02
338 124634.98
339 125072.00
340 125888.82
341 124719.86
342 125566.96
343 125497.82
344 126167.06
345 126117.94
346 125593.19
347 125652.07
348 126341.10
349 127166.03
350 125852.11
351 125432.97
352 126131.06
353 126675.13
354 125859.98
355 125828.03
356 126532.08
357 124857.90
358 125805.14
359 124991.89
360 124782.09
361 126228.09
362 125576.02
363 125513.08
364 127066.85
365 125553.13
366 124863.86
367 125549.08
368 125150.92
369 125341.89
370 125861.17
371 124938.01
372 127514.84
373 125090.84
374 126653.91
375 126617.91
376 125176.91
377 125386.95
378 125109.91
379 126659.87
380 125860.21
381 125087.98
382 126038.07
383 125863.08
384 125802.04
385 124372.96
386 122947.93
387 122004.03
388 123092.89
389 122153.04
390 122219.80
391 123655.80
392 122493.03
393 121822.12
394 123255.01
395 122932.91
396 122391.94
397 122982.03
398 122041.94
399 123128.89
400 123083.11
401 122033.83
402 121741.06
403 122914.79
404 122962.00
405 122293.95
406 122869.97
407 122945.79
408 123144.15
409 122073.89
410 122673.03
411 121971.13
412 123426.20
413 123371.84
414 121561.05
415 124527.93
416 121852.16
417 122915.98
418 123235.94
419 122374.06
420 121650.93
421 122211.22
422 124053.96
423 124009.85
424 123208.05
425 123158.93
426 123111.96
427 121923.92
428 122762.92
429 124465.94
430 123379.23
431 122728.11
432 124427.08
433 122506.14
434 121833.09
435 122015.00
436 122735.02
437 122806.07
438 122246.03
439 122949.12
440 123399.02
441 122456.07
442 121782.06
443 124084.95
444 123185.16
445 123111.96
446 121706.96
447 123384.95
448 122467.04
449 121809.01
450 122249.84
451 121684.07
452 123116.02
453 121585.85
454 122273.21
455 123362.06
456 121687.17
457 123137.00
458 122695.92
459 121641.16
460 121655.23
461 121500.97
462 122364.04
463 122329.95
464 123013.02
465 123106.96
466 123044.01
467 122007.13
468 121693.13
469 121757.98
470 121855.97
471 122785.09
472 121759.89
473 122831.11
474 123643.16
475 121843.10
476 122054.82
477 121865.03
478 122677.09
479 121763.94
480 122308.97
481 121649.03
482 122212.17
483 122411.97
484 122108.94
485 121454.00
486 121403.93
487 122210.03
488 123179.20
489 122380.02
490 122932.91
491 122285.13
492 122087.00
493 122931.96
494 123007.06
495 121435.88
496 122776.99
497 121442.08
498 121890.07
499 123942.14
500 122287.99
501 123090.98
502 122312.78
503 122267.01
504 123076.92
505 122884.99
506 122056.96
507 122905.02
508 124619.96
509 122944.83
510 122117.04
511 122333.05
512 122533.08
513 122485.88
514 122420.07
515 122256.99
516 123180.87
517 122259.86
518 122949.12
519 123020.89
520 121976.14
521 122679.00
522 122379.06
523 122815.85
524 122028.11
525 122715.95
526 122792.01
527 124480.96
528 121808.77
529 122483.97
530 123440.98
531 121626.14
532 121698.86
533 123414.04
534 122491.12
535 122300.15
536 121700.05
537 122846.13
538 122038.84
539 124237.78
540 122586.01
541 121794.94
542 122032.88
543 123598.10
544 122936.96
545 123511.08
546 123712.06
547 124149.08
548 122717.14
549 123312.95
550 123301.98
551 122455.84
552 124127.86
553 121845.01
554 122421.03
555 121769.91
556 124588.01
557 123663.90
558 122596.03
559 122176.17
560 121513.84
561 123070.96
562 123039.01
563 123227.12
564 122186.90
565 122262.00
566 121963.98
567 123150.83
568 122587.92
569 122152.09
570 122107.03
571 122051.00
572 122760.06
573 121966.84
574 122795.10
575 124232.05
576 124320.98
577 121900.08
578 122601.03
579 121546.03
580 121609.21
581 123426.20
582 121706.96
583 123265.98
584 123038.05
585 122614.15
586 124298.10
587 124252.08
588 122551.92
589 122024.06
590 121457.82
591 122429.13
592 123253.11
593 123085.98
594 122908.12
595 122876.88
596 123826.98
597 123026.85
598 121961.83
599 122024.06
600 123720.17
601 123523.95
602 121813.06
603 122561.93
604 121468.07
605 122035.98
606 123857.98
607 122172.12
608 122250.08
609 121962.07
610 122771.02
611 122835.16
612 121772.05
613 121826.89
614 123652.22
615 122737.88
616 121783.97
617 122614.15
618 124438.05
619 122610.09
620 123681.07
621 122634.17
622 123570.92
623 123631.95
624 122560.02
625 123265.03
626 121586.80
627 123286.96
628 121611.83
629 122153.04
630 122493.98
631 122324.94
632 122129.92
633 123188.02
634 123745.92
635 122210.03
636 121909.86
637 123631.95
638 122081.04
639 121903.90
640 123605.97
641 122679.00
642 121739.15
643 121561.05
644 123528.00
645 123602.15
646 122679.95
647 123485.09
648 121690.03
649 123256.92
650 122340.92
651 122559.79
652 123260.02
653 123196.84
654 123887.78
655 122221.95
656 123046.16
657 121914.15
658 122241.02
659 122421.98
660 123108.86
661 122183.08
662 122272.01
663 123221.16
664 121669.77
665 122109.89
666 122060.06
667 124222.04
668 123922.11
669 121755.12
670 121592.04
671 122545.00
672 124245.17
673 122447.01
674 124140.98
675 123238.80
676 123793.84
677 122112.99
678 122211.93
679 122148.04
680 122111.08
681 121933.94
682 121755.84
683 124470.00
684 123408.08
685 121745.11
686 123176.81
687 121507.88
688 122198.10
689 123155.12
690 122228.86
691 123178.96
692 122240.07
693 122811.79
694 123553.04
695 122022.87
696 122866.15
697 122526.88
698 121732.95
699 122439.15
700 123531.10
701 123222.83
702 123164.89
703 121621.85
704 122949.12
705 122751.95
706 122823.95
707 123653.89
708 122117.04
709 121770.14
710 121961.83
711 121924.88
712 124342.92
713 122560.98
714 123385.91
715 122462.03
716 122413.16
717 121738.91
718 121587.99
719 123160.84
720 122209.07
721 122167.11
722 122510.91
723 121941.09
724 123636.01
725 122719.05
726 124334.10
727 122119.90
728 122804.88
729 121893.88
730 121696.95
731 123404.98
732 121729.85
733 122427.94
734 121650.22
735 121594.19
736 123046.16
737 122370.00
738 122927.90
739 124644.04
740 122100.11
741 121902.94
742 122222.90
743 122929.10
744 122117.04
745 123454.09
746 121519.09
747 121605.16
748 123044.97
749 122128.01
750 123687.98
751 122997.05
752 124086.86
753 123286.96
754 123842.95
755 122940.06
756 123023.03
757 122967.96
758 122165.92
759 121979.95
760 123677.02
761 122126.82
762 122825.86
763 122883.08
764 123601.91
765 122803.21
766 122611.05
767 121806.86
768 122284.89
769 123847.96
770 122912.17
771 123589.99
772 122154.95
773 122104.88
774 121929.88
775 122748.14
776 122962.95
777 121537.92
778 123275.04
779 122210.03
780 123049.97
781 122380.02
782 122271.06
783 122058.87
784 122071.03
785 124408.01
786 122731.92
787 123440.03
788 123394.01
789 121707.92
790 122418.17
791 122504.23
792 121711.97
793 123270.03
794 122600.79
795 121664.05
796 123249.05
797 123185.16
798 122096.78
799 123951.91
800 123270.99
801 122205.02
802 122871.88
803 121959.92
804 122109.89
805 121568.20
806 122005.22
807 123677.97
808 123481.99
809 122556.92
810 121600.15
811 123435.97
812 121762.99
813 121694.09
814 122264.86
815 121340.99
816 121539.12
817 122097.02
818 123060.94
819 122748.85
820 122932.91
821 122886.18
822 121792.08
823 122928.86
824 122260.81
825 122941.97
826 124261.14
827 123343.94
828 122632.98
829 122337.10
830 122476.10
831 121658.80
832 122214.08
833 122433.90
834 122288.94
835 122346.88
836 123042.11
837 122518.06
838 122200.01
839 122900.01
840 122708.08
841 122035.03
842 123605.97
843 121800.90
844 121865.99
845 123564.00
846 121779.92
847 123445.03
848 122536.90
849 123238.80
850 122930.05
851 124500.04
852 122931.96
853 123630.05
854 121793.03
855 121993.06
856 121948.00
857 122897.86
858 122850.89
859 122917.89
860 122010.95
861 123440.03
862 122643.95
863 121930.12
864 121973.04
865 123672.01
866 123481.99
867 121799.95
868 121762.99
869 123459.10
870 122408.15
871 121719.12
872 121773.96
873 121592.04
874 124797.11
875 122244.83
876 122178.08
877 123144.87
878 122358.08
879 123806.00
880 123004.91
881 121567.01
882 123141.05
883 122359.99
884 123028.99
885 122093.92
886 121685.98
887 122862.82
888 121953.96
889 122873.07
890 124445.92
891 123010.87
892 122195.96
893 122890.95
894 122221.95
895 123636.96
896 121829.99
897 122662.07
898 121860.03
899 123167.99
900 121510.03
901 123140.81
902 122411.01
903 122983.93
904 123188.97
905 123855.11
906 122926.00
907 122984.89
908 121677.16
909 123708.96
910 121460.91
911 122138.98
912 121589.90
913 122432.95
914 121883.87
915 122105.12
916 122679.00
917 121737.96
918 121708.87
919 124888.18
920 121595.86
921 121560.10
922 121757.98
923 123190.16
924 122104.88
925 122792.96
926 122882.84
927 122958.18
928 123300.08
929 124499.08
930 123698.00
931 122874.02
932 122828.96
933 122795.10
934 121870.04
935 122295.86
936 123498.20
937 122956.04
938 122661.11
939 122751.00
940 122704.98
941 122505.90
942 121572.02
943 121969.94
944 122679.95
945 124397.99
946 121850.97
947 121676.92
948 122627.97
949 123322.01
950 122532.13
951 123208.05
952 121668.10
953 122113.94
954 121707.92
955 121655.94
956 123108.86
957 122298.96
958 122985.12
959 123080.97
960 122179.03
961 122129.92
962 122107.98
963 122920.04
964 121501.92
965 123936.18
966 123013.97
967 123833.89
968 123018.03
969 123590.95
970 122812.03
971 124490.98
972 123697.04
973 121890.07
974 122853.99
975 122046.95
976 122997.05
977 123072.86
978 122896.91
979 121595.14
980 122293.95
981 122246.03
982 122172.83
983 122150.90
984 122972.01
985 122043.85
986 123883.96
987 122205.97
988 121531.96
989 122334.96
990 121540.78
991 123128.89
992 122201.92
993 122266.05
994 122340.20
995 123047.11
996 122513.06
997 122317.08
998 123027.80
999 122154.95
1000 122047.90
1001 121613.03
1002 123064.04
1003 121699.09
1004 122273.92
1005 123100.04
1006 123925.21
1007 122123.00
1008 122325.90
1009 122903.11
1010 122090.10
1011 121913.91
1012 123737.10
1013 122809.89
1014 121729.85
1015 122943.88
1016 122620.11
1017 123307.94
1018 121886.97
1019 122318.03
1020 123281.00
1021 123213.05
1022 121909.86
1023 123723.98
1024 123456.95
1025 122768.16
1026 123490.10
1027 122432.95
1028 122636.08
1029 121567.96
1030 123909.00
1031 122948.17
1032 122157.81
1033 122868.06
1034 124498.84
1035 122437.00
1036 122381.93
1037 122442.01
1038 124144.08
1039 124094.01
1040 122429.13
1041 122351.88
1042 123178.96
1043 122112.99
1044 121562.00
1045 121762.99
1046 121726.99
1047 123294.83
1048 123368.98
1049 121547.94
1050 121521.00
1051 123207.09
1052 123637.91
1053 122710.94
1054 122054.82
1055 122004.03
1056 121828.08
1057 122653.01
1058 122728.11
1059 122654.91
1060 122625.11
1061 121553.90
1062 122271.06
1063 122100.11
1064 122834.92
1065 122915.03
1066 122744.08
1067 121920.11
1068 123014.93
1069 123592.85
1070 123430.97
1071 122844.22
1072 122930.05
1073 123630.05
1074 122817.04
1075 121753.93
1076 121968.03
1077 122657.06
1078 121479.03
1079 122702.12
1080 122522.83
1081 121689.80
1082 121644.97
1083 121593.00
1084 121899.13
1085 123743.77
1086 123682.02
1087 122771.02
1088 122579.10
1089 121793.03
1090 122745.99
1091 122681.14
1092 122895.00
1093 122595.07
1094 122161.87
1095 123977.18
1096 123067.86
1097 122123.96
1098 122075.08
1099 121514.80
1100 121598.01
1101 123415.95
1102 121615.89
1103 121712.21
1104 122401.95
1105 122611.05
1106 123545.89
1107 122748.85
1108 122591.97
1109 124275.92
1110 122101.07
1111 122936.96
1112 123885.87
1113 121960.16
1114 122833.01
1115 122926.00
1116 122749.09
1117 122552.87
1118 124246.12
1119 122572.90
1120 121645.93
1121 124097.82
1122 121562.96
1123 123991.97
1124 121587.99
1125 122534.99
1126 122950.08
1127 123024.94
1128 123146.06
1129 124614.00
1130 123063.80
1131 122145.18
1132 123589.99
1133 121759.89
1134 122856.86
1135 121932.98
1136 123631.95
1137 124338.15
1138 122679.00
1139 122628.93
1140 121810.91
1141 122488.98
1142 122287.99
1143 121655.94
1144 121605.87
1145 122391.94
1146 121857.88
1147 123583.79
1148 121518.85
1149 121980.91
1150 122668.98
1151 123763.08
1152 122851.85
1153 122149.94
1154 121968.98
1155 122816.09
1156 122753.14
1157 121913.19
1158 122739.08
1159 122564.08
1160 123489.14
1161 121695.04
1162 121517.18
1163 122352.84
1164 121546.98
1165 122390.03
1166 123215.91
1167 123012.07
1168 122958.90
1169 123909.95
1170 122977.97
1171 123071.19
1172 122146.13
1173 122075.08
1174 122033.12
1175 122874.02
1176 123810.05
1177 124150.04
1178 123089.08
1179 121550.80
1180 122231.96
1181 122658.01
1182 121835.95
1183 121830.22
1184 121902.94
1185 121933.94
1186 123234.03
1187 121559.86
1188 123155.12
1189 121850.97
1190 124678.13
1191 122123.96
1192 124572.99
1193 123628.85
1194 122991.09
1195 123685.84
1196 124389.17
1197 122969.15
1198 124418.02
1199 121618.99
1200 121553.90
1201 121649.03
1202 122349.98
1203 123193.03
1204 123032.81
1205 122982.98
1206 122185.95
1207 122122.05
1208 122334.00
1209 121768.00
1210 123114.11
1211 122932.91
1212 123621.94
1213 121959.92
1214 123637.20
1215 121971.13
1216 123691.08
1217 123760.94
1218 121962.07
1219 122794.15
1220 122240.07
1221 121938.23
1222 123123.17
1223 121585.85
1224 122687.10
1225 122386.93
1226 122449.16
1227 123010.16
1228 122960.09
1229 122528.08
1230 122750.04
1231 122705.22
1232 122519.97
1233 123354.91
1234 122431.04
1235 123257.88
1236 123176.81
1237 121511.94
1238 122232.91
1239 122426.03
1240 122370.00
1241 123204.95
1242 122273.92
1243 122212.89
1244 122300.86
1245 122254.85
1246 124334.10
1247 123394.01
1248 121710.06
1249 122118.00
1250 122883.08
1251 123706.10
1252 121883.15
1253 121806.14
1254 121860.98
1255 122701.17
1256 121761.08
1257 122488.98
1258 121788.02
1259 122622.01
1260 123322.96
1261 121500.97
1262 121590.14
1263 122359.99
1264 122369.05
1265 122285.13
1266 122107.03
1267 123039.96
1268 123085.02
1269 123276.00
1270 124103.07
1271 122550.01
1272 123238.09
1273 122317.79
1274 123149.87
1275 122085.81
1276 123771.19
1277 122953.89
1278 122894.05
1279 122102.02
1280 123055.93
1281 123007.06
1282 122886.18
1283 122863.05
1284 122037.89
1285 121624.95
1286 121829.99
1287 124284.03
1288 121610.16
1289 122557.88
1290 122637.03
1291 121688.13
1292 122283.94
1293 121598.01
1294 121433.97
1295 122384.07
1296 122058.15
1297 121837.85
1298 122668.03
1299 122613.91
1300 122669.22
1301 123363.02
1302 121699.09
1303 122401.00
1304 121820.93
1305 122023.11
1306 122221.95
1307 123759.98
1308 123589.99
1309 123420.00
1310 121878.15
1311 122825.15
1312 122416.02
1313 122741.94
1314 124067.07
1315 123126.98
1316 121445.89
1317 122150.90
1318 122347.83
1319 122801.07
1320 122119.90
1321 122048.14
1322 122020.96
1323 121841.91
1324 123668.91
1325 121979.00
1326 123559.95
1327 122490.88
1328 124181.99
1329 122745.04
1330 122092.01
1331 122275.83
1332 122838.97
1333 122662.07
1334 121856.93
1335 122569.08
1336 121902.94
1337 123831.99
1338 123162.03
1339 123224.97
1340 122308.02
1341 122864.01
1342 123440.98
1343 122530.94
1344 122610.09
1345 121560.10
1346 122515.20
1347 121447.09
1348 122277.98
1349 123115.06
1350 123049.02
1351 122369.05
1352 123065.95
1353 123890.88
1354 122059.11
1355 122133.97
1356 121958.97
1357 122049.09
1358 123500.11
1359 122076.03
1360 122026.92
1361 122721.91
1362 122552.87
1363 122864.01
1364 122078.90
1365 123627.90
1366 124487.16
1367 121925.12
1368 122024.06
1369 122724.06
1370 122658.01
1371 122373.10
1372 122453.21
1373 122383.12
1374 123701.81
1375 122141.12
1376 122964.14
1377 122931.00
1378 124618.05
1379 122674.94
1380 121870.99
1381 123579.98
1382 121754.17
1383 121631.15
1384 123391.15
1385 124608.99
1386 124288.08
1387 121636.87
1388 121838.09
1389 123540.16
1390 122478.01
1391 121563.91
1392 123151.06
1393 121499.06
1394 122328.04
1395 122136.12
1396 123084.07
1397 123144.87
1398 123217.82
1399 122417.93
1400 122995.14
1401 123699.19
1402 123771.19
1403 122842.07
1404 122035.03
1405 123009.20
1406 122830.15
1407 121852.87
1408 121428.01
1409 123121.02
1410 122267.96
1411 122974.87
1412 123050.93
1413 123003.96
1414 123701.10
1415 122644.90
1416 122201.92
1417 123031.14
1418 122992.99
1419 122967.00
1420 123657.94
1421 122982.98
1422 122797.97
1423 122623.92
1424 121823.07
1425 121919.87
1426 122869.01
1427 122194.05
1428 122272.97
1429 122098.92
1430 122425.08
1431 121503.11
1432 121701.00
1433 123270.03
1434 122462.03
1435 123034.00
1436 122089.15
1437 121669.05
1438 121869.80
1439 121942.04
1440 124377.97
1441 121705.06
1442 121529.82
1443 122337.82
1444 123205.90
1445 122279.88
1446 122961.04
1447 122296.81
1448 123757.84
1449 123181.10
1450 122128.96
1451 121568.92
1452 122025.97
1453 122109.17
1454 121773.00
1455 121860.03
1456 122568.13
1457 121887.92
1458 121838.09
1459 121789.93
1460 124223.95
1461 122563.12
1462 122194.05
1463 122085.09
1464 123142.00
1465 122095.82
1466 123488.90
1467 124190.09
1468 123126.98
1469 123193.03
1470 122261.05
1471 122230.05
1472 122684.96
1473 121762.99
1474 123448.85
1475 122416.02
1476 123239.99
1477 121425.15
1478 124019.15
1479 122426.03
1480 121522.90
1481 123080.97
1482 122906.92
1483 122966.05
1484 122025.97
1485 121956.83
1486 122051.95
1487 123250.96
1488 122220.04
1489 124544.14
1490 122491.84
1491 122318.98
1492 122151.14
1493 123086.93
1494 121674.06
1495 122498.04
1496 122323.04
1497 122383.12
1498 122443.91
1499 122509.96
1500 121575.83
1501 121652.13
1502 123078.11
1503 121922.97
1504 122976.06
1505 122299.19
1506 122918.13
1507 122884.04
1508 122061.01
1509 121583.94
1510 123411.89
1511 121595.14
1512 122396.95
1513 122210.03
1514 122300.15
1515 121495.01
1516 122308.97
1517 123277.90
1518 123081.92
1519 123806.95
1520 123129.13
1521 122195.01
1522 124039.89
1523 124224.90
1524 121403.93
1525 121488.81
1526 123433.11
1527 122890.95
1528 123106.00
1529 122305.87
1530 122241.97
1531 122330.90
1532 123905.90
1533 122965.81
1534 122153.04
1535 122128.96
1536 121937.04
1537 122906.92
1538 122828.96
1539 122531.89
1540 122368.10
1541 122323.04
1542 122260.09
1543 121384.14
1544 123547.08
1545 122493.03
1546 122442.01
1547 122395.04
1548 122220.99
1549 122297.05
1550 122107.98
1551 122934.10
1552 122029.07
1553 125236.99
1554 121541.98
1555 122382.16
1556 122319.94
1557 122283.94
1558 122359.99
1559 123797.89
1560 122885.94
1561 123090.03
1562 122886.90
1563 122361.18
1564 121550.08
1565 124120.95
1566 121482.13
1567 122169.97
1568 121620.89
1569 122591.02
1570 121515.04
1571 122612.00
1572 121461.15
1573 122268.20
1574 122334.96
1575 123934.03
1576 122129.92
1577 122581.01
1578 122266.05
1579 122235.06
1580 122933.86
1581 121870.99
1582 121551.99
1583 124500.99
1584 122871.88
1585 122789.86
1586 122579.10
1587 122688.06
1588 121763.94
1589 121840.00
1590 122272.01
1591 123038.05
1592 123466.97
1593 121922.02
1594 122637.99
1595 122709.99
1596 123270.99
1597 123615.03
1598 123440.98
1599 121890.07
1600 122334.00
1601 123290.06
1602 121741.06
1603 122780.08
1604 122752.19
1605 121944.90
1606 123625.04
1607 121957.06
1608 123674.87
1609 122871.88
1610 121927.02
1611 122519.02
1612 123440.03
1613 124269.01
1614 122462.99
1615 123313.90
1616 121891.02
1617 121712.21
1618 124507.90
1619 122207.88
1620 123799.09
1621 122123.00
1622 122930.05
1623 123008.97
1624 123768.81
1625 123175.14
1626 121859.07
1627 123685.12
1628 122747.90
1629 121801.14
1630 121632.10
1631 123476.03
1632 123286.96
1633 122504.00
1634 123313.90
1635 122529.98
1636 123608.11
1637 122665.17
1638 122616.05
1639 121927.02
1640 121763.23
1641 123342.04
1642 123275.04
1643 123224.02
1644 122424.13
1645 121613.03
1646 122567.18
1647 122399.09
1648 123973.13
1649 122297.05
