350
0 121190.07
1 121011.02
2 121114.02
3 121066.09
4 120993.14
5 121033.91
6 120978.83
7 121032.00
8 121043.92
9 121053.93
10 121658.09
11 121504.07
12 121747.97
13 121644.02
14 123171.09
15 121464.97
16 122731.92
17 123383.05
18 122340.92
19 123135.09
20 122409.82
21 122865.92
22 122710.94
23 122692.82
24 122892.14
25 122869.97
26 122374.06
27 121994.97
28 121909.14
29 123391.87
30 122251.03
31 122133.97
32 122411.97
33 123607.16
34 121886.01
35 122639.89
36 122121.10
37 122877.84
38 123407.13
39 122952.94
40 123014.21
41 122647.05
42 122689.01
43 122626.07
44 122200.01
45 122924.09
46 121956.11
47 122449.87
48 123106.00
49 122601.99
50 122934.82
51 122951.03
52 122411.01
53 122937.92
54 123139.86
55 122668.98
56 122164.96
57 122155.19
58 122895.96
59 121968.98
60 121903.90
61 122105.12
62 122234.82
63 122193.10
64 123660.80
65 123172.04
66 121953.01
67 122565.98
68 122689.01
69 122911.93
70 122184.04
71 121782.06
72 121996.16
73 121367.93
74 121407.03
75 122138.02
76 120881.08
77 121683.12
78 121975.90
79 121302.84
80 121925.12
81 121474.98
82 121517.90
83 121548.18
84 121155.98
85 121195.79
86 121962.07
87 121355.06
88 120922.09
89 120978.83
90 121631.86
91 121135.95
92 121213.20
93 121268.99
94 120789.05
95 121397.97
96 120957.14
97 120995.04
98 121751.07
99 121795.89
100 120872.02
101 122072.94
102 120897.05
103 120988.13
104 122281.07
105 121146.92
106 121878.86
107 122545.96
108 120949.98
109 122138.98
110 121628.05
111 121094.94
112 122308.02
113 121262.07
114 122035.98
115 120815.04
116 121471.88
117 122211.93
118 121695.04
119 121740.10
120 121814.97
121 121310.95
122 121303.08
123 120952.84
124 121566.06
125 122317.08
126 121840.95
127 121885.06
128 122578.14
129 120893.00
130 122430.80
131 121163.85
132 122016.91
133 121199.13
134 121304.04
135 121007.92
136 121019.12
137 121057.99
138 122379.78
139 121227.98
140 121968.98
141 120842.22
142 121508.12
143 122234.11
144 121777.06
145 121810.91
146 122426.03
147 120836.02
148 122045.04
149 120837.93
150 121770.14
151 121332.17
152 121412.04
153 122021.91
154 121582.98
155 121641.87
156 121854.07
157 121219.87
158 121850.01
159 121373.18
160 121392.01
161 121552.94
162 121678.11
163 121720.08
164 121825.93
165 121355.06
166 121470.93
167 120902.78
168 121626.14
169 122266.05
170 121809.01
171 121847.15
172 120798.83
173 121418.95
174 121649.03
175 121034.15
176 121675.01
177 121202.95
178 121310.95
179 120859.86
180 121486.90
181 121497.87
182 121562.96
183 121021.03
184 121783.97
185 122475.15
186 121356.01
187 121421.10
188 120989.08
189 121058.94
190 122437.00
191 121218.92
192 121247.05
193 120856.05
194 121508.12
195 122155.90
196 121587.99
197 122042.89
198 121192.93
199 120774.98
200 121939.18
201 120764.97
202 121441.13
203 122240.07
204 120985.03
205 121766.09
206 121371.98
207 121272.09
208 122049.09
209 120809.08
210 121542.93
211 121916.06
212 121314.05
213 121910.10
214 121439.93
215 121547.94
216 122206.93
217 121728.18
218 122048.14
219 122004.99
220 121267.08
221 121946.10
222 121470.93
223 121505.98
224 121063.95
225 121150.02
226 121851.92
227 120696.07
228 121402.03
229 120940.92
230 120960.00
231 121748.92
232 121910.10
233 121975.90
234 122033.12
235 120866.06
236 120743.99
237 122267.01
238 121083.02
239 122077.94
240 122576.00
241 120889.90
242 120964.05
243 120915.89
244 121006.01
245 121175.05
246 121159.79
247 121934.18
248 120960.95
249 121490.00
250 122360.94
251 121535.06
252 121613.03
253 122325.18
254 121182.92
255 121903.90
256 120712.04
257 121531.96
258 121009.11
259 121179.10
260 121901.99
261 121258.02
262 121454.00
263 121448.04
264 120991.95
265 121608.02
266 122469.90
267 121143.10
268 120792.87
269 120985.98
270 120908.02
271 122251.03
272 121131.18
273 121810.91
274 122040.99
275 120892.05
276 120852.95
277 120905.88
278 121603.97
279 121739.86
280 121268.03
281 121395.11
282 121284.96
283 121358.16
284 122273.92
285 121621.85
286 121922.97
287 121327.16
288 121138.81
289 121055.84
290 121132.14
291 121128.80
292 121133.09
293 121075.87
294 121134.04
295 121092.08
296 121096.85
297 121140.00
298 121135.00
299 121132.14
300 121098.04
301 121140.96
302 121137.86
303 121129.04
304 121127.13
305 121144.06
306 121133.09
307 121075.15
308 121127.13
309 121139.05
310 121130.94
311 121119.98
312 121133.09
313 121146.92
314 121157.17
315 121114.97
316 121094.94
317 121123.08
318 121124.03
319 121120.21
320 121114.02
321 121134.04
322 121178.15
323 121150.02
324 121129.04
325 121099.00
326 121099.00
327 121140.96
328 121124.03
329 121125.94
330 121133.09
331 121129.99
332 121129.04
333 121132.14
334 121116.88
335 121088.03
336 121151.92
337 121132.14
338 121112.11
339 120842.93
340 121026.99
341 121024.85
342 121129.04
343 121129.04
344 121135.00
345 121132.14
346 121135.95
347 121132.85
348 121129.04
349 121124.98
