450
0 121855.02
1 121754.88
2 121816.16
3 121760.13
4 121674.06
5 121718.17
6 121787.07
7 121701.96
8 121761.08
9 121803.05
10 121717.93
11 121790.89
12 121716.02
13 121654.99
14 121715.78
15 121777.06
16 121692.90
17 121755.12
18 121675.01
19 121742.96
20 121578.22
21 121752.98
22 121671.20
23 121742.96
24 121659.99
25 121732.95
26 121785.16
27 121712.92
28 121770.86
29 121705.06
30 121768.95
31 121685.03
32 121758.94
33 121674.06
34 121747.97
35 121672.15
36 121727.94
37 121794.22
38 121586.08
39 121664.05
40 121738.91
41 121658.09
42 121727.94
43 121644.02
44 121701.00
45 121779.20
46 121705.06
47 121752.02
48 121811.87
49 121747.97
50 121659.04
51 121733.90
52 121618.99
53 121732.95
54 121792.08
55 121702.19
56 121779.92
57 121709.11
58 121768.00
59 121685.98
60 121762.99
61 121685.03
62 121758.94
63 121670.96
64 121756.79
65 121667.86
66 121746.06
67 121798.04
68 121734.86
69 121789.93
70 121732.95
71 121665.95
72 121730.09
73 121792.08
74 121716.98
75 121637.11
76 121713.16
77 121578.93
78 121702.91
79 121743.92
80 121768.00
81 121702.91
82 121618.99
83 121699.09
84 121770.86
85 121685.98
86 121755.12
87 121692.90
88 121747.97
89 121655.94
90 121733.90
91 121797.08
92 121732.95
93 121793.99
94 121721.03
95 121786.12
96 121728.90
97 121651.17
98 121716.02
99 121773.00
100 121699.09
101 121767.04
102 121675.01
103 121757.98
104 121664.05
105 121743.20
106 121802.81
107 121592.04
108 121549.13
109 121714.12
110 121665.95
111 121737.96
112 121787.07
113 121729.85
114 121794.94
115 121731.04
116 121786.12
117 121711.02
118 121616.84
119 121578.22
120 121768.00
121 121696.00
122 121759.89
123 121672.87
124 121751.07
125 121691.94
126 121761.08
127 121690.99
128 121752.98
129 121660.95
130 121737.00
131 121651.89
132 121728.90
133 121784.93
134 121706.96
135 121782.06
136 121716.98
137 121776.10
138 121701.00
139 121763.94
140 121681.21
141 121754.88
142 121663.09
143 121747.97
144 121665.00
145 121741.06
146 121794.94
147 121716.98
148 121651.89
149 121707.92
150 121780.87
151 121704.10
152 121773.00
153 121685.03
154 121747.02
155 121669.05
156 121755.12
157 121674.06
158 121647.83
159 121667.86
160 121733.19
161 121793.99
162 121726.99
163 121659.99
164 121732.00
165 121670.96
166 121757.98
167 121651.89
168 121716.98
169 121779.92
170 121716.02
171 121769.91
172 121698.14
173 121763.94
174 121680.02
175 121762.04
176 121675.01
177 121749.88
178 121700.05
179 121774.20
180 121684.07
181 121635.91
182 121672.87
183 121757.98
184 121667.15
185 121709.11
186 121768.00
187 121704.10
188 121765.85
189 121677.88
190 121754.88
191 121667.86
192 121751.07
193 121807.81
194 121742.01
195 121662.14
196 121863.13
197 121788.98
198 121714.12
199 121652.84
200 121736.05
201 121658.09
202 121731.04
203 121786.83
204 121708.87
205 121640.21
206 121688.13
207 121623.99
208 121680.97
209 121758.94
210 121703.15
211 121766.09
212 121685.03
213 121757.03
214 121672.15
215 121747.02
216 121670.01
217 121680.02
218 121757.98
219 121680.02
220 121757.03
221 121697.90
222 121747.97
223 121685.03
224 121612.07
225 121670.96
226 121747.02
227 121681.21
228 121731.04
229 121803.05
230 121737.00
231 121790.89
232 121732.00
233 121788.02
234 121595.86
235 121778.01
236 121697.19
237 121773.00
238 121690.99
239 121640.92
240 121620.89
241 121714.12
242 121627.09
243 121712.92
244 121772.05
245 121685.03
246 121768.00
247 121675.97
248 121747.02
249 121810.91
250 121743.92
251 121675.01
252 121753.93
253 121671.20
254 121751.07
255 121659.04
256 121740.10
257 121792.79
258 121726.99
259 121786.83
260 121706.01
261 121661.90
262 121724.13
263 121644.02
264 121720.08
265 121775.15
266 121682.17
267 121643.07
268 121675.01
269 121750.83
270 121797.08
271 121731.04
272 121647.12
273 121721.98
274 121648.07
275 121720.08
276 121778.96
277 121702.91
278 121768.00
279 121707.20
280 121790.89
281 121717.93
282 121783.02
283 121717.93
284 121781.11
285 121703.86
286 121766.81
287 121706.01
288 121757.98
289 121677.16
290 121755.84
291 121679.07
292 121745.11
293 121647.83
294 121737.96
295 121801.14
296 121708.15
297 121780.87
298 121711.97
299 121773.00
300 121714.12
301 121619.94
302 121688.13
303 121757.98
304 121673.11
305 121753.93
306 121665.95
307 121610.88
308 121656.18
309 121736.05
310 121647.83
311 121733.90
312 121655.94
313 121729.14
314 121789.93
315 121706.96
316 121783.02
317 121703.15
318 121703.86
319 121562.96
320 121673.11
321 121731.04
322 121656.18
323 121725.08
324 121662.86
325 121739.15
326 121792.08
327 121726.99
328 121649.98
329 121720.08
330 121637.11
331 121695.04
332 121768.95
333 121699.81
334 121767.04
335 121683.84
336 121760.13
337 121674.06
338 121747.97
339 121668.10
340 121738.91
341 121675.97
342 121613.03
343 121659.99
344 121743.92
345 121795.18
346 121733.19
347 121666.91
348 121725.08
349 121787.07
350 121700.05
351 121779.92
352 121699.09
353 121770.14
354 121684.07
355 121760.13
356 121591.09
357 121769.91
358 121699.81
359 121621.85
360 121697.19
361 121749.88
362 121672.87
363 121742.96
364 121654.99
365 121737.00
366 121795.89
367 121723.18
368 121664.05
369 121737.96
370 121792.08
371 121721.98
372 121777.06
373 121715.07
374 121770.14
375 121750.12
376 121666.91
377 121718.17
378 121775.87
379 121709.11
380 121767.04
381 121721.03
382 121778.96
383 121706.96
384 121771.10
385 121706.96
386 121766.09
387 121690.99
388 121696.00
389 121660.95
390 121749.88
391 121803.05
392 121739.15
393 121646.88
394 121727.94
395 121788.98
396 121707.92
397 121782.78
398 121703.86
399 121639.97
400 121717.21
401 121630.91
402 121687.89
403 121768.00
404 121706.01
405 121769.91
406 121567.96
407 121808.05
408 121695.04
409 121650.93
410 121717.93
411 121648.07
412 121676.21
413 121778.96
414 121690.99
415 121688.13
416 121703.15
417 121638.06
418 121685.98
419 121762.04
420 121675.97
421 121754.88
422 121677.88
423 121747.97
424 121662.86
425 121741.06
426 121674.06
427 121755.12
428 121668.10
429 121758.94
430 121670.01
431 121738.20
432 121657.13
433 121736.05
434 121788.02
435 121706.96
436 121795.18
437 121728.90
438 121786.12
439 121664.05
440 121773.96
441 121738.20
442 121651.89
443 121732.00
444 121787.07
445 121694.80
446 121778.01
447 121704.82
448 121649.98
449 121685.98
