350
0 121823.07
1 121411.09
2 121670.96
3 121551.99
4 121418.00
5 121393.92
6 121788.02
7 121907.00
8 121490.96
9 121606.83
10 121735.10
11 121744.16
12 121859.07
13 121363.16
14 121357.20
15 121342.18
16 121482.13
17 121464.97
18 121603.01
19 121858.84
20 121837.14
21 121334.08
22 121483.09
23 121337.89
24 121567.01
25 121673.82
26 121296.88
27 121293.07
28 121290.92
29 121297.84
30 121438.98
31 121423.96
32 121685.98
33 121423.96
34 121299.03
35 121681.21
36 121409.89
37 121294.98
38 121553.90
39 121527.91
40 121406.08
41 121427.06
42 121407.99
43 121406.08
44 121674.06
45 121276.86
46 121536.02
47 121382.00
48 121521.95
49 121631.86
50 121394.16
51 121648.07
52 121646.88
53 121518.14
54 121521.00
55 121378.18
56 121396.06
57 121267.08
58 121514.08
59 121262.07
60 121380.81
61 121511.94
62 121400.83
63 121443.99
64 121233.94
65 121235.85
66 121381.04
67 121379.85
68 121382.95
69 121367.22
70 121380.09
71 121508.12
72 121634.01
73 121371.98
74 121505.02
75 121376.99
76 121243.00
77 121277.09
78 121409.89
79 121534.11
80 121543.17
81 121670.01
82 121282.82
83 121549.13
84 121670.01
85 121297.12
86 121284.01
87 121546.03
88 121421.10
89 121313.81
90 121522.90
91 121262.07
92 121145.01
93 121411.80
94 121407.03
95 121783.02
96 121410.85
97 121540.07
98 121408.94
99 121284.01
100 121273.04
101 121392.97
102 121401.07
103 121405.12
104 121268.99
105 121402.98
106 121526.00
107 121514.08
108 121397.02
109 121254.21
110 121254.92
111 121373.89
112 121247.05
113 121515.04
114 121479.03
115 121506.93
116 121238.95
117 121510.98
118 121390.82
119 121249.20
120 121503.11
121 121387.96
122 121384.14
123 121884.11
124 121620.89
125 121762.99
126 121514.08
127 121243.00
128 121514.08
129 121395.11
130 121499.06
131 121152.16
132 121755.12
133 121407.99
134 121656.89
135 121779.92
136 121412.99
137 122034.07
138 121270.90
139 121265.17
140 121411.09
141 121638.06
142 121520.04
143 121273.99
144 121783.97
145 121568.20
146 121422.05
147 122061.97
148 121290.92
149 121790.89
150 121436.83
151 121558.19
152 121638.06
153 121634.96
154 121495.96
155 121383.91
156 122004.03
157 121257.78
158 121386.05
159 121845.01
160 121464.01
161 121593.00
162 121717.93
163 121819.97
164 121453.05
165 121596.81
166 121821.88
167 121328.12
168 121577.02
169 121845.01
170 121343.14
171 121325.02
172 121330.02
173 121973.04
174 121468.07
175 121456.15
176 121584.89
177 121334.08
178 121605.16
179 121730.80
180 121853.83
181 121973.04
182 121478.08
183 121732.95
184 121712.92
185 121341.23
186 121488.09
187 121737.00
188 121356.01
189 121337.89
190 121591.09
191 121848.11
192 121663.09
193 121654.99
194 121416.09
195 122044.09
196 122052.19
197 121737.96
198 121876.00
199 121250.15
200 121618.99
201 121615.89
202 121623.99
203 121763.94
204 121622.09
205 121618.99
206 121761.08
207 122009.99
208 121369.84
209 121390.10
210 121495.96
211 121515.04
212 121636.15
213 121763.94
214 121881.01
215 121888.88
216 121891.98
217 121392.97
218 121525.05
219 121500.97
220 121500.97
221 121760.85
222 121770.14
223 121894.12
224 121399.16
225 121402.98
226 122009.99
227 121644.97
228 121521.00
229 121640.21
230 121375.08
231 121625.19
232 121519.09
233 121380.09
234 121382.95
235 121363.16
236 121380.09
237 121387.00
238 121366.02
239 121514.08
240 121380.09
241 121392.97
242 121518.85
243 121502.88
244 121370.79
245 121514.80
246 121519.09
247 121375.08
248 121373.18
249 121366.02
250 121386.05
251 121385.81
252 121496.20
253 121518.85
254 121392.01
255 121253.01
256 121370.08
257 121519.09
258 121395.11
259 121395.83
260 121402.03
261 121523.86
262 121260.88
263 121393.92
264 121536.02
265 121283.77
266 121641.87
267 121293.07
268 121664.05
269 121404.89
270 121535.06
271 121541.02
272 121536.02
273 121398.93
274 121403.93
275 121523.14
276 121259.21
277 121359.83
278 121616.84
279 121618.03
280 121329.07
281 121433.02
282 121449.95
283 121446.13
284 121309.04
285 121315.00
286 121435.17
287 121307.85
288 121128.08
289 121570.11
290 121443.03
291 121546.98
292 121302.84
293 121303.08
294 121448.04
295 121326.21
296 121557.24
297 121437.07
298 121434.93
299 121433.02
300 121453.05
301 121448.99
302 121304.99
303 121310.00
304 121311.90
305 121303.80
306 121348.14
307 121349.81
308 121328.12
309 121448.99
310 121331.93
311 121350.05
312 121472.12
313 121213.91
314 121460.91
315 121350.05
316 121350.05
317 121495.01
318 121383.91
319 121382.00
320 121417.05
321 121418.95
322 121399.88
323 121413.95
324 121147.87
325 121422.05
326 121543.88
327 121423.01
328 121418.95
329 121299.98
330 121436.12
331 121438.98
332 121438.98
333 121424.91
334 121437.07
335 121428.01
336 121686.22
337 121420.86
338 121567.96
339 121570.11
340 121551.99
341 121568.92
342 121551.99
343 121443.03
344 121685.98
345 121708.15
346 121334.08
347 121580.84
348 121333.84
349 121443.99
