550
0 122529.03
1 121778.01
2 121723.89
3 121708.15
4 121725.08
5 121696.00
6 121699.09
7 121696.00
8 121704.10
9 121834.04
10 121689.08
11 121694.80
12 121686.22
13 121694.09
14 121709.11
15 121690.03
16 121690.99
17 121685.03
18 121718.88
19 121680.02
20 121700.05
21 121684.07
22 121688.84
23 121708.15
24 121704.10
25 121578.93
26 121714.12
27 121690.99
28 121696.00
29 121696.00
30 121696.00
31 121696.95
32 121699.81
33 121690.99
34 121696.00
35 121682.17
36 121679.78
37 121679.07
38 121680.02
39 121680.97
40 121693.13
41 121835.95
42 121703.15
43 121693.85
44 121700.05
45 121701.96
46 121694.09
47 121674.06
48 121675.01
49 121688.13
50 121672.87
51 121679.07
52 121686.22
53 121686.94
54 121678.11
55 121685.03
56 121690.99
57 121826.89
58 121694.09
59 121705.06
60 121710.06
61 121693.85
62 121704.82
63 121704.10
64 121701.96
65 121704.10
66 121711.97
67 121706.96
68 121706.96
69 121691.94
70 121712.92
71 121705.06
72 121710.06
73 121699.09
74 121711.02
75 121618.99
76 121736.05
77 121736.05
78 121735.10
79 121758.94
80 121590.85
81 121736.05
82 121655.94
83 121654.03
84 121659.04
85 121798.04
86 121658.80
87 121658.09
88 121663.09
89 121793.03
90 121644.02
91 121783.02
92 121785.16
93 121784.93
94 121653.08
95 121613.98
96 121651.17
97 121788.98
98 121771.10
99 121788.98
100 121546.98
101 121551.99
102 121675.01
103 121665.95
104 121562.96
105 121811.87
106 121672.15
107 121434.93
108 121697.90
109 121685.98
110 121696.00
111 132076.03
112 133693.93
113 141444.21
114 140436.89
115 121440.89
116 121582.03
117 127439.98
118 132948.88
119 140202.05
120 140823.13
121 128699.06
122 121522.90
123 121526.00
124 121977.09
125 121485.95
126 121612.07
127 121481.90
128 122359.04
129 121975.18
130 122234.11
131 121475.93
132 121622.09
133 122862.10
134 121602.06
135 122354.98
136 122225.05
137 121473.07
138 122736.22
139 122391.94
140 123122.93
141 122873.07
142 121508.12
143 121907.95
144 121395.11
145 123401.88
146 121536.02
147 122284.89
148 122900.96
149 121781.11
150 122535.94
151 122146.84
152 121772.05
153 121642.11
154 123283.86
155 123787.88
156 122287.99
157 121893.88
158 122663.97
159 122272.01
160 122215.99
161 122145.89
162 121784.93
163 123270.03
164 121524.81
165 122284.89
166 121543.88
167 123770.95
168 122898.10
169 121666.91
170 122541.19
171 121542.93
172 121544.84
173 121788.98
174 122287.03
175 123789.07
176 122303.96
177 121419.91
178 122403.86
179 121932.03
180 121550.08
181 121551.99
182 122423.17
183 122284.89
184 122056.01
185 121680.02
186 122037.89
187 122684.96
188 121702.19
189 122551.92
190 121685.03
191 122075.80
192 121690.03
193 121562.00
194 122941.97
195 122052.19
196 121701.96
197 123304.13
198 121946.10
199 122062.92
200 122364.04
201 122058.15
202 122812.99
203 122175.93
204 121656.89
205 121658.09
206 121517.90
207 121774.20
208 121658.09
209 121662.86
210 121524.10
211 121515.99
212 122027.87
213 121537.92
214 121900.08
215 121654.99
216 122169.97
217 121539.83
218 121581.08
219 121531.01
220 122173.07
221 122250.80
222 122366.19
223 122244.12
224 121376.99
225 121988.06
226 121492.86
227 121634.01
228 122267.96
229 123037.10
230 121784.93
231 122529.03
232 123280.05
233 122154.00
234 121883.87
235 122011.90
236 121906.04
237 122642.04
238 122773.89
239 121670.96
240 122416.02
241 123160.12
242 122889.04
243 122172.83
244 123654.13
245 122662.07
246 123405.93
247 123296.98
248 124047.04
249 123173.95
250 122919.80
251 123666.05
252 123564.00
253 124170.06
254 126558.07
255 126432.18
256 127183.91
257 127044.92
258 127818.11
259 126801.01
260 126686.10
261 128340.01
262 127343.89
263 128099.92
264 128608.94
265 128609.90
266 129374.98
267 129873.99
268 130007.03
269 132241.01
270 132137.06
271 132880.21
272 133508.92
273 133377.08
274 134129.05
275 135632.99
276 136380.91
277 135385.04
278 137004.14
279 137620.93
280 137485.98
281 138235.81
282 138870.00
283 140371.80
284 140256.88
285 141021.01
286 139273.17
287 123758.08
288 121511.94
289 122650.86
290 121637.11
291 121899.13
292 121521.95
293 121774.91
294 122890.00
295 121382.00
296 121385.10
297 121634.01
298 122264.15
299 122880.94
300 121778.01
301 121377.94
302 121521.00
303 121636.87
304 121392.97
305 121651.17
306 121526.00
307 121519.09
308 121525.05
309 121507.17
310 121415.14
311 121393.92
312 121529.82
313 121531.01
314 121525.05
315 121505.02
316 121659.04
317 121667.86
318 121659.99
319 121515.04
320 121538.16
321 121537.92
322 121398.93
323 121539.83
324 121520.04
325 121896.03
326 121425.15
327 121407.03
328 121412.04
329 121402.98
330 121790.89
331 121409.18
332 121531.96
333 121426.11
334 121678.11
335 121552.94
336 121553.18
337 121413.95
338 121545.08
339 121550.08
340 121414.90
341 121558.90
342 121557.95
343 121424.20
344 121686.94
345 121670.96
346 121569.87
347 121551.04
348 121571.06
349 121803.05
350 121438.03
351 121578.93
352 121578.22
353 121527.19
354 121499.06
355 121517.90
356 121886.97
357 121403.93
358 121544.12
359 121546.03
360 121804.00
361 121663.09
362 121558.90
363 121370.08
364 121381.04
365 121512.89
366 121382.95
367 121756.08
368 121643.07
369 121643.07
370 121381.04
371 121649.03
372 121384.14
373 121783.02
374 121517.18
375 121522.90
376 121529.82
377 121766.09
378 121555.09
379 121550.08
380 121675.97
381 121793.03
382 121559.14
383 121663.09
384 121542.93
385 121675.01
386 121432.07
387 121680.02
388 121811.15
389 121670.96
390 121538.88
391 121544.84
392 121556.04
393 121431.11
394 121557.00
395 121533.87
396 121687.89
397 121678.11
398 121552.94
399 121675.97
400 121376.99
401 121737.00
402 121510.03
403 121500.02
404 121633.05
405 121632.10
406 121754.17
407 121618.99
408 121505.02
409 121752.98
410 121645.93
411 121509.08
412 121497.87
413 121486.90
414 121500.97
415 121886.01
416 121758.94
417 122030.97
418 121653.08
419 121531.01
420 121401.07
421 121387.96
422 121402.98
423 121511.94
424 121283.05
425 121654.99
426 121532.92
427 121516.94
428 121657.13
429 121392.97
430 121664.05
431 121546.98
432 121536.97
433 121670.01
434 121648.07
435 121552.94
436 121552.94
437 121438.03
438 121548.89
439 121562.00
440 121443.99
441 121495.96
442 121825.93
443 121561.05
444 121442.08
445 121572.97
446 121562.00
447 121466.16
448 121320.01
449 121587.99
450 121595.14
451 121845.01
452 121591.09
453 121509.79
454 121721.98
455 121598.96
456 121478.08
457 121730.09
458 121487.14
459 121348.86
460 121735.10
461 121614.93
462 121474.98
463 121732.00
464 121626.14
465 121873.86
466 121749.16
467 121614.93
468 121753.93
469 121755.12
470 121621.13
471 121760.13
472 121759.89
473 121763.94
474 121623.04
475 121619.94
476 121760.13
477 121757.03
478 121633.05
479 121633.05
480 121641.16
481 121576.79
482 121643.07
483 121639.97
484 121629.00
485 121641.16
486 121636.87
487 121646.17
488 121643.07
489 121641.87
490 121670.96
491 121666.91
492 121663.81
493 121677.16
494 121672.15
495 121685.98
496 121637.11
497 121631.86
498 121630.91
499 121634.01
500 121639.01
501 121644.97
502 121645.21
503 121647.12
504 121659.99
505 121649.98
506 121665.00
507 121649.03
508 121638.77
509 121644.02
510 121665.95
511 121638.06
512 121635.91
513 121649.98
514 121666.19
515 121648.07
516 121654.99
517 121643.07
518 121649.98
519 121798.99
520 121646.17
521 121593.00
522 121646.17
523 121643.07
524 121666.91
525 121647.12
526 121649.03
527 121631.15
528 121636.15
529 121778.96
530 121650.22
531 121634.96
532 121639.97
533 121640.21
534 121644.02
535 121649.98
536 121640.92
537 121647.83
538 121658.09
539 121653.08
540 121661.90
541 121649.98
542 121659.04
543 121659.04
544 121680.02
545 121671.92
546 121680.97
547 121663.09
548 121660.95
549 121668.10
