1450
0 121445.89
1 120356.08
2 121978.04
3 120556.12
4 121912.96
5 122136.12
6 121005.77
7 121825.93
8 120365.14
9 121544.84
10 120998.86
11 120690.82
12 121713.16
13 120960.00
14 121019.12
15 121155.02
16 121362.92
17 121371.03
18 121943.95
19 122093.92
20 121563.20
21 120989.08
22 121389.87
23 120800.02
24 120412.11
25 122040.99
26 120311.98
27 121526.00
28 121534.11
29 121187.93
30 121523.86
31 121596.81
32 121280.91
33 120759.96
34 121867.18
35 120642.90
36 120471.95
37 120481.01
38 121603.01
39 122039.08
40 120783.81
41 121462.11
42 120864.87
43 120656.01
44 121784.93
45 121555.81
46 121093.99
47 120942.12
48 120872.02
49 121358.16
50 120997.91
51 121959.92
52 121787.07
53 120471.00
54 121009.11
55 120559.93
56 121550.08
57 121315.96
58 121529.10
59 120870.83
60 120893.00
61 120429.99
62 120962.14
63 121761.08
64 121891.98
65 121403.93
66 122044.09
67 120145.08
68 120435.95
69 120958.09
70 121488.09
71 121051.07
72 121947.05
73 120899.92
74 121728.18
75 120784.04
76 120347.02
77 121592.04
78 121610.88
79 120676.04
80 121105.91
81 120440.96
82 122066.02
83 121474.98
84 120617.15
85 121625.90
86 120844.13
87 121278.05
88 120561.84
89 121547.94
90 122034.07
91 122082.00
92 121837.14
93 120397.09
94 122037.89
95 121524.81
96 121212.96
97 122060.06
98 120527.98
99 120890.86
100 122062.92
101 120145.08
102 122719.05
103 120376.11
104 121290.92
105 121171.95
106 121800.18
107 123016.12
108 122998.95
109 123030.90
110 123080.97
111 122858.05
112 123852.01
113 123514.18
114 123450.99
115 122438.19
116 124995.23
117 122057.91
118 123144.87
119 122845.89
120 122179.03
121 122535.94
122 122817.99
123 124444.01
124 123176.10
125 123826.03
126 121535.06
127 122243.17
128 123147.96
129 124356.03
130 124602.08
131 124771.83
132 123180.87
133 124437.09
134 123737.81
135 125046.01
136 122100.83
137 122778.18
138 123551.13
139 124521.97
140 123991.01
141 123779.77
142 121668.10
143 122316.12
144 121466.88
145 122045.99
146 123878.96
147 122569.08
148 124216.08
149 123776.91
150 122161.15
151 123135.81
152 123418.09
153 123085.98
154 123405.22
155 123497.01
156 122720.96
157 123533.96
158 122576.00
159 122658.01
160 123272.18
161 122179.03
162 121577.98
163 122914.08
164 122786.05
165 123304.13
166 122766.02
167 124011.04
168 122324.94
169 124278.07
170 121598.96
171 122847.08
172 122758.15
173 124743.94
174 122568.85
175 123425.96
176 122786.05
177 121638.06
178 123900.18
179 122092.96
180 123221.87
181 124094.01
182 123787.16
183 121726.04
184 125123.02
185 123988.15
186 123192.07
187 125090.12
188 123612.88
189 122132.78
190 123876.09
191 122607.95
192 123758.79
193 123400.93
194 124314.07
195 122363.09
196 123453.14
197 123340.13
198 122560.98
199 122793.91
200 122822.05
201 123424.05
202 122812.99
203 122720.00
204 122747.18
205 125127.79
206 124268.77
207 124684.10
208 123384.95
209 121773.00
210 122519.02
211 123372.08
212 123506.78
213 124135.97
214 122471.09
215 123470.07
216 122361.90
217 123728.99
218 122848.03
219 122319.94
220 124864.10
221 122648.95
222 123206.85
223 123628.14
224 123407.84
225 123176.81
226 123558.04
227 123274.80
228 121021.03
229 122232.91
230 122810.84
231 123296.02
232 122159.00
233 123162.98
234 123721.84
235 123254.06
236 122177.12
237 121953.01
238 123430.97
239 123484.85
240 123934.98
241 121980.19
242 121821.17
243 123226.88
244 123522.04
245 123690.13
246 121253.97
247 124122.86
248 123156.07
249 124412.06
250 121703.15
251 122051.00
252 124211.07
253 122545.96
254 122380.97
255 124125.00
256 123397.83
257 122167.11
258 121133.09
259 122858.05
260 122651.10
261 121878.86
262 121977.09
263 122808.93
264 122823.00
265 121738.91
266 121855.97
267 124419.93
268 121610.16
269 124972.82
270 124053.96
271 124008.89
272 122064.11
273 121263.98
274 123978.85
275 121829.03
276 122172.12
277 123949.05
278 121926.07
279 121737.00
280 121989.97
281 123471.02
282 121830.94
283 122939.11
284 121236.09
285 123090.98
286 122505.90
287 123365.16
288 124387.03
289 122544.05
290 123527.05
291 122643.95
292 124675.04
293 124511.00
294 125288.96
295 122440.10
296 122936.01
297 124247.07
298 124293.09
299 122463.94
300 122899.06
301 120932.10
302 122876.17
303 122376.92
304 122555.97
305 120918.99
306 122845.17
307 124203.92
308 122674.94
309 122866.15
310 122408.15
311 125900.98
312 123521.09
313 126174.93
314 123528.00
315 122072.94
316 123395.92
317 123255.01
318 123408.08
319 121828.08
320 121835.95
321 122020.01
322 124325.99
323 124933.00
324 123355.15
325 121821.88
326 122358.08
327 122181.18
328 121210.10
329 124254.94
330 122853.04
331 121983.05
332 122020.01
333 123020.89
334 121170.04
335 122591.02
336 122268.92
337 122488.98
338 122817.99
339 122895.96
340 122272.01
341 124309.06
342 123827.93
343 125591.04
344 125070.10
345 121385.10
346 123610.97
347 123425.01
348 121721.98
349 124012.95
350 121196.99
351 121837.85
352 122771.02
353 122719.05
354 123783.11
355 124142.89
356 122452.97
357 122120.14
358 123557.09
359 121973.99
360 123391.87
361 121478.08
362 121800.90
363 120976.92
364 122118.95
365 122184.99
366 122002.12
367 122367.86
368 122017.15
369 122525.93
370 121422.05
371 121201.99
372 121719.84
373 122564.08
374 123789.07
375 123619.08
376 123354.20
377 122871.88
378 122234.82
379 122226.00
380 123068.09
381 122688.06
382 121343.85
383 121249.20
384 121851.92
385 120700.12
386 121802.81
387 121567.01
388 122227.91
389 122776.99
390 122088.91
391 123560.91
392 121250.15
393 120779.99
394 122079.85
395 123160.12
396 121999.03
397 122818.95
398 122976.06
399 122498.99
400 122030.02
401 121424.91
402 121554.85
403 123007.06
404 122587.92
405 122466.09
406 121484.04
407 121670.96
408 121989.97
409 121937.99
410 120719.91
411 121742.01
412 121747.02
413 122680.90
414 121338.84
415 122671.84
416 123277.90
417 122222.90
418 122665.88
419 122972.97
420 121499.06
421 122827.05
422 122846.13
423 121755.12
424 121964.93
425 121884.82
426 121877.91
427 122715.00
428 121766.09
429 121756.08
430 123217.82
431 121397.02
432 122284.17
433 122956.99
434 123278.14
435 120866.06
436 121273.99
437 120213.99
438 120837.93
439 120662.21
440 122231.01
441 121606.11
442 120924.00
443 121768.95
444 121865.99
445 120782.14
446 122123.00
447 122309.92
448 123303.89
449 122992.99
450 122152.09
451 121412.99
452 121978.04
453 122740.03
454 121747.02
455 122351.88
456 122296.81
457 122689.01
458 122927.90
459 122512.82
460 121905.09
461 120388.03
462 120711.80
463 121731.04
464 120868.92
465 121374.85
466 122339.96
467 122189.04
468 122263.91
469 121989.97
470 120943.07
471 121062.99
472 121543.88
473 121958.02
474 122472.05
475 120969.06
476 121965.89
477 122642.99
478 123130.08
479 123438.12
480 123582.12
481 123147.01
482 123075.96
483 122357.13
484 122069.84
485 122376.92
486 121506.93
487 122555.02
488 121660.95
489 123155.83
490 122769.83
491 121903.18
492 122396.95
493 121701.00
494 123083.83
495 121882.92
496 121121.88
497 123354.91
498 122637.03
499 121300.94
500 122224.09
501 121738.91
502 122750.04
503 120947.84
504 123023.03
505 121681.93
506 122590.07
507 122721.20
508 122992.99
509 122583.87
510 122317.08
511 122620.11
512 123015.88
513 122323.99
514 122015.00
515 121239.90
516 121284.01
517 122204.07
518 121396.06
519 122168.06
520 122865.92
521 121248.96
522 121944.90
523 120756.86
524 121256.11
525 121128.08
526 121110.92
527 121490.96
528 122349.98
529 122810.84
530 122281.07
531 121670.96
532 122971.06
533 122124.20
534 122266.05
535 122852.09
536 122722.15
537 121908.90
538 121655.94
539 123181.82
540 122983.93
541 122097.97
542 122063.88
543 122456.07
544 123084.07
545 123510.12
546 123528.96
547 121793.99
548 120987.89
549 121948.96
550 121536.02
551 121043.92
552 122881.89
553 121138.10
554 121197.94
555 120770.93
556 121886.97
557 122552.16
558 120967.86
559 121032.00
560 121286.87
561 121768.95
562 120999.10
563 122309.92
564 123193.98
565 121330.98
566 122351.17
567 121694.80
568 120837.21
569 122723.10
570 122008.09
571 121138.10
572 122459.89
573 122417.21
574 121830.94
575 121777.06
576 122542.86
577 122615.81
578 122620.11
579 122948.88
580 123095.04
581 123905.90
582 121848.82
583 123239.99
584 121907.00
585 120924.95
586 120482.92
587 121623.99
588 120507.00
589 121876.00
590 121601.10
591 122488.98
592 122625.11
593 121860.98
594 121367.93
595 122173.07
596 122026.92
597 121912.96
598 121926.07
599 122020.96
600 121726.04
601 122113.94
602 122395.99
603 121266.13
604 122097.02
605 121398.93
606 121704.10
607 122450.11
608 122143.03
609 120747.09
610 120736.12
611 120916.84
612 121080.16
613 122606.04
614 122646.09
615 122174.98
616 123257.88
617 122760.06
618 122725.01
619 122351.88
620 121548.18
621 121766.09
622 122833.01
623 122762.92
624 121018.17
625 121856.93
626 121824.03
627 122041.94
628 122252.94
629 122612.00
630 121732.00
631 123377.08
632 123330.12
633 121952.06
634 122766.02
635 122741.94
636 122794.15
637 121411.80
638 122549.06
639 121088.03
640 121301.17
641 122149.94
642 121183.87
643 121832.13
644 120911.12
645 122884.04
646 122047.90
647 121868.85
648 120988.85
649 120461.94
650 121172.90
651 120790.96
652 121264.93
653 121122.84
654 122203.11
655 120572.81
656 121442.08
657 121572.02
658 121668.10
659 121773.96
660 120626.93
661 120643.14
662 121310.95
663 121561.05
664 120696.07
665 120234.97
666 120584.01
667 122376.92
668 121212.01
669 120715.14
670 120949.03
671 121351.96
672 119854.93
673 120819.81
674 121018.17
675 121814.01
676 120722.06
677 121690.99
678 122272.01
679 121468.07
680 120550.87
681 121861.93
682 121353.15
683 121350.05
684 121515.04
685 121704.10
686 121158.12
687 120321.99
688 121863.84
689 121860.03
690 122102.02
691 120272.87
692 120808.84
693 121151.92
694 120803.12
695 120262.86
696 120276.93
697 122774.12
698 120822.91
699 120615.96
700 121783.02
701 122079.13
702 121984.00
703 122046.95
704 121881.01
705 120655.06
706 120641.95
707 121073.01
708 120376.83
709 120333.91
710 120797.16
711 120647.91
712 120658.87
713 120574.00
714 121861.93
715 121554.14
716 121395.83
717 121657.13
718 121124.98
719 120490.07
720 121196.03
721 121064.90
722 122044.80
723 121095.90
724 120840.07
725 120988.13
726 121469.97
727 121249.91
728 120509.15
729 121340.04
730 120238.07
731 120241.88
732 121510.03
733 120674.13
734 121545.08
735 122033.12
736 120749.95
737 121138.81
738 121350.05
739 120454.07
740 121409.18
741 121308.09
742 121639.97
743 120352.98
744 121855.02
745 120604.04
746 120541.10
747 121191.02
748 121187.93
749 120448.11
750 121841.91
751 119695.19
752 120375.87
753 121484.99
754 120970.01
755 121088.98
756 122675.90
757 121870.99
758 122093.92
759 121651.89
760 122066.97
761 120032.07
762 121751.07
763 120924.95
764 120324.85
765 121123.08
766 120622.16
767 120106.94
768 120914.94
769 120970.01
770 120167.97
771 121890.07
772 120899.92
773 120900.87
774 121245.15
775 120316.98
776 120154.86
777 121734.14
778 121706.96
779 121262.79
780 120764.97
781 121762.04
782 121138.10
783 121413.95
784 120940.92
785 121788.98
786 120508.91
787 120430.95
788 121303.80
789 121257.07
790 121762.04
791 121559.14
792 120774.98
793 120908.98
794 121524.10
795 121171.95
796 120901.11
797 121793.99
798 120517.02
799 121414.90
800 120671.99
801 120549.92
802 121196.99
803 120438.10
804 120551.11
805 120060.92
806 120257.14
807 120478.15
808 121913.91
809 120659.83
810 120575.19
811 120286.94
812 121380.09
813 120965.00
814 121591.09
815 120112.18
816 121067.05
817 120437.86
818 121438.98
819 120582.10
820 120391.13
821 121471.88
822 121837.14
823 121349.81
824 120671.03
825 121891.02
826 120532.04
827 121544.12
828 121461.87
829 120660.07
830 121129.99
831 121764.18
832 120460.03
833 121051.07
834 122093.92
835 121286.15
836 121798.99
837 120661.97
838 120335.10
839 119996.07
840 120221.85
841 120746.14
842 121155.98
843 120664.12
844 121758.94
845 120492.94
846 120181.08
847 121805.91
848 120935.92
849 121978.04
850 121508.12
851 120145.80
852 121519.09
853 121164.08
854 121108.06
855 120368.96
856 121113.06
857 120362.04
858 121348.86
859 121268.99
860 120399.00
861 121047.02
862 121425.15
863 120378.97
864 121928.93
865 120593.07
866 120467.90
867 119751.93
868 121491.91
869 120599.99
870 120404.96
871 120294.09
872 121244.91
873 121577.02
874 122095.11
875 122123.96
876 120937.11
877 120146.04
878 120898.96
879 121525.05
880 121464.97
881 120312.21
882 121356.96
883 121930.12
884 121277.09
885 121999.03
886 121623.99
887 120897.77
888 120512.96
889 121164.80
890 121318.10
891 121063.95
892 120932.10
893 121278.05
894 121804.00
895 121218.92
896 121729.85
897 120893.96
898 121430.87
899 120103.12
900 120525.12
901 121050.83
902 120394.95
903 120890.86
904 121184.11
905 121423.96
906 121557.95
907 120534.90
908 121656.89
909 121465.92
910 120620.01
911 120075.94
912 121557.00
913 121613.03
914 120832.92
915 121310.95
916 120994.09
917 121713.88
918 120163.92
919 121360.06
920 122030.02
921 120832.92
922 120818.14
923 121317.86
924 120501.04
925 119791.98
926 122251.03
927 120314.84
928 121402.98
929 120375.87
930 121164.08
931 120578.05
932 120843.17
933 122394.08
934 121434.21
935 120714.19
936 121011.97
937 121798.99
938 122040.99
939 121994.02
940 121798.99
941 119896.17
942 120518.92
943 122080.09
944 121685.03
945 121868.13
946 122034.07
947 122067.93
948 121146.92
949 120502.95
950 122009.04
951 121751.07
952 120704.89
953 120049.95
954 120468.14
955 121106.15
956 120603.08
957 121761.08
958 121697.90
959 120449.07
960 121534.11
961 120965.00
962 121099.00
963 121052.98
964 120766.16
965 121235.85
966 121446.85
967 120933.06
968 121622.09
969 122055.05
970 120576.14
971 120961.90
972 120957.85
973 121352.20
974 120697.98
975 120987.18
976 120730.88
977 121172.90
978 121408.94
979 120280.03
980 121115.92
981 120525.12
982 121557.95
983 120402.10
984 121628.05
985 121306.90
986 119919.06
987 121771.10
988 120049.00
989 120254.99
990 121833.09
991 122237.92
992 120696.07
993 121066.09
994 121524.81
995 120639.09
996 120460.99
997 121401.79
998 120972.87
999 121259.93
1000 120155.81
1001 121006.01
1002 120568.04
1003 120967.15
1004 121865.99
1005 120109.08
1006 120647.19
1007 121021.03
1008 121951.82
1009 120974.06
1010 120236.16
1011 120067.12
1012 121819.97
1013 122045.99
1014 121116.16
1015 120525.84
1016 121501.92
1017 120251.89
1018 120954.99
1019 120091.92
1020 121195.08
1021 120732.07
1022 122379.06
1023 120632.89
1024 120094.06
1025 120427.85
1026 121942.04
1027 120328.19
1028 121089.94
1029 121001.96
1030 121623.99
1031 120594.98
1032 121164.80
1033 120620.01
1034 121181.01
1035 120588.06
1036 121136.19
1037 120652.91
1038 121314.05
1039 120795.01
1040 121644.02
1041 120668.17
1042 121330.02
1043 120468.85
1044 121526.00
1045 121351.00
1046 121426.82
1047 120500.09
1048 122293.00
1049 119950.06
1050 121657.13
1051 121214.15
1052 120999.81
1053 120208.98
1054 121589.90
1055 120887.04
1056 120035.89
1057 119988.92
1058 120763.06
1059 120373.96
1060 120100.98
1061 120659.11
1062 120778.08
1063 121553.18
1064 120873.93
1065 121257.07
1066 121221.07
1067 121664.05
1068 121654.99
1069 120677.95
1070 120243.07
1071 121082.07
1072 121119.02
1073 121001.01
1074 120069.03
1075 121062.99
1076 119883.06
1077 120128.87
1078 121845.96
1079 121398.93
1080 121064.19
1081 120379.92
1082 121366.02
1083 120327.00
1084 121222.97
1085 121389.87
1086 122206.21
1087 120868.92
1088 121362.92
1089 121073.01
1090 121175.05
1091 121416.09
1092 121697.90
1093 120545.86
1094 120642.19
1095 120957.85
1096 121435.17
1097 120188.95
1098 120201.83
1099 121282.10
1100 119999.17
1101 121541.98
1102 120759.96
1103 120245.93
1104 120345.12
1105 120975.97
1106 120772.12
1107 121259.93
1108 121134.04
1109 120130.06
1110 121011.97
1111 120518.92
1112 121634.01
1113 120896.82
1114 122040.03
1115 121065.14
1116 120263.10
1117 121904.85
1118 120195.15
1119 121745.11
1120 121256.11
1121 121387.96
1122 121194.12
1123 120565.89
1124 120625.02
1125 121382.00
1126 121071.10
1127 121988.77
1128 120152.95
1129 120354.18
1130 121832.13
1131 121738.91
1132 121922.02
1133 120319.13
1134 120302.92
1135 120943.07
1136 121880.05
1137 121916.06
1138 121399.88
1139 122035.98
1140 120200.87
1141 121967.08
1142 120785.00
1143 120263.10
1144 120785.95
1145 120380.88
1146 121754.17
1147 120461.94
1148 121227.03
1149 121092.08
1150 121098.04
1151 120471.00
1152 120427.13
1153 121449.95
1154 120274.07
1155 122045.99
1156 122009.99
1157 121945.14
1158 120735.17
1159 121579.89
1160 120408.06
1161 121704.10
1162 121383.91
1163 121034.86
1164 121279.95
1165 120805.98
1166 120995.04
1167 121028.90
1168 122020.96
1169 120234.97
1170 121051.07
1171 121407.03
1172 121916.06
1173 121152.16
1174 120253.09
1175 121459.96
1176 120178.94
1177 121248.01
1178 121127.84
1179 121677.16
1180 121041.06
1181 120653.87
1182 121792.08
1183 121272.09
1184 121259.93
1185 120850.09
1186 120529.89
1187 120560.88
1188 121502.16
1189 121144.06
1190 120610.95
1191 120782.85
1192 121316.19
1193 121645.21
1194 121109.01
1195 120630.03
1196 120564.94
1197 121812.11
1198 121742.96
1199 121113.06
1200 121115.92
1201 120743.99
1202 121304.04
1203 121937.99
1204 121638.06
1205 121566.06
1206 120595.22
1207 121380.09
1208 120186.09
1209 121737.96
1210 121767.04
1211 120287.18
1212 121634.96
1213 121985.91
1214 120507.96
1215 121341.94
1216 120874.17
1217 120351.08
1218 121376.04
1219 121762.04
1220 121382.00
1221 120723.01
1222 121279.95
1223 120841.03
1224 120672.94
1225 121037.96
1226 121908.19
1227 121160.03
1228 122068.88
1229 120650.05
1230 121876.96
1231 121690.03
1232 121768.95
1233 120991.95
1234 121423.96
1235 121407.99
1236 121147.87
1237 120218.04
1238 121881.01
1239 120423.79
1240 120440.96
1241 120552.06
1242 121799.95
1243 121611.83
1244 121021.03
1245 121947.05
1246 121505.02
1247 121340.99
1248 120205.88
1249 121757.03
1250 120942.83
1251 121052.98
1252 121463.06
1253 121207.00
1254 120703.94
1255 120275.02
1256 120671.99
1257 121906.04
1258 121412.04
1259 120764.97
1260 121998.07
1261 121392.97
1262 122056.96
1263 120603.08
1264 120930.91
1265 120557.07
1266 120835.07
1267 121368.89
1268 120956.90
1269 122077.94
1270 120296.00
1271 120410.92
1272 120446.92
1273 121889.11
1274 120219.95
1275 120930.91
1276 120863.91
1277 121387.00
1278 120373.96
1279 121997.12
1280 121083.02
1281 120561.12
1282 120146.99
1283 121339.08
1284 120209.93
1285 120435.00
1286 121310.00
1287 121385.81
1288 121621.13
1289 120942.12
1290 121443.99
1291 120774.98
1292 122051.95
1293 120434.05
1294 122031.21
1295 120599.99
1296 121112.82
1297 121428.97
1298 121423.96
1299 121316.91
1300 121983.05
1301 121920.11
1302 120414.97
1303 121636.15
1304 121353.15
1305 121406.08
1306 121734.14
1307 121801.85
1308 121713.16
1309 120785.95
1310 122066.97
1311 121424.91
1312 120933.77
1313 120285.99
1314 120568.99
1315 120525.12
1316 121998.07
1317 121744.87
1318 121069.19
1319 120401.86
1320 120177.98
1321 121160.98
1322 120606.90
1323 120905.16
1324 121398.93
1325 120875.12
1326 122045.04
1327 121380.09
1328 121384.86
1329 120364.90
1330 121450.19
1331 120814.09
1332 121382.95
1333 121656.89
1334 121554.85
1335 121344.80
1336 121391.06
1337 120690.11
1338 121376.99
1339 121107.82
1340 121634.96
1341 120688.92
1342 120496.99
1343 121570.83
1344 120545.15
1345 121392.01
1346 120860.10
1347 121099.95
1348 120799.06
1349 121376.99
1350 120638.13
1351 121401.07
1352 121386.77
1353 120332.96
1354 121195.08
1355 120838.17
1356 120410.92
1357 121960.88
1358 120856.05
1359 121902.94
1360 121917.01
1361 122000.93
1362 121094.94
1363 120294.09
1364 120477.91
1365 121330.98
1366 121093.03
1367 121620.18
1368 120285.99
1369 120258.09
1370 120736.12
1371 121418.95
1372 120892.05
1373 120424.99
1374 120743.04
1375 121789.22
1376 120488.88
1377 120996.00
1378 120347.02
1379 120860.82
1380 122082.95
1381 121414.18
1382 120862.96
1383 120579.96
1384 120702.03
1385 121412.99
1386 120746.85
1387 120727.06
1388 120889.90
1389 121762.04
1390 122011.90
1391 120236.87
1392 121361.97
1393 121271.13
1394 121409.18
1395 120448.11
1396 121680.02
1397 121051.79
1398 120188.95
1399 120735.17
1400 120405.20
1401 120175.84
1402 121318.10
1403 120207.07
1404 122005.22
1405 121481.90
1406 120584.96
1407 121008.16
1408 120371.10
1409 121140.96
1410 121110.92
1411 121113.06
1412 120589.97
1413 120260.00
1414 121634.01
1415 121697.90
1416 121445.89
1417 121189.12
1418 120677.95
1419 121133.09
1420 120989.08
1421 120218.99
1422 121870.04
1423 120816.95
1424 121582.98
1425 121672.87
1426 120308.16
1427 120591.16
1428 122024.06
1429 121747.97
1430 120529.17
1431 121944.90
1432 120545.15
1433 121818.78
1434 121711.97
1435 121872.19
1436 121107.82
1437 120535.14
1438 120828.87
1439 120845.08
1440 120383.98
1441 121854.07
1442 120764.97
1443 121715.78
1444 120890.14
1445 120859.15
1446 121840.95
1447 121172.90
1448 121171.00
1449 120589.97
