550
0 121885.06
1 121598.96
2 121551.99
3 121508.84
4 121595.14
5 121666.19
6 121608.97
7 121551.99
8 121628.05
9 121671.20
10 121622.09
11 121686.94
12 121636.15
13 121562.96
14 121662.14
15 121598.96
16 121691.94
17 121613.98
18 121706.01
19 121636.87
20 121571.06
21 121646.17
22 121574.16
23 121670.96
24 121603.97
25 121574.16
26 121654.03
27 121565.10
28 121640.92
29 121578.93
30 121670.01
31 121604.20
32 121691.94
33 121632.10
34 121573.93
35 121670.96
36 121589.90
37 121602.06
38 121559.86
39 121642.83
40 121474.98
41 121681.93
42 121623.04
43 121552.94
44 121640.92
45 121696.00
46 121649.98
47 121685.03
48 121634.96
49 121592.04
50 121665.00
51 121598.96
52 121692.18
53 121606.11
54 121705.06
55 121623.99
56 121574.88
57 121663.81
58 121583.94
59 121540.78
60 121644.02
61 121566.06
62 121590.14
63 121679.07
64 121619.94
65 121572.02
66 121661.90
67 121595.14
68 121588.95
69 121662.86
70 121593.00
71 121546.03
72 121636.15
73 121578.93
74 121549.13
75 121639.97
76 121577.98
77 121668.82
78 121623.99
79 121579.89
80 121521.00
81 121605.87
82 121696.95
83 121649.98
84 121581.08
85 121641.87
86 121700.05
87 121654.03
88 121585.13
89 121656.89
90 121600.15
91 121665.95
92 121601.82
93 121692.18
94 121641.87
95 121575.83
96 121670.01
97 121561.05
98 121679.07
99 121510.98
100 121577.98
101 121371.98
102 121563.91
103 121664.05
104 121595.14
105 121690.03
106 121615.89
107 121695.04
108 121638.06
109 121583.94
110 122156.86
111 121487.14
112 124433.99
113 141376.02
114 121462.82
115 141032.93
116 135246.99
117 121708.87
118 122459.89
119 121423.01
120 121484.04
121 126188.99
122 141371.97
123 137321.95
124 139013.05
125 134846.93
126 121538.88
127 121357.92
128 121433.97
129 121752.98
130 122972.97
131 121546.03
132 121732.00
133 121811.15
134 121998.07
135 122710.94
136 121900.08
137 122359.99
138 123178.01
139 121521.00
140 122111.08
141 121407.99
142 123369.22
143 122565.03
144 121530.06
145 122485.16
146 121563.20
147 122133.02
148 122068.88
149 121793.99
150 122602.94
151 121567.96
152 122395.99
153 123206.85
154 122031.93
155 124318.12
156 122134.92
157 121443.99
158 121787.07
159 123235.94
160 123188.02
161 122251.99
162 122076.03
163 123790.98
164 121869.09
165 122566.94
166 122507.10
167 122469.90
168 123296.98
169 123475.07
170 121294.98
171 122763.16
172 121836.19
173 122660.16
174 122577.91
175 121655.94
176 122493.98
177 124072.07
178 123145.10
179 123076.92
180 124046.09
181 124607.09
182 124696.02
183 123896.12
184 123836.04
185 124406.10
186 123748.06
187 123820.07
188 124381.78
189 123728.99
190 123676.06
191 124374.87
192 124311.92
193 123529.91
194 124081.85
195 124164.10
196 123312.95
197 124037.98
198 123987.91
199 123210.91
200 123286.96
201 123986.01
202 123189.21
203 123117.92
204 123837.95
205 123771.91
206 122946.98
207 123772.86
208 123724.94
209 122923.14
210 123596.19
211 123404.98
212 122703.79
213 122679.00
214 123358.01
215 122570.99
216 122500.18
217 124953.99
218 124140.98
219 124091.86
220 124758.96
221 124718.90
222 124042.03
223 124586.11
224 124667.17
225 123852.97
226 124568.94
227 124506.95
228 123694.90
229 123626.95
230 124321.94
231 123496.06
232 123435.97
233 124130.01
234 124207.02
235 124893.90
236 124021.05
237 124043.94
238 124866.96
239 123909.00
240 123873.95
241 124624.01
242 124521.97
243 125298.02
244 124634.03
245 124547.96
246 125261.07
247 126076.94
248 126030.92
249 125995.87
250 126683.95
251 125869.04
252 126691.10
253 126641.99
254 127591.13
255 129033.09
256 129565.00
257 128828.05
258 128902.91
259 129563.09
260 129504.92
261 130307.91
262 131145.00
263 131074.19
264 131879.81
265 130949.97
266 130907.06
267 131719.11
268 131658.08
269 132342.10
270 133274.08
271 133083.82
272 133908.03
273 133848.91
274 134652.14
275 135352.85
276 136837.01
277 136100.05
278 137641.19
279 138362.17
280 137546.06
281 139093.88
282 139768.84
283 139086.96
284 139781.95
285 139585.02
286 136539.94
287 121502.88
288 121427.06
289 121734.14
290 121330.98
291 121507.17
292 121330.98
293 121268.03
294 122109.17
295 122663.97
296 121759.89
297 121462.82
298 121663.09
299 122972.97
300 121297.12
301 121373.89
302 121418.00
303 121386.05
304 121442.08
305 121773.00
306 121746.06
307 121556.04
308 121385.81
309 121474.98
310 121549.13
311 121355.06
312 121455.91
313 121526.00
314 121315.00
315 121408.94
316 121346.00
317 121554.85
318 121371.03
319 121484.99
320 121371.98
321 121370.08
322 121438.03
323 121630.91
324 121853.11
325 121412.99
326 121360.06
327 121426.11
328 121351.96
329 121554.85
330 121378.90
331 121524.10
332 121478.08
333 121421.81
334 121627.09
335 121357.92
336 121529.10
337 121356.01
338 121433.97
339 121620.18
340 121694.09
341 121389.87
342 121446.85
343 121552.94
344 121492.15
345 121303.08
346 121382.95
347 121343.14
348 121416.09
349 121329.07
350 121428.97
351 121626.85
352 121577.98
353 121403.93
354 121486.90
355 121289.01
356 121639.97
357 121332.17
358 121409.18
359 121340.99
360 121795.18
361 121351.00
362 121307.85
363 121523.14
364 121477.84
365 121426.11
366 121361.02
367 121319.06
368 121283.05
369 121483.09
370 121446.85
371 121275.90
372 121350.05
373 121428.01
374 121631.15
375 121416.81
376 121639.97
377 121732.00
378 121436.12
379 121376.99
380 121715.07
381 121409.89
382 121352.20
383 121571.06
384 121379.85
385 121460.91
386 121405.12
387 121226.07
388 121426.11
389 121623.04
390 121717.93
391 121669.05
392 121222.97
393 121199.85
394 121378.90
395 121446.85
396 121419.91
397 121542.93
398 121553.90
399 121508.84
400 121267.08
401 121346.00
402 121648.79
403 121727.94
404 121679.07
405 121349.81
406 121438.03
407 121384.86
408 121582.03
409 121395.11
410 121475.93
411 121675.01
412 121527.91
413 121340.04
414 121290.92
415 121381.04
416 121443.03
417 121389.15
418 121350.05
419 121438.03
420 121623.04
421 121340.04
422 121279.95
423 121356.01
424 121308.09
425 121248.96
426 121603.97
427 121427.06
428 121735.10
429 121452.09
430 121276.14
431 121479.99
432 121552.94
433 121379.85
434 121459.01
435 121532.92
436 121341.94
437 121324.06
438 121502.88
439 121429.92
440 121376.99
441 121335.98
442 121280.19
443 121371.98
444 121428.97
445 121317.15
446 121598.01
447 121641.87
448 121700.05
449 121387.96
450 121475.93
451 121551.99
452 121376.04
453 121326.21
454 121389.15
455 121337.89
456 121536.02
457 121641.87
458 121388.20
459 121466.88
460 121280.19
461 121360.06
462 121696.00
463 121525.05
464 121474.98
465 121558.19
466 121505.98
467 121572.97
468 121515.04
469 121607.07
470 121522.90
471 121620.89
472 121561.05
473 121505.98
474 121578.93
475 121510.98
476 121585.13
477 121525.05
478 121593.95
479 121540.07
480 121521.95
481 121467.83
482 121537.92
483 121629.00
484 121575.12
485 121659.04
486 121464.97
487 121564.15
488 121495.01
489 121594.19
490 121508.12
491 121573.21
492 121513.13
493 121609.93
494 121551.04
495 121634.96
496 121584.18
497 121521.00
498 121613.03
499 121564.87
500 121505.02
501 121593.00
502 121531.01
503 121623.99
504 121572.02
505 121511.94
506 121585.13
507 121554.85
508 121630.91
509 121581.79
510 121518.14
511 121604.92
512 121538.88
513 121614.22
514 121556.04
515 121627.09
516 121439.93
517 121511.94
518 121598.01
519 121552.94
520 121502.88
521 121598.01
522 121529.10
523 121623.04
524 121505.98
525 121554.14
526 121513.13
527 121558.90
528 121516.94
529 121606.83
530 121538.16
531 121521.95
532 121604.92
533 121539.83
534 121509.08
535 121724.13
536 121536.02
537 121626.85
538 121577.98
539 121532.92
540 121607.07
541 121539.12
542 121510.98
543 121447.09
544 121526.96
545 121616.84
546 121571.06
547 121645.93
548 121595.86
549 121531.96
