575
0 121804.00
1 121723.89
2 121665.00
3 121609.93
4 121659.04
5 121716.98
6 121674.06
7 121718.88
8 121668.82
9 121732.00
10 121603.97
11 121687.89
12 121616.13
13 121681.93
14 121631.86
15 121707.92
16 121608.97
17 121660.95
18 121723.18
19 121587.04
20 121654.03
21 121587.04
22 121682.88
23 121588.95
24 121680.97
25 121593.00
26 121673.11
27 121609.93
28 121693.13
29 121603.01
30 121699.09
31 121626.14
32 121652.84
33 121729.14
34 121665.00
35 121722.94
36 121634.01
37 121711.02
38 121634.01
39 121562.00
40 121617.08
41 121708.15
42 121617.08
43 121695.04
44 121647.12
45 121692.18
46 121629.00
47 121680.97
48 121613.03
49 121681.93
50 121740.10
51 121665.95
52 121733.90
53 121665.00
54 121598.96
55 121690.99
56 121606.11
57 121675.97
58 121608.02
59 121680.97
60 121733.19
61 121660.95
62 121599.91
63 121675.01
64 121746.06
65 121692.90
66 121642.83
67 121711.97
68 121631.15
69 121708.15
70 121649.03
71 121727.94
72 121693.85
73 121745.11
74 121675.97
75 121615.89
76 121714.12
77 121617.08
78 121693.13
79 121603.01
80 121678.11
81 121594.91
82 121672.87
83 121731.04
84 121654.99
85 121720.08
86 121644.97
87 121557.00
88 121646.88
89 121590.85
90 121678.11
91 121732.95
92 121644.97
93 121603.97
94 121665.95
95 121687.89
96 121602.06
97 121680.02
98 121739.86
99 121534.11
100 121605.87
101 121677.88
102 121736.05
103 121647.83
104 121583.94
105 121535.06
106 121574.16
107 121616.84
108 121682.88
109 121768.00
110 121451.85
111 121501.92
112 121457.10
113 121517.90
114 121430.16
115 121505.02
116 121315.00
117 121515.04
118 121588.95
119 121765.85
120 121733.90
121 121808.05
122 121632.10
123 121691.94
124 121758.94
125 121692.90
126 121776.10
127 121804.00
128 121505.02
129 121708.15
130 121891.02
131 121690.99
132 122025.01
133 122062.92
134 121906.04
135 121875.05
136 121937.99
137 122015.00
138 121575.12
139 121554.14
140 121820.93
141 121639.01
142 121701.96
143 121646.88
144 121584.18
145 121800.18
146 121856.93
147 122043.13
148 121720.08
149 121535.06
150 121724.13
151 121670.01
152 122104.88
153 122036.93
154 121995.21
155 121932.98
156 122002.12
157 121815.20
158 121839.05
159 121774.20
160 121860.98
161 121920.82
162 121609.93
163 121829.03
164 121680.02
165 121845.01
166 121657.13
167 121804.95
168 121706.01
169 121279.00
170 121727.94
171 121660.95
172 121697.90
173 121634.01
174 122083.19
175 121649.98
176 121572.97
177 121662.14
178 121966.12
179 121769.91
180 121693.85
181 121256.11
182 121807.10
183 121632.10
184 121693.13
185 121755.84
186 121823.79
187 121505.98
188 121803.05
189 121870.04
190 121653.80
191 121735.10
192 121792.79
193 121618.99
194 121695.04
195 121613.03
196 121571.06
197 121878.15
198 121944.90
199 121736.05
200 121819.02
201 121897.94
202 121973.04
203 121700.05
204 121868.85
205 121816.87
206 121762.04
207 121714.12
208 121785.88
209 121866.94
210 121691.94
211 121639.97
212 121685.98
213 121750.12
214 121718.88
215 121853.11
216 121665.00
217 121603.01
218 121665.00
219 121698.14
220 121797.08
221 121744.16
222 121693.85
223 121617.79
224 121698.14
225 121620.89
226 121592.04
227 121577.02
228 121737.00
229 121650.93
230 121599.20
231 121685.98
232 121628.05
233 121705.06
234 121613.03
235 121674.06
236 121726.04
237 121685.03
238 121595.86
239 121688.13
240 121583.94
241 121711.02
242 121658.09
243 121716.98
244 121639.97
245 121701.00
246 121583.94
247 121663.09
248 121717.93
249 121654.99
250 121712.92
251 121627.09
252 121701.00
253 121622.09
254 121697.90
255 121613.03
256 121707.20
257 121617.79
258 121699.09
259 121670.01
260 121721.98
261 121661.19
262 121725.08
263 121509.08
264 121706.96
265 121644.97
266 121700.05
267 121613.98
268 121689.08
269 121612.07
270 121690.03
271 121623.04
272 121719.12
273 121644.02
274 121716.02
275 121616.84
276 121696.00
277 121750.83
278 121701.00
279 121637.11
280 121691.94
281 121605.87
282 121683.12
283 121544.12
284 121639.01
285 121685.98
286 121629.95
287 121582.98
288 121653.08
289 121587.04
290 121680.02
291 121607.07
292 121701.00
293 121613.03
294 121685.98
295 121605.16
296 121697.90
297 121630.91
298 121723.89
299 121661.90
300 121600.87
301 121693.85
302 121644.02
303 121727.94
304 121632.10
305 121709.82
306 121639.01
307 121689.08
308 121612.07
309 121701.96
310 121613.03
311 121615.89
312 121615.89
313 121696.00
314 121620.18
315 121565.82
316 121680.97
317 121603.01
318 121797.80
319 121593.00
320 121662.14
321 121597.05
322 121651.89
323 121566.06
324 121624.95
325 121640.21
326 121587.99
327 121589.90
328 121643.07
329 121609.93
330 121713.88
331 121616.13
332 121708.87
333 121654.99
334 121735.10
335 121665.00
336 121598.01
337 121660.95
338 121588.95
339 121677.16
340 121605.87
341 121685.03
342 121741.06
343 121673.82
344 121587.99
345 121677.16
346 121613.98
347 121671.92
348 121731.04
349 121659.04
350 121716.02
351 121711.02
352 121651.17
353 121707.92
354 121655.94
355 121715.07
356 121630.91
357 121696.95
358 121604.92
359 121708.15
360 121618.99
361 121694.80
362 121608.97
363 121543.88
364 121598.01
365 121669.05
366 121579.17
367 121660.95
368 121578.93
369 121680.02
370 121586.08
371 121593.00
372 121670.96
373 121604.92
374 121661.19
375 121589.90
376 121671.92
377 121726.99
378 121662.14
379 121716.98
380 121623.99
381 121706.01
382 121634.01
383 121585.85
384 121626.85
385 121562.96
386 121623.04
387 121690.03
388 121608.02
389 121699.81
390 121611.83
391 121717.93
392 121644.97
393 121721.98
394 121651.89
395 121705.77
396 121500.97
397 121697.90
398 121615.17
399 121667.86
400 121598.01
401 121673.82
402 121590.85
403 121550.80
404 121618.03
405 121644.97
406 121634.96
407 121697.19
408 121566.06
409 121635.91
410 121573.93
411 121665.00
412 121724.84
413 121664.05
414 121708.87
415 121623.04
416 121699.09
417 121612.07
418 121691.94
419 121628.05
420 121715.07
421 121659.99
422 121644.97
423 121580.84
424 121649.98
425 121704.10
426 121636.15
427 121692.90
428 121612.79
429 121682.88
430 121596.10
431 121668.10
432 121722.94
433 121676.92
434 121596.10
435 121582.98
436 121618.99
437 121699.09
438 121600.87
439 121691.23
440 121609.21
441 121688.84
442 121731.04
443 121531.96
444 121594.91
445 121666.91
446 121576.07
447 121677.88
448 121608.02
449 121681.93
450 121609.93
451 121707.92
452 121630.91
453 121690.03
454 121657.85
455 121720.08
456 121649.03
457 121707.20
458 121640.92
459 121712.92
460 121649.98
461 121699.09
462 121614.93
463 121538.88
464 121716.98
465 121665.00
466 121583.22
467 121629.95
468 121716.98
469 121640.92
470 121701.00
471 121654.99
472 121567.01
473 121642.11
474 121716.02
475 121659.99
476 121721.03
477 121512.17
478 121711.02
479 121650.22
480 121720.08
481 121652.13
482 121708.87
483 121619.94
484 121710.06
485 121626.14
486 121670.01
487 121722.94
488 121647.12
489 121578.93
490 121632.81
491 121711.02
492 121659.99
493 121572.02
494 121637.82
495 121591.09
496 121659.99
497 121594.91
498 121563.20
499 121623.04
500 121715.07
501 121659.04
502 121601.10
503 121668.82
504 121593.00
505 121652.84
506 121714.12
507 121621.13
508 121702.19
509 121649.03
510 121594.19
511 121658.80
512 121582.03
513 121654.99
514 121711.02
515 121627.09
516 121701.00
517 121720.08
518 121649.03
519 121582.98
520 121654.03
521 121715.07
522 121626.14
523 121586.80
524 121630.91
525 121711.02
526 121654.03
527 121711.02
528 121690.99
529 121623.99
530 121713.16
531 121618.99
532 121685.98
533 121610.88
534 121673.11
535 121746.06
536 121675.97
537 121591.09
538 121644.97
539 121598.96
540 121691.94
541 121598.96
542 121577.02
543 121522.90
544 121737.00
545 121667.86
546 121592.04
547 121655.94
548 121713.16
549 121611.12
550 121794.94
551 121586.08
552 121662.86
553 121722.94
554 121645.93
555 121702.91
556 121655.23
557 121716.98
558 121655.94
559 121720.08
560 121596.10
561 121675.97
562 121725.08
563 121683.12
564 121601.10
565 121671.92
566 121588.95
567 121649.98
568 121722.94
569 121654.03
570 121712.92
571 121623.99
572 121702.19
573 121687.89
574 121568.20
