450
0 121943.00
1 121793.99
2 121671.92
3 121676.92
4 121540.07
5 121703.86
6 121706.01
7 121699.81
8 121576.07
9 121562.96
10 121429.92
11 121678.11
12 121557.95
13 121562.96
14 121579.17
15 121794.94
16 121464.01
17 121508.84
18 121517.90
19 121464.01
20 121459.01
21 121451.85
22 121593.95
23 121587.04
24 121595.14
25 121593.00
26 121695.04
27 121567.01
28 121553.90
29 121570.83
30 121521.95
31 121603.01
32 121601.10
33 121865.03
34 121742.01
35 121744.87
36 121733.90
37 121984.00
38 122115.85
39 122120.14
40 121724.13
41 121866.23
42 121905.09
43 122293.95
44 121886.01
45 122033.12
46 122145.89
47 122002.12
48 122035.03
49 122024.06
50 121882.92
51 122277.98
52 122026.92
53 122123.96
54 122023.11
55 121884.82
56 122160.91
57 122020.01
58 122166.87
59 122148.99
60 122166.87
61 122291.09
62 122157.10
63 122152.09
64 122159.96
65 122163.06
66 122169.02
67 122166.16
68 122283.22
69 122302.06
70 122437.95
71 122317.08
72 122452.02
73 122303.01
74 121548.89
75 121551.99
76 121573.93
77 121561.05
78 121574.88
79 121437.07
80 121580.12
81 121582.98
82 121561.05
83 121586.80
84 121591.81
85 121443.99
86 121587.99
87 121587.99
88 121726.99
89 121601.82
90 121598.01
91 121468.07
92 121711.97
93 121483.80
94 121613.03
95 121491.91
96 121740.10
97 121487.86
98 121618.03
99 121470.21
100 121600.15
101 121479.03
102 121481.18
103 121626.85
104 121605.87
105 121629.00
106 121476.89
107 121616.13
108 121627.09
109 121614.93
110 121649.03
111 121776.10
112 121521.00
113 121525.05
114 121527.91
115 121526.96
116 121787.07
117 121536.02
118 121543.88
119 121650.93
120 121658.09
121 121541.98
122 121418.00
123 121514.08
124 121670.01
125 121532.92
126 121600.87
127 121614.93
128 121475.93
129 121630.91
130 121623.99
131 121613.98
132 121622.80
133 121478.08
134 121622.09
135 121604.92
136 121607.78
137 121628.05
138 121754.17
139 121359.11
140 121608.02
141 121632.10
142 121510.98
143 121515.99
144 121490.96
145 121538.88
146 121515.04
147 121523.14
148 121522.19
149 121526.96
150 121662.14
151 121531.01
152 121412.99
153 121420.15
154 121536.97
155 121534.11
156 121408.94
157 121552.94
158 121423.01
159 121688.13
160 121557.95
161 121546.03
162 121444.94
163 121515.99
164 121436.83
165 121559.14
166 121575.12
167 121447.09
168 121431.11
169 121471.88
170 121724.84
171 121325.97
172 121464.01
173 121464.01
174 121479.03
175 121497.87
176 121634.96
177 121624.95
178 121504.07
179 121500.97
180 121483.09
181 121624.95
182 121629.95
183 121484.99
184 121627.09
185 121625.90
186 121636.87
187 121633.05
188 121505.98
189 121367.93
190 121632.10
191 121503.83
192 121636.87
193 121515.99
194 121519.09
195 121498.82
196 121498.82
197 121516.94
198 121505.98
199 121528.86
200 121662.14
201 121795.18
202 121407.03
203 121536.02
204 121405.12
205 121660.95
206 121490.00
207 121491.91
208 121472.84
209 121620.18
210 121357.92
211 121495.01
212 121473.07
213 121473.07
214 121475.93
215 121491.91
216 121613.98
217 121622.09
218 121495.96
219 121497.15
220 121603.01
221 121603.01
222 121480.94
223 121497.15
224 121482.13
225 121500.02
226 121500.97
227 121494.05
228 121518.14
229 121499.06
230 121523.86
231 121643.07
232 121501.92
233 121651.89
234 121505.98
235 121644.97
236 121653.08
237 121401.07
238 121415.85
239 121551.99
240 121407.99
241 121405.84
242 121548.89
243 121562.00
244 121559.14
245 121418.95
246 121566.06
247 121542.93
248 121557.95
249 121576.79
250 121399.88
251 121542.93
252 121407.99
253 121521.00
254 121536.97
255 121523.14
256 121542.93
257 121542.93
258 121801.85
259 121680.97
260 121415.85
261 121554.85
262 121687.89
263 121692.18
264 121418.00
265 121479.03
266 121443.03
267 121459.96
268 121448.99
269 121454.95
270 121449.95
271 121589.90
272 121464.01
273 121597.05
274 121594.19
275 121454.95
276 121495.01
277 121509.08
278 121515.04
279 121382.00
280 121521.95
281 121382.00
282 121627.81
283 121532.92
284 121531.01
285 121502.16
286 121614.93
287 121608.02
288 121464.97
289 121601.10
290 121761.08
291 121623.99
292 121526.96
293 121373.89
294 121526.00
295 121525.05
296 121521.95
297 121505.98
298 121510.98
299 121529.10
300 121530.06
301 121519.80
302 121539.12
303 121541.02
304 121412.99
305 121544.84
306 121534.11
307 121415.85
308 121553.90
309 121677.88
310 121381.04
311 121556.04
312 121557.95
313 121566.06
314 121567.96
315 121565.10
316 121547.94
317 121562.00
318 121554.85
319 121578.22
320 121693.13
321 121557.95
322 121694.09
323 121573.93
324 121701.96
325 121701.00
326 121383.91
327 121526.00
328 121529.10
329 121521.95
330 121531.01
331 121532.20
332 121654.99
333 121531.01
334 121534.82
335 121396.06
336 121656.89
337 121662.86
338 121397.02
339 121644.97
340 121542.22
341 121398.93
342 121542.22
343 121543.88
344 121550.08
345 121554.85
346 121554.14
347 121653.80
348 121665.00
349 121690.03
350 121560.10
351 121548.89
352 121423.01
353 121568.20
354 121560.81
355 121685.98
356 121452.81
357 121578.93
358 121570.11
359 121436.12
360 121429.92
361 121428.01
362 121436.12
363 121561.05
364 121545.08
365 121400.83
366 121712.92
367 121444.94
368 121568.20
369 121458.05
370 121577.02
371 121718.17
372 121382.95
373 121451.85
374 121465.92
375 121572.97
376 121721.03
377 121475.93
378 121475.93
379 121457.82
380 121480.94
381 121580.12
382 121593.95
383 121502.88
384 121490.00
385 121477.84
386 121631.15
387 121505.98
388 121389.15
389 121649.98
390 121530.06
391 121658.09
392 121532.92
393 121515.99
394 121392.97
395 121530.06
396 121528.86
397 121716.98
398 121589.90
399 121310.95
400 121450.90
401 121712.92
402 121586.80
403 121463.06
404 121437.07
405 121450.19
406 121701.96
407 121461.87
408 121582.03
409 121438.03
410 121455.91
411 121450.90
412 121454.00
413 121455.91
414 121445.18
415 121425.15
416 121436.12
417 121432.07
418 121435.88
419 121576.07
420 121572.02
421 121587.04
422 121582.03
423 121462.11
424 121447.80
425 121717.93
426 121714.12
427 121585.85
428 121446.85
429 121586.80
430 121448.04
431 121459.01
432 121458.05
433 121488.09
434 121463.06
435 121491.91
436 121613.03
437 121618.99
438 121622.09
439 121470.93
440 121598.96
441 121735.10
442 121600.87
443 121470.93
444 121740.82
445 121493.82
446 121493.10
447 121569.87
448 121547.94
449 121565.82
