350
0 122013.09
1 121614.93
2 121557.95
3 121470.93
4 121678.11
5 121788.98
6 121845.01
7 122028.83
8 121443.03
9 121634.01
10 121743.92
11 121946.10
12 121369.12
13 121694.80
14 121750.12
15 121768.95
16 121347.90
17 121394.16
18 121702.91
19 121773.96
20 121948.96
21 121368.89
22 121567.01
23 121747.97
24 121936.08
25 121993.06
26 121405.84
27 121597.05
28 121786.12
29 121848.82
30 122042.18
31 121459.01
32 121654.03
33 121845.96
34 121897.94
35 121459.96
36 121490.96
37 121654.99
38 121715.07
39 121913.19
40 121470.93
41 121502.88
42 121694.09
43 121892.93
44 121931.08
45 121506.93
46 121551.99
47 121732.95
48 121908.90
49 121487.14
50 121533.87
51 121600.15
52 121800.18
53 121981.86
54 121548.18
55 121592.04
56 121809.01
57 121864.08
58 121427.06
59 121471.88
60 121576.07
61 121853.83
62 121903.90
63 121546.98
64 121735.10
65 121788.98
66 121974.95
67 121382.95
68 121590.85
69 121788.02
70 121821.88
71 121402.98
72 121565.10
73 121605.87
74 121810.91
75 121858.12
76 121431.83
77 121481.90
78 121690.03
79 121873.86
80 121922.97
81 121484.99
82 121700.05
83 121757.03
84 121932.03
85 121346.00
86 121529.82
87 121733.19
88 121789.93
89 121963.98
90 121521.00
91 121563.91
92 121757.03
93 121838.09
94 121375.80
95 121582.98
96 121625.90
97 121825.93
98 121873.86
99 121439.93
100 121654.99
101 121696.00
102 121886.01
103 121469.02
104 121506.93
105 121712.92
106 121753.93
107 121951.10
108 121508.12
109 121551.04
110 121752.98
111 121791.12
112 121366.98
113 121576.07
114 121615.89
115 121817.11
116 121852.16
117 121418.00
118 121596.10
119 121789.93
120 121849.06
121 121891.02
122 121446.13
123 121634.01
124 121690.99
125 121868.13
126 121451.14
127 121629.95
128 121661.90
129 121866.94
130 121920.11
131 121613.03
132 121670.96
133 121893.88
134 121921.06
135 121980.19
136 121736.05
137 121654.99
138 121984.96
139 122173.07
140 121592.04
141 121781.11
142 121700.05
143 121984.96
144 121309.04
145 121620.89
146 121812.11
147 121846.91
148 122055.05
149 121485.95
150 121649.03
151 121854.07
152 121909.86
153 122095.82
154 121659.04
155 121714.83
156 121899.13
157 121949.20
158 121501.92
159 121690.99
160 121737.00
161 121949.91
162 122004.03
163 121543.88
164 121752.02
165 121794.94
166 121989.97
167 121401.07
168 121601.82
169 121643.07
170 121846.91
171 122030.02
172 121464.97
173 121651.89
174 121831.18
175 121886.97
176 121471.88
177 121659.04
178 121716.02
179 121747.02
180 121950.15
181 121503.11
182 121690.99
183 121684.07
184 122004.99
185 121440.89
186 121626.85
187 121808.05
188 121868.85
189 121430.87
190 121469.97
191 121670.01
192 121714.83
193 121927.02
194 121484.99
195 121518.14
196 121719.84
197 121766.81
198 121963.98
199 121523.86
200 121567.01
201 121768.00
202 121940.85
203 121503.11
204 121555.81
205 121608.02
206 121804.00
207 121984.00
208 121399.88
209 121578.93
210 121643.07
211 121838.09
212 121402.03
213 121433.02
214 121636.15
215 121829.99
216 121887.21
217 121453.05
218 121630.91
219 121670.96
220 121876.00
221 121939.90
222 121482.85
223 121783.97
224 121844.05
225 121385.81
226 121445.89
227 121608.97
228 121785.88
229 121977.09
230 121382.00
231 121447.09
232 121627.81
233 121838.09
234 121884.82
235 121430.87
236 121636.87
237 121682.88
238 121879.10
239 122078.90
240 121494.05
241 121694.80
242 121740.10
243 121934.18
244 121353.86
245 121558.90
246 121737.96
247 121793.99
248 121966.12
249 121415.85
250 121581.08
251 121780.16
252 121828.08
253 121384.14
254 121583.94
255 121619.94
256 121840.95
257 121894.12
258 121459.01
259 121629.00
260 121674.06
261 121799.95
262 121423.96
263 121461.87
264 121679.07
265 121711.02
266 121915.10
267 121473.07
268 121532.92
269 121724.84
270 121759.89
271 121968.98
272 121524.81
273 121574.88
274 121768.00
275 121801.14
276 121383.19
277 121567.96
278 121604.92
279 121806.14
280 121850.01
281 121546.98
282 121588.95
283 121675.01
284 121742.01
285 121659.04
286 121737.00
287 121789.93
288 121717.93
289 121639.97
290 121751.07
291 121667.86
292 121762.99
293 121661.90
294 121744.87
295 121665.95
296 121739.15
297 121654.03
298 121737.00
299 121788.02
300 121852.16
301 121618.03
302 121683.84
303 121688.13
304 121752.02
305 121686.94
306 121732.95
307 121797.08
308 121731.04
309 121650.93
310 121721.03
311 121777.06
312 121708.87
313 121764.90
314 121697.90
315 121757.98
316 121692.90
317 121750.12
318 121680.02
319 121743.92
320 121665.00
321 121735.81
322 121806.86
323 121726.99
324 121647.12
325 121722.94
326 121633.05
327 121715.07
328 121775.15
329 121686.94
330 121680.02
331 121690.03
332 121752.98
333 121670.01
334 121746.06
335 121665.95
336 121741.06
337 121659.99
338 121732.00
339 121651.17
340 121727.94
341 121681.93
342 121732.00
343 121650.93
344 121692.90
345 121744.16
346 121763.94
347 121698.86
348 121752.02
349 121668.10
