350
0 122009.99
1 121473.07
2 121677.88
3 121478.08
4 121528.15
5 121432.07
6 121886.01
7 122196.20
8 122213.13
9 122375.97
10 121933.94
11 121465.92
12 122359.04
13 121809.01
14 121478.80
15 121535.06
16 122324.94
17 121755.12
18 122519.02
19 121981.14
20 121545.08
21 122207.16
22 122545.96
23 121951.10
24 122643.95
25 122211.93
26 121624.95
27 122433.90
28 122620.11
29 122066.97
30 122888.09
31 122452.02
32 121998.07
33 122671.84
34 122746.94
35 122305.15
36 121711.97
37 122654.20
38 122213.13
39 122894.05
40 122447.97
41 122514.96
42 122051.95
43 122838.97
44 122460.13
45 121876.96
46 122700.93
47 122866.87
48 122421.98
49 123104.10
50 122516.87
51 122220.04
52 122757.91
53 122935.06
54 122702.84
55 122070.07
56 122966.05
57 122522.12
58 123194.93
59 122115.85
60 122926.95
61 122382.16
62 123179.91
63 122720.00
64 122153.04
65 122347.12
66 121800.90
67 121339.08
68 122158.05
69 121706.96
70 122375.97
71 121333.12
72 122131.82
73 121545.08
74 122366.91
75 121930.12
76 121343.85
77 122042.18
78 122198.10
79 121772.05
80 122590.07
81 122017.86
82 121453.05
83 122267.01
84 122433.90
85 122009.04
86 121425.87
87 122249.84
88 121737.00
89 121287.11
90 121345.04
91 122157.10
92 121611.12
93 122405.05
94 122041.94
95 121472.12
96 121634.01
97 122474.91
98 121878.15
99 121439.93
100 122341.87
101 121638.06
102 122578.86
103 121396.06
104 122176.89
105 121752.02
106 122436.05
107 121927.98
108 121498.11
109 121675.97
110 122626.07
111 121907.00
112 121612.07
113 122293.95
114 121855.02
115 121889.11
116 121469.02
117 122135.16
118 121681.93
119 122518.06
120 121765.85
121 122008.09
122 121437.79
123 122353.08
124 121784.21
125 121460.91
126 122164.01
127 121595.86
128 121802.09
129 121319.77
130 122011.90
131 121573.93
132 122448.92
133 121743.92
134 122012.85
135 121706.96
136 122387.17
137 121945.14
138 121491.91
139 122073.89
140 122220.04
141 121784.93
142 121361.02
143 122096.06
144 121595.86
145 122269.87
146 122596.98
147 122000.93
148 121310.95
149 122265.10
150 121822.12
151 122560.98
152 121382.00
153 122046.95
154 121751.07
155 122407.91
156 122107.98
157 121411.09
158 122224.81
159 122404.10
160 121822.12
161 121521.00
162 122200.01
163 121627.81
164 122425.08
165 121243.95
166 122188.09
167 121626.14
168 122431.99
169 121841.91
170 121540.07
171 121844.05
172 122385.03
173 121953.01
174 121510.03
175 122272.01
176 121771.81
177 121819.02
178 121398.21
179 122318.03
180 121757.03
181 122561.93
182 121996.16
183 121599.91
184 121777.06
185 122587.92
186 122021.20
187 121575.12
188 122112.99
189 121681.93
190 121994.02
191 121284.96
192 122108.22
193 121647.83
194 122479.92
195 121974.95
196 122147.08
197 121708.87
198 122380.02
199 121937.99
200 121370.08
201 122059.11
202 122349.02
203 121649.98
204 121343.14
205 122030.02
206 121574.16
207 122406.01
208 121834.04
209 122024.06
210 121441.13
211 122258.90
212 121777.06
213 121514.08
214 122073.89
215 122374.06
216 121790.89
217 121346.95
218 122174.02
219 121473.07
220 122416.02
221 122454.88
222 122037.17
223 121330.98
224 122272.01
225 121810.91
226 121384.86
227 121379.14
228 122312.07
229 121729.85
230 122687.10
231 122239.11
232 121542.93
233 121729.85
234 122413.87
235 121961.12
236 121247.05
237 122200.01
238 121617.08
239 122517.82
240 121335.98
241 122128.01
242 121829.99
243 122512.10
244 121798.99
245 121357.92
246 121566.06
247 122502.09
248 121937.04
249 121508.12
250 122149.94
251 121598.96
252 121912.00
253 121475.93
254 122156.14
255 121571.06
256 122419.83
257 121808.05
258 122003.08
259 121570.11
260 122233.87
261 121804.95
262 121366.02
263 122049.09
264 121457.10
265 121783.02
266 122540.00
267 122020.96
268 121335.98
269 122272.01
270 121685.03
271 121958.97
272 121510.98
273 122175.93
274 121749.16
275 122420.07
276 121850.01
277 122298.96
278 121461.15
279 122406.96
280 121969.94
281 121528.15
282 122084.14
283 122257.95
284 121685.03
285 121751.07
286 121665.00
287 121743.92
288 121658.80
289 121731.04
290 121730.80
291 121642.11
292 121723.89
293 121596.10
294 121710.06
295 121771.81
296 121708.15
297 121768.00
298 121676.92
299 121758.94
300 121675.97
301 121750.12
302 121659.99
303 121741.06
304 121663.09
305 121731.04
306 121651.89
307 121701.96
308 121777.06
309 121703.86
310 121764.90
311 121546.03
312 121747.97
313 121809.01
314 121737.96
315 121656.89
316 121728.90
317 121644.97
318 121711.97
319 121650.22
320 121715.07
321 121774.91
322 121658.09
323 121721.98
324 121648.07
325 121715.78
326 121644.97
327 121716.02
328 121644.02
329 121709.11
330 121747.02
331 121685.98
332 121762.99
333 121674.06
334 121701.00
335 121675.97
336 121754.88
337 121673.11
338 121746.06
339 121662.14
340 121726.99
341 121663.81
342 121736.05
343 121654.99
344 121737.00
345 121793.99
346 121716.02
347 121634.96
348 121720.08
349 121766.09
