350
0 121823.07
1 121657.13
2 121513.84
3 121516.94
4 121663.09
5 121626.14
6 121623.04
7 121634.01
8 121629.00
9 121604.92
10 121616.13
11 121604.92
12 121613.03
13 121613.03
14 121620.89
15 121613.03
16 121608.97
17 121568.20
18 121574.88
19 121571.06
20 121570.11
21 121573.93
22 121572.97
23 121579.17
24 121570.11
25 121572.97
26 121582.03
27 121576.07
28 121588.95
29 121593.00
30 121612.07
31 121617.08
32 121620.18
33 121619.22
34 121614.93
35 121500.02
36 121600.87
37 121600.87
38 121599.91
39 121596.81
40 121594.19
41 121600.15
42 121662.14
43 121529.10
44 121654.99
45 121658.09
46 121468.07
47 121631.86
48 121642.11
49 121631.86
50 121632.10
51 121637.11
52 121634.96
53 121632.81
54 121640.92
55 121641.87
56 121641.87
57 121634.96
58 121638.06
59 121638.06
60 121630.91
61 121639.01
62 121639.01
63 121634.01
64 121555.09
65 121634.96
66 121634.01
67 121631.15
68 121635.91
69 121639.97
70 121548.89
71 121543.88
72 121563.91
73 121577.98
74 121562.00
75 121596.81
76 121595.14
77 121582.98
78 121590.14
79 121567.01
80 121588.95
81 121595.86
82 121599.91
83 121598.96
84 121599.91
85 121598.01
86 121604.92
87 121604.92
88 121592.04
89 121588.95
90 121583.94
91 121588.95
92 121593.00
93 121582.98
94 121586.08
95 121586.08
96 121579.17
97 121578.93
98 121583.94
99 121579.89
100 121587.99
101 121586.80
102 121590.14
103 121598.01
104 121459.96
105 121592.04
106 121593.95
107 121588.95
108 121590.14
109 121582.98
110 121590.14
111 121601.10
112 121587.04
113 121591.09
114 121593.95
115 121590.85
116 121549.84
117 121590.85
118 121589.90
119 121588.95
120 121575.83
121 121580.84
122 121586.08
123 121579.89
124 121576.07
125 121579.89
126 121572.02
127 121574.88
128 121448.04
129 121574.16
130 121582.98
131 121579.89
132 121573.93
133 121580.84
134 121582.03
135 121575.12
136 121591.09
137 121570.11
138 121566.06
139 121572.97
140 121567.96
141 121709.82
142 121567.96
143 121562.00
144 121577.98
145 121557.95
146 121563.91
147 121559.86
148 121562.96
149 121562.00
150 121565.82
151 121583.94
152 121571.06
153 121598.96
154 121597.05
155 121580.12
156 121602.77
157 121602.06
158 121603.01
159 121588.95
160 121601.10
161 121603.97
162 121606.83
163 121603.01
164 121605.16
165 121608.97
166 121609.93
167 121593.95
168 121613.03
169 121615.89
170 121629.95
171 121625.90
172 121629.00
173 121627.81
174 121619.94
175 121626.85
176 121628.05
177 121623.04
178 121619.94
179 121624.95
180 121619.94
181 121619.94
182 121629.00
183 121629.00
184 121628.05
185 121603.97
186 121625.90
187 121619.22
188 121618.99
189 121618.03
190 121622.09
191 121617.08
192 121621.13
193 121606.83
194 121621.13
195 121617.08
196 121622.09
197 121624.95
198 121610.88
199 121618.03
200 121618.03
201 121615.89
202 121613.98
203 121622.09
204 121622.09
205 121598.01
206 121615.17
207 121610.16
208 121608.97
209 121526.96
210 121528.15
211 121525.05
212 121666.91
213 121664.05
214 121662.86
215 121659.99
216 121659.04
217 121530.06
218 121677.16
219 121536.02
220 121670.96
221 121536.02
222 121675.01
223 121684.07
224 121495.96
225 121494.05
226 121639.97
227 121639.97
228 121639.97
229 121639.97
230 121644.02
231 121645.93
232 121502.88
233 121650.93
234 121649.03
235 121651.17
236 121646.17
237 121644.02
238 121644.97
239 121656.89
240 121653.08
241 121656.89
242 121658.80
243 121521.95
244 121644.02
245 121654.03
246 121521.95
247 121649.03
248 121526.00
249 121685.98
250 121683.12
251 121680.02
252 121675.97
253 121536.97
254 121672.15
255 121670.01
256 121670.01
257 121666.91
258 121666.91
259 121663.09
260 121667.86
261 121660.95
262 121661.19
263 121664.05
264 121661.19
265 121639.01
266 121581.08
267 121719.84
268 121723.89
269 121723.18
270 121723.89
271 121721.03
272 121724.84
273 121723.18
274 121593.00
275 121598.01
276 121596.10
277 121750.12
278 121606.83
279 121610.88
280 121606.83
281 121641.87
282 121634.01
283 121654.03
284 121658.09
285 121656.89
286 121640.92
287 121638.06
288 121644.02
289 121643.78
290 121688.13
291 121614.93
292 121606.83
293 121614.93
294 121609.21
295 121604.92
296 121611.12
297 121614.22
298 121616.13
299 121610.88
300 121614.22
301 121618.03
302 121610.88
303 121613.03
304 121614.93
305 121611.12
306 121612.07
307 121613.03
308 121630.91
309 121610.16
310 121614.93
311 121611.12
312 121613.03
313 121616.84
314 121612.07
315 121618.03
316 121610.88
317 121629.95
318 121646.88
319 121637.82
320 121632.10
321 121634.01
322 121657.13
323 121643.07
324 121664.05
325 121663.09
326 121659.99
327 121659.04
328 121656.89
329 121649.03
330 121649.98
331 121690.99
332 121693.13
333 121691.94
334 121695.04
335 121695.04
336 121690.03
337 121688.13
338 121687.89
339 121686.94
340 121690.03
341 121680.97
342 121692.90
343 121698.14
344 121691.94
345 121685.98
346 121688.84
347 121685.03
348 121686.22
349 121694.09
