450
0 122056.01
1 121701.96
2 121626.85
3 121693.13
4 121492.86
5 121672.15
6 121716.02
7 121527.19
8 121623.99
9 121397.02
10 121606.11
11 121540.07
12 121480.94
13 121542.93
14 121333.84
15 121412.99
16 121469.02
17 121520.04
18 121428.97
19 121350.05
20 121459.96
21 121627.09
22 121436.12
23 121492.15
24 121676.21
25 121469.02
26 121647.83
27 121576.07
28 121639.97
29 121556.04
30 121629.00
31 121419.91
32 121740.10
33 121927.98
34 121732.00
35 121790.89
36 121830.94
37 121889.11
38 121957.06
39 121766.09
40 121952.06
41 121988.06
42 121926.07
43 121900.08
44 121958.02
45 121888.16
46 121867.90
47 121883.15
48 121814.01
49 122017.15
50 122074.84
51 121989.97
52 122061.97
53 121984.96
54 122058.87
55 122122.05
56 122039.79
57 122115.85
58 122303.01
59 122093.92
60 122417.93
61 122222.90
62 122160.91
63 122094.15
64 122148.04
65 122200.01
66 122269.87
67 122203.11
68 122261.05
69 122323.04
70 122380.97
71 122298.00
72 121498.82
73 121430.16
74 121476.89
75 121541.98
76 121460.91
77 121532.92
78 121442.08
79 121392.01
80 121457.10
81 121510.98
82 121439.93
83 121622.09
84 121554.14
85 121463.06
86 121661.90
87 121599.91
88 121407.03
89 121587.99
90 121410.85
91 121463.06
92 121392.97
93 121307.13
94 121634.96
95 121568.92
96 121513.84
97 121572.97
98 121624.95
99 121546.03
100 121490.96
101 121546.98
102 121602.06
103 121541.98
104 121463.06
105 121522.90
106 121586.80
107 121520.04
108 121582.98
109 121510.98
110 121456.15
111 121517.90
112 121434.93
113 121613.03
114 121560.10
115 121488.09
116 121563.91
117 121621.13
118 121551.04
119 121471.17
120 121418.00
121 121469.02
122 121488.09
123 121585.13
124 121525.05
125 121587.04
126 121516.94
127 121701.00
128 121513.13
129 121559.86
130 121627.09
131 121426.82
132 121501.92
133 121541.02
134 121474.03
135 121413.23
136 121469.02
137 121547.94
138 121627.09
139 121560.10
140 121613.98
141 121564.15
142 121493.82
143 121614.93
144 121685.98
145 121352.91
146 121547.94
147 121498.11
148 121575.12
149 121366.02
150 121437.07
151 121485.95
152 121553.18
153 121510.03
154 121564.87
155 121630.91
156 121553.18
157 121478.80
158 121558.90
159 121603.97
160 121511.94
161 121448.04
162 121629.95
163 121570.11
164 121497.87
165 121544.12
166 121617.08
167 121541.98
168 121599.91
169 121664.05
170 121340.99
171 121524.10
172 121454.00
173 121537.92
174 121590.85
175 121529.82
176 121461.87
177 121520.04
178 121576.07
179 121638.06
180 121423.01
181 121356.01
182 121565.82
183 121638.06
184 121694.09
185 121480.94
186 121434.93
187 121633.05
188 121567.96
189 121499.06
190 121555.81
191 121614.93
192 121506.93
193 121421.10
194 121623.04
195 121414.90
196 121471.17
197 121545.08
198 121469.02
199 121540.07
200 121582.03
201 121526.96
202 121448.99
203 121646.88
204 121580.12
205 121507.88
206 121446.85
207 121488.09
208 121541.98
209 121639.01
210 121577.02
211 121522.90
212 121580.12
213 121512.17
214 121572.02
215 121629.95
216 121690.99
217 121495.01
218 121554.14
219 121613.03
220 121555.09
221 121495.96
222 121428.01
223 121598.96
224 121527.91
225 121454.95
226 121650.22
227 121583.94
228 121481.90
229 121536.97
230 121471.17
231 121382.00
232 121464.01
233 121515.04
234 121588.95
235 121519.09
236 121585.85
237 121514.08
238 121433.97
239 121639.97
240 121701.00
241 121366.02
242 121574.88
243 121490.96
244 121544.84
245 121359.83
246 121421.81
247 121618.03
248 121410.13
249 121477.13
250 121541.98
251 121600.15
252 121661.90
253 121356.96
254 121543.88
255 121465.92
256 121535.78
257 121469.02
258 121654.03
259 121441.13
260 121483.09
261 121379.14
262 121639.97
263 121436.83
264 121509.08
265 121567.01
266 121603.01
267 121428.97
268 121612.07
269 121551.99
270 121439.93
271 121633.05
272 121447.09
273 121385.10
274 121566.06
275 121474.98
276 121550.08
277 121468.07
278 121418.00
279 121472.12
280 121652.13
281 121454.95
282 121524.10
283 121576.07
284 121530.06
285 121454.00
286 121522.90
287 121615.89
288 121400.83
289 121480.94
290 121536.97
291 121449.95
292 121397.97
293 121572.97
294 121496.92
295 121563.91
296 121490.00
297 121567.96
298 121380.09
299 121688.84
300 121487.86
301 121557.00
302 121347.90
303 121527.91
304 121736.05
305 121299.98
306 121629.00
307 121557.00
308 121495.01
309 121435.17
310 121612.07
311 121541.02
312 121468.07
313 121549.13
314 121469.02
315 121391.06
316 121465.92
317 121523.14
318 121475.93
319 121531.01
320 121446.13
321 121649.03
322 121438.98
323 121368.89
324 121675.97
325 121517.90
326 121566.06
327 121479.99
328 121685.03
329 121490.00
330 121426.11
331 121495.96
332 121675.97
333 121449.95
334 121526.96
335 121604.92
336 121667.15
337 121361.97
338 121666.19
339 121458.05
340 121536.97
341 121435.17
342 121656.89
343 121454.95
344 121381.04
345 121562.96
346 121506.93
347 121572.97
348 121506.93
349 121562.96
350 121608.97
351 121531.01
352 121589.90
353 121271.85
354 121615.89
355 121551.04
356 121592.04
357 121669.05
358 121462.11
359 121660.95
360 121453.05
361 121648.07
362 121325.02
363 121598.96
364 121446.85
365 121647.12
366 121577.02
367 121515.99
368 121567.01
369 121379.14
370 121557.00
371 121483.09
372 121554.14
373 121592.04
374 121541.02
375 121589.18
376 121662.14
377 121469.02
378 121402.98
379 121593.95
380 121508.12
381 121443.03
382 121380.09
383 121611.12
384 121404.89
385 121464.97
386 121529.10
387 121454.95
388 121536.97
389 121469.02
390 121535.06
391 121446.13
392 121387.96
393 121443.99
394 121531.01
395 121453.05
396 121521.95
397 121454.95
398 121387.00
399 121451.14
400 121510.98
401 121442.08
402 121376.04
403 121413.95
404 121495.96
405 121428.97
406 121367.93
407 121424.91
408 121490.00
409 121546.98
410 121460.20
411 121392.97
412 121469.97
413 121395.11
414 121586.08
415 121512.17
416 121461.15
417 121392.01
418 121433.97
419 121367.93
420 121448.04
421 121363.16
422 121557.00
423 121361.97
424 121433.97
425 121477.13
426 121425.87
427 121346.95
428 121546.03
429 121477.13
430 121514.08
431 121591.81
432 121384.86
433 121330.02
434 121635.91
435 121322.87
436 121508.12
437 121443.99
438 121489.05
439 121429.92
440 121497.87
441 121561.05
442 121493.82
443 121443.99
444 121369.84
445 121570.11
446 121366.02
447 121565.82
448 121474.03
449 121291.16
