600
0 120433.09
1 120165.11
2 120145.08
3 120133.88
4 120138.17
5 120131.02
6 120134.12
7 120130.06
8 120131.02
9 120136.02
10 120133.88
11 120131.97
12 120131.97
13 120126.01
14 120133.88
15 120128.87
16 120128.15
17 120130.06
18 120131.02
19 120130.06
20 120135.07
21 120131.02
22 120127.92
23 120131.97
24 120130.06
25 120127.92
26 120135.07
27 120129.11
28 120129.82
29 120134.83
30 120130.06
31 120130.06
32 120129.82
33 120127.92
34 120128.87
35 120140.08
36 120134.12
37 120128.87
38 120131.97
39 120127.92
40 120129.82
41 120139.12
42 120126.96
43 120131.02
44 120132.92
45 120132.92
46 120131.97
47 120130.06
48 120129.82
49 120134.12
50 120128.87
51 120130.06
52 120131.97
53 120129.82
54 120131.97
55 120131.02
56 120145.08
57 120131.97
58 120129.11
59 120131.97
60 120132.92
61 120128.87
62 120130.06
63 120136.02
64 120128.15
65 120128.87
66 120131.02
67 120130.06
68 120130.06
69 120129.82
70 120129.11
71 120127.92
72 120128.15
73 120128.87
74 120130.78
75 120131.97
76 120127.92
77 120127.92
78 120131.97
79 120128.87
80 120128.15
81 120132.92
82 120126.01
83 120132.92
84 120130.06
85 120130.06
86 120129.11
87 120128.87
88 120129.11
89 120131.97
90 120130.06
91 120128.87
92 120131.97
93 120127.92
94 120131.97
95 120129.11
96 120131.97
97 120126.01
98 120131.02
99 120127.20
100 120131.97
101 120131.97
102 120128.87
103 120129.11
104 120131.02
105 120131.97
106 120130.06
107 120128.87
108 120133.88
109 120129.82
110 120129.11
111 120131.97
112 120127.92
113 120136.98
114 120132.21
115 120131.02
116 120127.92
117 120127.92
118 120127.92
119 120130.06
120 120131.02
121 120128.87
122 120130.06
123 120129.11
124 120129.11
125 120131.02
126 120130.06
127 120126.96
128 120132.92
129 120127.92
130 120129.11
131 120142.94
132 120131.02
133 120127.92
134 120131.02
135 120132.92
136 120131.02
137 120129.11
138 120131.02
139 120131.02
140 120129.11
141 120152.00
142 120128.87
143 120126.01
144 120126.96
145 120132.92
146 120139.84
147 120128.15
148 120128.87
149 120131.97
150 120131.97
151 120127.92
152 120127.92
153 120131.97
154 120131.97
155 120129.82
156 120129.11
157 120131.02
158 120127.92
159 120128.15
160 120130.06
161 120124.10
162 120131.97
163 120129.11
164 120128.87
165 120131.97
166 120127.92
167 120126.96
168 120134.12
169 120130.06
170 120126.96
171 120130.78
172 120128.87
173 120138.88
174 120139.12
175 120128.87
176 120126.96
177 120128.87
178 120126.96
179 120129.82
180 120150.09
181 120126.96
182 120130.06
183 120130.06
184 120129.82
185 120127.20
186 120128.87
187 120140.08
188 120131.97
189 120128.15
190 120141.03
191 120127.20
192 120131.02
193 120125.06
194 120141.98
195 120132.21
196 120131.02
197 120137.93
198 120132.92
199 120133.88
200 120130.06
201 120126.01
202 120131.97
203 120132.92
204 120127.20
205 120132.92
206 120129.11
207 120126.96
208 120130.06
209 120128.15
210 120127.92
211 120128.15
212 120128.87
213 120131.02
214 120129.82
215 120139.12
216 120127.92
217 120140.08
218 120131.02
219 120125.06
220 120132.92
221 120126.01
222 120131.02
223 120138.88
224 120141.98
225 120126.96
226 120131.02
227 120127.92
228 120131.97
229 120131.02
230 120131.02
231 120127.92
232 120143.18
233 120128.15
234 120130.06
235 120130.06
236 120132.21
237 120131.02
238 120129.11
239 120130.06
240 120126.01
241 120127.92
242 120128.15
243 120128.87
244 120135.07
245 120127.92
246 120129.11
247 120131.97
248 120131.02
249 120126.96
250 120134.12
251 120124.82
252 120130.06
253 120127.20
254 120130.06
255 120123.86
256 120132.92
257 120124.82
258 120132.92
259 120131.02
260 120126.96
261 120131.97
262 120128.87
263 120129.11
264 120128.87
265 120150.09
266 120127.92
267 120130.06
268 120128.87
269 120131.02
270 120127.92
271 120130.06
272 120126.96
273 120130.06
274 120129.82
275 120130.06
276 120128.87
277 120131.97
278 120131.97
279 120129.11
280 120126.96
281 120141.03
282 120130.06
283 120127.20
284 120133.88
285 120126.01
286 120126.96
287 120130.06
288 120131.02
289 120136.02
290 120130.06
291 120130.06
292 120130.06
293 120131.02
294 120126.96
295 120126.96
296 120128.87
297 120129.11
298 120129.82
299 120131.97
300 120126.01
301 120131.02
302 120128.87
303 120131.02
304 120128.87
305 120131.97
306 120126.96
307 120135.07
308 120131.02
309 120128.15
310 120126.96
311 120129.11
312 120126.01
313 120131.97
314 120130.06
315 120129.11
316 120131.02
317 120128.15
318 120128.87
319 120129.11
320 120126.01
321 120130.06
322 120130.06
323 120130.06
324 120127.92
325 120130.06
326 120127.92
327 120130.06
328 120126.01
329 120131.02
330 120126.96
331 120130.06
332 120132.21
333 120137.93
334 120126.96
335 120129.11
336 120126.96
337 120130.06
338 120131.02
339 120131.02
340 120126.01
341 120131.02
342 120126.01
343 120127.92
344 120129.82
345 120129.11
346 120126.01
347 120131.97
348 120129.11
349 120124.82
350 120129.11
351 120126.01
352 120130.06
353 120132.21
354 120126.01
355 120129.82
356 120132.92
357 120131.02
358 120131.02
359 120163.92
360 120126.96
361 120131.02
362 120127.20
363 120127.92
364 120130.06
365 120136.98
366 120128.87
367 120131.97
368 120131.97
369 120130.06
370 120126.96
371 120131.97
372 120131.97
373 120129.82
374 120126.01
375 120131.97
376 120126.01
377 120131.02
378 120131.02
379 120131.02
380 120126.96
381 120129.11
382 120129.11
383 120147.94
384 120127.92
385 120128.15
386 120126.01
387 120131.02
388 120126.96
389 120127.92
390 120127.92
391 120132.92
392 120126.01
393 120131.02
394 120127.92
395 120131.02
396 120126.01
397 120131.02
398 120124.82
399 120127.92
400 120126.96
401 120135.07
402 120133.16
403 120131.97
404 120126.96
405 120131.02
406 120129.82
407 120130.06
408 120129.11
409 120129.11
410 120128.15
411 120128.87
412 120126.96
413 120126.96
414 120126.01
415 120129.11
416 120130.06
417 120131.02
418 120126.96
419 120129.11
420 120126.96
421 120131.97
422 120124.82
423 120130.06
424 120130.06
425 120130.78
426 120127.92
427 120132.21
428 120125.06
429 120129.82
430 120126.96
431 120129.11
432 120134.12
433 120127.92
434 120126.96
435 120131.02
436 120127.92
437 120124.82
438 120131.02
439 120125.77
440 120126.01
441 120131.02
442 120130.06
443 120125.06
444 120126.96
445 120129.11
446 120129.11
447 120126.96
448 120126.96
449 120136.02
450 120135.07
451 120131.02
452 120129.11
453 120151.04
454 120124.82
455 120130.06
456 120131.02
457 120127.92
458 120131.97
459 120131.02
460 120126.01
461 120131.97
462 120129.11
463 120128.87
464 120128.87
465 120130.06
466 120129.11
467 120127.92
468 120126.01
469 120130.06
470 120131.97
471 120127.92
472 120134.12
473 120128.15
474 120126.96
475 120128.87
476 120131.97
477 120136.98
478 120129.11
479 120129.11
480 120131.02
481 120129.82
482 120129.11
483 120127.20
484 120129.82
485 120131.02
486 120126.96
487 120132.21
488 120126.96
489 120127.92
490 120130.06
491 120131.02
492 120126.01
493 120136.98
494 120126.96
495 120130.06
496 120131.97
497 120130.06
498 120129.82
499 120131.97
500 120126.96
501 120129.11
502 120129.82
503 120126.96
504 120132.21
505 120127.92
506 120128.87
507 120127.92
508 120126.96
509 120127.92
510 120131.02
511 120131.02
512 120130.06
513 120129.11
514 120129.11
515 120131.97
516 120127.92
517 120130.06
518 120126.96
519 120133.16
520 120137.93
521 120131.97
522 120148.90
523 120132.21
524 120127.92
525 120131.02
526 120130.06
527 120130.06
528 120131.02
529 120129.82
530 120130.06
531 120131.02
532 120128.87
533 120141.03
534 120128.87
535 120130.06
536 120130.06
537 120127.92
538 120129.11
539 120126.96
540 120131.02
541 120131.97
542 120129.82
543 120130.06
544 120129.82
545 120129.11
546 120126.96
547 120130.06
548 120128.87
549 120128.87
550 120126.96
551 120131.02
552 120130.06
553 120129.11
554 120130.06
555 120131.02
556 120129.11
557 120131.02
558 120136.98
559 120131.02
560 120135.07
561 120130.06
562 120130.06
563 120129.82
564 120130.06
565 120127.92
566 120135.07
567 120128.87
568 120128.87
569 120131.02
570 120127.92
571 120131.02
572 120128.87
573 120126.96
574 120133.16
575 120131.02
576 120127.92
577 120131.97
578 120129.11
579 120126.01
580 120128.87
581 120128.87
582 120124.10
583 120131.02
584 120125.06
585 120128.87
586 120136.02
587 120127.92
588 120129.82
589 120130.06
590 120126.96
591 120129.11
592 120127.92
593 120126.96
594 120132.92
595 120127.92
596 120131.02
597 120129.82
598 120126.96
599 120125.06
