600
0 120507.96
1 120182.04
2 120172.02
3 120147.94
4 120163.92
5 120142.94
6 120151.04
7 120133.88
8 120141.03
9 120148.18
10 120141.03
11 120137.93
12 120138.88
13 120142.94
14 120138.17
15 120134.12
16 120136.98
17 120144.13
18 120141.98
19 120141.03
20 120146.04
21 120136.02
22 120140.79
23 120134.12
24 120144.84
25 120136.02
26 120142.94
27 120133.16
28 120150.09
29 120134.12
30 120137.93
31 120136.02
32 120145.08
33 120134.12
34 120136.98
35 120148.90
36 120136.98
37 120143.89
38 120133.88
39 120146.04
40 120136.02
41 120140.79
42 120133.16
43 120146.04
44 120131.97
45 120141.98
46 120132.92
47 120147.94
48 120133.88
49 120141.98
50 120137.93
51 120137.93
52 120136.02
53 120139.84
54 120138.17
55 120139.12
56 120172.98
57 120140.08
58 120134.12
59 120136.98
60 120135.07
61 120136.98
62 120131.02
63 120136.02
64 120133.88
65 120141.03
66 120132.92
67 120136.98
68 120133.88
69 120139.84
70 120131.02
71 120147.94
72 120134.83
73 120139.12
74 120129.11
75 120135.78
76 120132.92
77 120136.98
78 120130.06
79 120132.92
80 120131.02
81 120139.12
82 120131.02
83 120140.08
84 120135.07
85 120136.02
86 120127.92
87 120139.12
88 120129.11
89 120132.92
90 120132.21
91 120143.89
92 120129.82
93 120137.93
94 120131.02
95 120147.94
96 120132.92
97 120136.98
98 120132.21
99 120142.94
100 120130.78
101 120138.17
102 120133.88
103 120136.98
104 120130.06
105 120139.12
106 120131.97
107 120139.84
108 120146.99
109 120132.92
110 120131.02
111 120131.02
112 120127.92
113 120139.12
114 120136.02
115 120131.02
116 120129.11
117 120131.02
118 120132.92
119 120128.15
120 120128.15
121 120139.12
122 120128.87
123 120128.15
124 120128.87
125 120131.02
126 120129.11
127 120127.92
128 120133.88
129 120135.07
130 120130.06
131 120131.02
132 120134.12
133 120131.97
134 120131.97
135 120127.92
136 120130.78
137 120135.07
138 120128.87
139 120126.96
140 120131.97
141 120130.06
142 120133.88
143 120131.97
144 120133.88
145 120132.92
146 120127.92
147 120129.82
148 120134.12
149 120130.06
150 120129.11
151 120131.97
152 120130.78
153 120128.87
154 120131.02
155 120131.02
156 120127.92
157 120131.02
158 120127.92
159 120135.07
160 120130.06
161 120126.96
162 120131.97
163 120131.02
164 120128.15
165 120127.92
166 120130.06
167 120130.06
168 120128.87
169 120130.06
170 120124.82
171 120131.02
172 120126.96
173 120137.93
174 120133.88
175 120132.92
176 120131.02
177 120133.88
178 120130.06
179 120131.97
180 120127.92
181 120130.06
182 120129.11
183 120128.87
184 120126.96
185 120131.97
186 120128.15
187 120126.96
188 120128.15
189 120132.92
190 120131.02
191 120129.11
192 120127.92
193 120136.02
194 120127.92
195 120131.02
196 120127.92
197 120144.13
198 120131.02
199 120131.02
200 120130.06
201 120131.02
202 120130.06
203 120127.92
204 120134.12
205 120128.87
206 120129.11
207 120131.97
208 120132.92
209 120126.96
210 120127.20
211 120128.87
212 120130.06
213 120128.87
214 120147.94
215 120131.02
216 120140.79
217 120131.02
218 120131.02
219 120160.10
220 120131.97
221 120130.78
222 120136.02
223 120129.11
224 120136.98
225 120130.78
226 120130.06
227 120134.83
228 120132.92
229 120133.88
230 120131.02
231 120137.93
232 120130.06
233 120132.92
234 120128.87
235 120138.88
236 120131.97
237 120133.88
238 120133.88
239 120131.02
240 120129.82
241 120132.92
242 120136.98
243 120129.82
244 120133.16
245 120132.92
246 120137.93
247 120128.87
248 120134.12
249 120129.82
250 120137.93
251 120130.78
252 120135.07
253 120133.88
254 120135.07
255 120131.02
256 120135.07
257 120136.98
258 120132.92
259 120132.92
260 120131.97
261 120136.02
262 120145.08
263 120133.88
264 120131.97
265 120136.02
266 120132.92
267 120135.07
268 120133.88
269 120133.88
270 120132.92
271 120132.21
272 120140.08
273 120128.87
274 120131.02
275 120131.97
276 120136.98
277 120131.97
278 120133.16
279 120131.97
280 120140.08
281 120138.88
282 120132.92
283 120135.07
284 120133.16
285 120128.87
286 120131.97
287 120136.98
288 120130.06
289 120132.92
290 120130.78
291 120136.02
292 120131.97
293 120136.02
294 120128.15
295 120136.98
296 120130.06
297 120131.97
298 120136.98
299 120131.97
300 120131.02
301 120135.07
302 120137.93
303 120136.02
304 120136.02
305 120129.11
306 120136.02
307 120133.16
308 120132.92
309 120129.11
310 120141.98
311 120131.02
312 120135.07
313 120131.02
314 120131.02
315 120131.97
316 120135.07
317 120136.98
318 120139.12
319 120152.00
320 120129.82
321 120131.02
322 120131.97
323 120133.16
324 120131.97
325 120131.97
326 120134.83
327 120135.07
328 120132.92
329 120130.78
330 120132.92
331 120138.88
332 120133.88
333 120136.02
334 120128.87
335 120131.97
336 120131.97
337 120129.82
338 120136.02
339 120130.06
340 120136.02
341 120128.87
342 120132.92
343 120134.83
344 120140.08
345 120130.06
346 120135.07
347 120131.97
348 120127.92
349 120130.78
350 120131.97
351 120134.12
352 120131.02
353 120134.12
354 120126.96
355 120138.88
356 120131.02
357 120132.92
358 120146.04
359 120136.02
360 120134.12
361 120137.93
362 120131.02
363 120133.88
364 120130.06
365 120139.84
366 120138.88
367 120131.02
368 120131.97
369 120135.07
370 120136.98
371 120131.02
372 120133.16
373 120130.06
374 120135.07
375 120131.02
376 120133.16
377 120133.88
378 120129.82
379 120126.96
380 120134.12
381 120138.17
382 120131.97
383 120131.97
384 120131.02
385 120133.88
386 120131.97
387 120132.21
388 120130.06
389 120135.78
390 120131.02
391 120137.21
392 120135.07
393 120136.98
394 120134.12
395 120131.97
396 120133.16
397 120131.97
398 120132.92
399 120130.06
400 120138.88
401 120127.92
402 120131.02
403 120149.14
404 120136.02
405 120126.01
406 120134.83
407 120133.88
408 120132.92
409 120134.12
410 120131.97
411 120136.02
412 120134.12
413 120131.02
414 120129.11
415 120137.93
416 120128.15
417 120132.92
418 120131.02
419 120138.88
420 120131.02
421 120134.83
422 120135.07
423 120133.88
424 120131.97
425 120135.07
426 120135.07
427 120131.97
428 120177.03
429 120133.16
430 120132.92
431 120126.01
432 120132.92
433 120132.21
434 120128.15
435 120127.92
436 120130.78
437 120129.11
438 120135.07
439 120128.87
440 120131.97
441 120132.92
442 120126.96
443 120131.02
444 120130.78
445 120129.11
446 120128.87
447 120133.88
448 120129.82
449 120138.17
450 120129.11
451 120131.02
452 120129.11
453 120132.92
454 120126.96
455 120133.88
456 120133.16
457 120127.92
458 120125.06
459 120132.92
460 120126.01
461 120130.06
462 120131.02
463 120126.96
464 120130.06
465 120129.11
466 120128.15
467 120159.86
468 120129.11
469 120127.92
470 120134.83
471 120129.82
472 120132.21
473 120126.96
474 120131.97
475 120129.11
476 120127.92
477 120126.01
478 120131.97
479 120128.15
480 120127.92
481 120130.06
482 120130.06
483 120127.92
484 120131.02
485 120131.02
486 120135.07
487 120129.11
488 120127.92
489 120131.97
490 120131.02
491 120127.20
492 120130.06
493 120131.97
494 120131.02
495 120126.01
496 120131.97
497 120129.11
498 120131.02
499 120127.20
500 120135.07
501 120135.78
502 120129.82
503 120130.06
504 120131.97
505 120128.87
506 120126.96
507 120127.92
508 120127.92
509 120130.06
510 120131.02
511 120130.06
512 120137.93
513 120129.11
514 120129.11
515 120131.97
516 120137.93
517 120132.92
518 120128.15
519 120130.06
520 120130.06
521 120126.01
522 120128.15
523 120131.02
524 120131.02
525 120131.02
526 120138.17
527 120127.92
528 120136.98
529 120127.20
530 120130.06
531 120133.16
532 120130.06
533 120141.98
534 120134.12
535 120129.11
536 120131.02
537 120130.06
538 120130.78
539 120126.96
540 120129.82
541 120130.06
542 120128.87
543 120129.11
544 120127.20
545 120127.92
546 120134.12
547 120126.01
548 120127.20
549 120132.92
550 120131.97
551 120131.97
552 120131.02
553 120126.01
554 120129.82
555 120126.01
556 120129.82
557 120128.87
558 120128.87
559 120126.96
560 120131.97
561 120130.06
562 120129.11
563 120130.06
564 120131.97
565 120132.21
566 120126.96
567 120126.96
568 120134.12
569 120130.06
570 120127.92
571 120131.97
572 120131.02
573 120129.82
574 120127.92
575 120133.16
576 120138.88
577 120131.02
578 120126.01
579 120131.02
580 120131.02
581 120128.15
582 120125.06
583 120131.97
584 120126.96
585 120126.96
586 120127.92
587 120126.96
588 120128.87
589 120130.06
590 120130.06
591 120130.06
592 120131.97
593 120126.01
594 120131.97
595 120135.07
596 120130.06
597 120128.15
598 120132.92
599 120129.11
