600
0 120473.15
1 120166.06
2 120147.94
3 120138.17
4 120146.99
5 120133.88
6 120133.88
7 120137.21
8 120127.92
9 120141.98
10 120132.92
11 120131.02
12 120127.92
13 120131.02
14 120131.02
15 120132.92
16 120136.98
17 120136.98
18 120126.96
19 120128.15
20 120132.92
21 120127.92
22 120130.06
23 120129.11
24 120132.92
25 120127.92
26 120132.92
27 120126.01
28 120126.96
29 120130.78
30 120133.88
31 120131.97
32 120133.88
33 120126.01
34 120127.92
35 120141.98
36 120130.06
37 120127.92
38 120133.16
39 120128.15
40 120131.97
41 120129.11
42 120128.15
43 120127.92
44 120127.92
45 120125.06
46 120150.80
47 120130.06
48 120133.88
49 120131.02
50 120129.11
51 120127.92
52 120130.06
53 120126.01
54 120133.16
55 120131.02
56 120131.97
57 120124.82
58 120129.82
59 120129.11
60 120127.92
61 120129.11
62 120149.85
63 120131.02
64 120131.02
65 120126.96
66 120129.11
67 120126.96
68 120126.96
69 120130.06
70 120132.92
71 120124.82
72 120132.92
73 120129.82
74 120126.01
75 120126.96
76 120128.15
77 120131.02
78 120132.92
79 120126.96
80 120136.02
81 120127.92
82 120126.01
83 120128.15
84 120128.87
85 120126.96
86 120133.16
87 120126.96
88 120132.92
89 120131.97
90 120126.96
91 120125.06
92 120130.06
93 120131.02
94 120131.97
95 120131.97
96 120131.97
97 120125.06
98 120129.11
99 120129.11
100 120126.01
101 120128.87
102 120131.97
103 120129.11
104 120130.06
105 120127.20
106 120126.01
107 120126.96
108 120126.96
109 120127.92
110 120132.92
111 120128.87
112 120132.92
113 120136.02
114 120132.21
115 120131.02
116 120126.01
117 120126.96
118 120134.83
119 120127.92
120 120128.87
121 120131.97
122 120129.11
123 120129.82
124 120127.92
125 120132.21
126 120146.04
127 120135.07
128 120126.01
129 120136.02
130 120130.06
131 120126.01
132 120125.06
133 120131.97
134 120127.20
135 120131.02
136 120128.87
137 120128.87
138 120127.20
139 120125.06
140 120128.15
141 120136.02
142 120126.96
143 120131.02
144 120131.02
145 120130.06
146 120124.10
147 120127.92
148 120129.11
149 120131.02
150 120126.96
151 120131.02
152 120127.92
153 120129.82
154 120126.96
155 120126.01
156 120130.06
157 120135.07
158 120126.96
159 120136.98
160 120128.87
161 120126.01
162 120127.20
163 120128.15
164 120126.01
165 120130.06
166 120126.96
167 120131.97
168 120127.20
169 120126.01
170 120126.96
171 120126.01
172 120125.06
173 120131.97
174 120131.02
175 120133.16
176 120129.11
177 120126.01
178 120126.01
179 120129.11
180 120126.96
181 120126.96
182 120129.82
183 120131.02
184 120125.06
185 120128.15
186 120126.96
187 120129.82
188 120126.96
189 120155.81
190 120131.02
191 120134.12
192 120125.06
193 120128.15
194 120129.11
195 120125.06
196 120126.01
197 120144.13
198 120130.78
199 120134.12
200 120131.97
201 120128.87
202 120127.92
203 120126.96
204 120126.96
205 120134.12
206 120127.20
207 120132.21
208 120130.78
209 120128.87
210 120125.06
211 120126.96
212 120129.11
213 120131.02
214 120128.15
215 120135.07
216 120128.15
217 120130.06
218 120126.01
219 120126.01
220 120131.02
221 120132.92
222 120129.11
223 120136.02
224 120130.06
225 120126.01
226 120130.06
227 120127.92
228 120129.11
229 120131.97
230 120128.15
231 120131.02
232 120129.82
233 120124.10
234 120131.02
235 120126.96
236 120130.06
237 120128.15
238 120134.12
239 120130.78
240 120131.02
241 120127.92
242 120126.96
243 120131.02
244 120128.87
245 120123.86
246 120136.02
247 120129.82
248 120127.92
249 120128.87
250 120127.92
251 120126.96
252 120133.16
253 120128.15
254 120143.18
255 120128.87
256 120126.96
257 120131.02
258 120127.92
259 120125.06
260 120129.11
261 120130.06
262 120130.06
263 120126.01
264 120131.02
265 120127.20
266 120127.92
267 120125.06
268 120130.06
269 120131.02
270 120130.06
271 120126.96
272 120132.21
273 120128.15
274 120124.82
275 120127.92
276 120135.07
277 120128.15
278 120130.06
279 120128.15
280 120127.20
281 120136.98
282 120128.15
283 120123.86
284 120131.97
285 120129.11
286 120131.02
287 120132.21
288 120126.01
289 120123.86
290 120130.06
291 120127.92
292 120130.06
293 120126.01
294 120129.11
295 120128.15
296 120128.87
297 120125.06
298 120127.20
299 120126.96
300 120132.21
301 120131.02
302 120139.12
303 120131.97
304 120129.11
305 120126.96
306 120127.20
307 120129.11
308 120128.87
309 120124.82
310 120134.12
311 120129.11
312 120126.01
313 120127.92
314 120131.97
315 120126.01
316 120135.07
317 120126.01
318 120138.88
319 120129.11
320 120129.11
321 120131.02
322 120129.11
323 120125.06
324 120131.02
325 120129.11
326 120130.06
327 120127.20
328 120127.20
329 120128.87
330 120128.87
331 120129.11
332 120130.06
333 120129.11
334 120132.92
335 120126.01
336 120133.88
337 120129.11
338 120127.92
339 120127.92
340 120131.97
341 120126.96
342 120131.97
343 120126.01
344 120128.15
345 120132.92
346 120124.82
347 120127.92
348 120126.01
349 120129.82
350 120129.82
351 120129.82
352 120130.06
353 120127.92
354 120128.87
355 120131.97
356 120131.97
357 120130.06
358 120123.15
359 120131.02
360 120128.15
361 120126.96
362 120126.01
363 120131.02
364 120126.96
365 120139.84
366 120132.92
367 120149.14
368 120131.02
369 120126.96
370 120130.06
371 120129.82
372 120126.01
373 120126.96
374 120130.06
375 120129.11
376 120127.92
377 120126.01
378 120126.96
379 120130.06
380 120127.92
381 120139.84
382 120134.83
383 120128.15
384 120131.02
385 120131.97
386 120133.88
387 120128.87
388 120127.92
389 120131.97
390 120126.01
391 120129.11
392 120136.98
393 120129.11
394 120129.11
395 120132.21
396 120127.92
397 120152.00
398 120129.82
399 120128.87
400 120130.06
401 120137.93
402 120125.06
403 120131.97
404 120126.96
405 120130.06
406 120129.11
407 120132.21
408 120131.02
409 120129.82
410 120126.01
411 120131.02
412 120127.92
413 120131.02
414 120129.11
415 120130.06
416 120130.06
417 120128.87
418 120136.98
419 120132.92
420 120132.21
421 120132.92
422 120136.02
423 120143.18
424 120126.96
425 120124.82
426 120129.82
427 120129.11
428 120125.06
429 120131.97
430 120125.06
431 120129.11
432 120131.02
433 120131.02
434 120132.92
435 120129.11
436 120128.87
437 120125.06
438 120129.11
439 120138.17
440 120136.02
441 120127.20
442 120127.20
443 120128.87
444 120130.06
445 120130.06
446 120132.21
447 120126.01
448 120126.96
449 120146.04
450 120130.06
451 120128.87
452 120128.15
453 120131.97
454 120127.92
455 120130.06
456 120126.01
457 120129.11
458 120131.02
459 120130.06
460 120129.82
461 120126.96
462 120131.02
463 120127.92
464 120141.03
465 120129.11
466 120136.02
467 120129.82
468 120131.97
469 120134.12
470 120129.82
471 120134.83
472 120131.02
473 120141.98
474 120131.02
475 120125.06
476 120133.16
477 120131.02
478 120137.21
479 120148.90
480 120131.97
481 120129.11
482 120129.82
483 120130.06
484 120131.02
485 120128.15
486 120126.01
487 120130.06
488 120134.83
489 120126.01
490 120131.97
491 120126.96
492 120129.11
493 120126.96
494 120126.96
495 120131.02
496 120137.93
497 120128.15
498 120136.02
499 120128.15
500 120128.87
501 120129.11
502 120128.15
503 120126.01
504 120128.15
505 120126.96
506 120131.02
507 120131.97
508 120136.98
509 120127.20
510 120130.06
511 120131.97
512 120126.01
513 120132.21
514 120141.03
515 120136.98
516 120133.88
517 120131.97
518 120127.20
519 120126.96
520 120126.01
521 120136.02
522 120131.97
523 120127.20
524 120127.92
525 120136.02
526 120126.01
527 120132.92
528 120131.02
529 120140.08
530 120131.02
531 120126.01
532 120129.82
533 120141.03
534 120129.11
535 120126.01
536 120133.88
537 120128.15
538 120129.11
539 120126.96
540 120131.97
541 120126.01
542 120129.11
543 120151.04
544 120131.97
545 120129.82
546 120131.97
547 120133.16
548 120131.97
549 120126.96
550 120126.01
551 120131.02
552 120126.01
553 120129.11
554 120133.88
555 120127.20
556 120130.06
557 120126.01
558 120133.16
559 120131.97
560 120126.96
561 120128.15
562 120135.07
563 120132.92
564 120127.92
565 120131.97
566 120128.15
567 120127.92
568 120127.92
569 120127.92
570 120143.18
571 120131.02
572 120141.98
573 120131.02
574 120130.06
575 120131.02
576 120126.01
577 120136.02
578 120125.06
579 120128.87
580 120127.92
581 120128.15
582 120126.01
583 120140.08
584 120128.15
585 120132.92
586 120130.06
587 120141.03
588 120125.06
589 120131.02
590 120124.10
591 120131.02
592 120130.06
593 120131.97
594 120128.15
595 120131.02
596 120125.06
597 120132.92
598 120123.15
599 120124.82
