600
0 121309.04
1 121145.96
2 121026.99
3 121074.91
4 121080.88
5 121108.06
6 121124.98
7 121088.98
8 121120.93
9 121142.15
10 121112.11
11 121082.07
12 121114.97
13 121126.17
14 121034.15
15 121026.99
16 121042.97
17 121135.00
18 121124.98
19 121070.15
20 121129.99
21 121130.94
22 121097.09
23 121128.08
24 121101.86
25 121095.18
26 121114.97
27 121129.04
28 121133.09
29 121130.94
30 121148.82
31 121077.06
32 121113.06
33 121128.08
34 121026.04
35 121131.90
36 121031.05
37 121131.90
38 121111.15
39 121118.07
40 121116.88
41 121117.83
42 121117.12
43 121124.03
44 121083.02
45 121125.94
46 121123.08
47 121119.02
48 121102.09
49 121121.88
50 121023.89
51 121106.86
52 121125.94
53 121116.88
54 121093.99
55 121122.12
56 121033.19
57 121115.92
58 121119.02
59 121097.09
60 121116.88
61 121109.96
62 121112.11
63 121107.10
64 121108.06
65 121109.96
66 121107.10
67 121114.97
68 121109.96
69 121116.88
70 121170.04
71 121120.93
72 121082.07
73 121109.96
74 121129.99
75 121078.97
76 121078.01
77 121119.02
78 121147.16
79 121122.12
80 121133.80
81 121129.99
82 121133.09
83 121131.18
84 121140.96
85 121129.04
86 121104.00
87 121052.03
88 121105.91
89 121108.06
90 121087.79
91 121108.06
92 121111.87
93 121064.19
94 121016.98
95 120913.03
96 120949.03
97 121114.02
98 121128.08
99 121125.94
100 121137.14
101 121086.12
102 121042.01
103 121139.05
104 121121.17
105 121204.85
106 121193.89
107 121027.95
108 121155.02
109 121376.99
110 121189.12
111 121131.90
112 121062.99
113 121123.08
114 120935.92
115 121157.17
116 121088.03
117 120973.83
118 121143.10
119 120890.14
120 121142.86
121 121015.07
122 121135.00
123 121174.10
124 121206.05
125 121144.06
126 121000.05
127 121166.94
128 121150.02
129 121135.00
130 121155.02
131 120935.92
132 121108.06
133 121019.84
134 121174.10
135 121181.01
136 120937.11
137 121064.90
138 121232.99
139 121173.14
140 121078.97
141 121083.02
142 121284.96
143 120790.00
144 121108.06
145 121008.87
146 120910.17
147 121168.85
148 121577.02
149 121032.95
150 121583.94
151 121113.06
152 121127.13
153 121078.97
154 121096.13
155 121107.10
156 121182.92
157 121083.02
158 120923.04
159 121153.12
160 121546.03
161 121003.87
162 121052.98
163 120944.02
164 121155.98
165 122150.90
166 121092.08
167 121016.98
168 121175.05
169 121186.02
170 121136.90
171 121032.00
172 121379.14
173 121114.02
174 121119.02
175 120990.99
176 120998.86
177 120963.10
178 120918.99
179 120811.22
180 121101.86
181 121129.99
182 120904.92
183 121019.84
184 120881.08
185 121173.86
186 121027.95
187 120929.00
188 120983.84
189 120952.13
190 121167.90
191 120987.89
192 121049.88
193 121191.98
194 120923.04
195 121021.99
196 121586.80
197 121171.00
198 121101.14
199 121137.14
200 121082.07
201 121111.15
202 121165.99
203 121078.97
204 121138.10
205 120861.05
206 121356.96
207 121757.98
208 121119.98
209 121001.01
210 121145.01
211 121128.08
212 121110.92
213 120849.85
214 121160.98
215 120965.96
216 121104.00
217 121136.19
218 121079.92
219 121104.00
220 121042.97
221 121057.99
222 121187.93
223 120921.13
224 121027.95
225 121444.94
226 121027.95
227 121243.95
228 121758.94
229 121105.91
230 120862.01
231 121167.90
232 121099.95
233 121042.01
234 121008.87
235 121550.80
236 121691.94
237 121016.98
238 121006.01
239 121191.98
240 121521.95
241 120966.91
242 121611.83
243 121142.86
244 121127.84
245 120939.02
246 121083.97
247 121139.05
248 121155.02
249 120972.87
250 121064.90
251 121003.15
252 121057.03
253 121562.00
254 121032.00
255 120959.04
256 120888.95
257 121194.12
258 121221.78
259 121606.83
260 121155.02
261 120841.03
262 121032.00
263 121034.86
264 121190.07
265 121327.16
266 120986.94
267 121119.98
268 121122.84
269 121854.07
270 121344.09
271 121706.96
272 120966.91
273 120896.82
274 121629.00
275 121156.22
276 121645.93
277 121011.02
278 120929.00
279 121668.82
280 121485.95
281 121363.16
282 121484.99
283 121212.96
284 120971.92
285 120949.03
286 121605.87
287 121357.92
288 121989.97
289 121186.02
290 121810.91
291 121088.03
292 121988.06
293 121206.05
294 120993.14
295 121140.96
296 121697.19
297 121874.81
298 121006.97
299 121387.96
300 121579.89
301 121516.94
302 121315.96
303 121367.93
304 121331.93
305 121219.16
306 121058.94
307 121100.19
308 121199.13
309 121232.03
310 121327.88
311 120915.17
312 121229.89
313 120991.95
314 120875.12
315 121242.05
316 121037.01
317 121037.01
318 121001.01
319 121088.03
320 120872.97
321 120814.09
322 120887.04
323 121752.98
324 121781.83
325 121135.00
326 120873.93
327 121045.11
328 121870.04
329 121019.84
330 120841.98
331 120887.99
332 120831.01
333 121467.11
334 120887.04
335 121598.96
336 120954.99
337 120886.09
338 120954.04
339 120809.79
340 121340.99
341 121266.84
342 120934.01
343 120887.99
344 121224.88
345 121323.11
346 121349.10
347 120831.01
348 120989.08
349 120805.03
350 120982.89
351 120795.01
352 120974.06
353 121850.97
354 120860.10
355 120851.04
356 120706.08
357 121397.97
358 121536.02
359 120840.07
360 120949.03
361 120867.01
362 120816.95
363 120878.93
364 121347.90
365 120990.04
366 120875.12
367 120977.16
368 120891.09
369 121013.88
370 120936.87
371 121281.15
372 120821.00
373 121084.93
374 121397.02
375 120868.92
376 121071.10
377 121001.01
378 121145.96
379 120904.92
380 121135.00
381 120810.03
382 120809.08
383 121006.01
384 120853.19
385 120832.20
386 120833.87
387 120718.00
388 120637.89
389 120944.98
390 120846.99
391 120913.98
392 120844.13
393 120876.07
394 121014.12
395 120825.05
396 120960.95
397 120859.86
398 121303.08
399 120887.04
400 121032.95
401 120944.02
402 120782.14
403 120857.95
404 120907.07
405 121318.10
406 121008.16
407 121084.93
408 121005.06
409 120831.97
410 120939.02
411 120951.89
412 120716.81
413 121031.05
414 120946.88
415 120862.01
416 121129.99
417 120743.04
418 120967.86
419 121073.01
420 121020.08
421 120783.09
422 121011.02
423 121026.04
424 120910.88
425 120910.17
426 120876.79
427 120836.02
428 120821.95
429 120874.17
430 121019.84
431 121314.05
432 120995.04
433 120973.83
434 120944.98
435 121035.10
436 121249.20
437 120954.04
438 121436.12
439 120831.01
440 121023.89
441 121024.85
442 121013.88
443 121299.98
444 120896.10
445 121112.11
446 120840.79
447 121021.03
448 121055.13
449 121016.03
450 121015.79
451 120992.90
452 121010.07
453 120877.98
454 120998.86
455 120897.05
456 120975.02
457 120903.97
458 121045.11
459 121045.83
460 121058.94
461 121006.97
462 120851.99
463 121050.83
464 120845.08
465 120981.93
466 121033.91
467 120877.98
468 120970.01
469 121098.04
470 121003.87
471 120941.16
472 120994.09
473 120961.90
474 120852.95
475 120865.11
476 120910.17
477 121281.15
478 120958.09
479 120957.85
480 120850.09
481 120985.03
482 120756.15
483 120993.14
484 120810.99
485 120881.08
486 121049.88
487 120836.97
488 121031.05
489 121063.95
490 121011.97
491 121037.01
492 120988.85
493 120979.07
494 121223.93
495 121397.02
496 121019.12
497 120967.86
498 120984.08
499 120940.92
500 121051.07
501 120911.84
502 120845.08
503 121263.03
504 121236.09
505 121108.77
506 120815.99
507 120929.00
508 120990.04
509 120754.00
510 120926.86
511 120847.94
512 120812.89
513 121121.17
514 120748.04
515 120949.03
516 120749.00
517 120918.99
518 120970.01
519 120906.11
520 120847.94
521 120825.05
522 120907.07
523 121337.89
524 121010.78
525 120806.93
526 120978.83
527 121024.13
528 120801.93
529 120944.02
530 121129.99
531 120775.22
532 121003.87
533 121052.98
534 120942.12
535 120682.00
536 120773.08
537 121088.98
538 120800.97
539 120823.14
540 120878.93
541 121145.96
542 121335.03
543 121016.98
544 120903.02
545 120897.05
546 121047.97
547 121335.03
548 120863.91
549 121181.01
550 121099.00
551 120843.17
552 120885.13
553 120977.16
554 120865.82
555 120847.94
556 120764.02
557 121569.87
558 121321.92
559 121148.11
560 120682.00
561 120960.95
562 121085.88
563 120910.17
564 121218.20
565 121114.02
566 121331.93
567 120946.88
568 120764.02
569 121099.00
570 120949.03
571 121048.21
572 121025.09
573 120861.05
574 121150.97
575 120796.92
576 121062.99
577 120757.10
578 120692.97
579 121155.02
580 120934.01
581 121138.10
582 120985.03
583 121129.99
584 120889.90
585 120980.02
586 121032.00
587 121006.01
588 121001.96
589 120990.99
590 120991.95
591 120995.04
592 120989.80
593 120970.01
594 120983.12
595 121033.91
596 120974.06
597 121003.87
598 121044.87
599 120985.03
