600
0 121187.93
1 121055.13
2 121058.94
3 121065.14
4 120992.90
5 121029.14
6 121042.97
7 121044.87
8 121050.83
9 121033.19
10 121042.97
11 121037.01
12 121041.06
13 121037.96
14 121046.78
15 121041.06
16 121016.03
17 121032.00
18 121026.04
19 121031.05
20 120956.90
21 120955.94
22 121006.97
23 121044.16
24 121035.10
25 121043.92
26 121047.02
27 121042.97
28 120956.90
29 121120.93
30 121132.14
31 121191.98
32 121224.88
33 121206.05
34 121200.08
35 121176.00
36 121201.99
37 121190.07
38 121201.99
39 121188.16
40 121114.02
41 121199.85
42 121207.00
43 121205.09
44 121206.05
45 121123.08
46 121212.01
47 121191.02
48 121207.00
49 121174.10
50 121127.13
51 121199.85
52 121191.02
53 121201.99
54 121192.93
55 121204.14
56 121197.94
57 121203.90
58 121205.09
59 121209.86
60 121135.95
61 121113.06
62 121184.11
63 121200.08
64 121202.95
65 121203.90
66 121188.16
67 121207.95
68 121205.09
69 121176.00
70 121134.04
71 121190.07
72 121202.95
73 121212.96
74 121211.05
75 121209.86
76 121122.12
77 121161.94
78 121207.95
79 121183.16
80 121207.00
81 121209.14
82 121211.05
83 121207.95
84 121194.84
85 121177.91
86 121200.80
87 121186.97
88 121209.14
89 121198.18
90 121196.03
91 121166.94
92 121207.00
93 121171.00
94 121119.02
95 121131.90
96 121083.02
97 121153.12
98 121223.21
99 121196.99
100 121135.00
101 121142.15
102 121201.99
103 121105.91
104 121200.08
105 121040.11
106 121031.05
107 121170.04
108 121845.96
109 120934.96
110 122095.11
111 121906.04
112 121029.14
113 121955.87
114 123391.15
115 121032.00
116 124238.01
117 123555.90
118 124208.93
119 124159.10
120 123350.14
121 123454.09
122 122725.01
123 123418.09
124 123583.08
125 124346.02
126 123572.11
127 123747.11
128 124485.97
129 124596.83
130 123960.02
131 122922.90
132 123054.03
133 122190.00
134 124886.99
135 123170.85
136 123984.81
137 124106.88
138 123474.12
139 122475.15
140 124120.95
141 123375.18
142 124218.23
143 124320.98
144 123340.85
145 123435.02
146 124286.17
147 123466.01
148 123504.88
149 124378.20
150 123546.12
151 123595.00
152 124469.04
153 122920.99
154 123915.20
155 124537.94
156 124620.20
157 123742.10
158 123008.97
159 123157.02
160 122320.18
161 124058.01
162 123265.98
163 124273.78
164 124148.13
165 123438.12
166 122493.03
167 124171.02
168 123368.02
169 121933.94
170 121271.85
171 122215.99
172 122074.84
173 121129.99
174 122152.81
175 121963.02
176 120965.96
177 121052.03
178 121901.99
179 121008.16
180 120965.00
181 121731.04
182 121610.88
183 122462.03
184 121607.07
185 121541.02
186 122334.96
187 121359.83
188 121435.17
189 122243.17
190 122128.96
191 121291.16
192 121949.91
193 122047.90
194 121165.04
195 121865.99
196 121931.08
197 121020.08
198 121062.99
199 121697.90
200 120882.99
201 120992.18
202 121638.06
203 122374.06
204 122484.92
205 121460.91
206 121515.99
207 122267.01
208 121335.03
209 121404.17
210 122112.99
211 121227.98
212 121233.94
213 121991.87
214 122115.85
215 121143.10
216 121883.87
217 122004.99
218 121042.01
219 120990.99
220 121813.06
221 120865.11
222 120975.97
223 121687.89
224 122386.93
225 122469.90
226 121562.00
227 121577.02
228 122402.91
229 121397.02
230 121389.15
231 122186.90
232 121240.85
233 121271.85
234 122020.96
235 122117.04
236 121151.21
237 121923.92
238 122008.09
239 121098.04
240 121827.84
241 121824.98
242 120910.88
243 120995.04
244 121739.15
245 121087.07
246 120916.13
247 121550.08
248 121576.07
249 122387.89
250 121397.02
251 121501.92
252 122245.07
253 121324.06
254 121392.97
255 122092.96
256 122141.84
257 121291.16
258 121937.99
259 121983.05
260 121062.99
261 121806.86
262 121832.85
263 120967.86
264 120991.95
265 121647.12
266 120800.97
267 122494.94
268 121589.90
269 122319.94
270 122387.17
271 121392.97
272 121572.97
273 122228.86
274 121267.08
275 121395.11
276 122066.02
277 121213.91
278 121191.02
279 121955.16
280 122076.03
281 121182.92
282 121878.86
283 121919.87
284 121014.12
285 121036.05
286 121742.96
287 120851.04
288 120979.07
289 121633.05
290 122364.04
291 122476.10
292 121558.19
293 121472.12
294 122323.99
295 121288.06
296 121366.02
297 122118.95
298 121176.00
299 121227.03
300 121952.06
301 122072.94
302 121044.87
303 121855.02
304 121999.03
305 121001.01
306 121699.09
307 121790.89
308 120879.17
309 120986.94
310 121687.17
311 122379.06
312 122454.88
313 121562.96
314 121591.09
315 122370.96
316 121433.02
317 121567.01
318 122293.00
319 121392.97
320 121450.90
321 122188.09
322 122199.06
323 121359.11
324 122011.90
325 122067.93
326 121219.16
327 121885.06
328 121958.97
329 121068.00
330 121032.00
331 121921.06
332 120846.03
333 121030.09
334 121858.12
335 122720.00
336 122527.12
337 121534.11
338 121655.94
339 122244.83
340 121294.98
341 121402.98
342 122123.00
343 121222.97
344 121302.13
345 121931.08
346 122021.91
347 121103.05
348 121827.84
349 121922.02
350 121018.89
351 120966.91
352 121772.05
353 121040.11
354 120935.92
355 121512.89
356 122518.06
357 122326.14
358 121366.98
359 120953.08
360 121022.94
361 122032.88
362 122107.98
363 121624.95
364 121468.07
365 121238.95
366 121104.96
367 122101.07
368 122066.97
369 121456.15
370 120847.94
371 122245.07
372 122010.23
373 121062.99
374 121308.09
375 120993.14
376 122214.08
377 121427.06
378 121488.09
379 120945.93
380 122339.01
381 122482.06
382 121708.15
383 121813.06
384 122388.12
385 120925.19
386 121222.02
387 121187.21
388 121151.92
389 121202.95
390 121151.92
391 121167.18
392 121206.05
393 121184.11
394 121206.05
395 121067.05
396 121201.99
397 121200.08
398 121160.98
399 121125.94
400 121183.16
401 121191.98
402 121194.84
403 121188.16
404 121181.96
405 121207.95
406 121209.86
407 121196.03
408 121212.96
409 121195.08
410 121205.09
411 121198.89
412 121204.14
413 121097.09
414 121200.80
415 121206.05
416 121202.95
417 121204.85
418 121164.08
419 121139.05
420 121184.83
421 121201.04
422 121202.95
423 121260.88
424 121201.04
425 121153.83
426 121206.05
427 121203.18
428 121174.10
429 121208.19
430 121185.06
431 121211.05
432 121187.93
433 121142.15
434 121206.05
435 121201.99
436 121174.10
437 121209.14
438 121160.98
439 121125.94
440 121189.12
441 121207.95
442 121196.03
443 121176.00
444 121200.08
445 121196.99
446 121198.89
447 121200.08
448 121204.14
449 121207.95
450 121217.01
451 121209.86
452 121201.04
453 121170.04
454 121201.04
455 121135.95
456 121204.14
457 121201.99
458 121160.98
459 121202.95
460 121209.14
461 121198.89
462 121213.91
463 121180.06
464 121184.11
465 121172.19
466 121198.89
467 121201.99
468 121196.03
469 121207.95
470 121099.00
471 121111.15
472 121187.93
473 121211.05
474 121192.93
475 121209.86
476 121191.98
477 121188.16
478 121175.05
479 121153.83
480 121165.04
481 121208.91
482 121190.07
483 121200.08
484 121188.88
485 121203.90
486 121191.98
487 121161.94
488 121191.98
489 121183.87
490 121194.84
491 121188.16
492 121196.03
493 121200.08
494 121203.90
495 121198.89
496 121119.02
497 121104.00
498 121176.00
499 121197.94
500 121186.02
501 121209.86
502 121200.80
503 121201.04
504 121203.90
505 121200.08
506 121208.91
507 121204.85
508 121201.99
509 121204.14
510 121203.90
511 121155.02
512 121175.05
513 121227.98
514 121184.11
515 121155.02
516 121185.06
517 121206.05
518 121194.84
519 121107.82
520 121187.93
521 121200.08
522 121192.93
523 121201.99
524 121201.99
525 121202.95
526 121204.85
527 121201.04
528 121201.04
529 121196.03
530 121207.00
531 121189.83
532 121191.02
533 121197.94
534 121196.03
535 121165.04
536 121209.14
537 121207.95
538 121176.96
539 121137.14
540 121190.07
541 121223.93
542 121199.13
543 121156.93
544 121203.90
545 121201.99
546 121175.05
547 121207.95
548 121186.97
549 121177.91
550 121188.16
551 121103.05
552 121115.92
553 121212.96
554 121202.95
555 121183.87
556 121209.86
557 121180.06
558 121173.14
559 121124.03
560 121190.07
561 121203.18
562 121166.94
563 121175.05
564 121214.87
565 121201.04
566 121163.85
567 121197.94
568 121188.16
569 121201.04
570 121205.09
571 121198.89
572 121202.95
573 121205.09
574 121205.09
575 121202.95
576 121176.00
577 121208.91
578 121186.02
579 121115.21
580 121194.12
581 121171.95
582 121196.99
583 121190.07
584 121206.05
585 121199.13
586 121218.92
587 121211.05
588 121173.14
589 121204.85
590 121187.93
591 121114.02
592 121196.03
593 121170.04
594 121206.05
595 121172.90
596 121202.95
597 121186.02
598 121130.94
599 121209.86
