1200
0 121077.06
1 120974.06
2 120949.03
3 120923.04
4 120975.97
5 120954.99
6 120968.82
7 120962.14
8 120966.91
9 120960.95
10 120940.92
11 120963.10
12 120877.03
13 120925.90
14 120943.07
15 120943.07
16 120949.03
17 120969.06
18 120939.02
19 120977.16
20 120944.98
21 120906.11
22 120951.89
23 120915.89
24 120957.14
25 120951.89
26 120964.05
27 120857.95
28 120898.01
29 120964.05
30 120977.88
31 120969.06
32 120896.10
33 120971.20
34 120963.10
35 120971.20
36 120970.96
37 120948.79
38 120954.99
39 120882.99
40 120965.00
41 120971.92
42 120983.12
43 120919.94
44 120965.00
45 120860.10
46 120872.02
47 120852.95
48 120960.00
49 120929.00
50 120941.88
51 120939.97
52 120958.09
53 120944.02
54 120954.04
55 120953.08
56 120959.04
57 120960.00
58 120960.00
59 120960.00
60 120890.14
61 120958.09
62 120960.00
63 120963.10
64 120970.01
65 120940.21
66 120964.05
67 120939.97
68 120933.06
69 120919.94
70 120964.05
71 120969.06
72 120878.93
73 120958.81
74 120970.01
75 120973.11
76 120950.94
77 120941.16
78 120963.10
79 120944.98
80 120958.09
81 120952.13
82 120962.86
83 120836.97
84 120961.19
85 120965.00
86 120964.05
87 120862.01
88 120960.95
89 120939.97
90 120964.05
91 120948.79
92 120898.01
93 120922.09
94 120887.99
95 120962.86
96 120841.98
97 120918.04
98 120887.99
99 120879.89
100 120877.03
101 120899.92
102 120922.80
103 120965.00
104 121017.93
105 121571.06
106 121115.92
107 121475.93
108 120944.02
109 121178.87
110 121217.01
111 120777.13
112 122442.96
113 122752.90
114 120963.10
115 120774.98
116 120946.17
117 121465.92
118 120885.85
119 120868.92
120 120723.96
121 120841.98
122 121181.96
123 120940.92
124 120871.07
125 120987.18
126 121087.07
127 121098.04
128 120915.89
129 120901.82
130 120929.00
131 120826.01
132 121174.10
133 121403.93
134 121968.03
135 120913.03
136 120709.90
137 121606.83
138 121377.94
139 120745.18
140 121049.88
141 120939.97
142 120765.21
143 121365.07
144 121207.00
145 120905.16
146 121013.88
147 121152.16
148 120702.03
149 121429.92
150 121101.14
151 121282.10
152 120954.99
153 121205.09
154 120877.03
155 121841.19
156 120819.09
157 121072.05
158 121117.12
159 122410.06
160 121055.84
161 121083.97
162 121107.10
163 120965.96
164 121083.97
165 120917.80
166 121706.01
167 120836.02
168 121102.09
169 121510.03
170 122129.20
171 120987.18
172 122696.88
173 121004.82
174 120790.00
175 121526.96
176 121513.84
177 121534.11
178 121094.94
179 120815.99
180 121007.92
181 120901.82
182 121844.05
183 121253.01
184 121041.06
185 120740.89
186 122101.07
187 121428.97
188 121624.95
189 120724.92
190 121282.10
191 121115.92
192 121927.02
193 122105.12
194 121986.87
195 120776.89
196 120924.00
197 122223.14
198 121093.03
199 121479.99
200 120854.85
201 121015.07
202 120900.15
203 122256.04
204 120980.98
205 120922.09
206 121089.94
207 120882.03
208 120962.14
209 120944.98
210 121010.07
211 121855.02
212 120774.03
213 121536.02
214 121356.01
215 121443.03
216 120952.84
217 121654.03
218 121724.13
219 122392.18
220 120919.94
221 120824.10
222 120908.98
223 121104.96
224 121181.01
225 120887.04
226 121024.13
227 121579.89
228 121306.90
229 120854.85
230 120693.21
231 121059.89
232 121292.83
233 122346.88
234 121082.07
235 120872.02
236 121551.04
237 120966.91
238 120759.01
239 121603.97
240 120842.93
241 121490.00
242 120884.18
243 120778.80
244 121161.94
245 121310.00
246 121443.99
247 121243.95
248 121235.85
249 121278.05
250 121191.02
251 121135.95
252 120975.97
253 120852.95
254 121894.84
255 121748.92
256 121098.04
257 120863.91
258 121603.01
259 121286.87
260 121836.19
261 121940.85
262 121952.06
263 121102.09
264 121951.10
265 121082.07
266 121880.05
267 122041.94
268 121303.08
269 121963.98
270 122076.03
271 121145.01
272 121929.88
273 121536.97
274 121043.21
275 121589.18
276 121562.00
277 121458.05
278 121401.07
279 121654.03
280 121618.03
281 121635.91
282 121560.10
283 121412.04
284 121566.06
285 121193.89
286 121316.91
287 120893.96
288 121597.05
289 122358.08
290 121107.10
291 121210.81
292 121396.06
293 121930.84
294 120857.95
295 121353.15
296 121150.02
297 121978.04
298 121881.96
299 121132.14
300 121978.04
301 121096.85
302 121302.13
303 121066.09
304 121507.88
305 120990.04
306 120910.88
307 121854.07
308 121022.94
309 121636.15
310 121681.93
311 121330.98
312 121681.93
313 121688.84
314 121550.08
315 121506.93
316 121470.93
317 121364.12
318 120843.89
319 121138.10
320 121297.84
321 121575.12
322 121415.85
323 120866.06
324 121031.05
325 122482.06
326 121006.97
327 121178.15
328 120866.06
329 121061.09
330 121121.88
331 121014.83
332 121028.90
333 120954.04
334 120953.08
335 121732.95
336 121495.96
337 121145.96
338 120913.03
339 121591.09
340 121341.94
341 121055.84
342 121130.94
343 121018.89
344 120785.95
345 121101.86
346 121288.06
347 120873.93
348 120948.08
349 120926.86
350 121160.03
351 120924.95
352 121778.01
353 120990.99
354 120973.83
355 121840.95
356 120948.08
357 121006.01
358 121523.86
359 120885.13
360 121033.91
361 120947.84
362 120815.04
363 120687.01
364 121145.96
365 120763.06
366 120795.01
367 121092.08
368 120954.04
369 120867.01
370 120909.93
371 120738.98
372 120822.91
373 121067.05
374 120876.79
375 120758.06
376 120879.89
377 121249.91
378 120860.10
379 120941.16
380 120976.92
381 121451.14
382 121066.09
383 121010.07
384 120795.97
385 120870.11
386 120783.09
387 120990.04
388 120899.20
389 121013.88
390 120815.04
391 121134.04
392 121044.87
393 120985.98
394 121006.97
395 121537.92
396 120819.09
397 120965.00
398 121026.04
399 120785.00
400 121072.05
401 120857.95
402 120832.92
403 120898.01
404 120954.99
405 121186.97
406 120930.19
407 121325.02
408 120813.13
409 121187.21
410 121186.97
411 120867.97
412 121051.07
413 121138.10
414 120884.18
415 121541.98
416 120913.03
417 121012.93
418 120906.83
419 121001.96
420 121068.00
421 121074.91
422 121215.11
423 120955.94
424 121023.89
425 120797.16
426 121063.95
427 120924.95
428 121170.04
429 120898.96
430 120875.84
431 120920.90
432 120877.03
433 121355.06
434 121289.97
435 121011.97
436 120949.98
437 120903.97
438 121477.84
439 121062.04
440 121348.86
441 121019.12
442 121173.86
443 120721.82
444 120851.99
445 120835.07
446 121520.04
447 120871.07
448 120904.92
449 120949.03
450 120998.86
451 120919.94
452 120734.93
453 121245.15
454 120897.05
455 121122.84
456 121382.95
457 121375.08
458 120944.98
459 121067.05
460 120917.08
461 120859.86
462 121203.90
463 121620.18
464 120911.12
465 121022.94
466 121217.97
467 121553.90
468 120748.04
469 120989.08
470 121213.91
471 121355.77
472 121268.99
473 121379.14
474 121008.16
475 121374.85
476 120951.18
477 121119.02
478 120887.99
479 121338.84
480 121085.88
481 121267.80
482 121088.03
483 120985.03
484 121242.05
485 120953.80
486 121433.97
487 121112.11
488 121160.03
489 120904.92
490 121371.03
491 121310.00
492 121252.06
493 120870.11
494 121312.86
495 120815.99
496 121201.04
497 121475.93
498 120842.93
499 121385.10
500 120682.95
501 121074.91
502 120924.00
503 120876.07
504 121735.10
505 121235.85
506 120960.95
507 121396.06
508 121079.21
509 121351.96
510 120954.99
511 120823.14
512 120928.05
513 120939.97
514 121104.00
515 120770.93
516 121223.21
517 121341.94
518 121742.01
519 121281.86
520 121204.85
521 121197.94
522 121701.96
523 121068.00
524 121224.16
525 121482.13
526 121135.00
527 121459.01
528 121268.99
529 121329.07
530 121204.14
531 121567.96
532 121191.02
533 121474.03
534 121221.07
535 120876.07
536 121002.91
537 121212.96
538 120996.00
539 121177.91
540 120917.80
541 121235.85
542 121085.88
543 121472.84
544 121001.01
545 120784.04
546 121001.01
547 121440.89
548 121639.97
549 121057.99
550 121340.99
551 121155.98
552 121201.04
553 120844.13
554 121272.09
555 121457.10
556 121194.12
557 121273.04
558 120808.84
559 121279.00
560 121409.89
561 121279.00
562 121368.89
563 121427.06
564 121517.90
565 120944.02
566 120861.05
567 120919.94
568 121325.02
569 121474.98
570 121506.93
571 121686.94
572 121182.92
573 121068.00
574 121435.88
575 121882.92
576 121396.06
577 121314.05
578 121100.90
579 120862.96
580 121258.97
581 120995.04
582 121027.95
583 121512.17
584 121316.91
585 121426.11
586 121010.07
587 121068.95
588 121181.01
589 120756.15
590 121343.14
591 121212.01
592 121062.99
593 121180.77
594 121448.99
595 121582.98
596 121073.01
597 120929.00
598 121353.15
599 121456.86
600 120874.17
601 121606.83
602 121194.12
603 121238.95
604 121379.85
605 121484.04
606 121007.92
607 120893.96
608 120918.99
609 121187.93
610 121442.79
611 121170.04
612 121248.96
613 121428.01
614 120701.07
615 121572.02
616 121229.89
617 120979.07
618 121081.83
619 121301.17
620 121235.13
621 121642.83
622 121311.19
623 120998.14
624 121395.11
625 120967.86
626 121497.15
627 121397.02
628 121136.90
629 121389.15
630 121438.03
631 121140.00
632 120821.00
633 121260.88
634 121169.09
635 121397.02
636 121723.89
637 121017.93
638 121253.01
639 121402.98
640 121376.99
641 121526.00
642 121212.96
643 121093.99
644 120897.05
645 121365.07
646 120810.99
647 121326.92
648 120922.09
649 121669.05
650 121254.21
651 121168.85
652 120788.10
653 121467.83
654 121253.97
655 121701.00
656 121135.00
657 121149.78
658 121349.81
659 121492.86
660 121246.10
661 121001.01
662 121312.86
663 121504.07
664 121745.11
665 121397.97
666 121488.09
667 121371.03
668 121305.94
669 121392.01
670 121234.89
671 121482.13
672 121180.06
673 121176.96
674 121300.94
675 121378.90
676 121292.83
677 121251.11
678 120757.10
679 121344.09
680 121350.05
681 121269.94
682 121174.81
683 120965.00
684 120814.09
685 121707.20
686 121431.11
687 121529.82
688 121356.01
689 121563.91
690 120674.85
691 120646.00
692 121137.14
693 121362.92
694 121484.99
695 121312.86
696 120682.95
697 121181.96
698 121239.90
699 121361.02
700 121368.17
701 121109.01
702 121445.89
703 121453.05
704 121171.00
705 121439.93
706 121135.95
707 121886.01
708 120892.05
709 121120.93
710 121334.08
711 121295.93
712 121119.98
713 121159.08
714 121482.85
715 121174.81
716 121382.95
717 121209.14
718 121034.86
719 121829.99
720 121127.84
721 120949.03
722 121076.11
723 120727.06
724 120746.85
725 120785.00
726 121374.13
727 121100.90
728 121696.95
729 121719.84
730 121310.00
731 121405.12
732 121492.86
733 121201.99
734 121479.03
735 120970.01
736 120947.12
737 120873.93
738 121629.00
739 121024.13
740 121654.03
741 120789.05
742 121151.92
743 120658.87
744 121109.96
745 121341.94
746 121498.82
747 121396.06
748 121555.81
749 121419.19
750 120966.91
751 121578.93
752 121015.07
753 121206.05
754 121243.95
755 121322.15
756 121200.08
757 121183.87
758 121215.82
759 120872.02
760 121170.04
761 121246.10
762 120985.03
763 121574.88
764 121062.99
765 121531.01
766 120734.93
767 120784.04
768 121271.13
769 121126.89
770 121188.16
771 121090.89
772 121130.94
773 121169.09
774 121427.06
775 121268.99
776 121254.92
777 121153.83
778 121386.05
779 121387.96
780 121187.93
781 120872.97
782 121392.01
783 121206.05
784 121442.08
785 121011.02
786 121249.91
787 121654.03
788 121128.80
789 121335.03
790 121073.96
791 121082.07
792 121131.90
793 121160.98
794 121387.00
795 121272.09
796 120851.99
797 121338.13
798 121330.98
799 120884.90
800 121464.97
801 121048.93
802 121001.01
803 121613.98
804 121263.98
805 121557.00
806 121255.16
807 121196.03
808 120980.02
809 121152.88
810 121788.98
811 121324.06
812 121039.15
813 121665.95
814 120851.99
815 121383.91
816 121260.17
817 122004.03
818 120993.85
819 121390.82
820 121116.16
821 121143.82
822 121182.92
823 121089.94
824 121418.00
825 121068.95
826 121226.07
827 121481.90
828 121480.94
829 120990.99
830 121306.90
831 121571.06
832 121030.81
833 121063.95
834 121477.84
835 121479.03
836 121659.04
837 121422.05
838 121178.87
839 121906.04
840 121149.06
841 121068.95
842 121920.11
843 121278.05
844 121500.02
845 121105.19
846 121430.16
847 120937.82
848 121784.21
849 120990.04
850 121707.92
851 121622.09
852 121568.92
853 121326.92
854 121007.92
855 120748.04
856 121518.14
857 121093.99
858 121123.08
859 121258.97
860 121298.07
861 121555.09
862 120960.95
863 121587.04
864 121659.99
865 120990.99
866 121080.16
867 121474.03
868 121481.90
869 121448.04
870 121347.90
871 120732.07
872 121419.91
873 121384.86
874 121355.77
875 121309.04
876 120864.87
877 121382.00
878 121042.01
879 121230.13
880 121315.96
881 121227.98
882 121012.93
883 121282.10
884 121501.21
885 121252.06
886 121169.09
887 121453.05
888 121176.00
889 120995.04
890 121620.18
891 121428.01
892 121603.01
893 121279.00
894 121302.13
895 121100.19
896 121406.08
897 121320.01
898 121014.12
899 121354.82
900 121222.02
901 121346.00
902 121500.97
903 121011.02
904 121316.91
905 121759.89
906 120751.86
907 120822.91
908 121135.95
909 121212.01
910 120968.10
911 120930.91
912 121104.96
913 121682.88
914 121028.90
915 121180.06
916 121371.03
917 121254.92
918 121639.97
919 121328.83
920 121824.03
921 121500.97
922 121161.94
923 121113.06
924 121276.86
925 120936.87
926 121037.01
927 121352.91
928 121403.93
929 121424.91
930 121035.81
931 121319.77
932 121279.95
933 121255.87
934 121708.15
935 121102.09
936 121005.06
937 121071.10
938 120944.98
939 121428.97
940 121234.89
941 121161.94
942 121001.01
943 121984.00
944 121428.97
945 121056.08
946 120696.07
947 121670.01
948 120759.01
949 121537.92
950 121604.20
951 121130.94
952 121461.15
953 121568.92
954 121021.99
955 121712.92
956 120857.95
957 120958.09
958 121075.15
959 121064.90
960 121231.08
961 121073.96
962 121041.06
963 120965.00
964 121530.06
965 121480.94
966 121459.96
967 121208.91
968 121315.96
969 121651.17
970 121362.92
971 121070.15
972 120980.98
973 120970.96
974 120933.06
975 121292.11
976 121552.94
977 120962.14
978 121391.06
979 121870.99
980 121519.09
981 121361.97
982 121467.11
983 121136.90
984 121006.01
985 121026.04
986 120969.06
987 121127.13
988 121508.12
989 121075.15
990 121165.04
991 120862.01
992 121016.98
993 121276.14
994 121111.15
995 121300.94
996 121006.97
997 121186.97
998 121016.03
999 120888.95
1000 120805.03
1001 121052.03
1002 121492.86
1003 121151.92
1004 120955.94
1005 120718.96
1006 120924.95
1007 121666.91
1008 121072.05
1009 121481.90
1010 120870.83
1011 121047.97
1012 121433.02
1013 120945.22
1014 121278.05
1015 121544.12
1016 121254.92
1017 121155.02
1018 121277.09
1019 121081.11
1020 121032.95
1021 120911.12
1022 121111.87
1023 120891.81
1024 121495.01
1025 121002.20
1026 120934.01
1027 121374.13
1028 121268.99
1029 120862.96
1030 120970.01
1031 120909.93
1032 120717.05
1033 121117.12
1034 120882.99
1035 120699.88
1036 121729.14
1037 121096.13
1038 121368.17
1039 121197.94
1040 121192.93
1041 120790.00
1042 120992.90
1043 121407.99
1044 120816.95
1045 121001.96
1046 121279.00
1047 120977.88
1048 120759.01
1049 121057.03
1050 120983.84
1051 120863.91
1052 120707.04
1053 120826.96
1054 121313.10
1055 120928.05
1056 120763.06
1057 121141.91
1058 120958.09
1059 121259.21
1060 121464.97
1061 121372.94
1062 121137.14
1063 121018.89
1064 120779.99
1065 121142.86
1066 120973.11
1067 121189.83
1068 120975.02
1069 120898.01
1070 120931.86
1071 120964.05
1072 121166.94
1073 120917.80
1074 120920.18
1075 121451.85
1076 120712.04
1077 120799.06
1078 120980.02
1079 121316.91
1080 120815.99
1081 120936.87
1082 121414.90
1083 120985.98
1084 120820.05
1085 121231.08
1086 120990.99
1087 121092.08
1088 121089.94
1089 121236.09
1090 121398.93
1091 120944.02
1092 120872.02
1093 120831.97
1094 120876.07
1095 121441.84
1096 121078.97
1097 120898.96
1098 120891.09
1099 121104.00
1100 121155.02
1101 121074.20
1102 121024.13
1103 121102.81
1104 121123.08
1105 121122.12
1106 121085.17
1107 121035.10
1108 121123.08
1109 121099.95
1110 121062.04
1111 121120.93
1112 121115.92
1113 121100.90
1114 121078.97
1115 121119.02
1116 121103.05
1117 121057.99
1118 121062.04
1119 121106.86
1120 121100.19
1121 121122.12
1122 121109.96
1123 121068.95
1124 121105.19
1125 121104.96
1126 121061.09
1127 121019.12
1128 121098.04
1129 121123.08
1130 121132.14
1131 121047.02
1132 120972.16
1133 121103.05
1134 121122.12
1135 121131.90
1136 121068.00
1137 121079.92
1138 121101.86
1139 121120.93
1140 121059.89
1141 121159.79
1142 121120.93
1143 121006.01
1144 121066.81
1145 121123.08
1146 121104.96
1147 121065.14
1148 121125.94
1149 121109.01
1150 121073.01
1151 121109.96
1152 121107.10
1153 121137.86
1154 121067.05
1155 121052.03
1156 121117.12
1157 121083.02
1158 121104.00
1159 121124.98
1160 121066.09
1161 121058.94
1162 121101.14
1163 121104.00
1164 121106.86
1165 121131.90
1166 121060.85
1167 121042.01
1168 121021.03
1169 121118.07
1170 121043.21
1171 121077.06
1172 121099.00
1173 121109.96
1174 121117.12
1175 121088.98
1176 121104.00
1177 121124.98
1178 121109.01
1179 121070.15
1180 121073.96
1181 121108.06
1182 121099.95
1183 121161.94
1184 121126.89
1185 121016.98
1186 121067.05
1187 121096.13
1188 121095.18
1189 121114.97
1190 121132.14
1191 121086.12
1192 121083.02
1193 121116.16
1194 121102.09
1195 121128.08
1196 121109.96
1197 121070.15
1198 121077.06
1199 121090.89
