1200
0 121149.06
1 121042.97
2 121037.01
3 120972.87
4 121037.01
5 121023.18
6 120990.04
7 120991.95
8 121019.12
9 121042.97
10 121026.99
11 121043.92
12 121032.00
13 120970.01
14 120950.94
15 120895.15
16 121026.04
17 121021.03
18 120935.92
19 121112.11
20 121008.16
21 120992.90
22 121021.03
23 121021.03
24 121024.85
25 121018.89
26 121030.09
27 121026.99
28 121032.00
29 121000.05
30 121050.12
31 121014.83
32 120951.18
33 121026.04
34 121015.07
35 121028.90
36 121015.07
37 121099.95
38 120988.13
39 121005.06
40 121007.20
41 121020.08
42 121031.05
43 120982.17
44 121028.90
45 121037.01
46 121037.01
47 121023.89
48 121066.81
49 121031.05
50 120994.09
51 121038.91
52 121038.91
53 121022.94
54 120949.03
55 120965.00
56 121019.12
57 121032.00
58 121026.99
59 121029.85
60 121025.09
61 121004.10
62 121027.95
63 120987.89
64 121011.02
65 121038.91
66 121015.07
67 121032.00
68 121029.85
69 121005.06
70 121052.98
71 121018.17
72 120946.88
73 121011.02
74 121007.20
75 121016.98
76 121026.04
77 121026.99
78 121029.14
79 120994.09
80 121034.15
81 121011.02
82 121006.01
83 120985.03
84 121006.01
85 120970.96
86 121018.17
87 121053.22
88 121025.09
89 120985.03
90 121032.00
91 121036.05
92 120952.84
93 121036.05
94 121000.05
95 121787.07
96 120754.00
97 120872.97
98 120939.02
99 120997.91
100 120790.96
101 120934.01
102 120847.94
103 120882.99
104 121464.01
105 121356.01
106 122000.93
107 121107.10
108 121006.97
109 121892.93
110 121774.91
111 123456.00
112 122361.90
113 122397.90
114 123228.79
115 123199.94
116 122404.10
117 124122.86
118 124004.13
119 123133.90
120 122525.93
121 122358.08
122 123870.13
123 122900.01
124 124575.85
125 124521.02
126 122907.88
127 122099.88
128 123512.03
129 122571.95
130 124360.08
131 122951.98
132 122371.91
133 125071.05
134 123086.93
135 123760.94
136 122463.94
137 123528.96
138 122803.21
139 123072.15
140 122812.99
141 121756.08
142 122578.86
143 122535.94
144 122569.08
145 123183.01
146 124151.95
147 123391.87
148 124686.96
149 122472.05
150 122456.07
151 124025.82
152 124041.08
153 124001.03
154 124074.94
155 123082.88
156 123115.06
157 123810.05
158 122174.98
159 122059.82
160 122633.93
161 123461.96
162 122406.96
163 123318.91
164 122383.12
165 123304.13
166 123846.05
167 124701.02
168 125541.93
169 121887.92
170 123153.21
171 123173.00
172 122310.88
173 123075.96
174 122996.09
175 123878.96
176 123007.06
177 124274.02
178 122326.85
179 123567.10
180 124256.85
181 123484.13
182 123409.99
183 122377.16
184 123116.02
185 122426.99
186 122272.97
187 125350.00
188 123800.99
189 124524.83
190 122767.93
191 123605.01
192 123172.04
193 124830.96
194 123108.15
195 123657.94
196 122960.09
197 125247.96
198 123501.06
199 123734.00
200 123721.12
201 122667.07
202 123391.15
203 123394.01
204 124832.15
205 122235.06
206 122333.05
207 122405.05
208 122210.98
209 122282.03
210 122284.89
211 123264.79
212 123891.12
213 123776.91
214 123664.86
215 123417.14
216 123219.01
217 122992.04
218 122452.02
219 123120.07
220 122426.03
221 123805.05
222 122853.04
223 123079.06
224 123970.99
225 123816.01
226 122783.90
227 121982.10
228 122725.01
229 122721.91
230 122507.81
231 123468.88
232 122646.09
233 124030.11
234 123995.07
235 124166.01
236 122300.15
237 123060.94
238 123225.93
239 122880.94
240 124585.15
241 123633.15
242 123063.09
243 123726.84
244 122973.92
245 123061.18
246 122828.96
247 122615.10
248 122645.85
249 123550.89
250 125035.05
251 123228.07
252 123931.88
253 123990.06
254 122952.22
255 122083.19
256 122957.94
257 122766.97
258 124387.03
259 122596.03
260 121908.90
261 123511.08
262 123630.05
263 125080.82
264 124302.86
265 123368.02
266 124249.94
267 124131.92
268 124920.85
269 123307.94
270 122439.86
271 122256.99
272 122904.06
273 124665.02
274 123970.03
275 122750.04
276 123658.90
277 122759.10
278 122760.77
279 122607.95
280 123971.94
281 123276.00
282 124284.03
283 123980.05
284 123055.93
285 123129.13
286 123811.01
287 122721.20
288 122862.10
289 123554.94
290 126035.93
291 122929.10
292 122799.87
293 123458.15
294 122645.14
295 123658.18
296 123317.00
297 125620.84
298 123213.05
299 122538.09
300 123378.04
301 122445.11
302 122336.86
303 124958.99
304 122303.01
305 123979.81
306 122332.81
307 122368.10
308 122020.96
309 122920.04
310 121907.95
311 124373.91
312 122720.96
313 123383.05
314 124170.06
315 122608.18
316 123320.82
317 122266.77
318 123084.07
319 122899.06
320 124228.95
321 123653.89
322 124215.84
323 124426.13
324 122583.15
325 122358.08
326 124169.11
327 124867.92
328 122287.99
329 122996.09
330 122133.02
331 122922.18
332 123743.06
333 122711.90
334 123571.87
335 122589.11
336 122623.92
337 122466.09
338 123279.81
339 123104.10
340 122297.05
341 123035.91
342 123132.94
343 123817.92
344 123637.91
345 123627.90
346 122682.09
347 124037.03
348 124687.91
349 123001.81
350 124351.98
351 122849.94
352 122732.88
353 123512.03
354 122694.97
355 123483.90
356 123956.92
357 122252.94
358 123245.00
359 122415.07
360 122517.11
361 121957.06
362 122519.97
363 122344.97
364 122466.09
365 122251.99
366 121900.80
367 122377.87
368 122391.94
369 121880.05
370 122231.01
371 122759.82
372 122042.18
373 122427.94
374 122778.18
375 122200.97
376 122360.23
377 122289.90
378 122374.06
379 122224.09
380 122028.11
381 122163.06
382 122658.01
383 122102.98
384 122673.99
385 122324.94
386 122390.03
387 122255.09
388 122476.10
389 122364.04
390 122144.22
391 122992.99
392 122555.02
393 122531.89
394 122817.04
395 122784.85
396 122747.18
397 122156.14
398 122174.98
399 122132.06
400 121813.06
401 122044.09
402 122151.85
403 122056.01
404 122401.00
405 122211.93
406 122362.14
407 122402.91
408 122409.82
409 122265.10
410 122167.11
411 122051.00
412 122541.90
413 121834.99
414 122102.02
415 121833.09
416 122146.13
417 122154.00
418 122391.94
419 122380.97
420 122050.05
421 121985.91
422 122177.84
423 122387.89
424 122325.90
425 121906.04
426 121942.04
427 122275.83
428 122570.04
429 122598.17
430 122473.00
431 122526.88
432 122622.01
433 122285.13
434 122078.18
435 122556.92
436 122086.05
437 122425.08
438 122009.04
439 122565.98
440 122510.91
441 122749.09
442 122416.02
443 122384.07
444 122452.02
445 122624.16
446 122784.85
447 122686.15
448 122176.17
449 122241.02
450 122445.82
451 122232.91
452 121838.81
453 122169.02
454 122323.99
455 122411.01
456 122271.06
457 122457.03
458 122679.00
459 122593.16
460 122380.02
461 122354.98
462 121869.09
463 121622.09
464 122220.99
465 121906.04
466 122078.18
467 122344.02
468 122666.12
469 122592.93
470 122148.99
471 122214.08
472 122555.97
473 121994.02
474 122453.21
475 122306.11
476 122380.02
477 122702.12
478 122165.92
479 122152.09
480 122018.10
481 122431.99
482 122471.09
483 121971.13
484 122148.99
485 121745.82
486 122523.07
487 122441.05
488 122265.10
489 121943.00
490 122506.86
491 122465.13
492 121668.82
493 122051.95
494 122393.13
495 122569.80
496 122986.08
497 122236.97
498 121878.15
499 123049.02
500 122775.08
501 122180.94
502 122843.98
503 122380.02
504 122802.02
505 122248.17
506 121960.88
507 122341.16
508 122152.09
509 122031.93
510 122776.99
511 122045.04
512 122586.97
513 123288.87
514 122851.13
515 122641.09
516 122154.00
517 122633.93
518 122547.86
519 122476.10
520 122514.01
521 122251.03
522 122454.88
523 122756.96
524 122243.88
525 122074.84
526 122401.95
527 123122.22
528 122344.02
529 123142.96
530 122475.86
531 122432.95
532 122553.83
533 122376.92
534 122287.99
535 121965.17
536 122241.97
537 121874.09
538 122627.02
539 122665.17
540 122416.02
541 122141.84
542 122429.85
543 122344.02
544 122704.03
545 122515.92
546 122241.02
547 122484.21
548 122616.05
549 122317.08
550 122184.99
551 122348.07
552 122272.01
553 122404.10
554 122576.95
555 122323.04
556 122233.15
557 122632.98
558 122863.05
559 122699.98
560 121607.07
561 121004.10
562 121198.89
563 121062.99
564 121235.13
565 121321.92
566 121078.97
567 121151.92
568 121083.97
569 121114.97
570 121359.11
571 121297.84
572 121092.08
573 121119.02
574 121423.01
575 121175.05
576 121201.04
577 120987.89
578 121249.91
579 121243.00
580 121670.01
581 120940.92
582 121109.96
583 121375.08
584 121330.02
585 121323.82
586 121125.94
587 121103.05
588 121153.83
589 120909.93
590 121417.05
591 120846.03
592 121070.86
593 121233.94
594 120945.93
595 121208.91
596 120982.89
597 120976.21
598 121077.06
599 121171.95
600 121183.16
601 121395.11
602 120929.96
603 121040.82
604 121333.84
605 121139.05
606 121143.10
607 121092.08
608 121104.00
609 121155.98
610 121435.88
611 121559.86
612 120964.05
613 121227.98
614 120992.90
615 121291.88
616 121392.01
617 121052.03
618 121161.94
619 121484.99
620 121099.00
621 121168.14
622 120996.00
623 121083.02
624 121169.09
625 121006.01
626 121176.96
627 121181.01
628 121145.96
629 121499.06
630 121123.08
631 120980.98
632 121110.92
633 120919.94
634 121439.93
635 121412.04
636 120821.00
637 120967.86
638 120908.02
639 121027.95
640 121126.17
641 120975.97
642 121216.06
643 121236.09
644 120868.92
645 121289.01
646 121010.07
647 121097.80
648 121158.12
649 121320.96
650 120837.93
651 121055.84
652 121176.00
653 120889.19
654 121155.98
655 121082.07
656 121456.86
657 120987.89
658 121248.01
659 120879.89
660 121119.98
661 121135.95
662 120990.04
663 121037.01
664 120953.08
665 121136.19
666 121172.90
667 121022.94
668 121029.85
669 121017.93
670 121077.06
671 121023.89
672 121049.88
673 121285.92
674 121257.07
675 120877.03
676 121149.06
677 120935.20
678 120907.07
679 121216.06
680 120998.14
681 121088.03
682 121237.04
683 121135.95
684 120809.08
685 120800.97
686 120939.02
687 120996.95
688 121197.94
689 121142.15
690 120913.03
691 121207.95
692 120729.92
693 121320.96
694 121114.97
695 121083.97
696 120866.06
697 120934.01
698 120790.00
699 121118.07
700 121075.87
701 121051.07
702 121006.97
703 121017.93
704 120834.11
705 120779.04
706 121113.06
707 121038.91
708 121211.05
709 120948.08
710 121284.01
711 120999.10
712 121078.01
713 121616.13
714 121283.77
715 120865.11
716 121180.06
717 121057.03
718 120938.78
719 121143.10
720 121404.17
721 120878.22
722 121157.88
723 120965.00
724 120970.01
725 121307.13
726 120754.96
727 121438.98
728 120991.95
729 121153.12
730 121072.05
731 121346.95
732 121099.00
733 121046.07
734 120982.89
735 121371.98
736 121132.85
737 121270.18
738 121243.00
739 120980.02
740 121117.12
741 120934.96
742 120953.80
743 121218.92
744 121120.93
745 121037.96
746 120877.03
747 120985.03
748 121217.97
749 120966.20
750 121176.96
751 121056.08
752 120796.20
753 121374.13
754 120728.02
755 121119.98
756 120975.02
757 121042.97
758 121206.05
759 121320.96
760 120747.09
761 121048.21
762 121179.10
763 121203.90
764 120733.98
765 121190.07
766 121051.07
767 120720.15
768 121086.84
769 121174.10
770 120793.82
771 121555.09
772 121279.00
773 120880.13
774 121058.94
775 121277.09
776 121042.97
777 121068.95
778 120801.93
779 120929.00
780 121089.94
781 121243.00
782 120819.09
783 121106.86
784 121436.83
785 121297.12
786 120917.08
787 120900.15
788 120978.83
789 121266.84
790 120898.01
791 121614.93
792 121117.12
793 121189.12
794 121006.01
795 121171.95
796 120836.97
797 120846.99
798 121383.91
799 121018.89
800 120923.04
801 120947.12
802 120970.96
803 121090.89
804 120987.89
805 121059.89
806 121056.08
807 121336.94
808 120912.08
809 120925.90
810 121151.92
811 120792.15
812 120939.97
813 120881.08
814 121036.77
815 121011.02
816 121038.91
817 120938.06
818 120768.07
819 121253.97
820 120934.96
821 121320.96
822 120781.90
823 121267.08
824 120868.92
825 120862.01
826 121295.93
827 121006.01
828 120800.02
829 121094.94
830 120921.85
831 120836.97
832 121104.96
833 121055.13
834 120926.86
835 121072.05
836 120815.99
837 120882.99
838 120915.89
839 120933.06
840 121671.92
841 121397.97
842 121001.01
843 120744.94
844 120882.03
845 121344.80
846 121167.90
847 120858.91
848 121066.09
849 120878.93
850 121168.85
851 121170.04
852 120915.17
853 121426.11
854 120973.83
855 120980.98
856 121047.97
857 120773.08
858 121365.07
859 121443.99
860 121124.98
861 121116.88
862 121271.13
863 121217.97
864 121135.00
865 121021.99
866 121084.93
867 120910.88
868 120843.89
869 121037.96
870 121043.21
871 120948.08
872 120902.06
873 120919.94
874 121101.14
875 121203.18
876 120998.86
877 121194.12
878 120980.98
879 121324.06
880 120829.82
881 121606.11
882 121340.99
883 121006.01
884 120898.96
885 121266.13
886 121102.81
887 121058.94
888 121124.03
889 121281.15
890 121136.90
891 120948.08
892 120950.94
893 121031.05
894 121169.09
895 121002.20
896 121120.93
897 121299.98
898 121160.03
899 120728.97
900 121082.07
901 120943.07
902 121109.96
903 120834.11
904 120911.84
905 120825.05
906 120999.10
907 121242.05
908 120929.00
909 120786.91
910 121085.88
911 121456.15
912 121419.19
913 121201.04
914 120811.94
915 121243.95
916 121975.18
917 120931.15
918 121300.94
919 120864.15
920 121031.05
921 120782.85
922 121517.90
923 120978.83
924 121481.18
925 121022.94
926 121260.88
927 121382.95
928 120997.91
929 121506.93
930 121237.04
931 121363.16
932 121279.00
933 120707.04
934 120831.97
935 121113.06
936 121270.90
937 121363.88
938 120781.90
939 121016.98
940 120953.08
941 121100.90
942 121181.96
943 120882.03
944 120775.94
945 121024.13
946 121232.03
947 120846.99
948 120845.79
949 121131.90
950 121190.07
951 120940.92
952 120948.08
953 121025.09
954 121026.99
955 121036.05
956 120960.00
957 121015.79
958 121008.87
959 121012.93
960 121019.12
961 121042.01
962 121025.09
963 120943.07
964 121002.91
965 121013.88
966 121027.95
967 121033.19
968 121024.85
969 121008.87
970 121014.12
971 121006.97
972 120981.93
973 121023.89
974 120995.04
975 121011.02
976 121015.07
977 121008.87
978 121022.94
979 121034.15
980 121026.99
981 121028.90
982 121047.02
983 120959.04
984 121009.11
985 121017.22
986 121024.85
987 121041.06
988 121160.03
989 121027.95
990 120983.12
991 121005.06
992 120990.04
993 121029.14
994 121026.99
995 121028.90
996 121039.87
997 121020.08
998 121001.96
999 121029.14
1000 121052.03
1001 121038.91
1002 121037.01
1003 121029.85
1004 121009.11
1005 121010.07
1006 121022.94
1007 121039.15
1008 121029.14
1009 121022.94
1010 121037.01
1011 120990.99
1012 121012.93
1013 121035.81
1014 121030.09
1015 121036.05
1016 121026.04
1017 121109.01
1018 121031.05
1019 121062.99
1020 121126.89
1021 121133.80
1022 121024.13
1023 121066.09
1024 121127.13
1025 121140.00
1026 121120.93
1027 121129.99
1028 121135.95
1029 121139.05
1030 121150.02
1031 121123.08
1032 121095.90
1033 121145.01
1034 121149.06
1035 121133.09
1036 121137.14
1037 121141.20
1038 121118.07
1039 121125.94
1040 121145.01
1041 121110.92
1042 121135.00
1043 121124.03
1044 121140.00
1045 121129.04
1046 121116.88
1047 121132.14
1048 121144.06
1049 121128.08
1050 121128.08
1051 121144.06
1052 121109.01
1053 121116.88
1054 121131.90
1055 121128.08
1056 121135.23
1057 121135.95
1058 121103.05
1059 121130.94
1060 121118.07
1061 121125.94
1062 121134.04
1063 121092.08
1064 121135.95
1065 121171.00
1066 121114.02
1067 121107.82
1068 121135.00
1069 121165.04
1070 121135.95
1071 121083.97
1072 121092.80
1073 121144.06
1074 121140.96
1075 121140.00
1076 121130.94
1077 121122.12
1078 121121.17
1079 121120.93
1080 121140.96
1081 121130.94
1082 121135.95
1083 121099.00
1084 121117.12
1085 121138.10
1086 121135.00
1087 121136.90
1088 121124.98
1089 121110.92
1090 121124.98
1091 121137.14
1092 121191.98
1093 121135.95
1094 121135.00
1095 121119.98
1096 121122.12
1097 121122.12
1098 121140.96
1099 121078.01
1100 121129.99
1101 121138.81
1102 121133.09
1103 121124.03
1104 121135.95
1105 121148.11
1106 121131.18
1107 121131.90
1108 121114.02
1109 121135.00
1110 121127.13
1111 121144.06
1112 121131.90
1113 121129.99
1114 121143.10
1115 121114.02
1116 121121.17
1117 121135.95
1118 121140.96
1119 121131.90
1120 121129.99
1121 121136.19
1122 121150.97
1123 121063.95
1124 121120.93
1125 121134.04
1126 121150.02
1127 121115.92
1128 121140.96
1129 121123.08
1130 121112.11
1131 121129.04
1132 121094.94
1133 121135.00
1134 121174.10
1135 121165.04
1136 121136.19
1137 121099.00
1138 121121.88
1139 121093.99
1140 121127.84
1141 121137.86
1142 121111.87
1143 121058.94
1144 121126.89
1145 121136.90
1146 121135.95
1147 121129.99
1148 121143.82
1149 121116.88
1150 121119.02
1151 121140.00
1152 121109.96
1153 121135.00
1154 121142.15
1155 121145.96
1156 121120.93
1157 121117.12
1158 121130.94
1159 121136.90
1160 121126.89
1161 121174.10
1162 121097.09
1163 121042.01
1164 121132.85
1165 121149.06
1166 121137.14
1167 121112.11
1168 121114.97
1169 121127.84
1170 121129.04
1171 121133.80
1172 121131.90
1173 121130.94
1174 121146.92
1175 121040.82
1176 121114.97
1177 121137.86
1178 121132.14
1179 121128.08
1180 121129.99
1181 121121.88
1182 121103.05
1183 121066.09
1184 121124.98
1185 121143.10
1186 121135.00
1187 121159.79
1188 121141.91
1189 121083.97
1190 121111.87
1191 121131.90
1192 121102.09
1193 121129.99
1194 121138.10
1195 121173.86
1196 121109.01
1197 121129.04
1198 121139.05
1199 121131.90
