1200
0 121268.99
1 121145.01
2 121136.19
3 121055.84
4 121111.15
5 121129.99
6 121084.93
7 121132.85
8 121111.15
9 121139.05
10 121114.97
11 121143.10
12 121124.03
13 121137.14
14 121127.13
15 121138.10
16 121128.08
17 121119.98
18 121173.86
19 121128.08
20 121099.00
21 121132.14
22 121135.00
23 121099.00
24 121204.14
25 121114.02
26 121105.91
27 121121.17
28 121124.03
29 121145.96
30 121152.88
31 121145.01
32 120981.93
33 121135.00
34 121136.19
35 121138.10
36 121122.84
37 121130.94
38 121138.10
39 121135.95
40 121143.10
41 121145.96
42 121078.01
43 121117.12
44 121129.04
45 121120.93
46 121090.89
47 121109.96
48 121130.23
49 121135.95
50 121135.95
51 121098.04
52 121042.97
53 121119.02
54 121069.91
55 121128.08
56 121130.94
57 121123.79
58 121112.82
59 121121.88
60 121039.15
61 121128.08
62 121133.09
63 121145.96
64 121109.96
65 121086.12
66 121036.05
67 121103.05
68 121139.76
69 121124.03
70 121137.86
71 121129.99
72 121134.04
73 121124.98
74 121061.09
75 121127.13
76 121136.90
77 121127.13
78 121104.00
79 121135.95
80 121139.05
81 121143.10
82 121053.93
83 121111.87
84 121140.00
85 121125.22
86 121092.08
87 121143.10
88 121110.92
89 121144.06
90 121110.92
91 121140.96
92 121120.93
93 121137.86
94 121019.84
95 121307.85
96 121015.07
97 120944.02
98 120997.19
99 121016.03
100 121027.95
101 120971.92
102 121586.08
103 121129.99
104 121022.94
105 125450.13
106 121942.04
107 121478.08
108 122326.14
109 122319.94
110 123194.93
111 123916.15
112 123120.07
113 123507.02
114 123512.03
115 124360.08
116 123460.05
117 123600.01
118 122925.04
119 123547.08
120 125154.02
121 125034.09
122 122486.83
123 121840.00
124 122478.96
125 123179.91
126 124685.05
127 122242.93
128 122641.09
129 122535.94
130 122154.95
131 123733.04
132 122071.03
133 122885.94
134 123066.90
135 123691.08
136 122406.01
137 123188.02
138 123852.97
139 123846.05
140 121955.87
141 123757.84
142 123135.09
143 123852.97
144 124772.07
145 123028.99
146 122869.01
147 123226.17
148 122299.91
149 123116.02
150 123177.05
151 123190.88
152 123066.90
153 123795.99
154 122264.86
155 124047.04
156 124562.98
157 124463.08
158 123296.02
159 122673.99
160 122324.94
161 123295.07
162 123304.84
163 123206.14
164 124223.95
165 122678.04
166 122776.99
167 123483.18
168 122747.18
169 123683.93
170 121958.02
171 124344.83
172 122915.98
173 125092.03
174 122588.16
175 122857.09
176 123652.94
177 123507.98
178 122998.95
179 122792.96
180 123635.05
181 123054.03
182 122792.01
183 123122.93
184 125234.84
185 122880.94
186 122516.16
187 124428.99
188 123095.04
189 123784.07
190 122987.99
191 123870.85
192 123832.94
193 122888.09
194 122767.93
195 124661.92
196 122792.01
197 123341.08
198 123605.01
199 124439.00
200 122627.97
201 125444.89
202 123679.88
203 123889.92
204 122754.81
205 122832.06
206 123686.08
207 123756.89
208 122735.98
209 125155.93
210 123673.92
211 122731.92
212 123525.14
213 122311.12
214 122839.93
215 123646.97
216 125483.99
217 125486.14
218 123778.10
219 122916.94
220 123450.99
221 122837.07
222 123606.92
223 122711.18
224 123558.04
225 122468.23
226 122919.08
227 124490.02
228 123803.14
229 122994.90
230 122224.09
231 123735.90
232 122097.02
233 123856.78
234 122807.98
235 123626.95
236 123189.93
237 124681.00
238 123594.05
239 122113.94
240 122955.80
241 123034.00
242 123058.80
243 122974.87
244 125283.00
245 123717.78
246 122905.97
247 123975.04
248 123059.99
249 123646.97
250 122761.96
251 123641.97
252 122777.94
253 121988.06
254 123582.84
255 124557.97
256 122898.82
257 122750.04
258 123003.01
259 122699.02
260 126101.02
261 124813.08
262 123595.00
263 122085.09
264 123349.91
265 123310.09
266 123378.04
267 123109.10
268 124265.91
269 124749.90
270 123762.13
271 123162.98
272 124614.95
273 122235.06
274 123144.15
275 124030.11
276 123484.13
277 123436.21
278 125046.01
279 122698.07
280 123280.05
281 123523.00
282 122374.06
283 123130.08
284 122353.08
285 123439.07
286 124453.07
287 122694.97
288 122648.00
289 125211.00
290 124923.94
291 123368.02
292 122579.10
293 122848.99
294 124208.93
295 124247.07
296 125055.79
297 123399.02
298 122490.88
299 123255.97
300 123146.06
301 123111.01
302 122459.17
303 123332.98
304 124778.03
305 125020.03
306 122226.00
307 123184.20
308 124175.07
309 124789.00
310 123909.00
311 123209.95
312 123222.83
313 122488.02
314 122473.00
315 124094.01
316 125144.00
317 122562.89
318 122647.05
319 122711.90
320 123507.98
321 122671.13
322 123426.91
323 123018.03
324 123123.88
325 123977.90
326 122550.96
327 123079.06
328 122343.06
329 123063.09
330 122435.09
331 123265.98
332 122453.93
333 122428.89
334 124043.94
335 124361.99
336 122579.81
337 122502.09
338 123453.14
339 122565.98
340 122635.84
341 123278.14
342 122436.05
343 123634.10
344 125108.96
345 124401.09
346 123684.17
347 122168.06
348 122967.96
349 122817.99
350 122864.01
351 126111.03
352 122393.13
353 123692.99
354 123129.13
355 123158.93
356 122333.05
357 124966.86
358 123035.91
359 122017.86
360 122456.07
361 122014.05
362 122303.01
363 122045.99
364 122481.11
365 122339.96
366 122755.05
367 122740.03
368 122786.05
369 122668.03
370 122380.02
371 122700.93
372 122395.04
373 122184.99
374 122532.13
375 122553.83
376 122454.88
377 122534.99
378 122334.00
379 122462.99
380 122671.84
381 122835.87
382 122879.03
383 122112.04
384 122411.01
385 122310.88
386 122809.89
387 122319.94
388 122585.06
389 122647.05
390 122580.05
391 122559.79
392 122437.00
393 122380.02
394 122225.05
395 123435.02
396 122246.98
397 122052.91
398 122327.80
399 122546.91
400 122179.99
401 122526.17
402 122545.00
403 122460.84
404 122519.02
405 122191.19
406 122094.87
407 121985.91
408 122535.94
409 121961.12
410 122545.00
411 122854.95
412 122364.04
413 122773.17
414 122679.23
415 122894.05
416 122488.02
417 122768.16
418 122503.04
419 121861.93
420 122051.95
421 122071.98
422 122329.00
423 122581.01
424 122474.91
425 122379.78
426 122536.90
427 122386.93
428 122388.12
429 122087.00
430 122588.16
431 122004.99
432 122402.91
433 123037.10
434 122689.96
435 122462.03
436 122981.07
437 122938.16
438 122474.91
439 122801.07
440 122411.97
441 122869.01
442 122673.99
443 122735.02
444 122408.87
445 122293.00
446 122051.95
447 122287.03
448 122524.98
449 123189.93
450 122365.95
451 122028.11
452 122272.97
453 122421.98
454 122584.10
455 122112.99
456 122415.78
457 122969.15
458 123362.06
459 122928.86
460 122210.98
461 122927.90
462 121940.14
463 122407.91
464 121802.09
465 122246.98
466 122462.99
467 122678.04
468 122405.05
469 122851.13
470 122283.94
471 122784.14
472 122169.02
473 122572.90
474 122625.11
475 121930.84
476 122008.09
477 122459.89
478 122463.94
479 122091.05
480 122447.97
481 122754.81
482 122675.90
483 121968.98
484 122448.92
485 122478.96
486 122727.87
487 122150.90
488 121927.98
489 122332.10
490 122642.99
491 122434.85
492 122509.00
493 121949.91
494 121726.99
495 122583.15
496 122683.05
497 122393.85
498 122399.09
499 122582.20
500 122705.94
501 122540.00
502 122885.94
503 122295.86
504 122236.97
505 122175.93
506 122142.08
507 122380.02
508 122707.13
509 122692.11
510 122414.11
511 122165.92
512 122493.98
513 122606.99
514 122025.97
515 122374.06
516 122823.00
517 122182.85
518 122040.99
519 122789.86
520 122281.07
521 122309.21
522 122222.90
523 123090.03
524 122452.97
525 122504.00
526 122356.89
527 122473.00
528 122543.81
529 122679.00
530 122831.82
531 122152.09
532 122882.13
533 122201.92
534 122459.89
535 122811.08
536 122686.86
537 122933.86
538 122450.11
539 122256.04
540 122457.98
541 122463.94
542 122238.87
543 122679.00
544 122567.89
545 122870.92
546 122427.94
547 122422.93
548 122847.08
549 122967.00
550 123422.15
551 122795.10
552 122681.14
553 122355.94
554 122622.01
555 121919.16
556 122631.07
557 122653.01
558 122646.09
559 122888.09
560 122465.13
561 122132.06
562 121479.99
563 121151.92
564 121150.02
565 121135.00
566 121250.15
567 120821.95
568 120924.00
569 121231.08
570 120989.08
571 120944.98
572 121290.92
573 121266.13
574 120819.81
575 120958.09
576 120845.08
577 121191.98
578 121045.11
579 121332.17
580 121044.87
581 121126.17
582 120970.01
583 120807.17
584 120917.08
585 120881.08
586 120744.94
587 121268.03
588 121251.82
589 120924.00
590 121183.16
591 120924.00
592 120955.94
593 120759.01
594 121102.81
595 121010.07
596 121532.92
597 120941.88
598 120921.85
599 121713.16
600 120931.15
601 121095.90
602 121124.98
603 120777.85
604 121132.85
605 121045.11
606 120932.10
607 121055.13
608 120973.11
609 121008.16
610 121047.97
611 120811.94
612 120903.02
613 121014.83
614 121139.05
615 121048.93
616 121427.06
617 120881.08
618 121030.09
619 121005.77
620 120989.80
621 121058.94
622 121100.90
623 121191.98
624 121205.09
625 121092.08
626 121299.03
627 120786.91
628 121124.03
629 121751.07
630 121202.95
631 121057.03
632 121016.03
633 121939.18
634 121037.96
635 121116.16
636 121216.06
637 121356.96
638 120940.92
639 120867.97
640 121215.11
641 120966.91
642 121201.99
643 121547.94
644 120893.00
645 120929.00
646 121027.95
647 121561.05
648 120893.96
649 121391.06
650 121133.09
651 120994.81
652 120781.90
653 121161.94
654 120876.07
655 121372.94
656 120879.89
657 120985.03
658 121006.01
659 121170.04
660 120867.97
661 120858.19
662 120907.07
663 120787.86
664 121979.95
665 120762.11
666 121650.93
667 120764.97
668 120828.15
669 121081.83
670 121268.03
671 120862.96
672 121147.16
673 121156.93
674 121165.04
675 121447.09
676 121446.85
677 121350.05
678 121141.20
679 120779.04
680 121154.79
681 121208.91
682 121047.97
683 120866.06
684 120969.06
685 121379.14
686 120978.83
687 120981.93
688 120864.15
689 120934.96
690 120969.06
691 121155.98
692 121359.83
693 120771.88
694 120909.93
695 121116.88
696 120862.01
697 120810.03
698 120754.00
699 121047.02
700 121040.82
701 121071.82
702 121369.12
703 120747.80
704 120867.97
705 120926.14
706 120962.86
707 121390.10
708 121469.02
709 121246.10
710 120819.09
711 120837.93
712 121207.95
713 121068.95
714 120784.04
715 121650.93
716 120809.08
717 121166.94
718 120942.12
719 120913.98
720 120944.02
721 121047.97
722 121881.01
723 121376.99
724 121095.18
725 120939.02
726 121005.06
727 120777.85
728 121004.10
729 121190.79
730 121201.04
731 121218.92
732 121114.97
733 121031.05
734 120805.03
735 120934.01
736 121222.02
737 121453.05
738 121367.93
739 120992.90
740 121183.16
741 121279.95
742 121156.22
743 121014.12
744 120872.02
745 121058.94
746 121175.05
747 120892.05
748 121145.96
749 120837.93
750 121021.03
751 121136.19
752 121068.00
753 121001.96
754 120965.96
755 121324.06
756 120794.06
757 120980.02
758 121273.04
759 121250.87
760 120954.99
761 120861.05
762 120757.10
763 121095.90
764 121454.95
765 120692.97
766 121351.96
767 121105.91
768 121159.08
769 121720.08
770 121158.84
771 120866.06
772 121117.12
773 121016.03
774 121335.03
775 121129.99
776 121007.20
777 120861.05
778 121047.02
779 120904.21
780 121193.89
781 121141.91
782 121730.09
783 120829.11
784 120936.16
785 121145.01
786 120990.99
787 120989.08
788 121515.99
789 121089.94
790 121325.02
791 120771.88
792 120768.07
793 121033.19
794 121519.09
795 120918.04
796 121496.92
797 121041.77
798 120999.81
799 121268.99
800 120981.93
801 120912.08
802 121224.88
803 120803.83
804 121053.93
805 121139.05
806 120929.00
807 120926.86
808 120874.88
809 121015.07
810 121052.03
811 121447.09
812 121391.06
813 121144.06
814 121476.89
815 121096.13
816 120960.00
817 121169.81
818 121092.08
819 121171.00
820 120941.88
821 121046.07
822 120998.14
823 120703.94
824 121073.01
825 120958.09
826 120814.80
827 120880.13
828 121391.06
829 121195.08
830 121252.06
831 121210.10
832 121297.84
833 121500.02
834 121177.20
835 121443.99
836 121193.89
837 121362.92
838 120871.07
839 121278.05
840 121002.91
841 120901.11
842 121289.97
843 120907.07
844 120979.07
845 121047.97
846 121086.84
847 121272.09
848 121062.99
849 121209.14
850 121302.13
851 120882.99
852 120944.98
853 121058.94
854 120944.98
855 121133.09
856 121133.09
857 121003.87
858 121302.84
859 120863.91
860 121006.01
861 120790.96
862 121255.16
863 121140.00
864 120949.98
865 121202.95
866 121004.10
867 120893.00
868 120949.03
869 121068.95
870 121136.90
871 120990.99
872 121237.99
873 120795.01
874 121047.02
875 120963.10
876 120958.09
877 121047.02
878 120826.01
879 120859.15
880 121001.96
881 121183.16
882 121034.86
883 121026.99
884 121291.88
885 120716.09
886 121049.17
887 121011.02
888 120754.00
889 120996.95
890 121145.01
891 121030.09
892 120833.16
893 121178.87
894 120929.96
895 120697.02
896 121310.00
897 121274.95
898 120928.05
899 121042.97
900 121410.13
901 120738.98
902 120841.98
903 120785.00
904 121055.84
905 120824.81
906 121056.08
907 121066.09
908 121362.92
909 121818.07
910 120944.02
911 120898.96
912 121372.94
913 121062.04
914 120778.80
915 120930.91
916 120666.03
917 120915.89
918 120852.95
919 121253.01
920 121072.05
921 121078.97
922 120982.89
923 120884.90
924 121021.03
925 121215.11
926 121101.86
927 120930.91
928 120960.00
929 120967.15
930 121281.86
931 121207.95
932 120877.98
933 121124.03
934 121073.01
935 121047.97
936 121336.22
937 121160.98
938 120912.08
939 121241.09
940 120937.11
941 120934.01
942 121307.85
943 121052.98
944 121227.03
945 121010.07
946 121424.91
947 121279.00
948 121013.16
949 120867.97
950 121065.86
951 121109.01
952 121132.85
953 121113.06
954 121149.06
955 121119.98
956 121111.87
957 121119.98
958 121117.83
959 121126.89
960 121122.12
961 121133.09
962 121098.04
963 121137.86
964 121112.82
965 121058.94
966 121120.93
967 121122.84
968 121132.14
969 121057.99
970 121139.05
971 121180.06
972 121109.01
973 121092.08
974 121116.16
975 121138.10
976 121122.84
977 121181.96
978 121135.95
979 121073.01
980 121106.86
981 121135.00
982 121090.89
983 121109.96
984 121188.88
985 121040.11
986 121095.90
987 121134.04
988 121145.01
989 121136.90
990 121114.02
991 121028.90
992 121116.16
993 121141.91
994 121144.06
995 121109.01
996 121117.83
997 121114.97
998 121108.06
999 121124.98
1000 121136.90
1001 121134.04
1002 121095.90
1003 121079.92
1004 121122.12
1005 121062.04
1006 121129.04
1007 121129.99
1008 121135.00
1009 121100.90
1010 121135.95
1011 121151.92
1012 121105.91
1013 121083.02
1014 121122.12
1015 121117.12
1016 121044.87
1017 121044.87
1018 121114.97
1019 121088.03
1020 121129.04
1021 121117.83
1022 121094.94
1023 121129.99
1024 121117.12
1025 121076.11
1026 121123.08
1027 121133.09
1028 121130.94
1029 121141.91
1030 121130.94
1031 121108.06
1032 121126.17
1033 121118.07
1034 121150.97
1035 121135.95
1036 121083.97
1037 121136.19
1038 121131.90
1039 121140.00
1040 121139.05
1041 121113.06
1042 121094.94
1043 121127.84
1044 121125.94
1045 121051.07
1046 121095.90
1047 121138.10
1048 121109.01
1049 121114.02
1050 121121.17
1051 121130.94
1052 121125.94
1053 121120.21
1054 121129.99
1055 121125.94
1056 121099.00
1057 121114.02
1058 121010.07
1059 121137.86
1060 121105.91
1061 121138.10
1062 121005.06
1063 121108.06
1064 121127.84
1065 121033.91
1066 121131.18
1067 121129.99
1068 121086.12
1069 121084.93
1070 121135.00
1071 121140.96
1072 121074.20
1073 121077.06
1074 121166.94
1075 121135.95
1076 121090.89
1077 121106.15
1078 121118.07
1079 121114.97
1080 121145.01
1081 121123.08
1082 121108.06
1083 121124.98
1084 121115.92
1085 121051.07
1086 121124.98
1087 121129.99
1088 121133.09
1089 121139.05
1090 121110.92
1091 121075.15
1092 121114.02
1093 121135.00
1094 121118.07
1095 121110.92
1096 121047.97
1097 121016.98
1098 121135.00
1099 121105.91
1100 121092.08
1101 121117.83
1102 121078.97
1103 121122.12
1104 121128.80
1105 121034.15
1106 121142.86
1107 121131.18
1108 121140.96
1109 121075.87
1110 121088.98
1111 121136.90
1112 121137.14
1113 121108.77
1114 121176.00
1115 121129.04
1116 121088.98
1117 121134.04
1118 121135.00
1119 121104.00
1120 121140.96
1121 121126.89
1122 121081.11
1123 121135.95
1124 121139.05
1125 121062.04
1126 121085.88
1127 121128.08
1128 121135.00
1129 121135.00
1130 121139.05
1131 121064.90
1132 121116.88
1133 121119.98
1134 121121.88
1135 121135.00
1136 121124.98
1137 121145.96
1138 121095.18
1139 121113.06
1140 121118.07
1141 121124.98
1142 121049.88
1143 121135.23
1144 121146.92
1145 121068.00
1146 121119.98
1147 121135.00
1148 121126.89
1149 121136.90
1150 121132.14
1151 121117.83
1152 121135.00
1153 121113.06
1154 121155.02
1155 121116.16
1156 121085.17
1157 121128.08
1158 121107.10
1159 121127.13
1160 121083.97
1161 121136.90
1162 121099.00
1163 121132.14
1164 121119.98
1165 121071.10
1166 121119.98
1167 121134.04
1168 121129.99
1169 121135.00
1170 121062.04
1171 121153.12
1172 121131.90
1173 121087.07
1174 121145.01
1175 121129.99
1176 121147.87
1177 121042.01
1178 121078.97
1179 121124.03
1180 121130.94
1181 121052.03
1182 121103.05
1183 121132.14
1184 121105.91
1185 121119.02
1186 121119.02
1187 121124.98
1188 120991.95
1189 121128.08
1190 121099.95
1191 121135.95
1192 121129.04
1193 121138.10
1194 121135.00
1195 121138.10
1196 121142.86
1197 121112.11
1198 121143.82
1199 121112.11
