1200
0 121144.06
1 121015.07
2 121026.04
3 121020.08
4 121021.99
5 120984.08
6 121013.16
7 121016.98
8 121016.98
9 121021.99
10 120996.00
11 121001.96
12 121006.01
13 121006.97
14 121006.97
15 120998.86
16 121030.09
17 120973.83
18 121002.91
19 121001.01
20 121012.93
21 120993.14
22 120999.81
23 120993.85
24 120969.06
25 120988.85
26 121018.17
27 121016.03
28 121005.06
29 120935.92
30 121102.81
31 120996.00
32 121014.12
33 121018.89
34 121001.96
35 121024.85
36 121013.16
37 121031.05
38 121023.89
39 121011.97
40 121026.99
41 120996.00
42 121015.07
43 121016.98
44 121019.84
45 121029.85
46 121032.95
47 121005.06
48 121028.90
49 121006.97
50 120952.84
51 121027.95
52 120991.23
53 121007.92
54 121032.00
55 121017.93
56 121026.99
57 120992.18
58 121021.99
59 121027.95
60 121016.03
61 121009.11
62 121022.94
63 121006.97
64 120944.98
65 120934.96
66 121021.99
67 121013.16
68 120953.08
69 121016.98
70 121016.03
71 121011.97
72 121021.99
73 121021.99
74 121026.04
75 120966.91
76 121023.89
77 121018.17
78 121017.93
79 121016.03
80 121007.92
81 121006.01
82 121004.82
83 121012.93
84 121013.88
85 120982.17
86 120997.91
87 120995.04
88 121008.16
89 121010.07
90 120961.19
91 121026.04
92 120988.85
93 120836.97
94 120988.13
95 120887.99
96 120826.01
97 120736.12
98 120955.94
99 120926.14
100 121136.90
101 120769.98
102 121009.83
103 120750.90
104 121060.85
105 121366.02
106 122951.98
107 122264.86
108 122197.87
109 122054.10
110 122812.03
111 122060.06
112 122873.07
113 125475.17
114 122993.95
115 123656.99
116 123631.95
117 122709.99
118 124221.09
119 124212.03
120 124135.02
121 124922.04
122 125641.11
123 124956.13
124 125638.01
125 125966.07
126 126801.01
127 124963.05
128 125875.95
129 126626.97
130 125180.96
131 126525.88
132 125108.00
133 125662.09
134 124726.77
135 124039.89
136 124882.94
137 125407.93
138 127873.90
139 128027.92
140 127192.02
141 125504.97
142 127197.98
143 126338.01
144 125451.09
145 126369.95
146 126405.95
147 125535.96
148 127902.98
149 127231.84
150 126395.94
151 125952.96
152 126399.99
153 123688.94
154 124689.10
155 124442.10
156 125278.95
157 124553.20
158 125441.07
159 124479.06
160 126819.85
161 124480.01
162 125166.18
163 124665.02
164 125153.06
165 126060.96
166 125010.01
167 124366.04
168 124387.03
169 124485.02
170 124347.93
171 125281.81
172 126147.03
173 123523.00
174 123584.99
175 124531.98
176 123579.98
177 125226.02
178 124212.98
179 125805.85
180 123461.96
181 125223.88
182 123656.99
183 123500.11
184 125260.11
185 126153.95
186 123713.02
187 124628.07
188 123864.89
189 125278.00
190 125189.07
191 124307.87
192 125746.01
193 124021.05
194 122999.91
195 124873.16
196 124529.84
197 125365.02
198 123706.10
199 123785.97
200 125220.06
201 126719.00
202 124152.90
203 124822.85
204 125019.07
205 123808.86
206 124674.08
207 124475.96
208 124620.91
209 124414.92
210 125257.02
211 125307.08
212 126701.83
213 123438.84
214 124165.06
215 125152.11
216 125756.03
217 123944.04
218 125169.04
219 124648.81
220 124388.93
221 125010.01
222 125597.95
223 125464.92
224 124538.90
225 125278.00
226 125119.92
227 125777.96
228 124235.87
229 124872.92
230 125545.02
231 123809.10
232 125489.00
233 124397.99
234 124363.90
235 125020.03
236 123899.94
237 124742.03
238 125605.11
239 123842.95
240 126063.11
241 125576.02
242 126398.09
243 124126.91
244 124325.99
245 125576.02
246 124970.91
247 123845.82
248 126534.94
249 123587.13
250 126152.99
251 124280.93
252 125236.99
253 124038.93
254 124127.86
255 123487.00
256 124779.22
257 124981.16
258 123862.98
259 124583.01
260 125200.03
261 123418.09
262 123876.09
263 123736.14
264 126430.03
265 124435.19
266 125393.15
267 124083.04
268 124424.93
269 124189.85
270 124070.88
271 124634.03
272 124676.94
273 125288.01
274 123455.05
275 125945.81
276 124475.96
277 125239.85
278 125148.06
279 125758.17
280 124117.14
281 124683.86
282 124919.89
283 126468.90
284 125316.14
285 125341.89
286 122996.09
287 123902.08
288 123904.94
289 123754.02
290 126089.10
291 123580.93
292 124384.88
293 124456.17
294 125177.15
295 125737.19
296 124235.15
297 124033.93
298 125010.01
299 124049.19
300 125895.02
301 124027.97
302 124179.84
303 124786.14
304 125573.87
305 125460.86
306 124623.06
307 125471.12
308 125415.09
309 123580.93
310 125346.90
311 125260.11
312 125308.04
313 123626.95
314 124351.98
315 124243.02
316 124319.08
317 124128.10
318 125978.95
319 124073.03
320 124747.04
321 123383.05
322 125989.20
323 124917.03
324 123939.99
325 124571.08
326 124121.90
327 123816.01
328 125598.91
329 124829.05
330 123742.10
331 123997.93
332 123877.05
333 125632.05
334 124848.13
335 124178.89
336 124714.14
337 123992.92
338 124686.00
339 125375.03
340 124001.03
341 124574.90
342 125399.11
343 123895.88
344 123704.20
345 125340.94
346 123687.03
347 123616.93
348 126755.95
349 124506.95
350 125165.94
351 125056.03
352 125046.97
353 123543.02
354 125120.16
355 123543.02
356 126485.11
357 123662.95
358 123821.02
359 124542.00
360 123530.86
361 123942.14
362 122904.06
363 123343.94
364 123304.13
365 123713.97
366 123506.07
367 123857.98
368 123589.04
369 123991.97
370 123415.95
371 123935.94
372 123979.09
373 124247.07
374 123598.10
375 124072.07
376 123442.89
377 124328.14
378 124097.82
379 123575.93
380 123198.99
381 124159.10
382 123496.06
383 124024.15
384 123873.95
385 124046.09
386 123810.05
387 124033.93
388 123960.02
389 123168.95
390 124153.14
391 123890.16
392 123404.98
393 123510.12
394 123492.00
395 123643.16
396 123558.04
397 123299.84
398 123723.03
399 123442.89
400 123241.90
401 123537.78
402 123824.83
403 123718.02
404 123775.96
405 123775.01
406 123629.81
407 123488.90
408 123722.08
409 123701.10
410 123327.97
411 123880.15
412 123752.83
413 124098.78
414 123758.08
415 123624.09
416 124097.11
417 123742.10
418 123952.87
419 123857.98
420 124219.18
421 123189.93
422 123373.99
423 123553.04
424 123597.86
425 124457.84
426 124269.96
427 123795.99
428 123679.88
429 123747.83
430 124096.87
431 123768.09
432 123492.96
433 124061.82
434 123469.11
435 123369.93
436 123811.01
437 124363.90
438 123439.07
439 123708.01
440 124056.10
441 124408.01
442 123214.96
443 123661.99
444 123209.00
445 123787.88
446 123690.13
447 124316.93
448 123825.07
449 124249.94
450 124109.03
451 124055.15
452 123962.16
453 124169.83
454 123087.88
455 124333.14
456 123621.94
457 123932.12
458 123958.11
459 123790.98
460 123664.86
461 123929.02
462 123809.10
463 123095.99
464 123646.02
465 123573.06
466 123528.00
467 123842.95
468 123393.06
469 123223.07
470 124070.88
471 123944.04
472 124008.89
473 124325.99
474 123337.98
475 124278.07
476 123225.93
477 124183.18
478 123929.02
479 123116.02
480 123430.01
481 123520.14
482 123903.04
483 123425.01
484 123615.03
485 124135.97
486 124030.11
487 124009.13
488 123926.16
489 123733.04
490 123883.01
491 123770.00
492 123667.96
493 123903.99
494 123909.95
495 123804.09
496 123552.08
497 123160.84
498 123697.04
499 123151.06
500 123826.03
501 123631.00
502 123512.98
503 123763.08
504 123479.13
505 123959.78
506 123006.11
507 123896.12
508 123835.09
509 123692.04
510 124014.14
511 123992.20
512 123334.88
513 123823.17
514 124414.92
515 123209.95
516 122993.95
517 123724.94
518 124248.98
519 123533.96
520 123279.81
521 124089.96
522 124217.99
523 123807.91
524 124368.91
525 124189.14
526 123875.86
527 123100.04
528 124448.06
529 123754.98
530 123845.10
531 123648.17
532 123850.11
533 123872.04
534 124017.95
535 123630.05
536 123944.04
537 123767.85
538 123656.99
539 124304.06
540 123450.99
541 123482.94
542 123732.81
543 123500.82
544 123754.02
545 123857.98
546 123754.98
547 123301.98
548 123600.96
549 124189.85
550 123085.02
551 122975.11
552 124104.98
553 123972.89
554 123720.17
555 123764.04
556 123609.07
557 124420.88
558 123901.13
559 124022.96
560 122563.84
561 123101.95
562 121382.00
563 121078.01
564 121165.04
565 121071.82
566 120978.12
567 121185.78
568 121403.93
569 121490.00
570 121137.86
571 120975.02
572 121232.99
573 121240.85
574 121294.02
575 121397.02
576 121108.06
577 121053.93
578 121366.02
579 121285.92
580 120953.08
581 121047.97
582 120922.09
583 120946.88
584 121160.03
585 120890.14
586 121043.92
587 121160.03
588 120862.96
589 120798.83
590 121068.00
591 121026.99
592 121171.95
593 121397.02
594 121325.02
595 121145.01
596 120867.97
597 121006.97
598 120974.06
599 121026.04
600 120863.91
601 121183.87
602 121089.22
603 121109.96
604 121012.93
605 121037.01
606 121171.00
607 121001.01
608 120921.13
609 120815.04
610 121005.06
611 120956.90
612 121397.97
613 121156.93
614 120928.05
615 121152.88
616 121155.02
617 120850.80
618 120860.10
619 121013.88
620 120924.00
621 120955.94
622 120882.03
623 121067.05
624 120944.98
625 121075.87
626 120966.91
627 121310.00
628 120968.82
629 120924.95
630 120736.84
631 121154.07
632 121035.81
633 121016.03
634 121127.13
635 121227.03
636 120883.94
637 121521.00
638 120973.11
639 120857.00
640 121171.95
641 120981.22
642 121109.01
643 120739.94
644 120989.08
645 121249.91
646 120975.97
647 120967.86
648 120986.94
649 121088.98
650 120996.95
651 121352.91
652 120981.93
653 121068.95
654 121299.03
655 120906.11
656 121057.99
657 121214.87
658 121061.09
659 120817.90
660 120760.92
661 120881.08
662 121306.18
663 121160.03
664 120826.96
665 120917.08
666 121096.85
667 120831.97
668 120989.08
669 121059.89
670 121535.06
671 121104.00
672 121276.14
673 121075.87
674 121322.15
675 120856.05
676 120844.13
677 120928.05
678 120833.87
679 120774.03
680 121005.06
681 120906.11
682 120778.08
683 120843.17
684 121083.97
685 121047.02
686 120807.89
687 120902.06
688 121243.00
689 120985.03
690 121640.92
691 121572.02
692 120866.06
693 121586.08
694 121045.11
695 121010.07
696 120867.01
697 120830.06
698 121171.00
699 121078.01
700 120969.06
701 120832.92
702 120975.97
703 120836.02
704 120977.88
705 121016.03
706 121045.83
707 120869.87
708 121376.04
709 120908.02
710 121052.98
711 121232.99
712 121041.06
713 121097.09
714 120889.90
715 121123.08
716 121285.92
717 120865.11
718 120884.90
719 120965.96
720 121221.07
721 121107.82
722 121161.94
723 120931.15
724 121215.11
725 121119.02
726 120868.92
727 121064.19
728 121141.91
729 120892.05
730 120824.10
731 121314.05
732 121057.99
733 121131.90
734 121021.03
735 121587.04
736 121572.97
737 121066.81
738 120851.99
739 120876.07
740 121391.06
741 121318.10
742 120940.92
743 121280.91
744 121191.02
745 120980.02
746 120857.00
747 121152.16
748 120872.97
749 121110.92
750 120871.07
751 121114.97
752 120852.95
753 120764.02
754 120911.84
755 120786.91
756 120875.12
757 121086.12
758 120870.83
759 121032.00
760 121053.93
761 120996.00
762 121370.08
763 121094.94
764 121044.16
765 120898.01
766 121625.90
767 121075.87
768 120950.94
769 120918.04
770 121150.02
771 121304.99
772 120879.17
773 121114.97
774 121076.11
775 120911.12
776 120892.05
777 120840.79
778 121125.94
779 121292.11
780 121012.93
781 121484.04
782 121001.96
783 121067.05
784 121505.98
785 120993.14
786 120754.00
787 120768.79
788 121145.01
789 120961.19
790 121333.12
791 120802.88
792 120830.06
793 120843.89
794 120991.95
795 120851.04
796 121253.97
797 121079.92
798 120897.05
799 121000.05
800 121420.15
801 120800.97
802 121101.14
803 120787.14
804 120912.08
805 121366.98
806 120990.04
807 121115.92
808 121070.86
809 121140.96
810 120795.01
811 121397.02
812 121068.00
813 120897.05
814 120982.17
815 120908.02
816 120985.98
817 121095.18
818 120800.97
819 120858.91
820 120786.91
821 120924.95
822 121263.98
823 121258.97
824 121204.14
825 120897.05
826 121034.15
827 120773.08
828 121104.00
829 121013.88
830 121361.02
831 120745.90
832 120840.07
833 121423.01
834 120918.04
835 121092.08
836 120854.14
837 121124.98
838 121026.04
839 120992.90
840 120740.18
841 120900.87
842 120834.11
843 121207.00
844 120846.99
845 120656.97
846 120997.19
847 121041.06
848 120843.89
849 120997.91
850 121110.92
851 121387.00
852 120881.08
853 121144.06
854 121391.06
855 121193.89
856 121036.05
857 121245.86
858 121141.91
859 120869.87
860 120944.98
861 121018.89
862 120722.06
863 121047.02
864 120876.07
865 120833.16
866 120738.03
867 121052.03
868 120996.95
869 120994.81
870 121050.12
871 121222.97
872 121247.05
873 121127.84
874 120774.03
875 121057.99
876 121042.01
877 121015.07
878 121172.90
879 120984.08
880 121277.09
881 120767.83
882 121327.16
883 120870.83
884 120935.20
885 121073.01
886 121448.04
887 121181.01
888 121183.87
889 120965.96
890 120931.86
891 121133.09
892 121286.87
893 121114.02
894 121042.97
895 121211.05
896 120984.08
897 121069.91
898 120974.06
899 120887.04
900 121397.97
901 121700.05
902 120711.80
903 121028.18
904 120928.05
905 120915.89
906 120748.04
907 120996.95
908 120927.10
909 121099.00
910 121116.88
911 121024.85
912 121185.06
913 120797.87
914 121145.96
915 120971.20
916 121065.14
917 121176.96
918 121194.12
919 121062.04
920 120917.08
921 120990.04
922 120855.09
923 121521.00
924 120761.87
925 121302.13
926 121365.07
927 120793.82
928 121503.11
929 120725.87
930 120968.10
931 120748.04
932 120988.13
933 121268.99
934 120999.81
935 120914.94
936 121091.84
937 121528.86
938 120987.89
939 121027.95
940 120974.06
941 121155.98
942 120782.85
943 120947.84
944 120749.00
945 120947.84
946 120849.13
947 120954.04
948 120996.00
949 120832.92
950 120936.87
951 121006.97
952 121013.88
953 121010.07
954 121099.00
955 121010.07
956 121011.02
957 121007.92
958 121005.06
959 121005.06
960 121003.87
961 121006.01
962 121005.06
963 121004.10
964 121009.11
965 120996.95
966 120960.00
967 120996.95
968 121047.02
969 120990.99
970 120994.09
971 120990.04
972 121011.02
973 120994.09
974 120986.94
975 120991.95
976 121011.97
977 121000.05
978 120996.00
979 120989.08
980 121006.01
981 121008.16
982 121001.96
983 121006.97
984 121008.87
985 121010.07
986 120966.91
987 121007.92
988 120875.12
989 120997.91
990 121003.15
991 121021.03
992 121005.06
993 121021.99
994 120997.91
995 121007.92
996 120995.04
997 120979.07
998 121015.79
999 121016.03
1000 121008.16
1001 121011.02
1002 121005.06
1003 121014.12
1004 121017.93
1005 121021.99
1006 120942.12
1007 121021.03
1008 120964.05
1009 121026.04
1010 121015.79
1011 121009.11
1012 121009.11
1013 121010.07
1014 121011.97
1015 121021.99
1016 120993.85
1017 120966.91
1018 121005.06
1019 121018.17
1020 121011.02
1021 121015.07
1022 121003.87
1023 121018.17
1024 121009.83
1025 121027.95
1026 120941.16
1027 121030.09
1028 120934.01
1029 120934.01
1030 121002.91
1031 121001.01
1032 121006.01
1033 121013.16
1034 121013.88
1035 121014.12
1036 121010.07
1037 120985.98
1038 121010.78
1039 121006.97
1040 121003.15
1041 121001.01
1042 121001.01
1043 121011.02
1044 120999.81
1045 120999.10
1046 120932.10
1047 121007.92
1048 120999.10
1049 120998.14
1050 121001.01
1051 121002.91
1052 121004.10
1053 121000.05
1054 120992.90
1055 121012.21
1056 120996.95
1057 120960.00
1058 120993.85
1059 120990.99
1060 120995.04
1061 120994.09
1062 120999.10
1063 121016.03
1064 120986.94
1065 120990.99
1066 120931.86
1067 121006.01
1068 120948.08
1069 120982.89
1070 120991.95
1071 120988.13
1072 120990.99
1073 120981.93
1074 121011.02
1075 121017.22
1076 120983.84
1077 120975.02
1078 120993.14
1079 121016.98
1080 120986.94
1081 120987.89
1082 120991.95
1083 121017.93
1084 120994.09
1085 120986.94
1086 120946.88
1087 120910.88
1088 120999.81
1089 120976.92
1090 121032.00
1091 120998.14
1092 120991.95
1093 120995.04
1094 120991.95
1095 121014.12
1096 121006.97
1097 120957.14
1098 120997.91
1099 120999.10
1100 120997.19
1101 121001.01
1102 121001.01
1103 121020.08
1104 120997.91
1105 120992.90
1106 120931.15
1107 121009.83
1108 120927.10
1109 120967.86
1110 120937.11
1111 121012.93
1112 121000.05
1113 120985.98
1114 121002.91
1115 120996.00
1116 120992.18
1117 120990.99
1118 121000.05
1119 121006.01
1120 120993.14
1121 121001.01
1122 121029.14
1123 121016.98
1124 121024.13
1125 120985.03
1126 120948.08
1127 121016.03
1128 121020.08
1129 121013.16
1130 121015.07
1131 121018.17
1132 121021.03
1133 120999.10
1134 121011.02
1135 121007.20
1136 121069.91
1137 120974.06
1138 121020.79
1139 120999.10
1140 121037.96
1141 121007.92
1142 121007.92
1143 120988.13
1144 121034.86
1145 120999.10
1146 120907.07
1147 120987.89
1148 120952.13
1149 120949.03
1150 121009.11
1151 121019.12
1152 121002.91
1153 121020.08
1154 121011.02
1155 121017.22
1156 121016.98
1157 120979.07
1158 121022.94
1159 121009.11
1160 121029.14
1161 121017.93
1162 121016.98
1163 121006.97
1164 121016.03
1165 121006.01
1166 121021.03
1167 121008.87
1168 121022.94
1169 121006.01
1170 121037.96
1171 120910.88
1172 120991.95
1173 121014.83
1174 121011.02
1175 121008.16
1176 121005.06
1177 120980.98
1178 121018.89
1179 120996.00
1180 121002.91
1181 121008.16
1182 121017.93
1183 120998.14
1184 121000.05
1185 121001.96
1186 120994.81
1187 121004.10
1188 120970.96
1189 120951.18
1190 120998.86
1191 120996.95
1192 120992.18
1193 120997.91
1194 121016.98
1195 121040.11
1196 120985.98
1197 120988.13
1198 121006.01
1199 120997.91
