1200
0 121412.99
1 121222.97
2 121123.08
3 121143.82
4 121259.93
5 121181.96
6 121166.94
7 121176.00
8 121178.87
9 121213.20
10 121209.86
11 121196.99
12 121150.97
13 121129.99
14 121207.00
15 121130.23
16 121193.17
17 121212.96
18 121185.78
19 121186.02
20 121174.10
21 121179.10
22 121074.91
23 121176.96
24 121174.10
25 121171.95
26 121183.16
27 121180.06
28 121210.10
29 121171.95
30 121206.05
31 121205.81
32 121099.00
33 121143.10
34 121197.94
35 121202.95
36 121184.83
37 121185.06
38 121181.01
39 121100.90
40 121178.15
41 121180.06
42 121183.16
43 121210.10
44 121191.98
45 121187.93
46 121181.96
47 121206.05
48 121194.12
49 121188.16
50 121177.91
51 121177.91
52 121158.84
53 121189.12
54 121194.12
55 121236.09
56 121181.96
57 121147.87
58 121176.00
59 121193.89
60 121182.92
61 121188.16
62 121189.83
63 121185.06
64 121185.06
65 121174.10
66 121115.92
67 121189.83
68 121181.01
69 121187.93
70 121171.00
71 121190.79
72 121154.07
73 121119.02
74 121175.05
75 121102.09
76 121176.00
77 121196.99
78 121172.90
79 121114.97
80 121187.93
81 121191.02
82 121187.21
83 121176.00
84 121178.87
85 121178.15
86 121203.18
87 121172.90
88 121200.08
89 121171.95
90 121190.79
91 121179.82
92 121151.92
93 121076.11
94 121187.93
95 121229.89
96 120999.10
97 121104.00
98 121075.87
99 121229.17
100 121201.04
101 121163.85
102 121229.89
103 121363.16
104 121017.93
105 121150.02
106 122096.78
107 121104.00
108 121935.13
109 121159.08
110 121225.12
111 121510.98
112 121083.02
113 121244.91
114 121700.05
115 121087.07
116 121590.14
117 121087.07
118 121561.05
119 120946.88
120 121846.91
121 121042.97
122 121057.03
123 121582.98
124 121066.81
125 121522.90
126 121459.96
127 121083.97
128 122171.88
129 121158.12
130 121222.02
131 121076.11
132 121064.19
133 121716.98
134 121053.93
135 121948.96
136 121073.96
137 120970.01
138 121334.08
139 121711.02
140 121555.09
141 120909.21
142 120888.95
143 121385.10
144 121203.90
145 121418.00
146 120851.99
147 120939.02
148 121253.01
149 122170.93
150 121499.06
151 121040.11
152 121639.01
153 121548.89
154 121055.84
155 121315.96
156 121606.11
157 122128.01
158 121800.90
159 121055.84
160 120952.13
161 120825.05
162 121279.95
163 121340.04
164 121062.04
165 121032.95
166 121312.86
167 122043.13
168 120980.98
169 121116.88
170 121943.95
171 121394.16
172 120857.00
173 121880.05
174 121615.17
175 121461.15
176 120903.97
177 121370.08
178 121215.11
179 121850.01
180 121090.17
181 121737.96
182 120916.13
183 121032.95
184 121457.10
185 121300.94
186 120918.99
187 121311.90
188 121465.92
189 120863.91
190 121880.05
191 121246.10
192 121316.91
193 122148.99
194 121083.97
195 121405.12
196 120938.06
197 121617.08
198 121066.09
199 121218.92
200 121011.97
201 121303.08
202 121052.03
203 121891.98
204 120997.91
205 121406.08
206 121587.99
207 121331.93
208 121246.10
209 121598.96
210 122005.94
211 121273.99
212 122049.09
213 121145.01
214 121100.19
215 121536.02
216 121499.06
217 121701.00
218 121376.99
219 121244.91
220 122398.85
221 121173.86
222 121318.82
223 121207.00
224 121028.90
225 120902.06
226 121032.00
227 120967.15
228 121278.05
229 121551.04
230 121489.05
231 121030.81
232 120993.85
233 122042.89
234 121236.09
235 121220.11
236 121647.12
237 122151.85
238 121561.05
239 122166.87
240 122339.96
241 120982.89
242 121796.13
243 122658.01
244 121525.05
245 121585.13
246 121797.80
247 122099.88
248 120993.14
249 121243.00
250 121224.88
251 120785.95
252 122158.05
253 121652.84
254 121755.12
255 122970.10
256 121496.92
257 121326.21
258 122262.95
259 120980.02
260 121382.00
261 121209.14
262 120845.08
263 121732.00
264 121943.95
265 121409.89
266 121477.84
267 120893.96
268 121576.07
269 121222.02
270 121974.95
271 121609.93
272 121376.99
273 122243.88
274 121375.08
275 121542.93
276 122118.00
277 121220.11
278 121922.97
279 122054.10
280 121732.00
281 121884.11
282 121518.14
283 121777.06
284 120796.92
285 120949.03
286 121293.07
287 122238.87
288 121248.01
289 122021.91
290 121123.08
291 120861.05
292 122620.82
293 121626.14
294 122300.86
295 121344.09
296 122104.88
297 121446.13
298 121949.91
299 121269.94
300 122771.02
301 120980.98
302 120951.18
303 121403.93
304 121371.98
305 121320.01
306 121201.04
307 122198.10
308 121164.08
309 120939.97
310 120935.20
311 121357.92
312 121307.85
313 121213.91
314 121071.10
315 121344.09
316 121150.97
317 121579.89
318 121185.06
319 122138.02
320 122197.87
321 122390.99
322 121371.03
323 121377.94
324 121106.86
325 120820.05
326 122176.89
327 120982.17
328 121430.87
329 122314.93
330 121398.93
331 121047.97
332 121282.82
333 121898.89
334 121701.96
335 121066.09
336 121500.97
337 121070.86
338 121085.88
339 121334.08
340 121260.88
341 120909.21
342 120990.04
343 120890.86
344 121279.00
345 122118.95
346 121922.97
347 120939.97
348 121868.13
349 121841.91
350 120966.91
351 121205.09
352 121001.01
353 121994.02
354 121665.95
355 121764.90
356 121730.09
357 120815.04
358 121545.08
359 120874.17
360 120908.02
361 121197.94
362 121423.96
363 121376.99
364 121055.84
365 120859.15
366 121085.17
367 121083.97
368 121032.00
369 121072.05
370 120954.99
371 120798.11
372 120956.90
373 120920.90
374 120848.89
375 120969.06
376 121054.17
377 121382.95
378 120969.06
379 121143.10
380 120872.02
381 120993.14
382 121551.99
383 121073.01
384 121141.91
385 120958.09
386 120967.86
387 121214.15
388 121041.06
389 121192.93
390 121094.94
391 121191.02
392 120926.86
393 121227.98
394 121124.03
395 120967.15
396 121194.84
397 121164.08
398 120851.99
399 120855.81
400 120709.90
401 120845.08
402 121221.07
403 120860.10
404 121443.99
405 121224.88
406 120965.00
407 121117.12
408 120921.85
409 120860.82
410 120969.06
411 121733.90
412 121051.07
413 120903.02
414 121005.06
415 121711.97
416 121359.83
417 120972.87
418 121270.90
419 121567.96
420 121227.03
421 121083.02
422 121128.08
423 120943.78
424 120894.91
425 121206.05
426 121261.12
427 121425.15
428 120599.03
429 121294.02
430 120950.94
431 121159.08
432 121307.85
433 121155.02
434 121433.97
435 120984.08
436 120826.96
437 121141.91
438 120956.90
439 121031.05
440 120991.95
441 120939.02
442 121340.04
443 121058.94
444 120913.03
445 121479.03
446 121165.04
447 121540.07
448 121636.87
449 120827.20
450 121240.14
451 121456.86
452 120848.89
453 120960.24
454 121140.00
455 121399.88
456 120914.94
457 121212.01
458 121613.98
459 121005.06
460 120869.87
461 120941.16
462 121215.82
463 121474.03
464 120690.11
465 121790.17
466 121083.97
467 120815.04
468 120990.99
469 121387.96
470 120989.08
471 121123.08
472 122046.95
473 121121.17
474 121078.97
475 121407.99
476 121290.21
477 121302.84
478 121171.95
479 121433.97
480 121191.02
481 121374.13
482 121244.91
483 121351.96
484 121002.91
485 121721.03
486 121603.97
487 121584.18
488 121670.01
489 121238.95
490 121367.93
491 122104.17
492 121496.92
493 121792.08
494 121146.92
495 121679.07
496 121139.05
497 121614.22
498 121107.82
499 121279.95
500 120882.99
501 121032.95
502 121668.82
503 121567.01
504 121204.14
505 121436.83
506 121361.97
507 121541.98
508 121387.00
509 121516.94
510 120932.10
511 121732.95
512 121452.09
513 121466.88
514 121043.92
515 121286.87
516 121460.20
517 120982.89
518 121165.04
519 121071.10
520 120999.10
521 121798.99
522 121330.02
523 121198.89
524 121284.01
525 121510.03
526 121279.95
527 120990.04
528 121593.00
529 121603.97
530 121425.87
531 121282.10
532 121407.99
533 121515.99
534 122010.95
535 121341.94
536 121016.03
537 121450.19
538 121784.21
539 120937.11
540 121765.14
541 121229.89
542 122093.20
543 121378.18
544 121148.11
545 121318.82
546 121347.19
547 121394.87
548 121258.97
549 121428.97
550 121506.93
551 121521.00
552 121303.08
553 121263.98
554 121331.93
555 121395.11
556 120959.04
557 121484.04
558 120944.02
559 121315.96
560 121769.91
561 121857.88
562 121348.14
563 121450.90
564 121207.00
565 122004.99
566 122056.01
567 121284.96
568 121697.90
569 121477.13
570 121807.10
571 121237.99
572 121383.91
573 121461.87
574 121042.97
575 121285.92
576 121194.12
577 121876.00
578 121511.94
579 121735.10
580 120970.96
581 121636.15
582 121249.91
583 121686.94
584 121717.93
585 121662.14
586 121248.96
587 121531.01
588 121660.95
589 121289.97
590 121766.09
591 121227.98
592 121093.99
593 121316.19
594 121812.11
595 121365.07
596 121655.94
597 121460.20
598 121701.00
599 121335.98
600 121745.11
601 121013.16
602 121642.11
603 121196.03
604 121288.06
605 121522.90
606 121720.08
607 121396.06
608 122242.93
609 121401.07
610 121033.91
611 121686.94
612 121324.78
613 121592.04
614 121475.93
615 121234.18
616 121728.90
617 121259.93
618 121911.05
619 121287.82
620 121266.13
621 121340.04
622 121503.83
623 121155.02
624 121306.18
625 121154.79
626 121521.00
627 121384.14
628 121765.85
629 121787.07
630 121485.95
631 120949.98
632 121387.96
633 121127.84
634 121603.97
635 121654.99
636 121077.06
637 121618.03
638 121390.10
639 120990.04
640 121474.03
641 121230.13
642 121005.06
643 121363.88
644 120830.06
645 121151.92
646 121248.01
647 120920.90
648 121387.00
649 121672.87
650 121191.02
651 121057.99
652 121205.09
653 121356.96
654 121347.90
655 121052.98
656 121256.11
657 121163.13
658 121156.22
659 121591.81
660 120821.95
661 121187.93
662 121473.07
663 121094.94
664 121679.07
665 121402.03
666 121292.11
667 121137.14
668 121268.99
669 120723.01
670 121365.07
671 121555.09
672 121398.93
673 121354.10
674 121337.18
675 121142.15
676 121436.83
677 121894.84
678 121361.97
679 121434.93
680 120929.00
681 121411.09
682 121328.83
683 121216.06
684 121572.02
685 120899.92
686 121058.94
687 121174.10
688 121236.09
689 120819.09
690 121606.11
691 121770.14
692 120910.17
693 121342.18
694 121242.05
695 120985.98
696 120933.06
697 121649.98
698 121604.92
699 120838.17
700 121611.12
701 121321.92
702 121499.06
703 120881.08
704 120977.88
705 121387.96
706 121278.05
707 121673.11
708 121030.09
709 121502.88
710 121047.02
711 121628.05
712 121129.99
713 121663.09
714 121308.09
715 121048.21
716 121277.09
717 121464.97
718 121017.93
719 120683.91
720 121021.99
721 121396.06
722 121400.12
723 121313.81
724 121232.03
725 121527.19
726 121051.07
727 121701.96
728 120831.97
729 121675.97
730 121490.00
731 121261.12
732 121587.99
733 121239.90
734 121396.06
735 121214.87
736 121401.07
737 121474.03
738 121907.95
739 121110.92
740 121567.01
741 121263.03
742 121484.04
743 121465.21
744 121207.00
745 121253.01
746 121425.87
747 121543.88
748 121593.95
749 121600.15
750 121603.97
751 120949.98
752 121037.96
753 121399.88
754 121211.05
755 121314.05
756 121407.03
757 121341.94
758 121052.98
759 122256.99
760 121556.04
761 121454.00
762 121127.13
763 121433.02
764 121932.03
765 121260.88
766 121247.05
767 121218.92
768 121525.05
769 121195.08
770 121034.86
771 121431.11
772 121459.01
773 121444.94
774 120953.08
775 121267.08
776 121253.97
777 121399.88
778 121462.11
779 121471.17
780 121236.09
781 121307.13
782 121532.92
783 121698.86
784 121661.90
785 121101.86
786 121726.04
787 121911.05
788 121175.05
789 121420.15
790 121419.19
791 121541.98
792 121267.80
793 121437.07
794 121433.97
795 121161.94
796 121460.91
797 121474.03
798 121408.94
799 121290.21
800 121425.15
801 121226.07
802 121330.98
803 121209.14
804 122015.95
805 120909.21
806 121337.89
807 121414.90
808 121322.87
809 121320.96
810 121899.84
811 121932.03
812 120936.87
813 121338.84
814 121334.08
815 121434.93
816 120971.92
817 121056.80
818 121201.04
819 120824.10
820 121387.96
821 120986.94
822 121379.14
823 121191.02
824 121992.11
825 121224.16
826 121143.10
827 121117.12
828 121702.91
829 121049.17
830 120901.82
831 121023.89
832 121452.81
833 121325.97
834 121134.04
835 121316.91
836 121634.01
837 120998.14
838 121726.04
839 121588.95
840 121419.91
841 121303.80
842 121263.03
843 120714.90
844 121010.07
845 121341.94
846 121362.21
847 121391.06
848 121140.00
849 121253.01
850 121184.11
851 121563.91
852 121418.95
853 121196.03
854 121730.09
855 120900.87
856 120736.84
857 120671.99
858 121203.90
859 121012.93
860 121263.98
861 120892.05
862 121390.10
863 121360.06
864 121263.03
865 121557.95
866 121871.95
867 121366.98
868 120996.00
869 121376.04
870 121279.95
871 120667.93
872 121255.87
873 121294.02
874 121461.15
875 122068.88
876 121179.10
877 121253.01
878 121201.04
879 120563.98
880 121049.88
881 120803.12
882 121397.02
883 121490.00
884 121234.89
885 121248.01
886 121494.05
887 121370.79
888 121168.85
889 121371.03
890 121162.89
891 120782.14
892 121459.96
893 121450.90
894 120978.12
895 121521.00
896 121588.95
897 121255.87
898 121111.15
899 120988.13
900 121085.17
901 121273.99
902 121546.03
903 121123.08
904 121577.02
905 121577.98
906 121383.91
907 121171.95
908 121083.02
909 121420.15
910 121231.08
911 121496.92
912 121034.86
913 121321.92
914 121357.92
915 121315.96
916 121252.78
917 121600.15
918 121778.01
919 121325.02
920 121590.85
921 121568.92
922 121496.92
923 121477.13
924 121546.98
925 121237.04
926 121383.91
927 121031.05
928 121369.84
929 121033.19
930 121252.06
931 121054.89
932 121348.14
933 121062.04
934 121460.91
935 121565.10
936 121574.88
937 121515.04
938 120990.99
939 120918.04
940 121623.99
941 121347.90
942 120905.16
943 120949.98
944 121196.99
945 121320.96
946 121052.03
947 121826.89
948 121626.14
949 121022.94
950 121013.88
951 120786.19
952 121042.01
953 121152.16
954 121603.01
955 120945.22
956 120989.08
957 121868.85
958 121639.97
959 121199.85
960 120930.91
961 121229.89
962 121535.06
963 121272.09
964 121809.01
965 121457.82
966 121806.86
967 120950.94
968 121489.05
969 121139.05
970 121344.09
971 121130.94
972 121544.84
973 121302.84
974 121020.08
975 121464.97
976 121634.01
977 121484.99
978 121928.93
979 121333.84
980 121346.95
981 121313.81
982 121453.05
983 120863.91
984 121345.04
985 122114.90
986 121395.83
987 121100.90
988 121188.16
989 121198.18
990 121419.91
991 120809.08
992 121551.04
993 121703.86
994 121253.01
995 121217.01
996 121293.78
997 121036.05
998 121630.91
999 121237.99
1000 120770.93
1001 121141.91
1002 121078.01
1003 121001.01
1004 121429.92
1005 121161.94
1006 120881.80
1007 120991.95
1008 121072.05
1009 121125.94
1010 121057.99
1011 121450.90
1012 121231.08
1013 120902.78
1014 120835.07
1015 121162.89
1016 120932.82
1017 121662.14
1018 121123.08
1019 121170.04
1020 121579.89
1021 121495.96
1022 120887.04
1023 121568.20
1024 120921.13
1025 120831.97
1026 121246.10
1027 121217.97
1028 120855.09
1029 121021.99
1030 121212.01
1031 121571.06
1032 120824.81
1033 120938.06
1034 121321.92
1035 121204.14
1036 120997.91
1037 121268.03
1038 121688.13
1039 121229.89
1040 120862.01
1041 120772.12
1042 121216.06
1043 120955.94
1044 120906.83
1045 121020.79
1046 121054.17
1047 121019.84
1048 121068.95
1049 121482.13
1050 121566.06
1051 121124.03
1052 120871.07
1053 120969.06
1054 121321.92
1055 121381.04
1056 120697.02
1057 121007.92
1058 121257.07
1059 120907.07
1060 120847.94
1061 121149.06
1062 120810.99
1063 121000.05
1064 121335.98
1065 120867.97
1066 120988.85
1067 121263.03
1068 121232.03
1069 120996.00
1070 120789.05
1071 120963.10
1072 120743.04
1073 120748.04
1074 120980.02
1075 121302.84
1076 120779.04
1077 120869.87
1078 120810.03
1079 121142.86
1080 120922.09
1081 121286.87
1082 120994.09
1083 121119.02
1084 121019.12
1085 120832.20
1086 120962.86
1087 121216.06
1088 120882.99
1089 121069.91
1090 120883.94
1091 121106.86
1092 120994.09
1093 121109.96
1094 120993.14
1095 121094.94
1096 121084.93
1097 120898.01
1098 121112.11
1099 120934.96
1100 121030.09
1101 120985.03
1102 121115.92
1103 121084.93
1104 121099.00
1105 121076.82
1106 121116.88
1107 121119.02
1108 121132.14
1109 121112.11
1110 121129.04
1111 121115.21
1112 121112.11
1113 121117.12
1114 121050.12
1115 121113.06
1116 121092.08
1117 121100.90
1118 121122.84
1119 121093.03
1120 121098.04
1121 121115.21
1122 121099.95
1123 121109.01
1124 121067.05
1125 121062.04
1126 121089.94
1127 121114.02
1128 121115.21
1129 121106.15
1130 121145.01
1131 121078.97
1132 121093.03
1133 121117.83
1134 121111.87
1135 121115.21
1136 121088.98
1137 121118.07
1138 121073.96
1139 121121.88
1140 121110.92
1141 120951.89
1142 121099.00
1143 121119.02
1144 121121.17
1145 121090.17
1146 121110.92
1147 121100.90
1148 121110.20
1149 121114.97
1150 121125.94
1151 121122.12
1152 121141.20
1153 121097.09
1154 121032.95
1155 121111.87
1156 121116.88
1157 121119.02
1158 121084.93
1159 121044.16
1160 121108.06
1161 121128.80
1162 121096.13
1163 121099.95
1164 121114.02
1165 121113.06
1166 121091.13
1167 121109.96
1168 121120.93
1169 121119.02
1170 121133.09
1171 121118.07
1172 121101.86
1173 121098.04
1174 121108.06
1175 121113.06
1176 121104.96
1177 121114.97
1178 121099.95
1179 121106.15
1180 121114.02
1181 121119.02
1182 121112.11
1183 121112.11
1184 121103.05
1185 121067.05
1186 121117.83
1187 121115.92
1188 121101.86
1189 121096.13
1190 121113.06
1191 121057.99
1192 121135.95
1193 121135.00
1194 121061.09
1195 121037.96
1196 121130.94
1197 121109.96
1198 121217.01
1199 121114.97
