1200
0 121130.94
1 121013.16
2 120896.10
3 120996.95
4 120962.86
5 121000.05
6 121022.94
7 120987.89
8 121020.08
9 121025.09
10 121016.03
11 121010.07
12 121015.07
13 121006.97
14 121016.98
15 121012.93
16 120996.00
17 121016.98
18 121011.97
19 121012.93
20 121011.02
21 121010.07
22 120939.02
23 121009.11
24 120919.94
25 121010.07
26 121010.07
27 121042.01
28 120999.10
29 121022.94
30 121018.89
31 121007.92
32 120959.04
33 121037.96
34 120999.81
35 120996.00
36 121001.01
37 121032.00
38 120996.00
39 120992.90
40 120997.19
41 121034.86
42 120990.99
43 120991.95
44 121020.08
45 121039.15
46 120996.95
47 121004.82
48 121009.83
49 121078.01
50 120997.91
51 121001.01
52 120988.85
53 120978.83
54 121020.08
55 121029.14
56 121012.93
57 121034.86
58 120979.07
59 121012.93
60 121001.96
61 121003.87
62 120980.98
63 121015.07
64 121016.98
65 121026.04
66 121009.11
67 121011.97
68 121020.08
69 121018.89
70 121006.97
71 121007.92
72 121017.93
73 121011.97
74 121006.01
75 121008.16
76 120985.98
77 121011.02
78 121006.97
79 121019.84
80 121011.02
81 121009.11
82 120987.89
83 121015.07
84 121021.03
85 121015.79
86 121001.96
87 121006.97
88 121005.06
89 121016.03
90 120999.81
91 120934.96
92 120995.04
93 121057.03
94 120929.96
95 120880.84
96 120905.16
97 120812.89
98 120997.91
99 120965.96
100 121038.91
101 120889.19
102 120858.91
103 121021.99
104 120770.93
105 121273.99
106 120757.10
107 121199.13
108 120904.92
109 120929.00
110 121037.96
111 121330.98
112 120844.13
113 121423.96
114 121024.85
115 120758.06
116 121289.01
117 121124.98
118 121341.94
119 120888.95
120 120804.07
121 121634.01
122 121492.15
123 121553.18
124 120941.16
125 120717.05
126 120872.02
127 121096.85
128 121114.02
129 121104.00
130 122222.90
131 120940.92
132 121335.98
133 121264.22
134 121112.82
135 120630.98
136 120919.94
137 120949.98
138 121567.96
139 120929.00
140 120783.09
141 120958.09
142 121104.00
143 121191.98
144 121111.15
145 121362.92
146 120925.90
147 120980.98
148 120904.92
149 120697.98
150 121243.00
151 121034.15
152 121733.90
153 120900.87
154 121264.93
155 121951.10
156 120836.97
157 121355.06
158 120875.84
159 120785.00
160 121017.93
161 120944.02
162 121236.09
163 121315.96
164 121623.99
165 121484.99
166 120873.93
167 121237.99
168 121532.92
169 120748.04
170 121740.82
171 120963.10
172 122050.05
173 121559.86
174 121371.03
175 121068.95
176 121685.98
177 121129.04
178 121288.06
179 121258.02
180 121138.10
181 122152.81
182 120884.90
183 121334.08
184 121468.07
185 121937.04
186 120980.02
187 121497.87
188 121011.97
189 121885.06
190 120723.01
191 121511.94
192 121293.07
193 120972.87
194 120851.04
195 121599.20
196 121569.16
197 121229.89
198 121323.82
199 121299.03
200 121824.03
201 121662.86
202 121639.97
203 121366.98
204 121271.13
205 121017.22
206 120673.89
207 121089.94
208 121303.08
209 121141.91
210 121420.86
211 121856.93
212 121626.85
213 122946.98
214 121263.98
215 121802.09
216 121579.89
217 121400.12
218 121386.05
219 121416.81
220 121471.17
221 121426.11
222 121181.01
223 122428.89
224 121487.14
225 121531.01
226 120738.98
227 121155.02
228 121369.12
229 121557.00
230 120812.89
231 121496.92
232 121316.91
233 122004.03
234 121922.97
235 121541.98
236 121613.03
237 120889.19
238 121261.12
239 121501.92
240 121184.11
241 121001.01
242 120803.12
243 120958.09
244 121613.03
245 121598.96
246 121685.03
247 120957.14
248 121696.95
249 121688.84
250 120872.97
251 120884.90
252 121269.94
253 121399.88
254 121863.13
255 121438.98
256 121124.03
257 121263.03
258 120911.12
259 121191.02
260 121855.02
261 120990.04
262 121398.93
263 122142.08
264 121138.10
265 122021.91
266 122497.08
267 120970.01
268 121359.83
269 121661.90
270 121366.98
271 121198.89
272 121243.00
273 122112.99
274 121006.97
275 121100.90
276 122772.93
277 121472.84
278 121407.03
279 121165.04
280 121028.18
281 121057.03
282 121557.00
283 121383.19
284 121704.82
285 121017.93
286 120816.95
287 121067.05
288 121158.12
289 120890.14
290 121572.02
291 121381.04
292 121161.94
293 121087.07
294 121360.06
295 121311.90
296 121003.87
297 121143.10
298 120944.02
299 121057.99
300 121855.97
301 120939.97
302 121106.15
303 121217.01
304 120947.12
305 121630.91
306 121689.08
307 121833.09
308 120857.95
309 120823.86
310 120857.95
311 121397.97
312 121190.79
313 121789.93
314 121665.95
315 120890.86
316 121114.02
317 120925.90
318 120887.04
319 121036.05
320 122178.08
321 121268.03
322 121002.91
323 121048.93
324 120997.91
325 121658.09
326 121266.84
327 120939.02
328 121067.05
329 121661.19
330 121572.97
331 121412.04
332 121416.09
333 121372.94
334 121155.98
335 120884.18
336 121564.15
337 121001.96
338 120797.16
339 120959.04
340 121119.98
341 121347.90
342 120985.98
343 120813.13
344 121380.81
345 121201.04
346 120882.03
347 121132.14
348 121618.99
349 121117.12
350 121619.94
351 121231.08
352 121224.16
353 121060.13
354 120944.98
355 121550.08
356 120937.11
357 121507.88
358 121738.91
359 120903.97
360 121082.07
361 120932.82
362 121285.92
363 121522.90
364 120890.86
365 121331.93
366 121140.00
367 120963.10
368 121049.88
369 120846.03
370 120972.16
371 121572.02
372 121004.10
373 120969.06
374 121141.91
375 121386.05
376 121004.10
377 120879.17
378 121064.19
379 120946.17
380 121125.94
381 120951.18
382 121049.88
383 121018.89
384 121134.04
385 121313.10
386 121116.88
387 121309.04
388 120938.06
389 121162.89
390 120998.86
391 121007.92
392 120815.04
393 121201.04
394 120875.84
395 121032.00
396 120925.90
397 120993.14
398 121043.92
399 120950.94
400 121201.99
401 120868.21
402 121021.03
403 120881.08
404 120934.01
405 120877.98
406 120889.90
407 121090.89
408 120875.84
409 121132.14
410 120957.85
411 121114.02
412 120970.96
413 121201.04
414 120907.07
415 121083.02
416 120920.90
417 121672.15
418 120749.95
419 120898.96
420 120901.82
421 121122.12
422 120963.10
423 120996.00
424 120949.03
425 121080.16
426 121099.00
427 120687.01
428 120877.98
429 121085.17
430 121047.02
431 121253.01
432 120928.05
433 121353.15
434 120937.11
435 121068.00
436 120794.06
437 120862.01
438 121016.03
439 121199.13
440 121197.94
441 120984.08
442 121494.05
443 121043.92
444 120783.81
445 121030.09
446 121082.07
447 120692.97
448 120761.16
449 120871.07
450 121616.13
451 121116.88
452 121145.01
453 120764.97
454 121091.13
455 120637.89
456 121176.96
457 120861.05
458 120990.99
459 121032.00
460 120711.09
461 120793.82
462 121425.87
463 120797.87
464 120882.03
465 120792.15
466 121115.92
467 121062.04
468 120764.97
469 121138.81
470 120723.01
471 121354.10
472 120960.95
473 121155.02
474 120881.80
475 120897.05
476 120905.88
477 120900.87
478 120882.99
479 120675.09
480 121080.88
481 120936.16
482 120766.88
483 121048.21
484 121480.94
485 121043.92
486 121249.91
487 120615.96
488 121448.04
489 121101.14
490 121255.87
491 121275.90
492 121237.04
493 121448.99
494 121701.96
495 121295.93
496 121116.16
497 121273.04
498 121356.01
499 121171.95
500 121832.13
501 121876.96
502 121215.82
503 121212.01
504 120953.08
505 120929.96
506 121600.87
507 121203.90
508 120922.09
509 121171.95
510 121432.07
511 121568.92
512 121251.82
513 121106.15
514 120863.91
515 120908.98
516 120897.05
517 121402.03
518 121798.99
519 121492.15
520 121136.19
521 120732.07
522 121012.93
523 120980.98
524 121490.96
525 121206.05
526 121302.84
527 120762.11
528 121771.81
529 121316.91
530 121207.00
531 121073.96
532 120839.12
533 121570.11
534 120911.12
535 121445.18
536 121502.88
537 121276.86
538 121377.94
539 121004.82
540 120693.21
541 121609.93
542 120813.85
543 120766.88
544 121474.03
545 121083.97
546 120960.95
547 121559.86
548 121369.84
549 121012.93
550 120987.89
551 121423.01
552 121241.09
553 121717.93
554 121863.84
555 121366.98
556 121590.14
557 121464.01
558 121688.84
559 121852.87
560 121244.91
561 121454.00
562 121284.01
563 121045.83
564 121210.10
565 121205.81
566 120878.93
567 121315.96
568 121101.14
569 120993.14
570 120970.01
571 121325.02
572 121043.92
573 121233.94
574 121121.88
575 121241.09
576 121229.17
577 121699.09
578 121229.17
579 120909.93
580 121315.96
581 121476.89
582 121240.14
583 121315.96
584 121398.93
585 121116.16
586 121179.10
587 121363.16
588 121007.92
589 121371.03
590 121232.99
591 121413.95
592 121423.01
593 120973.11
594 121746.06
595 121083.02
596 121039.87
597 121148.82
598 120994.09
599 120983.12
600 121314.05
601 121478.80
602 121311.90
603 121012.93
604 121323.82
605 121587.99
606 121221.78
607 121037.01
608 121386.05
609 121543.88
610 121181.01
611 120984.08
612 120817.90
613 121386.05
614 121836.90
615 121239.90
616 121628.05
617 121140.00
618 121567.01
619 121217.01
620 121701.00
621 121070.15
622 120995.04
623 121450.90
624 121141.91
625 120966.91
626 121762.04
627 121562.00
628 121095.90
629 120904.92
630 121306.18
631 121402.03
632 121277.09
633 121500.97
634 121440.89
635 121454.00
636 120713.00
637 120987.89
638 121343.14
639 121577.98
640 121282.10
641 121318.10
642 121212.01
643 121285.20
644 120715.86
645 121243.00
646 121479.03
647 121317.15
648 121555.09
649 120787.14
650 121890.07
651 121159.08
652 121409.18
653 121645.21
654 121454.95
655 121273.99
656 121509.08
657 121346.00
658 120970.96
659 121022.94
660 120994.09
661 120901.11
662 121286.87
663 121572.97
664 120742.08
665 121340.04
666 121293.07
667 120937.11
668 121248.96
669 121429.92
670 121376.99
671 121414.18
672 121445.18
673 121536.97
674 121645.21
675 121340.99
676 121381.04
677 121012.93
678 120758.06
679 121179.10
680 121656.18
681 121840.00
682 120955.94
683 121125.94
684 121428.97
685 121265.17
686 120728.97
687 121251.82
688 121007.92
689 121521.95
690 121036.05
691 121035.10
692 121135.00
693 121376.99
694 121110.92
695 121255.87
696 121058.94
697 121250.15
698 121081.11
699 121222.97
700 121219.87
701 121172.90
702 121184.83
703 121089.94
704 121118.07
705 121041.06
706 121893.88
707 121129.04
708 121168.14
709 121533.16
710 121313.81
711 121215.82
712 120986.94
713 120713.00
714 120949.98
715 121337.18
716 121295.93
717 121331.93
718 121431.11
719 121239.90
720 121196.03
721 121659.04
722 121114.02
723 121213.91
724 121120.93
725 121027.95
726 121314.05
727 121521.00
728 120988.85
729 121275.90
730 121317.86
731 121342.90
732 120747.09
733 121221.07
734 121138.10
735 121351.00
736 121194.84
737 120930.91
738 121358.87
739 120860.10
740 120898.01
741 121428.97
742 121207.00
743 121243.95
744 121278.05
745 121172.19
746 121090.17
747 121294.02
748 121256.11
749 121135.95
750 121336.94
751 121159.08
752 121532.92
753 121051.07
754 120836.02
755 121058.94
756 121356.96
757 120994.09
758 121053.93
759 120764.97
760 121002.91
761 120791.20
762 121391.06
763 121181.96
764 120810.99
765 121062.04
766 121416.81
767 121310.00
768 121270.18
769 121577.98
770 121071.10
771 121138.10
772 121572.02
773 121443.03
774 121371.98
775 121694.09
776 121004.10
777 121117.12
778 120858.91
779 120770.93
780 121230.13
781 121552.94
782 121550.08
783 121395.11
784 121182.92
785 121222.97
786 121291.88
787 121270.90
788 121756.08
789 121591.09
790 121462.11
791 121371.03
792 121209.86
793 121413.95
794 121346.00
795 122250.08
796 121076.11
797 120889.19
798 121261.84
799 121618.03
800 120759.01
801 121246.81
802 121119.02
803 121335.98
804 121342.90
805 121165.04
806 121148.82
807 121056.08
808 121297.12
809 121176.96
810 121052.03
811 120846.99
812 120963.81
813 121620.89
814 121361.97
815 121618.03
816 121495.01
817 121533.16
818 121502.88
819 121448.99
820 120980.02
821 121484.04
822 121242.05
823 121006.97
824 121503.11
825 121554.14
826 120985.98
827 121341.94
828 121395.11
829 121390.10
830 121708.87
831 121541.02
832 121521.95
833 121110.92
834 121182.92
835 121145.96
836 121200.08
837 121454.95
838 121083.02
839 121372.94
840 121501.92
841 121370.08
842 120859.86
843 121670.96
844 121515.04
845 121363.88
846 121515.99
847 121829.03
848 120948.08
849 121398.21
850 121608.97
851 120923.04
852 121293.07
853 121271.85
854 121026.04
855 121328.83
856 121417.05
857 120792.15
858 120943.07
859 121483.09
860 120761.87
861 121353.15
862 121366.98
863 121771.10
864 121267.08
865 121067.05
866 121290.21
867 121729.14
868 121083.97
869 121482.85
870 120754.96
871 121357.92
872 121059.18
873 121165.04
874 121047.02
875 120857.00
876 120646.95
877 121593.00
878 121402.03
879 121304.04
880 121299.03
881 121485.95
882 121487.14
883 121343.14
884 121392.01
885 121554.14
886 121265.89
887 121345.04
888 121518.85
889 121870.99
890 121539.12
891 121612.07
892 121347.90
893 121742.01
894 121258.02
895 121159.08
896 120959.04
897 120930.91
898 121234.18
899 121005.77
900 121096.13
901 121383.19
902 121348.14
903 121237.99
904 121095.90
905 121515.04
906 121551.99
907 121571.06
908 121052.98
909 121173.86
910 121002.91
911 121113.06
912 121074.20
913 121253.01
914 121446.13
915 121150.02
916 121281.86
917 121586.08
918 120870.11
919 121251.11
920 121176.96
921 121340.04
922 121698.86
923 121345.04
924 121242.05
925 121181.01
926 121802.09
927 121359.11
928 121575.83
929 120858.91
930 121581.79
931 121211.05
932 121211.05
933 121176.96
934 121054.89
935 121287.11
936 122476.10
937 121397.02
938 121164.08
939 121322.87
940 121693.85
941 121448.99
942 121135.95
943 121138.10
944 121292.83
945 121322.15
946 122085.09
947 121671.92
948 121197.94
949 121208.19
950 121168.85
951 121299.98
952 121078.01
953 121253.01
954 121071.10
955 121531.01
956 120857.95
957 121576.07
958 121006.97
959 121343.85
960 121634.01
961 121069.91
962 121649.98
963 121475.93
964 121167.18
965 121433.02
966 121740.82
967 121252.06
968 121217.01
969 121273.04
970 121280.91
971 121163.13
972 121134.04
973 121699.09
974 120993.85
975 121569.87
976 121356.01
977 121158.84
978 121156.93
979 120929.96
980 121976.85
981 121208.91
982 121348.14
983 121267.08
984 121145.01
985 121050.12
986 121004.10
987 121180.06
988 121416.09
989 121087.07
990 121289.01
991 121171.00
992 121253.97
993 121718.88
994 121294.02
995 121263.03
996 121209.86
997 120934.01
998 121425.15
999 121031.05
1000 121300.22
1001 121580.12
1002 121249.20
1003 121670.01
1004 121374.85
1005 121128.08
1006 121250.15
1007 121493.10
1008 121271.85
1009 121779.92
1010 121836.19
1011 121656.89
1012 121324.06
1013 121006.97
1014 121095.90
1015 121217.97
1016 120882.99
1017 121201.99
1018 121074.20
1019 121143.82
1020 121601.82
1021 120939.02
1022 120902.06
1023 121754.88
1024 121881.96
1025 121311.90
1026 121144.06
1027 121917.96
1028 121116.88
1029 121463.06
1030 121302.13
1031 121119.02
1032 121176.96
1033 121010.07
1034 121220.83
1035 120913.03
1036 121433.02
1037 121127.13
1038 120802.16
1039 120826.01
1040 120868.92
1041 120795.01
1042 120994.09
1043 120857.00
1044 120939.97
1045 121320.01
1046 121737.00
1047 121246.10
1048 120779.99
1049 120831.97
1050 121008.87
1051 120730.88
1052 120616.20
1053 121113.06
1054 121180.06
1055 120682.00
1056 120773.08
1057 120917.08
1058 121053.93
1059 120815.04
1060 120847.23
1061 121227.03
1062 120760.92
1063 121207.00
1064 120810.99
1065 120743.99
1066 121096.13
1067 121153.12
1068 121501.92
1069 120957.14
1070 120948.79
1071 120754.00
1072 120856.05
1073 121052.03
1074 120747.80
1075 121201.04
1076 120840.07
1077 120635.03
1078 120852.95
1079 121055.13
1080 121227.98
1081 120751.14
1082 121005.06
1083 120878.93
1084 120717.05
1085 120983.84
1086 120985.03
1087 120949.98
1088 120726.11
1089 120732.07
1090 120862.01
1091 120902.06
1092 121643.07
1093 120978.83
1094 120821.00
1095 120941.88
1096 120780.94
1097 120963.10
1098 120982.89
1099 121052.98
1100 120991.95
1101 120987.89
1102 120990.04
1103 120971.92
1104 120990.04
1105 120985.98
1106 120982.89
1107 120924.95
1108 120985.98
1109 120997.19
1110 120994.09
1111 120954.04
1112 120996.00
1113 120994.09
1114 120996.00
1115 121028.90
1116 120915.89
1117 120987.18
1118 121000.05
1119 120994.09
1120 120976.92
1121 120993.85
1122 120990.04
1123 120967.86
1124 120998.86
1125 120996.95
1126 120992.18
1127 121011.97
1128 120993.14
1129 120997.91
1130 120991.95
1131 120932.10
1132 120997.91
1133 120996.95
1134 121001.01
1135 121001.01
1136 121008.87
1137 121006.01
1138 121008.87
1139 121016.03
1140 121015.07
1141 121010.07
1142 121006.01
1143 120976.92
1144 121016.03
1145 121018.89
1146 120984.08
1147 121019.84
1148 121024.13
1149 121014.12
1150 121001.01
1151 120937.11
1152 121011.97
1153 121004.82
1154 121005.06
1155 121007.20
1156 120993.85
1157 121004.10
1158 121004.10
1159 121014.83
1160 121003.15
1161 120997.91
1162 120996.00
1163 120929.00
1164 121016.03
1165 121002.20
1166 120996.00
1167 121012.93
1168 121001.01
1169 121006.01
1170 121006.01
1171 120942.83
1172 121001.96
1173 120999.81
1174 120986.94
1175 121020.08
1176 120990.99
1177 120985.98
1178 120996.00
1179 121013.16
1180 120996.00
1181 121007.92
1182 120994.09
1183 120966.20
1184 120990.99
1185 120998.14
1186 120960.00
1187 120957.14
1188 120983.12
1189 120991.95
1190 120994.09
1191 120941.16
1192 120994.09
1193 120996.95
1194 120994.81
1195 120875.84
1196 120994.81
1197 120981.93
1198 121010.07
1199 121014.12
