1200
0 121237.04
1 121127.13
2 121006.01
3 121086.12
4 121097.09
5 121076.11
6 121134.04
7 121129.04
8 121120.93
9 121052.03
10 121117.12
11 121109.96
12 121097.09
13 121117.83
14 121047.97
15 121122.12
16 121121.88
17 121097.09
18 121096.85
19 121100.90
20 121122.12
21 121099.00
22 121102.09
23 121128.08
24 121111.87
25 121122.12
26 121108.06
27 121098.04
28 121125.22
29 121117.83
30 121130.94
31 120992.90
32 121068.00
33 121119.02
34 121130.94
35 121094.94
36 121122.12
37 121110.92
38 121112.11
39 121115.92
40 121119.98
41 121109.96
42 121117.12
43 121117.83
44 121118.07
45 121083.97
46 121096.13
47 121115.92
48 121109.01
49 121114.97
50 121119.02
51 121113.06
52 121125.94
53 121130.94
54 121111.15
55 121119.02
56 121119.02
57 121134.04
58 121111.87
59 120972.87
60 121114.97
61 121110.92
62 121104.00
63 121006.97
64 121109.01
65 121115.92
66 121114.02
67 121110.92
68 121128.08
69 121128.08
70 121115.92
71 121122.84
72 121109.96
73 121104.00
74 121113.78
75 121110.92
76 121118.07
77 121107.10
78 121104.96
79 121100.19
80 121120.93
81 121118.07
82 121098.04
83 121098.04
84 121048.93
85 121133.80
86 121105.91
87 121110.20
88 121126.89
89 121062.99
90 121101.14
91 121034.86
92 121094.94
93 121073.96
94 121099.95
95 120942.12
96 120889.90
97 120956.90
98 121165.04
99 121044.87
100 121008.87
101 121104.96
102 120812.89
103 121725.08
104 120975.97
105 121006.01
106 120958.09
107 122684.00
108 120829.11
109 120970.01
110 120760.92
111 121237.99
112 121451.85
113 121101.14
114 120839.12
115 121991.16
116 120666.98
117 120871.07
118 121479.03
119 120950.22
120 120985.98
121 121478.08
122 121531.96
123 120811.94
124 120942.83
125 120917.08
126 120805.98
127 121831.18
128 121073.01
129 121099.00
130 120815.04
131 121146.92
132 122117.04
133 120994.09
134 121694.80
135 121227.03
136 121108.06
137 121649.98
138 121834.04
139 121225.12
140 121600.87
141 120899.92
142 121526.96
143 121263.98
144 120841.98
145 122092.01
146 121703.15
147 121659.99
148 120903.97
149 121185.06
150 121531.01
151 121751.07
152 120785.95
153 121403.93
154 121341.94
155 120962.86
156 120953.08
157 120956.90
158 121029.85
159 121818.78
160 120914.94
161 120998.86
162 121497.87
163 121171.95
164 122748.14
165 121251.82
166 121550.80
167 121024.13
168 121383.19
169 121031.05
170 121708.87
171 121412.99
172 121308.09
173 121186.02
174 121099.00
175 121617.08
176 121563.91
177 121035.10
178 120971.92
179 121604.92
180 121469.97
181 120954.99
182 121482.85
183 120900.15
184 121229.89
185 121634.96
186 121293.07
187 120867.01
188 120779.99
189 122219.09
190 121056.08
191 120981.93
192 121166.94
193 121441.84
194 120896.82
195 122313.02
196 121617.79
197 121552.94
198 122405.05
199 121011.97
200 121126.89
201 120898.01
202 121819.97
203 121635.91
204 121103.05
205 121591.09
206 120851.99
207 121907.95
208 120925.90
209 120989.08
210 122020.96
211 121836.90
212 121305.94
213 121909.14
214 122400.05
215 121779.92
216 121509.08
217 121681.21
218 120874.88
219 120942.83
220 121194.12
221 121069.91
222 121015.07
223 121459.96
224 120997.91
225 121510.03
226 121114.97
227 120928.05
228 120779.99
229 121320.96
230 121304.99
231 120867.01
232 121912.00
233 120901.82
234 121615.89
235 121533.16
236 121281.86
237 121405.12
238 121199.13
239 120960.00
240 121834.04
241 120967.15
242 121026.99
243 121051.07
244 121962.07
245 121047.97
246 121290.92
247 121122.84
248 121325.02
249 121893.88
250 121648.07
251 121018.89
252 121646.88
253 120757.10
254 121333.12
255 121351.00
256 121046.07
257 120908.98
258 120849.13
259 120926.86
260 121439.93
261 120970.01
262 121688.84
263 121145.01
264 121047.97
265 121315.00
266 122863.05
267 121196.99
268 121236.80
269 120886.09
270 120954.99
271 121700.05
272 121102.09
273 121276.14
274 121133.09
275 121304.04
276 121783.97
277 121057.03
278 120923.04
279 120867.97
280 121172.19
281 121304.99
282 121991.87
283 121414.90
284 121016.98
285 121188.88
286 121475.93
287 120822.91
288 121673.11
289 121127.13
290 120763.06
291 121186.02
292 120884.18
293 121328.83
294 121632.81
295 121315.00
296 120815.99
297 121476.89
298 121544.84
299 121621.13
300 120990.99
301 121428.97
302 121438.98
303 121145.96
304 120877.03
305 120974.06
306 121706.01
307 121784.21
308 121189.12
309 121181.01
310 121436.83
311 121076.11
312 122334.96
313 120875.12
314 121026.04
315 121128.08
316 120813.13
317 120889.19
318 121519.09
319 120876.07
320 120981.22
321 121431.11
322 120831.01
323 121047.02
324 121056.80
325 121253.97
326 121729.85
327 122164.96
328 120831.97
329 121057.99
330 120942.12
331 121191.02
332 121177.20
333 121538.16
334 121027.95
335 121417.05
336 122199.06
337 120935.20
338 120990.99
339 120999.81
340 120907.78
341 121651.89
342 123217.82
343 121297.84
344 121198.89
345 121914.15
346 120957.85
347 121450.90
348 121798.99
349 120991.95
350 121490.00
351 120981.93
352 121310.00
353 121140.00
354 120771.17
355 120997.91
356 121605.87
357 120927.10
358 121603.01
359 120797.87
360 121001.96
361 120821.00
362 120821.95
363 120889.90
364 120888.95
365 121157.88
366 120919.94
367 120891.09
368 121042.01
369 121369.12
370 121075.15
371 120951.89
372 120907.07
373 120913.03
374 120855.09
375 120929.96
376 121076.11
377 120953.08
378 120766.88
379 120877.03
380 121006.01
381 120772.12
382 120805.03
383 120862.01
384 121304.99
385 120887.99
386 120810.03
387 121191.02
388 120872.97
389 121201.99
390 120830.06
391 120924.00
392 120676.04
393 120941.88
394 121073.96
395 121594.19
396 121092.08
397 121135.00
398 120796.92
399 120805.03
400 120827.91
401 120761.87
402 120919.94
403 121132.14
404 120764.97
405 121018.89
406 121271.85
407 120866.06
408 120910.17
409 121110.92
410 121088.98
411 121617.08
412 120834.83
413 121426.11
414 121007.92
415 121083.02
416 120779.04
417 120976.21
418 120940.21
419 120816.95
420 120871.07
421 121222.02
422 121289.97
423 121019.12
424 120829.11
425 120897.05
426 120855.09
427 120811.94
428 120859.86
429 121078.97
430 121544.12
431 120886.80
432 120815.99
433 120940.92
434 121129.99
435 120980.02
436 120950.94
437 120685.10
438 121289.97
439 120991.23
440 121257.07
441 120928.05
442 121309.04
443 121130.94
444 121086.12
445 121003.87
446 121132.14
447 120874.88
448 120900.15
449 120872.97
450 121423.01
451 121168.14
452 120939.97
453 120750.90
454 120798.11
455 120817.90
456 121340.04
457 120781.90
458 121366.98
459 120888.95
460 121608.02
461 120929.00
462 120915.89
463 121133.09
464 121284.96
465 121170.04
466 121468.07
467 121335.98
468 120834.11
469 121228.22
470 120853.19
471 121079.21
472 121428.97
473 121296.17
474 121325.02
475 120977.88
476 121268.99
477 121247.05
478 120757.10
479 121207.95
480 120939.97
481 121320.01
482 121382.00
483 120987.89
484 121468.07
485 121167.18
486 121344.09
487 121371.03
488 120924.95
489 121742.01
490 120994.09
491 120986.94
492 121224.88
493 121551.99
494 121629.00
495 120954.04
496 121377.94
497 120913.98
498 121289.01
499 121212.01
500 121208.19
501 120650.05
502 121299.98
503 121335.03
504 121494.77
505 121631.86
506 121267.08
507 121289.01
508 121050.12
509 121306.18
510 121083.97
511 121097.09
512 120880.84
513 121097.09
514 121710.06
515 121582.03
516 120923.04
517 121523.14
518 121634.01
519 120980.98
520 120721.10
521 121185.06
522 121247.05
523 121459.96
524 121129.04
525 121373.89
526 120759.96
527 121327.16
528 121452.09
529 120760.92
530 121258.97
531 120715.14
532 121040.82
533 121361.02
534 121356.96
535 121137.86
536 121584.89
537 121457.10
538 121182.92
539 121498.82
540 121049.17
541 121452.09
542 121272.09
543 121159.08
544 121435.17
545 120934.01
546 121078.01
547 120982.89
548 121180.06
549 121520.04
550 121792.08
551 120907.07
552 121503.83
553 121102.09
554 120977.88
555 120939.02
556 121124.03
557 121147.16
558 121376.04
559 121310.95
560 121239.90
561 120960.95
562 121104.96
563 121274.95
564 121623.04
565 121094.94
566 121302.84
567 121502.16
568 121466.88
569 121204.14
570 121001.01
571 121506.93
572 121199.13
573 121584.18
574 121321.92
575 121142.15
576 121587.04
577 121171.00
578 121191.98
579 121268.03
580 121407.99
581 120755.91
582 120806.93
583 121351.96
584 121206.05
585 121408.94
586 121433.97
587 121148.11
588 121174.10
589 121306.18
590 121188.16
591 120800.97
592 121283.05
593 121241.09
594 121257.07
595 121827.13
596 121270.18
597 121555.09
598 121147.87
599 121806.86
600 121344.80
601 120920.18
602 121415.14
603 121156.93
604 121171.00
605 121592.04
606 121075.87
607 121268.99
608 120764.97
609 121472.12
610 121035.10
611 121713.88
612 121182.92
613 121402.03
614 121294.98
615 121032.00
616 121137.14
617 121135.00
618 121586.08
619 121207.95
620 121383.91
621 121147.87
622 121459.01
623 121819.02
624 120956.90
625 121460.20
626 121031.05
627 121325.97
628 121220.11
629 120932.10
630 121125.94
631 121371.03
632 121490.00
633 121160.98
634 121027.95
635 121288.06
636 120946.88
637 121659.04
638 121615.17
639 121271.13
640 121382.00
641 121268.99
642 121499.06
643 121130.94
644 121178.15
645 121645.93
646 121297.12
647 121399.88
648 121135.00
649 121251.82
650 120959.04
651 121305.94
652 121263.98
653 121489.05
654 121829.99
655 121074.91
656 121541.98
657 121969.94
658 121346.95
659 121007.92
660 121611.12
661 121863.84
662 121289.01
663 121450.90
664 121184.83
665 120867.01
666 121052.98
667 121056.08
668 121032.00
669 121346.00
670 121613.98
671 120934.01
672 121541.02
673 121516.94
674 121527.91
675 121315.00
676 121774.91
677 120960.95
678 121973.04
679 121491.91
680 120779.04
681 121345.04
682 121124.98
683 121554.85
684 121103.05
685 120873.93
686 121547.22
687 121162.89
688 120867.97
689 121591.09
690 121370.08
691 121678.83
692 121566.06
693 121191.02
694 121080.16
695 121459.96
696 120961.19
697 121217.97
698 121479.99
699 120969.77
700 121606.11
701 121954.20
702 121475.93
703 121099.00
704 121340.99
705 121150.02
706 121263.98
707 121086.12
708 120996.00
709 121354.10
710 121265.89
711 121402.98
712 121295.93
713 121255.87
714 121333.84
715 121390.10
716 120724.20
717 121294.98
718 121221.07
719 121155.02
720 121696.00
721 120851.99
722 121284.96
723 121653.80
724 121541.98
725 121304.04
726 121093.99
727 121804.95
728 121469.02
729 121240.85
730 120946.88
731 121252.06
732 121234.89
733 121827.13
734 120905.88
735 121556.04
736 121778.01
737 121182.92
738 121202.95
739 121057.03
740 121047.97
741 120818.14
742 120765.92
743 121460.91
744 121382.95
745 121268.03
746 121104.00
747 121999.98
748 121503.83
749 121030.09
750 121156.93
751 121214.87
752 121537.21
753 121472.84
754 121202.95
755 120861.05
756 121580.12
757 120935.92
758 121296.88
759 121870.99
760 121503.11
761 121386.05
762 121086.12
763 121189.12
764 121205.09
765 121454.95
766 121292.83
767 121259.93
768 121269.94
769 121203.18
770 121147.87
771 121540.07
772 121485.95
773 121496.92
774 121077.06
775 121121.88
776 121127.13
777 121543.88
778 121232.99
779 121153.12
780 120772.84
781 120998.86
782 121448.99
783 120759.01
784 121380.09
785 121057.03
786 121135.00
787 121540.07
788 120865.11
789 121372.94
790 121142.86
791 121696.95
792 120956.18
793 120962.86
794 121358.87
795 121008.16
796 121269.94
797 120950.94
798 121160.03
799 121276.14
800 120824.10
801 121079.92
802 121330.02
803 120846.99
804 121242.05
805 120939.02
806 121136.90
807 121319.06
808 121428.97
809 121932.98
810 120939.02
811 121294.98
812 121623.04
813 121541.02
814 121317.15
815 121426.11
816 121250.87
817 121690.03
818 121232.03
819 121466.16
820 121284.96
821 121233.94
822 121147.87
823 120914.94
824 121222.02
825 121299.03
826 121184.11
827 121165.04
828 121294.02
829 120790.00
830 121006.97
831 120907.07
832 120913.98
833 121054.89
834 121436.83
835 121047.02
836 121303.08
837 120943.07
838 121163.85
839 121598.01
840 121973.04
841 121030.09
842 121115.92
843 120945.22
844 121834.04
845 121389.87
846 121022.94
847 121560.10
848 121396.06
849 121039.15
850 121224.16
851 121350.05
852 121397.97
853 121675.01
854 121781.11
855 121963.98
856 120725.15
857 120874.88
858 120701.07
859 120729.21
860 121119.02
861 121315.00
862 121872.90
863 121214.15
864 121862.89
865 121117.83
866 121028.90
867 121006.97
868 121226.07
869 121819.97
870 121641.87
871 121453.05
872 121418.00
873 121363.88
874 121462.11
875 120983.84
876 121114.97
877 121457.10
878 120885.85
879 121473.07
880 121109.96
881 121045.83
882 121651.89
883 121494.05
884 121459.01
885 121243.00
886 121552.94
887 121089.94
888 121520.04
889 120983.12
890 121247.05
891 121655.94
892 121177.91
893 120873.93
894 120887.04
895 121268.99
896 121287.11
897 120979.79
898 121515.99
899 121363.88
900 121332.88
901 121423.01
902 121608.02
903 121482.85
904 121248.01
905 121747.02
906 121461.87
907 121346.95
908 121186.97
909 121094.94
910 120819.09
911 121317.86
912 121195.08
913 121227.03
914 121295.93
915 121463.06
916 121456.15
917 121239.90
918 121809.01
919 121726.04
920 121249.91
921 120839.83
922 121167.90
923 121584.18
924 121386.05
925 121637.11
926 120900.15
927 120759.01
928 120804.07
929 121080.16
930 121355.06
931 121104.96
932 121361.02
933 121756.08
934 121005.06
935 121252.06
936 121210.10
937 120615.01
938 121412.04
939 121229.17
940 121210.10
941 121066.09
942 121183.87
943 121305.94
944 121482.85
945 121346.95
946 121513.84
947 121383.91
948 121701.00
949 121625.90
950 121309.04
951 121100.90
952 121352.20
953 121568.92
954 121647.12
955 122226.95
956 121421.10
957 121182.92
958 121458.05
959 121325.97
960 121642.83
961 121322.15
962 121659.99
963 121752.98
964 121501.92
965 121090.89
966 121104.96
967 120914.94
968 121399.16
969 120912.08
970 121485.95
971 121568.92
972 121933.94
973 121315.96
974 121173.14
975 120923.04
976 121373.89
977 121026.04
978 121475.93
979 121446.13
980 121348.86
981 121003.15
982 121112.11
983 121132.85
984 120984.08
985 121223.93
986 121355.06
987 121101.86
988 121126.17
989 121034.86
990 121196.99
991 120926.14
992 120947.12
993 121242.05
994 121222.02
995 121566.06
996 121764.90
997 121211.05
998 121898.89
999 121468.07
1000 121538.88
1001 121463.06
1002 121312.86
1003 121455.91
1004 120990.99
1005 121198.89
1006 121457.10
1007 121248.96
1008 121397.97
1009 121259.93
1010 121331.93
1011 120970.96
1012 120699.17
1013 121138.10
1014 121401.07
1015 120932.10
1016 121049.88
1017 121109.96
1018 121058.94
1019 121517.90
1020 121487.86
1021 121054.89
1022 120908.02
1023 121080.88
1024 121196.99
1025 121304.99
1026 120970.01
1027 121068.95
1028 120930.19
1029 121423.96
1030 121340.99
1031 121402.03
1032 121305.94
1033 120965.00
1034 121922.97
1035 121144.06
1036 121315.00
1037 121467.11
1038 121232.99
1039 120725.87
1040 121299.98
1041 121238.95
1042 121017.22
1043 121067.05
1044 120903.02
1045 121706.01
1046 121404.17
1047 121007.92
1048 121083.97
1049 120983.12
1050 120900.87
1051 121322.15
1052 121421.10
1053 120902.06
1054 121291.16
1055 120985.98
1056 120759.01
1057 121283.05
1058 121273.99
1059 121021.03
1060 120585.92
1061 121162.89
1062 121337.18
1063 120703.94
1064 121060.85
1065 121242.05
1066 121580.12
1067 121547.94
1068 121360.06
1069 121571.06
1070 120737.08
1071 120970.01
1072 121408.94
1073 120928.05
1074 121093.99
1075 121032.00
1076 120941.16
1077 120849.13
1078 121079.92
1079 121302.84
1080 120883.94
1081 121088.98
1082 121025.09
1083 120935.92
1084 121080.16
1085 120879.89
1086 120961.90
1087 120821.00
1088 120996.00
1089 120854.85
1090 120992.90
1091 121042.97
1092 121072.05
1093 121081.11
1094 121053.93
1095 121083.02
1096 121062.99
1097 121082.07
1098 121001.96
1099 121074.20
1100 121087.07
1101 121101.86
1102 121081.83
1103 121000.05
1104 121101.86
1105 121099.00
1106 120996.00
1107 121100.90
1108 121063.95
1109 121065.14
1110 121067.05
1111 121081.11
1112 121074.20
1113 121070.15
1114 121065.14
1115 121035.81
1116 120960.95
1117 121086.84
1118 121089.94
1119 121088.03
1120 121086.12
1121 121070.86
1122 121084.93
1123 121116.88
1124 121069.91
1125 121042.97
1126 121068.00
1127 121056.08
1128 121067.05
1129 121088.98
1130 121056.08
1131 121076.11
1132 121073.96
1133 121080.88
1134 121104.96
1135 121034.15
1136 121095.18
1137 121078.97
1138 121035.10
1139 121078.01
1140 121088.98
1141 121134.04
1142 121093.03
1143 121083.97
1144 121095.18
1145 121075.87
1146 121078.01
1147 121074.91
1148 121080.88
1149 121068.95
1150 121109.96
1151 121077.06
1152 121106.86
1153 121092.08
1154 121068.95
1155 121053.22
1156 121058.23
1157 121080.88
1158 121021.03
1159 121082.07
1160 121084.21
1161 121087.79
1162 121085.17
1163 121087.07
1164 121073.01
1165 121087.07
1166 121074.91
1167 121078.97
1168 121073.96
1169 121070.15
1170 121063.95
1171 121092.08
1172 121078.01
1173 121057.03
1174 121078.97
1175 121040.82
1176 121090.89
1177 121112.11
1178 121009.11
1179 121039.15
1180 121071.82
1181 121053.93
1182 121073.01
1183 121061.09
1184 121104.00
1185 121064.90
1186 121100.90
1187 121020.08
1188 121096.13
1189 121024.13
1190 121088.98
1191 121068.00
1192 121088.98
1193 121070.15
1194 121080.16
1195 121047.97
1196 121258.97
1197 120960.00
1198 121042.97
1199 121099.00
