1200
0 121211.05
1 121032.00
2 120939.02
3 121012.93
4 121016.03
5 121006.01
6 121006.01
7 120913.98
8 121001.01
9 121015.07
10 121016.03
11 121020.08
12 121011.97
13 121020.08
14 121037.96
15 121019.12
16 121022.94
17 121006.01
18 121016.03
19 121008.87
20 121018.89
21 121016.03
22 120984.08
23 121028.18
24 120916.84
25 120934.96
26 121008.87
27 121026.99
28 121016.98
29 121022.94
30 120924.95
31 121052.03
32 121021.03
33 121004.10
34 121026.04
35 121012.93
36 121016.98
37 121006.97
38 121020.08
39 121016.98
40 120986.94
41 121021.99
42 121011.02
43 121026.99
44 121023.89
45 120996.00
46 120999.10
47 120990.04
48 121022.94
49 121010.07
50 120969.06
51 121011.97
52 121001.96
53 121010.78
54 121006.01
55 121015.07
56 121008.87
57 121014.83
58 121013.16
59 121082.07
60 121019.12
61 121006.01
62 120980.02
63 121006.97
64 121003.15
65 120915.89
66 121011.02
67 121033.91
68 121014.83
69 121009.11
70 121023.89
71 121015.07
72 121030.09
73 121008.87
74 121027.23
75 121014.12
76 121046.07
77 121017.93
78 121001.01
79 121026.99
80 121007.92
81 120949.98
82 121000.05
83 120948.08
84 120944.98
85 121005.06
86 120932.10
87 121031.05
88 121004.10
89 120953.08
90 121004.10
91 121027.95
92 121007.92
93 121040.82
94 121020.08
95 122025.97
96 120906.11
97 120850.09
98 120985.98
99 120972.87
100 121000.05
101 120887.04
102 121048.93
103 121291.16
104 120960.00
105 120903.02
106 120985.03
107 122029.07
108 120978.83
109 120867.97
110 121589.90
111 120841.98
112 121099.00
113 121650.93
114 120661.97
115 120814.09
116 121739.15
117 120947.12
118 121222.02
119 121318.82
120 121424.91
121 120950.94
122 121412.99
123 120737.08
124 121035.81
125 120996.95
126 120950.22
127 121506.93
128 120736.12
129 121289.97
130 121366.02
131 120851.99
132 120787.86
133 121559.86
134 121324.78
135 120979.79
136 121258.02
137 121026.04
138 121179.82
139 121145.96
140 121249.91
141 121150.02
142 121492.15
143 121718.88
144 121670.96
145 120772.12
146 121725.08
147 121053.93
148 121220.11
149 121606.11
150 122409.11
151 120686.05
152 121537.92
153 120744.94
154 121760.13
155 120795.01
156 121465.92
157 121094.94
158 121268.99
159 121956.11
160 121804.00
161 120975.97
162 120877.98
163 122283.94
164 121280.91
165 121314.05
166 120835.07
167 121293.07
168 121226.07
169 121613.98
170 122176.17
171 121057.99
172 120949.03
173 120857.00
174 121644.02
175 122997.05
176 121283.05
177 120823.86
178 122583.87
179 120706.08
180 121173.86
181 121042.97
182 120691.06
183 120764.97
184 120835.07
185 120887.04
186 121929.88
187 120726.11
188 122041.94
189 121310.95
190 121107.10
191 121950.86
192 120783.81
193 120953.80
194 121807.10
195 120983.12
196 120749.95
197 120779.99
198 121793.03
199 121110.92
200 121277.09
201 121358.87
202 121819.02
203 121454.00
204 121351.00
205 122154.95
206 121468.07
207 121549.84
208 121387.96
209 121289.01
210 120987.89
211 121724.84
212 121217.01
213 121812.82
214 121827.13
215 120921.13
216 121357.92
217 123028.99
218 122030.97
219 121814.01
220 120893.00
221 120903.97
222 121366.02
223 121778.96
224 120742.80
225 121715.07
226 120600.94
227 121415.85
228 121026.04
229 121175.05
230 120924.00
231 120854.14
232 121441.84
233 120962.86
234 121793.03
235 121193.17
236 121497.15
237 121963.02
238 122041.94
239 122493.98
240 121457.10
241 121526.96
242 121856.21
243 121731.04
244 120813.13
245 120961.90
246 121570.11
247 121207.00
248 121932.98
249 122317.08
250 122142.08
251 121383.19
252 120821.00
253 122482.06
254 121536.97
255 122178.08
256 121018.89
257 121042.01
258 121373.89
259 122072.94
260 120954.99
261 121185.06
262 121425.15
263 121475.93
264 121880.05
265 121282.10
266 121400.12
267 120812.18
268 121626.14
269 121214.15
270 121278.05
271 121788.02
272 121042.01
273 121989.97
274 120903.02
275 121007.20
276 121016.03
277 121680.97
278 121392.01
279 120936.87
280 121905.09
281 121002.91
282 121140.00
283 121432.07
284 121035.81
285 121387.96
286 122009.04
287 121813.06
288 121607.78
289 120812.89
290 120723.01
291 122086.05
292 121023.89
293 121649.03
294 121726.04
295 121810.20
296 122174.98
297 120800.02
298 121250.15
299 121375.08
300 121423.96
301 121399.88
302 120933.06
303 121095.90
304 121048.93
305 120885.13
306 121052.98
307 120985.98
308 121489.05
309 120914.94
310 121381.04
311 121357.92
312 121799.95
313 120918.04
314 122053.15
315 120919.94
316 121102.09
317 121211.05
318 121209.86
319 121361.02
320 121250.87
321 120999.10
322 121097.09
323 121454.95
324 121217.97
325 120928.05
326 121031.05
327 121697.19
328 121387.00
329 121375.08
330 121603.97
331 121994.02
332 121100.19
333 120904.92
334 121457.82
335 120975.97
336 121301.17
337 122102.98
338 121114.97
339 120994.09
340 121045.11
341 121198.89
342 121117.12
343 121446.85
344 120745.90
345 121280.19
346 121667.15
347 121534.11
348 121282.82
349 121006.97
350 121686.94
351 121470.93
352 121225.12
353 121807.10
354 121581.08
355 120980.02
356 120749.95
357 120833.87
358 120938.06
359 120938.78
360 121333.84
361 121014.83
362 120973.83
363 120953.80
364 120877.98
365 121042.01
366 121028.18
367 120951.18
368 120841.03
369 121036.05
370 121052.98
371 120929.00
372 121423.01
373 121026.99
374 121201.99
375 121047.97
376 121146.92
377 121742.96
378 121065.14
379 120970.96
380 121315.00
381 121196.99
382 121534.82
383 121119.98
384 120790.96
385 121026.99
386 120884.18
387 120960.95
388 121419.91
389 120866.06
390 120773.08
391 121405.12
392 120968.10
393 120970.01
394 121133.09
395 120913.98
396 121068.00
397 120853.90
398 121099.95
399 120954.04
400 121059.89
401 120954.04
402 121338.84
403 120620.97
404 121111.87
405 121050.12
406 120863.91
407 121031.05
408 120952.13
409 121284.01
410 121113.06
411 120998.14
412 120885.13
413 121289.01
414 120977.88
415 121397.97
416 120949.03
417 120866.06
418 121690.99
419 121310.00
420 120853.90
421 121035.10
422 120867.01
423 121098.04
424 121049.17
425 121164.08
426 121158.84
427 121001.01
428 120929.96
429 121068.95
430 121026.04
431 121690.99
432 121021.03
433 121030.09
434 121112.11
435 121092.08
436 121074.91
437 120940.92
438 121549.84
439 121139.05
440 120822.19
441 120855.09
442 121768.95
443 121123.08
444 121100.90
445 120875.84
446 121004.82
447 121686.94
448 121338.84
449 120934.01
450 121010.78
451 121093.03
452 121057.99
453 121311.19
454 121078.01
455 120893.00
456 121186.02
457 121172.19
458 121418.95
459 121346.00
460 121264.93
461 121164.08
462 121035.81
463 121303.08
464 121129.04
465 120738.03
466 121063.95
467 121442.08
468 120922.80
469 120887.99
470 121088.98
471 121361.02
472 121119.98
473 121313.10
474 120907.07
475 121111.15
476 120990.04
477 120724.92
478 120958.09
479 121515.04
480 121199.13
481 121526.96
482 121319.06
483 121439.93
484 120862.01
485 120996.95
486 121284.96
487 121032.00
488 120803.12
489 121315.00
490 121239.90
491 120919.94
492 121745.11
493 120999.10
494 121045.83
495 121032.00
496 121138.10
497 120886.09
498 121182.20
499 121443.99
500 121216.06
501 121766.09
502 121398.93
503 121376.99
504 121004.10
505 121014.83
506 121708.15
507 121451.85
508 121190.07
509 121190.07
510 121683.84
511 121493.10
512 121756.08
513 120953.80
514 121634.01
515 121240.85
516 121217.01
517 121143.82
518 120977.88
519 121708.87
520 121126.89
521 121216.06
522 121525.05
523 121643.07
524 121372.94
525 120963.10
526 121013.88
527 120942.83
528 121284.01
529 121289.01
530 120968.10
531 121033.91
532 121420.15
533 121437.79
534 120960.95
535 121275.90
536 121271.85
537 121351.00
538 121335.03
539 121025.80
540 120815.99
541 121464.97
542 121209.86
543 121320.96
544 121680.97
545 121057.03
546 122307.06
547 121341.94
548 120958.09
549 121273.99
550 121512.17
551 120742.08
552 121737.96
553 120904.92
554 121100.90
555 121238.23
556 121152.16
557 121205.09
558 121585.13
559 121299.98
560 121005.06
561 121422.05
562 121461.15
563 121307.13
564 121352.91
565 121324.06
566 121182.92
567 121212.96
568 121324.06
569 121354.10
570 121690.99
571 121539.83
572 121757.98
573 121458.05
574 121397.02
575 121015.07
576 121675.01
577 121493.10
578 121244.19
579 120942.83
580 121023.18
581 121057.99
582 121178.87
583 121613.98
584 121446.13
585 121779.92
586 120974.06
587 121696.00
588 121614.93
589 121702.19
590 121191.98
591 121117.12
592 121349.10
593 120709.90
594 121152.16
595 121402.03
596 121289.97
597 121629.00
598 121410.13
599 120954.04
600 121338.13
601 121217.97
602 121095.90
603 122065.07
604 121374.13
605 121490.00
606 121052.98
607 121136.90
608 121337.89
609 121263.03
610 121217.01
611 121265.89
612 121322.87
613 121469.02
614 121334.08
615 121068.00
616 120974.06
617 121213.91
618 121839.05
619 121353.86
620 120756.86
621 121479.99
622 121410.85
623 121389.15
624 121089.94
625 121554.85
626 120811.94
627 121481.90
628 121755.84
629 121526.96
630 121491.19
631 121395.11
632 121632.10
633 121262.07
634 121514.08
635 121292.11
636 121176.96
637 121132.14
638 121544.84
639 121305.94
640 121518.85
641 121500.02
642 121277.09
643 121062.04
644 121354.10
645 121182.92
646 121216.06
647 121982.81
648 121436.12
649 121273.99
650 121408.94
651 121030.09
652 121088.98
653 121469.97
654 121502.88
655 121273.99
656 121526.00
657 121235.85
658 121300.94
659 121605.16
660 121305.94
661 121348.14
662 121243.95
663 120777.13
664 121302.13
665 120962.14
666 121011.97
667 121681.93
668 120939.97
669 121055.13
670 121423.96
671 120984.08
672 121445.89
673 121887.21
674 121370.08
675 121366.02
676 121197.94
677 121471.17
678 122173.79
679 121028.90
680 121113.78
681 121657.13
682 121304.99
683 121286.15
684 121309.04
685 121207.95
686 120803.12
687 121243.00
688 120859.15
689 121287.82
690 121011.02
691 121344.80
692 121136.90
693 120990.99
694 121286.87
695 121280.91
696 121332.88
697 121389.87
698 121613.03
699 121545.08
700 120980.98
701 120988.13
702 121413.95
703 120891.09
704 121335.98
705 121752.02
706 121248.96
707 121402.03
708 121444.94
709 121332.88
710 120886.09
711 121675.01
712 121340.99
713 121321.92
714 121339.80
715 121155.98
716 121029.14
717 121489.05
718 121387.00
719 121487.14
720 121845.01
721 121082.07
722 121304.99
723 121466.16
724 121554.85
725 120897.05
726 121365.79
727 121671.92
728 121112.11
729 120924.00
730 121401.07
731 121515.99
732 121278.05
733 121325.97
734 121248.01
735 121870.04
736 121124.98
737 120828.15
738 121367.93
739 121167.18
740 121572.02
741 121396.06
742 121754.88
743 121614.93
744 121052.03
745 121463.06
746 121274.95
747 121445.89
748 121421.81
749 121296.17
750 121325.97
751 121062.04
752 121020.08
753 121419.91
754 121598.96
755 121241.81
756 121328.12
757 121263.98
758 121428.97
759 121515.04
760 121512.17
761 121536.02
762 121500.97
763 121597.05
764 120874.88
765 121433.02
766 121593.95
767 121081.11
768 120909.93
769 121342.90
770 121134.04
771 121134.04
772 121668.82
773 121175.05
774 121329.07
775 121371.03
776 121621.85
777 120857.00
778 121018.17
779 120965.00
780 121369.12
781 121504.07
782 121396.06
783 121201.04
784 120807.17
785 121280.91
786 121008.87
787 120952.84
788 121052.98
789 121701.00
790 121431.11
791 121026.99
792 121076.11
793 121517.18
794 121078.01
795 121805.19
796 121490.00
797 120950.94
798 121464.01
799 120781.18
800 121464.97
801 121041.06
802 121170.04
803 120962.14
804 120863.20
805 121340.99
806 120938.06
807 121747.02
808 121095.90
809 121272.09
810 121191.98
811 121217.97
812 121482.85
813 121199.85
814 121287.82
815 122009.04
816 121296.88
817 121298.07
818 121511.94
819 121690.03
820 121737.96
821 121299.98
822 120993.85
823 121093.99
824 121276.86
825 121271.85
826 121510.03
827 121198.18
828 121794.94
829 121803.05
830 120862.96
831 121656.89
832 121335.03
833 121231.08
834 121277.09
835 121243.00
836 120991.95
837 121230.13
838 121309.04
839 121288.06
840 121615.89
841 121169.09
842 121045.11
843 121683.84
844 121104.96
845 121567.01
846 121166.94
847 121399.16
848 121413.95
849 121536.02
850 121319.06
851 121159.08
852 121413.95
853 121155.98
854 121814.97
855 120921.85
856 121567.01
857 121490.96
858 121423.01
859 121021.99
860 121710.06
861 121731.04
862 121605.87
863 121445.89
864 121175.05
865 121283.05
866 120984.08
867 121135.95
868 121119.98
869 121226.07
870 121124.03
871 121713.16
872 121756.08
873 121209.14
874 120954.04
875 121326.92
876 121109.96
877 120805.03
878 121009.83
879 120832.92
880 121719.12
881 121634.01
882 121181.01
883 121550.08
884 121511.94
885 121212.01
886 121629.00
887 121139.05
888 121408.94
889 121195.08
890 121349.10
891 121256.83
892 121183.87
893 121145.96
894 121243.00
895 121244.91
896 121443.99
897 121474.98
898 121248.01
899 121543.88
900 121127.13
901 120966.91
902 121728.90
903 121263.98
904 121426.82
905 121082.07
906 120887.04
907 120881.80
908 121049.88
909 121407.99
910 121799.95
911 121346.95
912 121315.96
913 121078.01
914 121209.14
915 121613.98
916 121079.92
917 121418.95
918 121428.97
919 121746.06
920 121495.01
921 121452.09
922 120831.01
923 121186.02
924 121140.96
925 121623.99
926 121525.05
927 121208.91
928 121220.11
929 122014.05
930 121232.03
931 121160.03
932 121192.93
933 121255.16
934 121378.90
935 121434.21
936 121293.07
937 121444.94
938 121543.88
939 121560.81
940 121156.93
941 121240.85
942 121156.93
943 121216.06
944 122058.87
945 121291.88
946 121628.05
947 120966.91
948 121623.99
949 121370.08
950 120924.95
951 122087.00
952 121475.93
953 120913.03
954 121379.14
955 121377.94
956 121094.94
957 121388.91
958 121348.14
959 121244.91
960 121448.99
961 121526.96
962 121591.81
963 121109.01
964 121804.95
965 121168.14
966 121082.07
967 121666.91
968 121057.99
969 121277.81
970 121371.03
971 121457.10
972 121426.11
973 121340.04
974 121490.00
975 121437.07
976 121773.00
977 121317.15
978 121201.04
979 121511.94
980 120907.07
981 121061.09
982 121013.88
983 121341.94
984 120839.12
985 121022.94
986 121073.96
987 121443.99
988 120966.91
989 121121.88
990 121654.03
991 121100.90
992 120963.10
993 120963.10
994 121259.93
995 121771.10
996 121036.05
997 120757.10
998 120809.08
999 121065.86
1000 120877.98
1001 121705.06
1002 120851.99
1003 121069.91
1004 121469.97
1005 121110.20
1006 121762.04
1007 120965.96
1008 120915.17
1009 121190.07
1010 120885.85
1011 121553.90
1012 121461.87
1013 121249.20
1014 121158.12
1015 121299.98
1016 121480.94
1017 121085.88
1018 121175.05
1019 121419.91
1020 121454.95
1021 121021.03
1022 121201.99
1023 121464.97
1024 121009.11
1025 121926.07
1026 120909.93
1027 121389.87
1028 121315.00
1029 121144.06
1030 121485.95
1031 121483.09
1032 121615.89
1033 121447.09
1034 121530.06
1035 121224.88
1036 121021.99
1037 120872.02
1038 120947.12
1039 121052.98
1040 121369.84
1041 121263.03
1042 121440.89
1043 121306.90
1044 121326.92
1045 121625.90
1046 121182.92
1047 120939.02
1048 121235.13
1049 121258.02
1050 121180.06
1051 121291.88
1052 121512.17
1053 121180.06
1054 121582.03
1055 121212.96
1056 121343.14
1057 121315.00
1058 121418.95
1059 121109.01
1060 121362.92
1061 121340.99
1062 121232.03
1063 120967.15
1064 120846.03
1065 121075.87
1066 121068.95
1067 121022.94
1068 121405.84
1069 121577.98
1070 120724.92
1071 121539.12
1072 120703.94
1073 120858.19
1074 121422.05
1075 120991.95
1076 121081.11
1077 120997.19
1078 120925.90
1079 120929.96
1080 121107.10
1081 120922.09
1082 120737.08
1083 120916.84
1084 120948.08
1085 121219.87
1086 120936.16
1087 120970.01
1088 120885.13
1089 120903.97
1090 120947.84
1091 120767.83
1092 120992.90
1093 120920.18
1094 120886.09
1095 121015.07
1096 120913.03
1097 121020.08
1098 121042.01
1099 120949.98
1100 120976.92
1101 121030.09
1102 121016.98
1103 121002.91
1104 121033.19
1105 121006.97
1106 121036.05
1107 120944.98
1108 120945.93
1109 121013.16
1110 121037.01
1111 121042.01
1112 120990.99
1113 121045.83
1114 121016.98
1115 121016.98
1116 121022.94
1117 121029.14
1118 120990.04
1119 120951.18
1120 121032.95
1121 121033.91
1122 121020.08
1123 121040.11
1124 121024.85
1125 121040.11
1126 121026.04
1127 121061.80
1128 120983.84
1129 120980.98
1130 121041.06
1131 121032.00
1132 121047.02
1133 121019.84
1134 121047.97
1135 121015.07
1136 121073.01
1137 121024.13
1138 121028.90
1139 120968.10
1140 121038.20
1141 121038.91
1142 121046.07
1143 121032.00
1144 121051.07
1145 121030.09
1146 121023.89
1147 121021.99
1148 120947.12
1149 121025.80
1150 121022.94
1151 121035.10
1152 121045.83
1153 121045.11
1154 121016.03
1155 121012.93
1156 121025.09
1157 120942.83
1158 120997.91
1159 120946.88
1160 121034.86
1161 121027.95
1162 121016.03
1163 121034.86
1164 121020.08
1165 120935.92
1166 121024.85
1167 121014.12
1168 121025.09
1169 121030.81
1170 121029.85
1171 121039.15
1172 121030.09
1173 121035.10
1174 121037.96
1175 121039.87
1176 121038.91
1177 121039.15
1178 121011.02
1179 120978.12
1180 121016.98
1181 121032.00
1182 121023.89
1183 121025.09
1184 121010.78
1185 121032.95
1186 121028.90
1187 121030.09
1188 120895.15
1189 121036.05
1190 121007.92
1191 121042.01
1192 120913.98
1193 121015.79
1194 121021.03
1195 121040.11
1196 121029.14
1197 121010.78
1198 120974.06
1199 120969.06
