1200
0 121290.92
1 121171.95
2 121165.04
3 121105.91
4 121099.00
5 121124.98
6 121115.21
7 121155.98
8 121136.90
9 121153.12
10 121136.19
11 121126.89
12 121112.11
13 121128.08
14 121105.91
15 121114.97
16 121129.04
17 121124.98
18 121143.82
19 121140.00
20 121069.91
21 121145.01
22 121141.91
23 121146.92
24 121150.02
25 121088.03
26 121092.08
27 121112.82
28 121137.14
29 121139.05
30 121165.04
31 120997.91
32 121017.93
33 121001.01
34 121011.97
35 121067.05
36 121022.94
37 121035.81
38 121042.01
39 121043.92
40 120981.93
41 121063.95
42 121043.92
43 121068.95
44 121057.03
45 121017.22
46 121068.00
47 121029.14
48 120991.95
49 120945.93
50 121064.90
51 121032.00
52 121073.01
53 121099.00
54 121007.92
55 121036.05
56 121065.86
57 121050.83
58 121074.91
59 121057.99
60 120980.02
61 121076.11
62 121057.03
63 121021.03
64 120927.10
65 121035.10
66 121068.95
67 121051.07
68 120996.95
69 121057.03
70 121084.93
71 121039.15
72 121062.99
73 121046.07
74 121026.99
75 121055.84
76 121078.01
77 121068.00
78 121023.18
79 121007.92
80 120924.00
81 121055.13
82 121072.05
83 121062.99
84 121006.97
85 121064.90
86 121069.91
87 121065.14
88 121008.87
89 121006.01
90 121041.06
91 121025.09
92 121057.03
93 121058.94
94 120988.85
95 121218.92
96 121910.81
97 120817.90
98 121042.01
99 120971.92
100 121101.14
101 120960.00
102 121091.13
103 121067.05
104 120589.02
105 121357.92
106 121637.11
107 122168.78
108 122915.98
109 122704.03
110 121153.12
111 123358.96
112 122749.09
113 125942.95
114 123917.10
115 123991.97
116 122962.00
117 123070.00
118 124006.99
119 123960.02
120 123697.04
121 124748.95
122 124640.94
123 124759.91
124 126250.98
125 123813.15
126 124814.99
127 124746.80
128 124106.88
129 124131.20
130 124563.93
131 125927.93
132 125396.01
133 125199.08
134 124151.95
135 125992.06
136 125910.04
137 123739.00
138 123610.02
139 124303.82
140 125121.12
141 124644.99
142 125074.86
143 124363.18
144 124523.16
145 125334.98
146 126752.14
147 124480.01
148 126065.97
149 124439.00
150 125061.99
151 124396.09
152 124361.99
153 124340.06
154 124902.96
155 124261.14
156 123461.96
157 124340.06
158 123862.03
159 124169.11
160 123535.87
161 125031.95
162 124804.97
163 124078.99
164 124764.92
165 125357.87
166 123912.10
167 124598.03
168 123398.07
169 124232.05
170 123342.99
171 124061.82
172 123891.12
173 123893.02
174 123939.99
175 123624.09
176 125169.04
177 125284.91
178 125074.86
179 124084.00
180 123394.01
181 123372.08
182 124928.95
183 124871.02
184 123845.10
185 124507.19
186 124754.91
187 123611.93
188 125131.85
189 123471.98
190 123323.92
191 123203.99
192 124002.22
193 123921.16
194 123790.03
195 123909.00
196 125276.09
197 125293.02
198 125089.88
199 123459.82
200 123160.12
201 123169.90
202 123921.87
203 123207.81
204 123919.01
205 123179.91
206 123846.05
207 124635.93
208 123675.11
209 124348.16
210 125126.12
211 123411.89
212 123265.03
213 124041.08
214 124188.90
215 123955.97
216 123963.83
217 123637.91
218 123116.02
219 124341.96
220 124454.98
221 123182.06
222 123134.14
223 126385.93
224 123939.99
225 124378.92
226 124463.08
227 123730.18
228 126029.97
229 124161.96
230 124892.00
231 124130.96
232 124811.89
233 123195.89
234 124017.95
235 123029.95
236 123188.02
237 123653.89
238 124673.84
239 123602.15
240 124242.07
241 123425.01
242 124135.02
243 124063.01
244 123983.86
245 125432.97
246 124627.83
247 122782.95
248 124702.93
249 122872.83
250 124408.01
251 122928.86
252 123867.03
253 123682.02
254 124740.84
255 124727.01
256 124604.23
257 123129.84
258 123873.00
259 125470.88
260 122945.79
261 123100.04
262 123862.03
263 123837.95
264 124030.83
265 123946.91
266 123389.01
267 124932.05
268 123301.98
269 124959.95
270 123918.06
271 124125.96
272 123398.07
273 124166.01
274 124271.87
275 123344.90
276 125803.95
277 123441.93
278 125152.11
279 124165.06
280 123317.96
281 124468.09
282 124334.10
283 124561.07
284 123505.12
285 124948.98
286 123440.03
287 124481.92
288 124568.94
289 123497.01
290 123173.95
291 123338.94
292 124368.91
293 122726.92
294 124559.88
295 125481.84
296 125319.00
297 123759.03
298 123700.14
299 123848.92
300 124494.08
301 126039.98
302 124645.95
303 123687.03
304 124475.00
305 123796.22
306 124379.16
307 123589.04
308 123590.95
309 123801.23
310 124564.89
311 125540.97
312 123879.91
313 124794.01
314 124419.93
315 123692.99
316 124518.87
317 123522.04
318 123735.90
319 125267.03
320 126868.96
321 123422.86
322 123829.13
323 124596.12
324 123535.87
325 122725.96
326 123752.12
327 123619.08
328 124403.95
329 124367.00
330 123663.90
331 124407.05
332 122841.84
333 123023.03
334 123283.15
335 124755.14
336 123873.95
337 123232.84
338 123312.00
339 123342.99
340 125739.10
341 123198.99
342 123820.07
343 123332.02
344 124833.11
345 124880.08
346 124299.05
347 124114.04
348 123154.16
349 124066.11
350 124861.00
351 124921.80
352 124337.20
353 124413.97
354 124283.08
355 124365.81
356 124358.89
357 123606.92
358 124254.94
359 125083.92
360 123296.98
361 123096.94
362 123591.18
363 123305.08
364 123107.91
365 122890.95
366 123594.05
367 122935.06
368 123056.89
369 123064.99
370 123356.82
371 123043.78
372 123517.99
373 123260.97
374 123514.89
375 123672.96
376 122926.95
377 123332.02
378 122778.18
379 122946.98
380 122972.01
381 123234.99
382 123767.85
383 123430.97
384 122930.05
385 122994.90
386 123324.16
387 122802.97
388 122945.07
389 123184.92
390 123114.11
391 123570.20
392 122853.99
393 123043.06
394 123162.03
395 123296.98
396 123183.01
397 123469.11
398 123039.01
399 123511.79
400 123119.12
401 123327.97
402 123812.91
403 123302.94
404 123209.95
405 123065.95
406 123391.15
407 123788.12
408 123452.90
409 122993.95
410 123147.01
411 123244.05
412 123511.08
413 122757.91
414 123310.09
415 123697.04
416 122998.00
417 123506.07
418 123322.01
419 123040.91
420 123654.13
421 123342.99
422 123050.93
423 123475.07
424 123860.84
425 123367.07
426 123595.00
427 123233.08
428 122946.98
429 123551.85
430 122730.02
431 123102.19
432 122914.08
433 123644.83
434 123419.05
435 123613.12
436 123176.10
437 123261.93
438 123588.80
439 123209.95
440 123059.03
441 122825.15
442 123008.01
443 123870.13
444 123306.04
445 124428.99
446 123388.05
447 123306.04
448 123247.15
449 123569.01
450 123403.07
451 123402.12
452 123263.84
453 123535.16
454 123203.04
455 123800.99
456 123606.20
457 123375.18
458 123409.99
459 123207.81
460 123286.96
461 122936.01
462 122845.89
463 123142.00
464 123579.03
465 123212.10
466 123290.06
467 123523.95
468 123533.96
469 123886.11
470 123806.95
471 122927.90
472 122977.97
473 123138.19
474 123698.95
475 123086.93
476 123619.08
477 123332.02
478 123501.06
479 123214.96
480 123370.17
481 123559.95
482 123131.99
483 123404.03
484 123149.16
485 123064.04
486 123301.03
487 123742.82
488 123412.85
489 123383.05
490 122772.93
491 123069.05
492 123255.01
493 123019.93
494 123028.99
495 123132.94
496 123209.00
497 122982.98
498 123124.84
499 123055.93
500 122821.09
501 122981.07
502 123430.01
503 123286.96
504 123408.08
505 123654.84
506 123770.95
507 123163.94
508 123194.93
509 123582.12
510 123387.10
511 123143.20
512 123243.09
513 123598.10
514 123740.91
515 123411.89
516 123353.00
517 123015.88
518 123493.19
519 123558.04
520 123374.94
521 123121.02
522 123588.09
523 123295.07
524 123574.97
525 123182.06
526 123007.06
527 123303.89
528 123038.05
529 123637.91
530 123272.90
531 123376.13
532 123217.82
533 122736.22
534 122530.94
535 123563.05
536 123127.94
537 123373.99
538 123168.95
539 123026.13
540 123374.94
541 123348.95
542 123544.22
543 122762.92
544 123075.96
545 123152.02
546 123471.98
547 123106.96
548 122991.09
549 123020.17
550 123473.17
551 123142.00
552 123106.00
553 123159.89
554 123290.78
555 123135.09
556 123887.06
557 123574.02
558 122802.02
559 123811.01
560 123353.00
561 123123.17
562 120908.98
563 121083.97
564 120898.01
565 121490.96
566 121038.20
567 120705.84
568 120993.14
569 120899.92
570 121001.01
571 120990.99
572 120880.84
573 120841.98
574 121019.84
575 120812.89
576 121064.90
577 121367.93
578 121023.18
579 120930.19
580 120833.87
581 120788.10
582 121090.17
583 120963.10
584 121112.82
585 120887.04
586 120810.99
587 121215.11
588 121241.09
589 121143.10
590 120908.02
591 121021.99
592 120948.08
593 120873.93
594 121042.01
595 120762.11
596 120924.95
597 120910.88
598 121777.06
599 121028.90
600 120795.01
601 120984.08
602 121055.13
603 120843.17
604 120883.94
605 120955.94
606 120901.82
607 121025.09
608 120847.94
609 120724.92
610 120692.01
611 120934.96
612 120847.94
613 120888.95
614 120810.03
615 120924.95
616 121157.88
617 120696.07
618 120912.08
619 120892.05
620 121411.80
621 121153.83
622 121064.19
623 120808.12
624 120738.03
625 120824.81
626 120853.90
627 121047.02
628 120856.05
629 121119.98
630 120998.14
631 120775.94
632 120826.01
633 120797.87
634 121011.97
635 120661.97
636 120817.18
637 120779.04
638 120858.19
639 121071.10
640 121064.90
641 120788.10
642 120805.03
643 120937.11
644 120819.09
645 121284.01
646 120710.13
647 120817.90
648 121086.12
649 120747.80
650 120715.14
651 120847.94
652 121034.86
653 120996.00
654 121027.95
655 121013.16
656 121370.08
657 121021.03
658 120948.08
659 120712.04
660 120906.83
661 120708.94
662 120887.04
663 120634.79
664 120908.98
665 120929.96
666 120934.96
667 120985.03
668 121029.85
669 120626.93
670 120845.79
671 120997.91
672 120782.85
673 120890.86
674 120903.02
675 120872.97
676 120841.03
677 120896.10
678 120909.93
679 120749.00
680 121114.02
681 120691.06
682 120900.87
683 120764.02
684 120850.09
685 120777.13
686 120844.13
687 121497.87
688 121015.07
689 121062.99
690 120895.15
691 120999.10
692 121095.90
693 120756.86
694 120908.02
695 120875.84
696 120844.84
697 120872.97
698 120990.04
699 120748.04
700 120846.99
701 120789.05
702 120903.02
703 120799.06
704 121165.04
705 120815.04
706 120816.95
707 120725.15
708 120866.06
709 121026.04
710 121297.12
711 120967.15
712 121086.84
713 121055.13
714 120911.12
715 120764.02
716 121196.03
717 120929.00
718 120682.00
719 120935.92
720 120998.86
721 121082.07
722 120965.00
723 121367.93
724 120890.14
725 120779.99
726 120960.00
727 120802.16
728 120842.93
729 120728.02
730 121258.97
731 120948.08
732 120973.83
733 121309.04
734 121064.19
735 121186.02
736 121264.93
737 121186.97
738 120908.98
739 121001.96
740 121372.94
741 120774.98
742 121011.02
743 120776.89
744 120931.86
745 121100.90
746 120867.97
747 121145.01
748 120813.13
749 121117.12
750 120818.85
751 120775.94
752 121061.09
753 120842.93
754 121264.93
755 121109.01
756 120697.98
757 120987.89
758 120710.85
759 121033.91
760 120873.93
761 120931.86
762 120884.18
763 121051.07
764 121075.87
765 121089.94
766 121088.03
767 120764.02
768 120833.87
769 121055.84
770 120844.84
771 120817.90
772 120888.95
773 120736.84
774 121028.90
775 120738.03
776 121030.09
777 120827.91
778 121136.19
779 120797.87
780 120827.91
781 121149.06
782 120737.08
783 120680.09
784 120722.06
785 121229.17
786 120833.16
787 120868.92
788 121174.81
789 120773.08
790 121026.99
791 121256.11
792 120860.10
793 120757.10
794 121052.98
795 120953.08
796 120985.98
797 121046.07
798 120818.14
799 120725.87
800 121092.08
801 121366.98
802 120746.85
803 121473.79
804 121115.92
805 121340.04
806 120771.88
807 120972.16
808 121001.01
809 121112.82
810 120929.96
811 121015.07
812 121037.01
813 121082.07
814 121043.92
815 120834.11
816 120929.00
817 120950.94
818 120983.12
819 121429.20
820 121446.13
821 121083.97
822 120930.91
823 120861.05
824 120732.78
825 121622.09
826 120795.97
827 120952.84
828 120951.18
829 121108.06
830 121372.22
831 120805.98
832 120770.93
833 121207.00
834 121254.92
835 120970.01
836 121644.97
837 120898.01
838 121025.80
839 120850.09
840 121199.85
841 120726.11
842 120862.01
843 121567.01
844 121009.11
845 121652.13
846 120819.09
847 120768.07
848 120895.86
849 121315.00
850 120944.02
851 121041.06
852 121155.02
853 120862.96
854 120887.99
855 121126.17
856 121352.91
857 120953.80
858 121211.05
859 121033.91
860 120880.84
861 120893.00
862 121026.99
863 121009.83
864 120975.97
865 120792.87
866 120927.10
867 120924.95
868 121696.00
869 120890.14
870 120894.91
871 120944.02
872 121222.02
873 121005.06
874 121231.08
875 120821.00
876 120723.96
877 121073.01
878 121084.21
879 121188.88
880 121077.06
881 120767.12
882 120682.95
883 120779.99
884 120735.88
885 121183.16
886 121574.88
887 120990.04
888 121025.09
889 121116.16
890 120739.94
891 120998.86
892 121117.83
893 120853.19
894 121021.03
895 120885.13
896 120883.94
897 120970.01
898 121283.05
899 120943.07
900 121074.91
901 120885.85
902 120800.02
903 120795.01
904 121057.03
905 121283.05
906 120803.83
907 120783.09
908 121040.11
909 121128.08
910 120813.85
911 120877.03
912 121157.88
913 120914.94
914 120842.22
915 120927.81
916 120972.87
917 120924.95
918 120982.89
919 121164.08
920 121114.02
921 120903.97
922 120902.06
923 120749.00
924 120866.06
925 120805.03
926 121019.12
927 120939.02
928 120883.94
929 120981.93
930 120778.08
931 121304.04
932 121048.21
933 120898.96
934 121355.06
935 121153.83
936 120863.91
937 121047.02
938 121191.02
939 121052.98
940 120879.89
941 121286.87
942 121149.06
943 120859.86
944 120713.00
945 121168.85
946 121073.01
947 121284.96
948 120869.16
949 120843.89
950 120918.99
951 120778.08
952 121021.99
953 121035.81
954 121013.88
955 121030.09
956 121044.87
957 121016.03
958 121040.82
959 121009.83
960 121029.85
961 121014.12
962 121021.03
963 120976.92
964 120887.04
965 121026.04
966 121019.84
967 121013.88
968 121028.90
969 121042.97
970 120952.84
971 121033.91
972 121006.01
973 121028.18
974 121011.02
975 121029.14
976 121024.85
977 121002.91
978 121011.97
979 121037.96
980 121043.92
981 121029.14
982 121030.09
983 121018.89
984 120960.95
985 121046.07
986 121021.99
987 121040.11
988 121013.88
989 121034.15
990 121018.89
991 121028.90
992 121016.98
993 121020.08
994 121027.95
995 121021.99
996 121045.11
997 121012.93
998 121020.08
999 121022.94
1000 121006.01
1001 121016.03
1002 121048.93
1003 120979.07
1004 120876.79
1005 121042.97
1006 121039.15
1007 121030.09
1008 121020.08
1009 121020.79
1010 121016.98
1011 121025.09
1012 121058.94
1013 121011.97
1014 121042.97
1015 121004.82
1016 121028.90
1017 121002.91
1018 121016.03
1019 121011.97
1020 121016.98
1021 121012.93
1022 121047.02
1023 121011.02
1024 120967.86
1025 121036.05
1026 121038.91
1027 121020.08
1028 121030.09
1029 121026.04
1030 120988.13
1031 121021.99
1032 121018.89
1033 120946.88
1034 121020.08
1035 121016.03
1036 121029.85
1037 121006.97
1038 121019.12
1039 121046.07
1040 121022.94
1041 121030.09
1042 121021.99
1043 120927.10
1044 120908.98
1045 121011.97
1046 121021.03
1047 121017.93
1048 121016.98
1049 121012.93
1050 121059.89
1051 121018.89
1052 121047.97
1053 121000.05
1054 121008.16
1055 120996.00
1056 121015.07
1057 121032.95
1058 121026.04
1059 121026.04
1060 121031.05
1061 121080.16
1062 121021.03
1063 120987.89
1064 121025.80
1065 121047.97
1066 121018.89
1067 121036.05
1068 121043.92
1069 121026.99
1070 121031.05
1071 121068.95
1072 121016.03
1073 121032.95
1074 121025.80
1075 121020.79
1076 121021.99
1077 121016.03
1078 121020.08
1079 121001.96
1080 121023.89
1081 121010.07
1082 121012.93
1083 120971.92
1084 120933.06
1085 120886.09
1086 121006.97
1087 121035.10
1088 121068.95
1089 121019.84
1090 121007.92
1091 121022.94
1092 121044.87
1093 121026.99
1094 121026.99
1095 121017.22
1096 121022.94
1097 121015.07
1098 121013.88
1099 121068.95
1100 121040.82
1101 120981.93
1102 121021.99
1103 121001.96
1104 120959.04
1105 121044.87
1106 121028.90
1107 121030.09
1108 121015.07
1109 121022.94
1110 120996.00
1111 121011.02
1112 121033.91
1113 121028.90
1114 120939.02
1115 121034.86
1116 121016.03
1117 121043.92
1118 121026.04
1119 121048.93
1120 121022.94
1121 121035.81
1122 121021.03
1123 120969.06
1124 121028.18
1125 120974.06
1126 121023.89
1127 121008.16
1128 121025.80
1129 121047.02
1130 121024.85
1131 121033.91
1132 121030.09
1133 121035.10
1134 121016.03
1135 121026.04
1136 121037.96
1137 121011.97
1138 121026.04
1139 121038.91
1140 121021.03
1141 121029.85
1142 121067.05
1143 120996.00
1144 120951.18
1145 120983.84
1146 121012.93
1147 121026.04
1148 121021.03
1149 121029.14
1150 121024.13
1151 121020.79
1152 121019.84
1153 121061.80
1154 121019.84
1155 121016.03
1156 121023.89
1157 121044.87
1158 121026.99
1159 121018.89
1160 121013.88
1161 121023.89
1162 121021.03
1163 121002.20
1164 120961.90
1165 120891.81
1166 121042.97
1167 121029.85
1168 121039.15
1169 121078.01
1170 121035.10
1171 120982.17
1172 121023.89
1173 121026.99
1174 121028.90
1175 121021.99
1176 121025.09
1177 121015.79
1178 121037.01
1179 121021.99
1180 121068.00
1181 121026.99
1182 121019.84
1183 121022.94
1184 121030.09
1185 121021.03
1186 121016.98
1187 121014.83
1188 121015.07
1189 121021.03
1190 121047.97
1191 121052.98
1192 120961.90
1193 121035.10
1194 121028.18
1195 121037.01
1196 121049.88
1197 121032.95
1198 120990.04
1199 121036.05
