1200
0 121097.80
1 120980.02
2 120939.02
3 120946.88
4 120963.10
5 120954.99
6 120950.94
7 120971.92
8 120950.94
9 120955.94
10 120949.03
11 120963.10
12 120946.17
13 120932.10
14 120828.87
15 120962.14
16 120949.03
17 120945.93
18 120962.14
19 120893.96
20 120893.96
21 120958.09
22 120949.03
23 120982.17
24 120936.87
25 120936.87
26 120931.15
27 120987.89
28 120933.77
29 120947.12
30 120956.90
31 120962.86
32 120929.00
33 120934.96
34 120924.00
35 120985.98
36 120935.92
37 120937.82
38 120944.02
39 120973.11
40 120941.16
41 120939.02
42 120943.07
43 120909.93
44 120947.12
45 120939.02
46 120934.96
47 120990.99
48 120957.85
49 120951.89
50 120949.98
51 120975.97
52 120959.04
53 120932.82
54 120960.00
55 120971.20
56 120926.14
57 120891.09
58 120943.78
59 120924.95
60 120929.00
61 120923.04
62 120936.87
63 120975.97
64 120930.19
65 120963.81
66 120954.99
67 120975.02
68 120968.10
69 120952.13
70 120949.98
71 120965.96
72 120961.90
73 120951.89
74 120960.00
75 120953.08
76 120913.98
77 120954.04
78 120952.84
79 120946.88
80 120929.96
81 120908.98
82 120959.04
83 120960.00
84 120954.99
85 120960.95
86 120960.00
87 120963.81
88 120942.12
89 120934.01
90 120943.07
91 120960.95
92 120949.03
93 120893.96
94 120942.12
95 120857.00
96 120901.11
97 120888.95
98 120942.83
99 120991.95
100 120953.08
101 121033.91
102 120958.09
103 122555.02
104 121363.16
105 121715.07
106 120856.05
107 120909.93
108 121240.85
109 120769.02
110 121700.05
111 120944.02
112 120815.04
113 121231.08
114 121508.12
115 121698.86
116 120924.00
117 121255.87
118 121104.96
119 121610.88
120 120850.09
121 120961.19
122 121435.17
123 121460.91
124 120890.14
125 121690.99
126 120952.84
127 120949.03
128 121176.96
129 120981.93
130 120765.92
131 120630.03
132 121719.84
133 121187.93
134 120782.85
135 121019.12
136 121572.02
137 121104.96
138 120801.21
139 120838.88
140 121901.99
141 121465.21
142 120934.01
143 121126.17
144 121137.14
145 121402.03
146 120729.92
147 120786.91
148 121377.94
149 121253.01
150 121346.95
151 121970.18
152 120945.93
153 121248.96
154 121410.13
155 121076.11
156 121068.95
157 122953.89
158 121815.92
159 120992.90
160 120782.85
161 120856.05
162 121331.93
163 121347.90
164 121062.04
165 121514.80
166 120803.12
167 121315.96
168 121001.96
169 122788.91
170 121248.01
171 121140.00
172 121693.85
173 120970.01
174 121884.11
175 121026.99
176 121566.06
177 120956.90
178 121372.94
179 120886.09
180 121111.87
181 121881.96
182 121229.89
183 121526.96
184 121933.94
185 121349.81
186 120928.05
187 121550.80
188 120826.96
189 121311.90
190 122326.14
191 121830.94
192 120755.91
193 120909.93
194 120914.94
195 121596.10
196 122120.86
197 121209.14
198 121262.07
199 120870.11
200 121197.94
201 120838.17
202 120995.04
203 121128.08
204 121068.95
205 121400.83
206 122257.95
207 121562.00
208 121437.07
209 120814.09
210 120957.85
211 121546.98
212 121146.92
213 121145.96
214 120892.05
215 121618.99
216 121507.88
217 120914.94
218 121153.83
219 121854.07
220 121159.08
221 121043.92
222 121051.07
223 120906.83
224 121515.99
225 122013.09
226 120799.06
227 121548.89
228 122390.99
229 121239.90
230 121567.01
231 120941.88
232 121469.02
233 120825.05
234 121743.20
235 121781.11
236 121562.96
237 121515.04
238 120754.00
239 121216.06
240 121237.99
241 121587.04
242 120995.04
243 120923.04
244 120972.87
245 120774.03
246 121045.11
247 121190.07
248 121249.91
249 120738.98
250 121017.93
251 122005.94
252 121062.04
253 120905.88
254 121711.02
255 121669.05
256 121425.15
257 122339.01
258 120867.97
259 120877.03
260 120980.02
261 121751.07
262 121312.86
263 122042.89
264 121137.14
265 121939.18
266 120998.86
267 121468.07
268 120872.02
269 121254.92
270 120908.98
271 121556.04
272 121370.08
273 120814.09
274 120934.01
275 121155.02
276 120909.93
277 120851.04
278 120859.86
279 121128.80
280 121106.15
281 121346.95
282 121026.99
283 122271.06
284 121869.09
285 121116.88
286 121307.85
287 121888.88
288 121371.98
289 121371.03
290 121685.98
291 121569.16
292 121042.01
293 121481.90
294 120974.78
295 121240.85
296 121071.10
297 121035.81
298 121130.94
299 120833.87
300 121513.84
301 121421.10
302 120684.86
303 121782.06
304 121001.01
305 121274.95
306 121732.95
307 122125.86
308 120992.18
309 121161.94
310 121160.03
311 120849.13
312 121027.95
313 121471.88
314 121219.87
315 120793.10
316 120944.02
317 121222.02
318 121231.08
319 121737.00
320 121827.84
321 120870.11
322 120925.19
323 121922.02
324 121029.85
325 121320.96
326 121199.13
327 122150.18
328 120994.09
329 122213.84
330 120918.99
331 121373.89
332 121230.13
333 121124.03
334 121870.04
335 120801.93
336 121726.04
337 121211.05
338 120698.93
339 120911.12
340 121411.09
341 121399.16
342 121148.82
343 121305.94
344 121304.04
345 121642.11
346 121186.97
347 121053.93
348 121304.99
349 120929.00
350 120758.06
351 121696.95
352 121207.95
353 121957.06
354 121065.14
355 121083.02
356 121311.90
357 120881.08
358 120913.03
359 120716.81
360 121006.97
361 121441.13
362 120855.81
363 121468.07
364 120825.05
365 120958.09
366 121221.07
367 120962.14
368 120899.20
369 120743.04
370 120874.88
371 120957.85
372 121029.14
373 121109.01
374 120943.07
375 120969.06
376 121004.10
377 120908.98
378 120924.00
379 120853.90
380 120834.11
381 121070.15
382 120889.90
383 120802.16
384 121089.94
385 120914.94
386 121010.07
387 121003.87
388 121424.20
389 120875.84
390 121131.18
391 120932.82
392 121095.90
393 120972.16
394 120958.09
395 120974.06
396 120810.99
397 120942.83
398 120979.79
399 121075.87
400 121207.95
401 120830.06
402 121202.95
403 121170.04
404 120882.03
405 120873.93
406 121297.12
407 120912.08
408 121154.79
409 120823.14
410 120902.06
411 121078.01
412 121536.97
413 121273.99
414 120788.10
415 121227.03
416 120836.02
417 120894.91
418 120884.90
419 121186.02
420 121091.13
421 120918.04
422 120980.02
423 120862.01
424 120877.98
425 120793.82
426 121290.92
427 120693.92
428 121220.11
429 121135.00
430 121109.96
431 121141.91
432 120789.05
433 121465.92
434 120967.86
435 121026.04
436 120918.99
437 120692.01
438 120819.09
439 121315.00
440 121223.93
441 121236.09
442 120851.99
443 121003.15
444 121003.87
445 120863.91
446 121034.86
447 120795.01
448 120759.01
449 121408.94
450 120915.17
451 120971.92
452 120966.91
453 120955.94
454 120976.92
455 120957.85
456 120765.92
457 120895.15
458 121347.90
459 120799.06
460 121025.09
461 120996.00
462 120679.86
463 120780.94
464 121543.88
465 121265.89
466 121022.94
467 121436.83
468 121501.92
469 121122.12
470 121145.01
471 120888.95
472 121159.79
473 120994.09
474 120814.09
475 121484.04
476 120913.98
477 120779.99
478 120937.82
479 121359.11
480 121041.06
481 120947.84
482 120965.96
483 121140.00
484 121536.97
485 121470.21
486 120998.86
487 121611.12
488 121281.86
489 121587.04
490 121185.06
491 121073.01
492 121527.91
493 121148.11
494 121090.17
495 121521.00
496 121384.14
497 120918.99
498 120824.81
499 121488.81
500 121283.05
501 120954.99
502 121052.98
503 121259.93
504 121766.81
505 121410.85
506 121444.94
507 121217.01
508 120730.16
509 121260.88
510 121253.97
511 121358.16
512 121189.12
513 121631.15
514 121185.78
515 120875.12
516 121783.97
517 121175.05
518 121041.06
519 121144.06
520 120855.09
521 121375.08
522 121176.96
523 121318.10
524 121583.94
525 121696.00
526 121361.02
527 121150.02
528 121407.99
529 121353.86
530 121034.15
531 121204.85
532 121420.15
533 121371.98
534 121212.96
535 121179.10
536 121154.07
537 121491.91
538 121622.09
539 121536.02
540 122041.94
541 121167.90
542 120954.99
543 121518.85
544 121406.08
545 121117.12
546 121114.97
547 121504.07
548 121524.10
549 121268.03
550 121271.13
551 121349.10
552 120924.95
553 121873.14
554 121605.16
555 121454.00
556 121458.05
557 121706.01
558 121043.92
559 121176.00
560 121485.95
561 121210.10
562 121295.93
563 121176.96
564 121068.95
565 120877.98
566 121062.99
567 121175.05
568 121222.02
569 121403.93
570 121408.94
571 121577.02
572 121517.18
573 121387.00
574 121004.82
575 120859.86
576 121493.10
577 121293.07
578 121307.13
579 121239.90
580 121447.09
581 121403.93
582 121232.03
583 121084.93
584 121469.02
585 120955.94
586 120925.19
587 121135.00
588 121122.84
589 121054.17
590 121345.04
591 121103.05
592 121149.06
593 121629.95
594 121366.98
595 120854.85
596 121568.92
597 121034.15
598 120857.00
599 121182.92
600 121537.21
601 121042.97
602 121198.18
603 121309.04
604 121835.95
605 121207.00
606 121874.09
607 121511.94
608 121577.02
609 121649.98
610 121594.91
611 121460.20
612 121531.01
613 121258.02
614 121058.94
615 121495.96
616 121454.00
617 120952.84
618 121838.09
619 121346.00
620 121920.82
621 122135.88
622 121695.04
623 121122.12
624 120602.85
625 121257.07
626 121715.07
627 121333.84
628 121229.89
629 121193.89
630 121210.10
631 121531.01
632 121652.84
633 121093.03
634 121659.99
635 121676.92
636 121068.00
637 121597.05
638 121361.97
639 121121.88
640 121776.10
641 121255.16
642 121123.08
643 120937.82
644 121200.08
645 121076.11
646 120695.83
647 121382.95
648 121105.19
649 121120.93
650 121146.92
651 121789.93
652 121754.88
653 121586.08
654 121243.00
655 121202.23
656 121068.00
657 121567.01
658 121433.97
659 121021.99
660 121783.97
661 121068.00
662 121248.01
663 121464.97
664 120911.84
665 121446.13
666 121293.07
667 121280.91
668 121069.91
669 121280.91
670 121569.87
671 121358.16
672 120975.97
673 120882.03
674 121202.95
675 121715.07
676 121564.15
677 121638.06
678 121470.21
679 121018.89
680 121303.80
681 121044.87
682 121340.99
683 121104.00
684 121245.15
685 121046.07
686 121206.05
687 121412.99
688 121519.09
689 121205.09
690 120945.93
691 120743.04
692 121144.06
693 121340.04
694 121278.05
695 121263.98
696 120821.00
697 121500.97
698 121037.01
699 121176.00
700 121000.05
701 121650.93
702 121144.06
703 121521.00
704 121847.87
705 121153.12
706 121740.10
707 121689.80
708 121021.99
709 121407.99
710 121376.04
711 121273.99
712 120990.04
713 121404.89
714 121449.95
715 121394.16
716 121324.06
717 121532.92
718 121727.94
719 121207.95
720 121379.14
721 121249.91
722 120798.83
723 121410.13
724 121644.97
725 121503.11
726 120966.91
727 121459.96
728 121335.98
729 121185.06
730 121481.90
731 120998.86
732 120977.88
733 120994.09
734 121363.16
735 121661.90
736 121557.95
737 121344.09
738 121560.10
739 120965.00
740 121274.95
741 120984.79
742 121141.91
743 121304.99
744 120819.81
745 121068.00
746 121311.19
747 121469.97
748 121365.79
749 121603.01
750 121239.19
751 121122.12
752 121516.94
753 121349.10
754 121358.16
755 121105.19
756 121425.87
757 121172.90
758 121184.11
759 121488.81
760 121505.98
761 121172.90
762 121165.04
763 121858.84
764 121275.90
765 121246.10
766 121433.97
767 121294.98
768 121120.93
769 121237.99
770 121163.85
771 121583.94
772 121139.05
773 120979.79
774 121304.99
775 121333.84
776 121140.00
777 121577.98
778 121350.05
779 121054.89
780 121474.98
781 120773.08
782 121490.96
783 120929.00
784 120928.05
785 121616.84
786 121516.94
787 121195.08
788 121702.91
789 121336.94
790 121220.83
791 121208.91
792 120978.83
793 121325.02
794 122184.04
795 121177.20
796 120872.02
797 121237.99
798 121389.15
799 121278.05
800 121360.06
801 121448.04
802 121604.92
803 121299.03
804 121409.18
805 121554.14
806 121421.10
807 121466.16
808 121315.00
809 121130.94
810 121509.08
811 121317.86
812 121315.96
813 121496.20
814 121172.90
815 121242.05
816 121325.02
817 121557.00
818 121443.03
819 121279.00
820 121412.04
821 121159.08
822 121457.10
823 121213.20
824 122132.06
825 121401.07
826 121255.87
827 120921.85
828 121037.01
829 120995.04
830 121143.10
831 121413.95
832 121194.12
833 121557.95
834 120713.00
835 121267.08
836 121053.93
837 121616.13
838 121279.00
839 121241.09
840 121285.92
841 121536.97
842 121211.05
843 120965.96
844 121123.08
845 120769.98
846 121078.97
847 121357.92
848 121079.92
849 121270.90
850 121031.05
851 121332.88
852 121176.96
853 121786.83
854 121404.17
855 121291.88
856 121121.88
857 120990.99
858 121089.94
859 121298.07
860 120990.99
861 121390.10
862 121159.08
863 121531.96
864 121282.82
865 121066.09
866 121593.00
867 121022.94
868 121423.01
869 121260.88
870 121309.04
871 120723.01
872 120841.98
873 120863.20
874 120924.00
875 121338.13
876 121187.93
877 121200.08
878 121411.09
879 121399.88
880 121469.02
881 121326.92
882 121125.94
883 121222.97
884 120945.93
885 121358.87
886 120891.09
887 121215.11
888 121145.96
889 121495.96
890 120924.00
891 120796.92
892 121253.01
893 121323.82
894 121674.06
895 121689.80
896 121125.94
897 121096.13
898 121821.17
899 121608.97
900 121591.81
901 121490.00
902 121323.11
903 121750.83
904 121244.91
905 120928.05
906 120856.05
907 121053.93
908 121474.98
909 121248.01
910 120874.17
911 121599.91
912 121163.13
913 121659.04
914 121414.90
915 120966.91
916 121428.01
917 121469.97
918 120877.03
919 121336.94
920 120996.95
921 120867.01
922 120837.93
923 120962.86
924 121289.01
925 121447.80
926 121138.10
927 121043.92
928 121787.07
929 121109.96
930 121281.86
931 121483.80
932 121140.96
933 121424.20
934 120980.98
935 120949.98
936 121328.12
937 120954.04
938 120802.88
939 121203.90
940 121266.84
941 121361.97
942 120861.05
943 121622.80
944 121189.12
945 120958.81
946 121021.03
947 121150.97
948 120968.82
949 121543.88
950 121107.10
951 121479.99
952 121428.97
953 121078.01
954 121032.95
955 121892.93
956 121363.16
957 121385.81
958 121021.99
959 121525.05
960 121581.08
961 121183.16
962 121194.84
963 121198.18
964 121536.97
965 121513.13
966 120879.89
967 121217.97
968 121773.96
969 120712.04
970 121601.82
971 121581.08
972 121232.03
973 121583.94
974 120968.10
975 120870.83
976 121655.94
977 121287.11
978 121164.08
979 121317.86
980 121081.83
981 120825.77
982 120875.84
983 120984.79
984 120939.97
985 121548.89
986 120688.92
987 121010.07
988 121335.03
989 121049.17
990 121293.07
991 121074.91
992 121186.97
993 121136.90
994 121257.07
995 120768.07
996 121046.07
997 121132.85
998 121424.91
999 121253.01
1000 121104.96
1001 120985.03
1002 121286.87
1003 121335.03
1004 121103.05
1005 120993.85
1006 120927.10
1007 121010.07
1008 121003.87
1009 121338.13
1010 121119.98
1011 121115.92
1012 120782.14
1013 121078.01
1014 121184.11
1015 121561.05
1016 121124.03
1017 121165.04
1018 121144.06
1019 121178.15
1020 121369.12
1021 120846.99
1022 120861.05
1023 121155.98
1024 120847.94
1025 120975.02
1026 121089.94
1027 120812.89
1028 121167.90
1029 121357.20
1030 121444.23
1031 121299.98
1032 120785.00
1033 120844.84
1034 121279.00
1035 121415.85
1036 121299.98
1037 121020.79
1038 121087.79
1039 120975.02
1040 121803.05
1041 121222.97
1042 120990.04
1043 121378.90
1044 121109.01
1045 120768.07
1046 121037.01
1047 120800.02
1048 121557.00
1049 121542.93
1050 120951.89
1051 121267.80
1052 120995.04
1053 121050.12
1054 120965.96
1055 120815.99
1056 121016.03
1057 121151.92
1058 121076.82
1059 120934.01
1060 121160.98
1061 121096.85
1062 120954.04
1063 120998.14
1064 120823.86
1065 120867.97
1066 121162.89
1067 121042.01
1068 120947.12
1069 120870.83
1070 121141.20
1071 120956.18
1072 120919.94
1073 120939.97
1074 121186.02
1075 121043.92
1076 121162.18
1077 120774.98
1078 120934.96
1079 120973.11
1080 121055.84
1081 121083.02
1082 121020.08
1083 121067.76
1084 120944.02
1085 121004.10
1086 121093.03
1087 121260.88
1088 121020.08
1089 121104.00
1090 121029.14
1091 120799.06
1092 121243.00
1093 121236.09
1094 121116.88
1095 121070.86
1096 120842.93
1097 120934.01
1098 121201.99
1099 121093.03
1100 120853.90
1101 120887.99
1102 120883.94
1103 120939.02
1104 120879.89
1105 121128.08
1106 121124.98
1107 121047.02
1108 121044.87
1109 121118.07
1110 121113.06
1111 121101.14
1112 120980.02
1113 121117.12
1114 121131.18
1115 121040.82
1116 121091.13
1117 121119.98
1118 121104.96
1119 121070.15
1120 121120.93
1121 121106.15
1122 121063.95
1123 121130.94
1124 121103.05
1125 121073.01
1126 121163.85
1127 121101.86
1128 121078.01
1129 121114.02
1130 121104.00
1131 121115.92
1132 121113.06
1133 121062.99
1134 121096.13
1135 121031.05
1136 121114.02
1137 121093.99
1138 121152.16
1139 121108.77
1140 121072.05
1141 121058.94
1142 121111.87
1143 121098.04
1144 121101.86
1145 121114.97
1146 121125.94
1147 121066.09
1148 121067.05
1149 121093.03
1150 121135.95
1151 121111.87
1152 121066.09
1153 121057.03
1154 121098.04
1155 121056.80
1156 121104.00
1157 121085.88
1158 121038.91
1159 121104.00
1160 121014.12
1161 121088.98
1162 121100.90
1163 121096.85
1164 121076.11
1165 121118.07
1166 121098.04
1167 121125.94
1168 121111.87
1169 121058.94
1170 121115.92
1171 121119.98
1172 121055.84
1173 121132.85
1174 121119.02
1175 121036.05
1176 121060.13
1177 121102.09
1178 121093.03
1179 121078.97
1180 121108.06
1181 121069.91
1182 121084.93
1183 121097.09
1184 121004.10
1185 121111.15
1186 121115.92
1187 121121.88
1188 121057.99
1189 121073.01
1190 121111.15
1191 121088.98
1192 121088.98
1193 121110.92
1194 121121.88
1195 121103.05
1196 121123.08
1197 121086.12
1198 121089.94
1199 121096.85
