1200
0 121250.15
1 121118.07
2 121049.88
3 121129.04
4 121101.14
5 121102.09
6 121105.91
7 121136.90
8 121099.95
9 121141.91
10 121107.10
11 121118.07
12 121078.97
13 121083.97
14 121104.00
15 121139.05
16 121055.13
17 121124.03
18 121118.78
19 121114.97
20 121118.07
21 121055.13
22 121119.98
23 121120.21
24 121119.02
25 121133.09
26 121129.04
27 121097.09
28 121083.97
29 121124.03
30 121135.00
31 121119.02
32 121124.98
33 121099.00
34 121073.01
35 121113.06
36 121126.89
37 121119.02
38 121114.97
39 121125.94
40 121123.08
41 121029.85
42 121114.02
43 121119.98
44 121163.13
45 121124.03
46 121077.06
47 121118.07
48 121113.06
49 121115.92
50 121109.96
51 121113.06
52 121115.92
53 121131.18
54 121122.84
55 121111.15
56 121124.98
57 121111.15
58 121112.82
59 121114.97
60 121110.92
61 121020.08
62 121119.02
63 121117.12
64 121111.87
65 121124.98
66 121122.84
67 121117.12
68 121124.98
69 121122.12
70 121119.98
71 121124.03
72 121112.11
73 121105.91
74 121100.90
75 121127.13
76 121101.14
77 121095.90
78 121099.00
79 121123.08
80 121100.19
81 121090.17
82 121095.90
83 121119.02
84 121109.96
85 121111.87
86 121099.95
87 121112.11
88 121095.90
89 121088.03
90 121099.95
91 121114.02
92 121119.02
93 120988.85
94 121168.85
95 121015.07
96 121042.01
97 121059.89
98 121105.91
99 121055.13
100 121106.86
101 121107.82
102 121014.83
103 121172.19
104 120960.95
105 121910.10
106 121104.00
107 121011.02
108 120985.98
109 121330.98
110 121428.97
111 121156.93
112 121560.10
113 121086.12
114 121201.99
115 121704.10
116 121054.89
117 121235.85
118 121186.97
119 121257.07
120 120899.92
121 120993.85
122 121185.06
123 121584.89
124 120842.93
125 121140.00
126 121248.96
127 121283.05
128 121099.95
129 121343.85
130 120867.01
131 121114.02
132 122111.08
133 121001.96
134 121190.07
135 121346.00
136 121382.95
137 121228.93
138 121037.01
139 120813.13
140 121582.03
141 121180.06
142 120928.05
143 121006.01
144 120985.03
145 121257.07
146 121503.83
147 121031.05
148 120807.89
149 121440.89
150 120965.00
151 120975.02
152 121194.12
153 121048.93
154 121162.18
155 121103.05
156 120939.02
157 120964.05
158 120954.99
159 120712.04
160 120901.11
161 121154.07
162 121150.02
163 120974.78
164 120977.88
165 120929.96
166 121424.91
167 120898.01
168 121016.03
169 121753.93
170 121412.04
171 121454.95
172 121407.99
173 120962.14
174 122167.11
175 121908.19
176 121124.03
177 121768.95
178 121979.95
179 121457.10
180 121538.88
181 121214.15
182 120959.04
183 121663.81
184 120899.92
185 121907.95
186 121561.05
187 121918.20
188 120929.00
189 122016.91
190 121001.01
191 121487.14
192 121495.01
193 121839.05
194 121639.01
195 121386.05
196 122199.06
197 121355.06
198 121544.12
199 120913.98
200 120918.04
201 121821.17
202 121359.11
203 121605.16
204 120988.13
205 121546.03
206 121855.97
207 121645.93
208 120949.03
209 121825.93
210 121014.12
211 121393.92
212 122243.88
213 121259.93
214 121158.84
215 121783.02
216 121088.98
217 121517.90
218 121778.96
219 121810.91
220 121442.08
221 121233.94
222 121222.02
223 122293.00
224 121708.87
225 121527.91
226 121462.11
227 121038.91
228 121188.88
229 121119.98
230 120882.03
231 121474.98
232 121601.82
233 120956.90
234 121057.03
235 121546.98
236 120978.83
237 121657.13
238 121850.01
239 121183.16
240 121451.14
241 121207.00
242 121250.15
243 121051.07
244 121367.93
245 121727.94
246 120978.12
247 120901.11
248 121618.99
249 121158.12
250 121294.02
251 121717.93
252 121110.92
253 121055.84
254 122128.96
255 121339.08
256 121238.95
257 121524.81
258 121874.81
259 121227.03
260 121612.79
261 121486.90
262 121809.01
263 122776.99
264 122181.18
265 121521.00
266 121250.87
267 121459.01
268 121400.12
269 121516.94
270 121364.83
271 121796.13
272 120969.06
273 121329.07
274 121454.95
275 121047.02
276 120950.94
277 120992.90
278 121693.13
279 121145.96
280 121668.10
281 121270.90
282 120960.00
283 121279.00
284 121412.04
285 121219.87
286 121984.96
287 121101.14
288 121874.81
289 121470.93
290 121253.01
291 121353.15
292 122004.03
293 121545.08
294 121442.08
295 120913.98
296 121160.98
297 120941.88
298 121757.98
299 121272.09
300 120959.04
301 121162.89
302 121238.95
303 121104.96
304 121598.96
305 121469.97
306 121223.93
307 120931.15
308 121661.90
309 121468.07
310 121248.96
311 121239.90
312 120994.09
313 121695.04
314 120929.00
315 120931.15
316 121295.93
317 121093.03
318 121795.89
319 120946.88
320 121200.08
321 121139.05
322 121504.07
323 121215.11
324 120832.92
325 120809.08
326 120839.12
327 120953.80
328 122707.84
329 121267.08
330 121551.99
331 121026.99
332 122150.90
333 121987.10
334 121246.10
335 121670.96
336 120984.79
337 121523.14
338 121095.90
339 121171.95
340 120960.95
341 120926.14
342 120890.14
343 120944.98
344 120907.78
345 121598.01
346 120924.00
347 121250.87
348 121194.12
349 121634.01
350 121513.13
351 122107.03
352 122821.09
353 121023.89
354 120988.85
355 122322.08
356 120990.99
357 120839.83
358 120840.07
359 122173.07
360 120936.87
361 121006.97
362 121212.01
363 121014.12
364 121153.12
365 121356.96
366 121213.91
367 120883.94
368 121136.90
369 120978.83
370 120924.95
371 121273.99
372 121131.90
373 121341.94
374 121644.02
375 121113.06
376 121028.90
377 121203.90
378 121246.10
379 121109.01
380 121068.00
381 121381.04
382 121010.07
383 120950.94
384 120924.95
385 121129.99
386 121150.97
387 121017.93
388 121117.12
389 121082.07
390 120957.85
391 120980.98
392 120813.85
393 121042.97
394 120972.87
395 121101.86
396 120969.06
397 121051.07
398 121101.14
399 121041.06
400 120990.04
401 121046.07
402 120921.85
403 121768.95
404 121196.03
405 121010.07
406 120958.09
407 121016.03
408 121586.08
409 121051.07
410 121847.15
411 121068.95
412 121022.94
413 121097.09
414 121155.02
415 121299.03
416 121176.00
417 121454.00
418 120902.06
419 120900.87
420 121103.05
421 121469.02
422 121037.96
423 120864.15
424 121047.02
425 120970.01
426 120954.99
427 120894.91
428 120917.08
429 121380.09
430 121376.99
431 120970.96
432 121706.01
433 120892.76
434 120963.10
435 121096.85
436 120901.11
437 121382.00
438 121011.02
439 121065.14
440 121032.95
441 121886.01
442 121027.95
443 120939.02
444 120985.98
445 121042.97
446 120989.08
447 121085.88
448 120851.04
449 121032.00
450 121117.12
451 121706.96
452 121173.86
453 120970.96
454 121327.88
455 121164.80
456 120990.99
457 120857.00
458 121514.08
459 120965.00
460 121052.03
461 121347.90
462 120913.03
463 121070.86
464 120894.19
465 121406.79
466 121270.18
467 121055.84
468 121076.11
469 121177.91
470 121329.78
471 120908.98
472 121047.02
473 120894.91
474 121229.89
475 121140.96
476 121032.00
477 121129.99
478 121500.02
479 120985.03
480 121528.86
481 121042.01
482 121034.15
483 120913.03
484 121347.90
485 121024.13
486 121066.09
487 121366.02
488 121222.97
489 120999.81
490 121738.20
491 121762.04
492 120748.04
493 120890.86
494 120887.04
495 121428.97
496 120882.03
497 121492.15
498 120822.91
499 121359.11
500 121074.91
501 120776.18
502 120893.96
503 121378.90
504 121337.18
505 120761.87
506 121207.00
507 121808.05
508 121008.16
509 121555.81
510 121036.05
511 121443.99
512 121220.11
513 121099.95
514 121357.92
515 121273.04
516 121581.08
517 121160.03
518 121114.02
519 121119.02
520 121229.89
521 121063.95
522 121709.82
523 121174.10
524 121107.82
525 121340.99
526 121276.14
527 121319.06
528 121132.85
529 121387.00
530 121534.11
531 121495.96
532 121585.13
533 121401.07
534 120773.08
535 120876.07
536 120878.93
537 121140.00
538 121309.04
539 121078.97
540 121135.00
541 121274.95
542 120788.10
543 121651.89
544 121330.02
545 121726.04
546 121048.21
547 120960.95
548 121737.00
549 121446.85
550 121549.13
551 121248.96
552 121219.16
553 121317.15
554 121348.14
555 121889.83
556 120957.14
557 121727.94
558 121113.06
559 121277.09
560 120989.08
561 121185.06
562 121110.92
563 121070.15
564 121301.89
565 121315.96
566 121577.98
567 121625.90
568 121557.00
569 121521.00
570 121378.90
571 121368.89
572 120929.00
573 121140.00
574 121091.13
575 121546.03
576 121475.93
577 121904.13
578 121438.03
579 121526.00
580 120813.13
581 121364.12
582 120958.09
583 121135.95
584 121492.86
585 121015.07
586 121533.87
587 121739.15
588 121081.11
589 121079.92
590 121224.16
591 121865.99
592 121057.03
593 121622.09
594 121377.94
595 121569.87
596 121593.00
597 121519.09
598 121153.12
599 121519.09
600 121164.08
601 120965.96
602 121140.00
603 121047.97
604 121217.97
605 121280.91
606 121341.94
607 121305.94
608 120814.09
609 121311.90
610 121407.99
611 121195.08
612 121230.13
613 121135.00
614 121340.04
615 121455.19
616 122120.86
617 121423.96
618 121263.03
619 121532.92
620 121619.94
621 121349.81
622 121217.97
623 121183.16
624 121055.84
625 121316.91
626 121320.96
627 120832.92
628 121303.08
629 121199.85
630 121232.03
631 121140.96
632 120984.08
633 121448.04
634 120975.97
635 121172.90
636 120985.03
637 120868.21
638 121290.92
639 121667.15
640 121377.23
641 121230.84
642 121222.97
643 121058.94
644 121307.13
645 121262.07
646 121435.88
647 121763.94
648 121462.11
649 121394.87
650 121629.95
651 122123.96
652 121311.90
653 121439.93
654 121365.07
655 121129.99
656 121000.05
657 120908.02
658 121241.09
659 120836.97
660 121536.02
661 121010.07
662 121226.07
663 121279.00
664 121073.01
665 121089.94
666 121260.17
667 121958.97
668 121679.07
669 121145.01
670 120841.98
671 121265.89
672 121226.07
673 121006.01
674 121041.06
675 121695.04
676 121310.95
677 121078.01
678 121543.17
679 121019.12
680 121435.17
681 121454.00
682 120952.13
683 121284.01
684 121406.08
685 121500.02
686 121314.05
687 120915.17
688 121124.03
689 121661.90
690 121373.89
691 121514.08
692 121567.01
693 121530.06
694 121539.83
695 121587.99
696 121087.07
697 121938.94
698 122202.16
699 121237.04
700 121307.13
701 121527.91
702 121151.92
703 120887.99
704 121277.09
705 120959.04
706 120939.97
707 121527.91
708 121625.19
709 121286.87
710 121424.91
711 121706.01
712 121597.05
713 121269.23
714 121428.01
715 121202.95
716 121495.01
717 121349.81
718 121373.18
719 121196.03
720 121113.06
721 120770.93
722 120920.90
723 120790.00
724 120682.00
725 121103.05
726 121318.82
727 121593.00
728 121206.05
729 120998.86
730 121428.97
731 121212.01
732 121504.78
733 120763.06
734 120990.04
735 120967.86
736 121212.01
737 121060.85
738 121194.84
739 121028.90
740 121572.02
741 121201.04
742 121811.87
743 121097.09
744 121451.85
745 122030.02
746 120985.98
747 121029.85
748 121214.87
749 121836.19
750 121222.02
751 121444.23
752 121019.12
753 121436.12
754 120879.89
755 121638.06
756 120944.98
757 121758.94
758 121176.96
759 121076.11
760 121235.85
761 120952.84
762 121493.10
763 121353.15
764 121130.94
765 121382.00
766 121182.20
767 120980.98
768 121423.96
769 121436.12
770 121346.95
771 121617.08
772 121623.99
773 122007.13
774 121220.11
775 121606.83
776 120839.12
777 121399.88
778 121127.13
779 121073.96
780 121172.19
781 121212.01
782 121589.90
783 121525.05
784 121191.98
785 121465.92
786 121067.05
787 120987.89
788 121245.86
789 121407.99
790 121415.14
791 121170.04
792 121119.02
793 121355.06
794 121392.01
795 121196.03
796 121319.06
797 121431.11
798 120836.97
799 121662.14
800 121579.17
801 121051.07
802 121448.99
803 121788.98
804 121348.86
805 121317.15
806 121474.03
807 121303.08
808 121036.05
809 121655.94
810 121515.04
811 121356.01
812 121263.98
813 121497.87
814 121414.90
815 121074.91
816 121614.93
817 121628.05
818 121475.93
819 121043.92
820 121474.03
821 121423.96
822 122011.90
823 121469.02
824 121850.01
825 121575.12
826 121376.04
827 121512.89
828 121203.90
829 121176.96
830 120933.06
831 121337.18
832 121476.89
833 121320.01
834 121323.11
835 121189.12
836 121525.05
837 121523.86
838 121541.98
839 121231.08
840 121215.11
841 121403.93
842 121775.87
843 121021.99
844 121360.06
845 121253.97
846 121410.85
847 121643.07
848 121226.07
849 121402.03
850 120820.05
851 121196.99
852 121577.02
853 121479.03
854 121420.15
855 121079.92
856 121058.23
857 121528.15
858 121728.90
859 121371.03
860 121486.90
861 121435.88
862 121344.09
863 120895.86
864 121009.11
865 121494.05
866 121658.09
867 121510.98
868 121144.06
869 121507.88
870 121423.96
871 121203.18
872 121203.90
873 121556.04
874 121105.91
875 120752.10
876 121253.97
877 121469.97
878 120974.06
879 121165.04
880 120975.02
881 121126.89
882 121155.98
883 120841.98
884 121211.05
885 121274.95
886 121406.08
887 121598.01
888 121011.97
889 121033.91
890 121294.98
891 121046.07
892 121632.10
893 120842.93
894 121150.97
895 120944.02
896 121608.97
897 121420.15
898 121349.10
899 121288.06
900 121341.94
901 121093.99
902 121361.97
903 121000.05
904 121130.94
905 121257.78
906 120872.97
907 121059.89
908 121155.98
909 121544.84
910 121061.80
911 121264.93
912 121277.09
913 121314.05
914 120877.98
915 121920.82
916 121393.92
917 121118.07
918 121548.18
919 121170.04
920 121179.10
921 121032.00
922 121582.98
923 121099.95
924 121134.04
925 121487.86
926 121710.06
927 121428.97
928 121186.97
929 121236.09
930 121320.01
931 121424.91
932 121490.96
933 121404.17
934 121135.00
935 121362.92
936 120980.98
937 121412.99
938 121470.93
939 120914.94
940 121139.05
941 121992.83
942 121325.97
943 122045.99
944 121308.09
945 121474.03
946 120944.02
947 120873.93
948 120904.92
949 121650.93
950 121047.97
951 121474.03
952 121521.00
953 120957.14
954 121031.05
955 121454.95
956 121457.10
957 121335.03
958 120965.00
959 121549.13
960 121371.03
961 122169.02
962 121171.00
963 121237.04
964 121643.78
965 121654.99
966 121866.94
967 121107.10
968 121554.85
969 121519.09
970 121214.87
971 121615.17
972 121515.04
973 121056.08
974 120911.12
975 120816.95
976 121407.99
977 121186.97
978 121209.86
979 121497.87
980 121083.02
981 121195.79
982 121032.00
983 120856.05
984 121109.01
985 121139.05
986 121284.96
987 120926.86
988 121104.00
989 120973.83
990 121243.00
991 121311.19
992 121320.01
993 120869.16
994 120880.13
995 120888.95
996 120815.99
997 121001.01
998 121012.93
999 121387.96
1000 120954.04
1001 120898.01
1002 120800.97
1003 121062.04
1004 121201.99
1005 121417.05
1006 120975.97
1007 121125.94
1008 121236.09
1009 120981.93
1010 121270.90
1011 120836.02
1012 121269.94
1013 120735.88
1014 120886.09
1015 121299.98
1016 120749.95
1017 121027.95
1018 121110.92
1019 120949.03
1020 120810.99
1021 120840.07
1022 120874.88
1023 120754.00
1024 120963.10
1025 120795.01
1026 120947.84
1027 120819.09
1028 120838.17
1029 120862.96
1030 120933.06
1031 121069.91
1032 121016.03
1033 120818.85
1034 120927.10
1035 121037.96
1036 121165.04
1037 121037.01
1038 121030.09
1039 121057.99
1040 121051.07
1041 120974.06
1042 121089.94
1043 121000.05
1044 121072.05
1045 120892.05
1046 121113.78
1047 120876.07
1048 120884.90
1049 121311.90
1050 120866.78
1051 120985.98
1052 120958.09
1053 120938.06
1054 121221.07
1055 120940.92
1056 120785.00
1057 121562.96
1058 121259.93
1059 120913.98
1060 120926.86
1061 121047.97
1062 120995.04
1063 120902.06
1064 120840.07
1065 121047.97
1066 120791.91
1067 121041.06
1068 121009.83
1069 121047.02
1070 120888.95
1071 120991.95
1072 120896.10
1073 120911.12
1074 121023.89
1075 121289.01
1076 120944.02
1077 120828.15
1078 121113.06
1079 120987.89
1080 120868.92
1081 121021.99
1082 120871.07
1083 120932.10
1084 120841.98
1085 120786.91
1086 121114.97
1087 120902.06
1088 120942.12
1089 120893.00
1090 121039.15
1091 120949.98
1092 121011.02
1093 121152.88
1094 120965.96
1095 120879.89
1096 120827.91
1097 121088.98
1098 120904.21
1099 120990.99
1100 121028.90
1101 121014.12
1102 120874.17
1103 120960.95
1104 120940.21
1105 120857.95
1106 120964.05
1107 121356.01
1108 121096.13
1109 120950.94
1110 120950.94
1111 120949.98
1112 120889.90
1113 121222.97
1114 121171.95
1115 120984.08
1116 121171.00
1117 121001.96
1118 121037.96
1119 121121.88
1120 120908.98
1121 120908.02
1122 121052.98
1123 120804.07
1124 121048.93
1125 121090.17
1126 121451.14
1127 121140.00
1128 121271.85
1129 120810.99
1130 120921.85
1131 120881.08
1132 121007.20
1133 120940.92
1134 121207.00
1135 121011.02
1136 121120.21
1137 120908.98
1138 121101.86
1139 121006.01
1140 120985.03
1141 120939.97
1142 121621.13
1143 121488.09
1144 120996.00
1145 121411.09
1146 120919.23
1147 120776.18
1148 120844.84
1149 120743.99
1150 120848.89
1151 121212.96
1152 120864.87
1153 120818.85
1154 120901.11
1155 121154.07
1156 121271.85
1157 121053.22
1158 120857.95
1159 120891.09
1160 121005.06
1161 121008.87
1162 120963.10
1163 121167.18
1164 120965.00
1165 121425.15
1166 121056.08
1167 121273.99
1168 121311.90
1169 121140.96
1170 120919.94
1171 120897.05
1172 120798.83
1173 120829.11
1174 121011.02
1175 121012.21
1176 120815.99
1177 120914.94
1178 120797.16
1179 121424.91
1180 121150.02
1181 121074.91
1182 120714.90
1183 121151.92
1184 121344.09
1185 120877.98
1186 120995.04
1187 121634.01
1188 121047.97
1189 121057.99
1190 121176.00
1191 121179.10
1192 121173.14
1193 121182.92
1194 121186.02
1195 121197.94
1196 121178.87
1197 121178.87
1198 121184.11
1199 121157.88
