1200
0 121346.95
1 121121.17
2 121071.10
3 121110.92
4 121101.86
5 121109.01
6 121099.00
7 121119.98
8 121097.09
9 121118.07
10 121139.05
11 121115.92
12 121109.01
13 121120.21
14 121114.97
15 121109.96
16 121118.07
17 121111.15
18 121121.88
19 121121.88
20 121123.08
21 121119.02
22 121125.94
23 121108.06
24 121106.15
25 121102.09
26 121155.02
27 121113.06
28 121101.14
29 121100.90
30 121165.04
31 121109.96
32 121104.00
33 121094.94
34 121091.13
35 121038.20
36 121124.03
37 121114.02
38 121052.98
39 121085.88
40 121125.94
41 121110.92
42 121129.04
43 121118.78
44 121116.88
45 121107.10
46 121124.98
47 121109.96
48 121123.08
49 121121.88
50 121124.98
51 121114.97
52 121117.12
53 121114.02
54 121078.01
55 121114.97
56 121114.02
57 121111.87
58 121099.00
59 121121.17
60 121119.98
61 121107.82
62 121114.97
63 121113.06
64 121125.94
65 121114.97
66 121128.08
67 121114.02
68 121111.87
69 121114.02
70 121111.87
71 121116.88
72 121113.06
73 121118.07
74 121083.97
75 121114.02
76 121110.20
77 121077.06
78 121160.98
79 121073.96
80 121117.12
81 121113.06
82 121108.06
83 121099.23
84 121113.06
85 121114.02
86 121115.92
87 121110.92
88 121108.06
89 121104.96
90 121108.06
91 121090.17
92 121093.99
93 121096.85
94 120997.91
95 121092.08
96 121101.86
97 120956.90
98 121068.95
99 120945.93
100 121012.93
101 121009.11
102 121081.11
103 121020.08
104 121040.11
105 121276.14
106 120929.00
107 121083.97
108 121467.11
109 121463.06
110 121055.13
111 121405.12
112 121061.80
113 121593.00
114 121062.99
115 122208.83
116 122283.94
117 121109.01
118 121016.03
119 120949.03
120 120954.04
121 120671.03
122 121228.93
123 121377.94
124 121068.95
125 121721.98
126 120954.04
127 120920.90
128 121438.98
129 120936.16
130 121253.01
131 122179.03
132 121902.94
133 122687.82
134 121217.01
135 120887.99
136 120800.02
137 121639.97
138 121521.95
139 122175.93
140 121647.83
141 120957.14
142 121273.04
143 121449.23
144 122037.17
145 121249.91
146 121048.93
147 121098.04
148 121063.95
149 121706.96
150 120848.89
151 120841.03
152 121927.02
153 121008.87
154 120929.00
155 120918.99
156 121525.05
157 121615.89
158 121618.99
159 121445.18
160 121173.86
161 121724.13
162 121661.90
163 121773.00
164 121815.92
165 121625.90
166 121586.08
167 121366.98
168 121477.84
169 121469.97
170 121463.06
171 121458.05
172 121289.01
173 121323.11
174 121168.85
175 121389.15
176 120982.89
177 121007.92
178 121094.94
179 121598.96
180 120763.06
181 120745.90
182 121348.86
183 121079.92
184 120976.92
185 121092.80
186 121112.11
187 121639.97
188 121440.17
189 122087.96
190 121876.00
191 121364.12
192 121896.03
193 122112.99
194 121426.82
195 121390.10
196 121162.89
197 121079.92
198 121655.94
199 120911.12
200 121731.04
201 121940.14
202 121055.84
203 120980.02
204 121310.95
205 122357.85
206 121340.99
207 121917.01
208 121096.13
209 121149.06
210 120870.11
211 121298.79
212 121125.94
213 121449.95
214 121361.97
215 121268.99
216 122174.98
217 121037.96
218 120919.94
219 120769.98
220 122294.90
221 121768.95
222 120965.00
223 120972.16
224 121720.08
225 121304.99
226 121425.15
227 121378.90
228 121263.98
229 121418.00
230 121593.00
231 121356.01
232 121574.88
233 121985.20
234 121201.99
235 122006.18
236 121057.03
237 121041.06
238 121901.99
239 120858.19
240 121541.98
241 121334.08
242 122105.84
243 121011.02
244 121197.94
245 120949.03
246 121893.88
247 121835.95
248 121806.86
249 121627.09
250 121021.03
251 120821.00
252 121258.97
253 121394.87
254 121160.03
255 121331.93
256 121297.84
257 121034.15
258 121504.07
259 121287.11
260 121670.96
261 121466.88
262 120957.14
263 121698.86
264 121640.21
265 121299.98
266 121451.14
267 121870.04
268 121496.92
269 121309.04
270 120826.96
271 121396.06
272 121013.16
273 121114.97
274 121773.96
275 120995.04
276 121094.94
277 120930.19
278 121356.96
279 121770.86
280 121029.14
281 120851.99
282 120968.10
283 121402.98
284 121300.94
285 120887.04
286 122652.05
287 121283.05
288 120815.99
289 121341.94
290 121664.05
291 121589.18
292 121330.02
293 122077.94
294 121232.99
295 121511.94
296 121943.00
297 121023.89
298 121111.15
299 121106.15
300 121997.83
301 121573.93
302 121181.01
303 120800.97
304 121701.00
305 120875.84
306 121335.03
307 121464.01
308 121349.10
309 121222.02
310 121157.88
311 121388.91
312 121893.17
313 121453.05
314 121712.92
315 121103.05
316 121536.97
317 121504.07
318 121371.98
319 122015.00
320 121505.98
321 122271.78
322 122099.88
323 121117.12
324 121831.89
325 121325.02
326 121213.91
327 121780.16
328 120958.09
329 121561.05
330 120870.83
331 121479.99
332 121227.03
333 120981.93
334 121383.91
335 120908.02
336 121402.03
337 120984.08
338 121176.00
339 120923.04
340 120965.96
341 120887.99
342 120929.96
343 120968.10
344 121727.94
345 121166.94
346 121634.96
347 121442.79
348 120963.10
349 121091.84
350 121089.94
351 122639.89
352 121547.94
353 121531.01
354 122126.10
355 121083.02
356 121687.89
357 121090.89
358 121236.09
359 120869.16
360 121596.10
361 121072.05
362 120963.10
363 121265.89
364 120911.84
365 121294.02
366 121464.97
367 121037.01
368 121179.10
369 121109.01
370 120918.99
371 121129.04
372 120884.18
373 120920.18
374 120939.97
375 120949.03
376 120868.21
377 120904.92
378 121455.91
379 120949.03
380 120857.00
381 121615.89
382 120893.00
383 121531.01
384 121074.91
385 121050.83
386 120972.16
387 121614.93
388 120878.93
389 121054.89
390 120985.98
391 120971.92
392 120960.95
393 121001.96
394 121056.08
395 121304.04
396 121192.93
397 121157.88
398 121094.94
399 120801.93
400 120844.13
401 120867.01
402 120919.94
403 121351.00
404 121068.00
405 120986.94
406 121335.98
407 121325.97
408 121050.83
409 120953.08
410 120901.11
411 120903.97
412 120997.19
413 120995.04
414 121474.98
415 121051.07
416 121000.05
417 120841.98
418 120985.98
419 121095.90
420 120874.88
421 121120.93
422 121382.95
423 121100.90
424 121064.19
425 121040.82
426 121782.06
427 121279.00
428 121259.21
429 121223.93
430 121072.05
431 121235.85
432 120947.84
433 120963.10
434 121117.83
435 121086.12
436 121210.10
437 120990.04
438 121708.87
439 120969.06
440 121040.11
441 121029.14
442 121181.01
443 121027.95
444 121061.09
445 120941.88
446 121380.09
447 120907.07
448 120867.97
449 121141.91
450 121086.84
451 120965.00
452 120965.00
453 121530.06
454 121449.95
455 120963.81
456 121345.04
457 120875.12
458 121176.96
459 120960.00
460 121553.90
461 120915.17
462 120863.91
463 121335.03
464 121827.84
465 121243.00
466 120965.96
467 121377.94
468 121114.97
469 121114.02
470 121342.90
471 121371.98
472 121778.96
473 121726.04
474 121246.10
475 121189.83
476 120878.93
477 120981.93
478 121322.87
479 121014.12
480 121105.91
481 120885.13
482 120634.08
483 121033.91
484 121083.02
485 121910.10
486 121351.00
487 121412.99
488 121630.91
489 120861.05
490 121409.18
491 121282.10
492 121387.00
493 121324.06
494 121121.88
495 120764.02
496 121617.08
497 121613.98
498 121444.94
499 121204.85
500 121118.07
501 121357.92
502 121715.07
503 121499.06
504 121263.98
505 120970.01
506 120953.08
507 121455.19
508 121409.89
509 121231.79
510 121457.10
511 121624.95
512 121147.87
513 121356.01
514 121582.03
515 121088.98
516 121456.86
517 121120.93
518 121418.95
519 121199.13
520 121423.01
521 121073.01
522 121296.88
523 121817.11
524 121551.04
525 121121.88
526 121576.07
527 121106.15
528 120759.96
529 121514.80
530 121446.13
531 121000.05
532 120892.05
533 120845.08
534 121057.03
535 121231.08
536 121687.17
537 121163.13
538 121329.78
539 121271.85
540 121309.04
541 121218.92
542 121242.05
543 121665.00
544 121570.11
545 121098.04
546 121715.07
547 121555.09
548 121319.06
549 121465.92
550 121572.97
551 121442.08
552 121280.91
553 121461.15
554 121181.96
555 121198.89
556 121391.06
557 121196.99
558 121122.84
559 121582.03
560 121659.04
561 121143.10
562 121258.97
563 121152.88
564 121139.05
565 121234.89
566 121252.06
567 121550.08
568 121580.12
569 121104.96
570 120931.86
571 121204.14
572 121618.99
573 121516.94
574 121591.09
575 121448.99
576 120964.05
577 121443.99
578 121681.93
579 121479.99
580 121331.93
581 121310.95
582 121582.98
583 121109.01
584 121468.07
585 121328.12
586 121351.96
587 121448.04
588 121149.06
589 121824.03
590 121183.16
591 121150.02
592 121134.04
593 121428.97
594 121336.94
595 121158.12
596 121339.08
597 121501.21
598 121567.01
599 121257.07
600 121364.12
601 121382.00
602 121411.09
603 121093.99
604 121266.13
605 121212.01
606 121436.83
607 121730.09
608 121736.05
609 121286.15
610 121797.08
611 122036.93
612 121921.06
613 121068.95
614 120972.87
615 121729.14
616 121890.07
617 121193.89
618 120990.99
619 121058.94
620 121220.11
621 121279.00
622 121112.11
623 122079.85
624 121480.94
625 121597.05
626 121341.94
627 121513.84
628 121217.01
629 120995.04
630 121461.15
631 121632.81
632 121265.89
633 121382.95
634 121378.90
635 121679.07
636 121262.07
637 121149.06
638 121242.05
639 120954.99
640 121769.19
641 121503.11
642 121889.11
643 121718.17
644 120743.99
645 121028.90
646 121222.02
647 121242.05
648 121248.96
649 121364.83
650 121392.01
651 121568.92
652 121119.98
653 121363.88
654 121448.99
655 121748.92
656 121173.86
657 121065.86
658 121670.01
659 121095.90
660 121614.93
661 121269.94
662 121651.89
663 121273.04
664 121339.08
665 120993.14
666 121541.02
667 121489.05
668 121181.01
669 121369.12
670 121876.96
671 121398.93
672 120997.91
673 121207.00
674 120929.96
675 121330.02
676 121511.94
677 121577.98
678 121208.91
679 121164.08
680 120978.12
681 121224.88
682 121679.07
683 121456.86
684 121438.03
685 120977.88
686 120995.04
687 121706.96
688 121066.09
689 120980.98
690 121062.99
691 121599.91
692 121470.93
693 121191.98
694 121006.97
695 121208.91
696 121747.02
697 121367.93
698 120623.11
699 121812.11
700 121235.85
701 121351.96
702 121284.96
703 121349.10
704 121213.20
705 121286.87
706 121252.06
707 121584.89
708 121405.84
709 121089.94
710 121493.82
711 121546.98
712 120873.93
713 121208.19
714 121382.95
715 121204.85
716 121514.08
717 121580.84
718 121207.95
719 121004.82
720 121339.80
721 121073.01
722 121169.09
723 121757.98
724 121195.08
725 121721.98
726 121085.88
727 121323.11
728 121251.11
729 121112.82
730 120990.99
731 120930.91
732 121682.17
733 121264.93
734 121476.89
735 121027.95
736 121225.12
737 120921.13
738 121183.16
739 121450.90
740 121434.93
741 121402.03
742 121577.98
743 121681.93
744 121545.08
745 121605.16
746 121218.92
747 121073.96
748 120996.00
749 120960.00
750 121449.95
751 121128.08
752 121609.93
753 121141.91
754 121433.02
755 121585.13
756 121368.17
757 121763.94
758 121690.03
759 121249.91
760 120912.08
761 121524.10
762 121428.01
763 121438.98
764 121293.07
765 121485.95
766 120881.08
767 121474.03
768 121551.04
769 121732.95
770 121541.02
771 121930.12
772 121681.93
773 121327.88
774 121537.92
775 121760.85
776 121747.97
777 121267.08
778 120820.05
779 121053.93
780 121485.95
781 121164.08
782 121253.97
783 121637.82
784 121214.15
785 121006.97
786 121822.83
787 121582.98
788 121319.06
789 121632.10
790 121310.00
791 121124.03
792 121107.10
793 121026.99
794 121500.02
795 121116.16
796 121111.87
797 120908.98
798 120841.98
799 121795.18
800 121539.12
801 121515.99
802 121590.85
803 121144.06
804 121255.16
805 121090.89
806 121459.01
807 120887.99
808 121584.18
809 121310.00
810 121148.11
811 121175.05
812 121000.05
813 121388.91
814 121106.15
815 121568.20
816 121277.81
817 121011.02
818 121697.90
819 120877.98
820 121353.86
821 120832.92
822 121339.08
823 121201.99
824 121292.11
825 120973.11
826 121302.84
827 121089.94
828 121058.94
829 121125.94
830 121147.87
831 121008.87
832 120925.19
833 121446.13
834 121362.92
835 121866.94
836 121109.01
837 120976.92
838 120912.08
839 121153.83
840 121349.81
841 121088.98
842 120704.89
843 121149.06
844 121272.09
845 120943.07
846 120969.06
847 121043.92
848 120884.18
849 121043.92
850 121125.94
851 121113.06
852 121156.93
853 121609.93
854 121289.01
855 120970.01
856 121286.87
857 121055.13
858 121248.01
859 121707.92
860 121135.95
861 121564.87
862 121454.00
863 120915.17
864 121360.06
865 121469.97
866 121057.99
867 120881.80
868 120906.11
869 121001.01
870 121055.13
871 121486.90
872 122157.10
873 120912.08
874 121414.90
875 121200.08
876 121154.07
877 121297.84
878 121553.90
879 121398.93
880 121294.02
881 121107.10
882 121437.07
883 121161.94
884 121395.11
885 121253.01
886 121186.02
887 121560.10
888 120969.06
889 120821.95
890 121593.00
891 121258.02
892 120912.08
893 121052.98
894 121145.01
895 121464.97
896 121309.04
897 121068.00
898 121614.93
899 121170.04
900 121276.86
901 120843.17
902 121754.88
903 121232.03
904 121021.99
905 121752.02
906 121299.03
907 121166.94
908 121096.85
909 121083.02
910 121835.95
911 121710.06
912 121143.82
913 120791.20
914 121017.93
915 121496.92
916 121530.06
917 121075.87
918 120887.04
919 121294.02
920 121530.06
921 121212.96
922 121544.84
923 121336.94
924 121380.81
925 120954.04
926 120947.12
927 121332.17
928 121548.18
929 121305.94
930 120785.95
931 121104.00
932 121243.95
933 121562.96
934 121065.86
935 121379.85
936 121665.95
937 121521.95
938 121250.15
939 121439.93
940 120692.97
941 121468.07
942 121467.11
943 121207.00
944 121176.96
945 121178.87
946 121167.90
947 121594.91
948 120915.89
949 122082.00
950 120902.06
951 121093.03
952 121096.85
953 121386.05
954 121443.99
955 121457.10
956 120960.00
957 121136.90
958 121512.17
959 121054.89
960 121083.02
961 121311.90
962 121021.99
963 121521.00
964 121382.00
965 121133.09
966 121109.96
967 120843.89
968 121156.93
969 121104.00
970 120993.85
971 121461.87
972 121079.92
973 121454.00
974 121696.00
975 121196.03
976 121533.87
977 121220.11
978 121009.11
979 120754.00
980 121171.00
981 121449.95
982 121351.00
983 121578.93
984 120713.95
985 121039.87
986 121124.03
987 120914.94
988 121065.14
989 120956.18
990 120756.86
991 121402.98
992 120944.02
993 120797.87
994 121555.81
995 121222.97
996 120862.01
997 121299.98
998 120785.95
999 121277.81
1000 121072.05
1001 121005.06
1002 120982.89
1003 121346.95
1004 121287.82
1005 120893.00
1006 121176.96
1007 121217.97
1008 121076.11
1009 121108.06
1010 120922.09
1011 121283.05
1012 121078.97
1013 120764.02
1014 121462.82
1015 121015.07
1016 120990.04
1017 120881.08
1018 120887.04
1019 120998.86
1020 120743.99
1021 120889.90
1022 120765.92
1023 121330.02
1024 120882.03
1025 120780.94
1026 120815.04
1027 120988.13
1028 120653.15
1029 120870.11
1030 121012.93
1031 121133.09
1032 121168.14
1033 120726.82
1034 121223.93
1035 121144.06
1036 120926.86
1037 120862.01
1038 121216.06
1039 120685.82
1040 121048.93
1041 121003.15
1042 120876.07
1043 121041.06
1044 120753.05
1045 121289.01
1046 121109.01
1047 120943.07
1048 120855.09
1049 120823.86
1050 121000.05
1051 121139.05
1052 121350.05
1053 120834.83
1054 120915.17
1055 120988.13
1056 121032.00
1057 120826.01
1058 120807.89
1059 120849.85
1060 120966.91
1061 120834.11
1062 120867.97
1063 121136.90
1064 120988.85
1065 121401.79
1066 120729.92
1067 121142.86
1068 121148.11
1069 121062.04
1070 120989.08
1071 120858.91
1072 121195.79
1073 120838.17
1074 121191.98
1075 121136.19
1076 120931.86
1077 120733.98
1078 120970.01
1079 120843.89
1080 120910.88
1081 120956.90
1082 120896.10
1083 121017.93
1084 121036.05
1085 121042.97
1086 121123.08
1087 120770.93
1088 120951.18
1089 120868.92
1090 121024.13
1091 121016.98
1092 121017.93
1093 121109.96
1094 121086.84
1095 121036.05
1096 121159.08
1097 121026.04
1098 121974.95
1099 120821.95
1100 120832.92
1101 121181.96
1102 121474.98
1103 121088.98
1104 120799.06
1105 120947.12
1106 121021.99
1107 120915.89
1108 120839.12
1109 120757.82
1110 120959.04
1111 120891.09
1112 120999.10
1113 120944.98
1114 120970.96
1115 121019.12
1116 120955.94
1117 120907.07
1118 120992.90
1119 120988.13
1120 121015.07
1121 120978.12
1122 120979.07
1123 120867.97
1124 120926.86
1125 120981.93
1126 121027.95
1127 121016.98
1128 120987.18
1129 120990.99
1130 121004.10
1131 120987.89
1132 120877.03
1133 120966.91
1134 121006.97
1135 121011.97
1136 121018.89
1137 120960.00
1138 120974.06
1139 120993.85
1140 121005.06
1141 120943.78
1142 120953.80
1143 120918.99
1144 121009.11
1145 120966.20
1146 120966.91
1147 120980.02
1148 121006.97
1149 121002.20
1150 121002.91
1151 121025.09
1152 121010.07
1153 120956.90
1154 120968.10
1155 121003.87
1156 120994.81
1157 121017.93
1158 121006.01
1159 120965.00
1160 121021.99
1161 120994.09
1162 120911.12
1163 121052.03
1164 120934.96
1165 120960.00
1166 121025.09
1167 121007.92
1168 120954.04
1169 121037.96
1170 120991.23
1171 120996.95
1172 120990.99
1173 120996.00
1174 121001.01
1175 121044.87
1176 120960.00
1177 120964.05
1178 120997.91
1179 120991.95
1180 121015.07
1181 120993.85
1182 120996.95
1183 120965.96
1184 120941.88
1185 120978.12
1186 120983.84
1187 121006.01
1188 121011.97
1189 121013.16
1190 120964.05
1191 120965.96
1192 121005.06
1193 120999.10
1194 120963.10
1195 121026.04
1196 121028.18
1197 120966.20
1198 120956.18
1199 121011.02
