1650
0 121191.02
1 121124.98
2 121133.09
3 121114.97
4 121124.03
5 121135.00
6 121101.14
7 121103.05
8 121101.14
9 121145.96
10 121120.93
11 121107.10
12 121052.03
13 121124.03
14 121081.83
15 121106.15
16 121109.96
17 121110.92
18 121144.06
19 121121.88
20 121135.95
21 121121.17
22 121122.12
23 121123.08
24 121109.01
25 121112.82
26 121126.89
27 121120.21
28 121121.88
29 121120.21
30 121135.00
31 121110.92
32 121099.00
33 121095.18
34 121078.97
35 121121.17
36 121126.89
37 121124.03
38 121122.84
39 121088.98
40 121107.10
41 121101.86
42 121104.96
43 121122.12
44 121071.82
45 121128.08
46 121124.98
47 121116.16
48 121134.04
49 121114.97
50 121102.09
51 121061.09
52 121114.02
53 121134.04
54 121042.97
55 121104.96
56 121121.88
57 121108.06
58 121123.08
59 121111.87
60 121123.08
61 121122.84
62 121122.12
63 121121.17
64 121129.99
65 121126.17
66 121097.09
67 121124.98
68 121107.82
69 121137.86
70 121108.06
71 121119.02
72 121117.12
73 121122.12
74 121076.11
75 121125.94
76 121121.17
77 121124.03
78 121123.79
79 121122.84
80 121099.95
81 121118.07
82 121104.00
83 121128.08
84 121113.06
85 121122.84
86 121134.04
87 121120.93
88 121111.87
89 121121.88
90 121083.02
91 121081.11
92 121093.03
93 121105.19
94 121059.89
95 121026.04
96 121022.22
97 120963.10
98 121027.95
99 121016.03
100 120878.93
101 121749.88
102 121032.00
103 121994.97
104 121285.92
105 121590.14
106 122107.03
107 122097.02
108 121996.88
109 122008.09
110 122648.95
111 123576.88
112 123619.08
113 122781.04
114 122648.00
115 122667.07
116 122811.08
117 125230.07
118 121929.17
119 123652.94
120 123755.93
121 124551.06
122 124474.05
123 122843.98
124 123476.03
125 122529.03
126 124974.97
127 122845.89
128 123404.98
129 124156.95
130 123987.91
131 123132.94
132 124001.03
133 122367.86
134 123131.99
135 124717.00
136 122534.99
137 122370.96
138 123097.90
139 123048.07
140 125491.14
141 121916.06
142 123792.17
143 122657.06
144 123846.05
145 122833.01
146 122792.96
147 124153.14
148 125075.10
149 123533.96
150 122734.07
151 123226.88
152 123188.02
153 122884.04
154 121968.03
155 122249.13
156 122278.93
157 123850.11
158 124568.94
159 124690.77
160 122877.12
161 122977.02
162 124547.96
163 124527.93
164 123779.77
165 124519.11
166 122781.04
167 122066.97
168 123790.98
169 123210.19
170 123667.96
171 125267.03
172 124395.85
173 122795.10
174 122805.12
175 123720.88
176 123085.02
177 123456.95
178 124452.11
179 123750.93
180 123288.87
181 123388.05
182 122384.07
183 124312.88
184 122462.03
185 123224.97
186 123244.05
187 124058.01
188 124096.87
189 123137.00
190 123909.95
191 123045.92
192 122901.92
193 122148.04
194 122925.04
195 122354.98
196 122978.21
197 122057.91
198 124620.91
199 122818.95
200 122772.93
201 122924.09
202 123025.89
203 123021.13
204 122061.97
205 123561.14
206 124619.01
207 123047.11
208 124346.02
209 123770.95
210 122206.93
211 122217.89
212 123060.23
213 123129.84
214 123537.06
215 122828.01
216 122992.99
217 122756.00
218 122643.95
219 123505.12
220 124134.06
221 124022.01
222 123549.94
223 122309.92
224 123010.87
225 124635.93
226 125326.16
227 123411.89
228 122915.03
229 122827.05
230 123425.96
231 123409.99
232 122639.89
233 124274.97
234 122745.04
235 123723.98
236 123485.09
237 124839.07
238 124749.90
239 124370.10
240 122889.04
241 122208.12
242 122945.07
243 123709.92
244 123572.11
245 125279.90
246 123609.07
247 123154.88
248 122758.15
249 122784.14
250 122765.06
251 123687.98
252 122601.99
253 122845.17
254 122730.97
255 123323.92
256 122724.06
257 122649.91
258 124210.12
259 123409.99
260 122478.01
261 124256.85
262 123622.89
263 122565.98
264 122730.02
265 124456.17
266 125011.92
267 122632.03
268 124086.86
269 124876.02
270 122442.96
271 122445.11
272 126267.91
273 123002.05
274 122243.17
275 122509.96
276 123037.10
277 122720.96
278 122748.14
279 124583.01
280 122712.14
281 124352.22
282 122843.03
283 123782.16
284 123509.17
285 122848.03
286 123457.91
287 122024.77
288 124713.90
289 123244.05
290 123790.03
291 123800.99
292 123502.97
293 122798.92
294 123515.84
295 124458.07
296 123476.98
297 122243.88
298 122824.91
299 123409.03
300 122790.10
301 123616.93
302 124590.16
303 122861.15
304 122846.13
305 122446.06
306 122457.98
307 123219.97
308 122308.97
309 123312.95
310 123910.90
311 122288.94
312 123358.01
313 123390.91
314 122920.04
315 123706.82
316 122245.07
317 123932.12
318 122777.94
319 124318.12
320 122715.00
321 123984.10
322 126165.87
323 123100.04
324 122440.81
325 121981.86
326 122709.99
327 123574.97
328 123581.89
329 122890.00
330 122953.89
331 123945.00
332 122857.81
333 122781.04
334 123089.08
335 123911.14
336 123030.90
337 123861.07
338 123804.09
339 123000.86
340 122195.01
341 123659.13
342 123337.03
343 123384.00
344 123315.10
345 122695.92
346 123058.08
347 123216.87
348 124345.06
349 122328.04
350 123373.03
351 123018.03
352 122991.80
353 123097.90
354 123070.96
355 125507.12
356 123617.17
357 123028.04
358 122255.80
359 123575.21
360 122646.81
361 122457.98
362 123190.88
363 122291.80
364 123137.00
365 124102.12
366 122951.03
367 124046.09
368 122327.80
369 123568.06
370 124264.96
371 123095.99
372 123311.04
373 123405.93
374 123944.04
375 122306.11
376 123223.07
377 122280.84
378 124887.94
379 122240.07
380 123339.89
381 122773.89
382 123312.00
383 123240.95
384 124084.00
385 122411.97
386 122681.14
387 123394.97
388 124901.06
389 123508.93
390 122475.86
391 123130.08
392 123326.06
393 123260.02
394 124166.97
395 123982.91
396 122886.90
397 122118.95
398 123299.12
399 123090.03
400 123067.86
401 123140.10
402 122338.06
403 123191.12
404 123137.00
405 123271.94
406 122060.06
407 121990.92
408 123792.89
409 122774.12
410 123962.16
411 123548.03
412 124204.16
413 122541.90
414 122643.95
415 123241.19
416 122673.03
417 123170.14
418 122502.09
419 122401.00
420 121700.05
421 122054.10
422 122619.87
423 122757.91
424 122954.85
425 122743.84
426 123555.90
427 123251.91
428 123317.00
429 122828.01
430 122963.91
431 123834.13
432 122013.81
433 122881.89
434 123100.04
435 123122.93
436 123716.12
437 122573.14
438 124476.91
439 122124.91
440 122758.87
441 122579.10
442 124622.11
443 123810.05
444 123789.07
445 124535.80
446 123817.92
447 122819.90
448 122731.92
449 121147.87
450 122035.98
451 121090.89
452 122771.02
453 121015.07
454 121734.14
455 121675.01
456 122363.09
457 123173.00
458 122343.06
459 122190.95
460 123867.99
461 121325.97
462 122576.95
463 120903.97
464 120831.01
465 122377.16
466 121521.00
467 122319.94
468 121315.00
469 122084.14
470 121125.94
471 122751.95
472 122739.08
473 121144.06
474 121506.93
475 122969.15
476 124512.91
477 121141.20
478 122657.06
479 121695.04
480 122549.06
481 123045.92
482 122244.12
483 122778.18
484 121920.11
485 121949.91
486 121022.94
487 121471.88
488 121310.00
489 121186.97
490 121106.86
491 122448.92
492 122358.08
493 122181.89
494 121300.94
495 122230.05
496 122928.14
497 122123.96
498 122015.95
499 121865.99
500 123646.97
501 121335.03
502 120970.01
503 121887.92
504 121814.97
505 121717.93
506 121439.22
507 122288.94
508 122080.09
509 122463.94
510 121649.98
511 121537.92
512 122249.13
513 121360.06
514 122047.19
515 121460.91
516 122071.03
517 121978.04
518 121146.92
519 121026.99
520 122594.12
521 124556.06
522 122533.08
523 121867.90
524 123409.03
525 122482.06
526 122390.03
527 123193.98
528 121310.95
529 120921.85
530 122229.10
531 121359.11
532 122181.89
533 121928.93
534 122574.09
535 122587.92
536 121553.90
537 121434.93
538 121303.80
539 122075.08
540 121980.19
541 123631.95
542 123560.91
543 123348.95
544 120933.06
545 122466.09
546 122370.96
547 122196.91
548 122039.08
549 122255.80
550 122561.93
551 121150.97
552 122828.96
553 121989.01
554 122063.16
555 122210.98
556 122954.85
557 121155.98
558 120988.13
559 122645.14
560 120996.00
561 123350.86
562 122164.01
563 121148.82
564 124223.95
565 121629.00
566 121762.99
567 123230.93
568 122426.99
569 122812.99
570 121811.87
571 123379.95
572 121548.89
573 122309.92
574 121351.00
575 121046.07
576 121011.97
577 121595.86
578 121654.99
579 121778.01
580 121557.95
581 121360.06
582 122258.19
583 122967.00
584 123721.12
585 123504.88
586 122599.12
587 122535.94
588 122489.93
589 123166.08
590 122026.92
591 121963.02
592 121731.04
593 122658.01
594 122409.11
595 121685.03
596 122267.01
597 122546.91
598 122357.13
599 121416.81
600 122985.84
601 121739.86
602 123217.11
603 121582.98
604 121469.02
605 122057.91
606 121109.96
607 122033.12
608 120975.97
609 122508.05
610 122446.06
611 121515.99
612 120919.94
613 122259.14
614 124919.89
615 123119.12
616 121253.97
617 122828.01
618 121946.10
619 120857.00
620 120914.94
621 124112.84
622 121596.10
623 122212.89
624 122842.07
625 122849.94
626 121253.97
627 122245.07
628 122073.17
629 122071.98
630 123018.03
631 122121.10
632 121897.22
633 122373.82
634 122859.00
635 121412.99
636 121334.08
637 121243.00
638 123862.03
639 121155.98
640 121258.02
641 122504.95
642 120775.94
643 120929.00
644 122567.89
645 121994.97
646 121176.96
647 121686.22
648 120835.07
649 120956.90
650 122677.09
651 120917.08
652 122555.97
653 121543.88
654 122474.91
655 122341.16
656 120958.09
657 122499.94
658 122351.17
659 122601.03
660 121455.91
661 122330.19
662 122514.96
663 122251.99
664 121306.90
665 122899.06
666 123716.12
667 122024.06
668 120953.08
669 123598.10
670 121996.88
671 120837.93
672 121059.89
673 121535.06
674 122473.00
675 122387.89
676 121525.05
677 121404.89
678 122210.98
679 122100.11
680 122321.13
681 122234.82
682 122117.04
683 121495.01
684 122493.98
685 122468.95
686 122503.04
687 121580.12
688 122248.89
689 121483.09
690 122379.06
691 121439.93
692 123008.01
693 121155.02
694 122905.97
695 121176.00
696 122896.91
697 122692.82
698 123490.10
699 121862.17
700 123543.98
701 122615.81
702 120955.94
703 121663.09
704 121002.91
705 121026.99
706 121112.11
707 121617.08
708 121523.14
709 121416.09
710 122865.92
711 121095.90
712 123810.05
713 120990.99
714 122008.80
715 122668.03
716 121792.08
717 122490.88
718 122467.04
719 121521.00
720 123610.02
721 121757.03
722 120903.97
723 121216.77
724 122066.97
725 122145.89
726 122000.93
727 122647.05
728 121916.06
729 121863.13
730 120950.94
731 121596.10
732 121505.02
733 122409.11
734 121444.94
735 121310.00
736 120922.09
737 122268.92
738 122861.15
739 122060.06
740 121044.87
741 123327.02
742 123188.02
743 121769.19
744 123346.09
745 122304.92
746 122434.14
747 121315.00
748 122364.04
749 121377.94
750 123116.97
751 122895.00
752 121206.05
753 122058.87
754 121313.10
755 122025.97
756 121612.07
757 120957.85
758 122546.20
759 120859.15
760 123527.05
761 122683.05
762 121912.00
763 122617.96
764 122493.03
765 122385.98
766 120841.98
767 122374.06
768 121527.91
769 122198.82
770 122406.01
771 121334.08
772 121453.05
773 122940.06
774 121196.03
775 121870.99
776 121454.00
777 120970.96
778 121150.97
779 122958.90
780 121394.16
781 121464.01
782 122110.84
783 121453.05
784 121370.08
785 121917.96
786 122859.00
787 122726.92
788 122760.06
789 121119.02
790 121403.93
791 124495.03
792 122745.99
793 122040.03
794 121843.10
795 124468.09
796 121128.08
797 122576.95
798 123330.12
799 122622.01
800 122527.12
801 120822.19
802 121505.98
803 121490.00
804 123064.04
805 122284.89
806 123154.16
807 122126.82
808 122962.00
809 120803.12
810 122186.18
811 122129.92
812 122972.01
813 121322.87
814 121185.06
815 122938.87
816 121329.07
817 122297.05
818 124076.84
819 121233.94
820 123748.06
821 121041.06
822 122735.02
823 121908.90
824 122350.93
825 122251.99
826 121491.19
827 121479.99
828 121495.96
829 121187.93
830 122200.01
831 121201.99
832 121928.93
833 121804.95
834 122704.98
835 121298.07
836 122040.03
837 122159.00
838 121923.21
839 123152.97
840 121638.06
841 122339.96
842 122323.99
843 122308.02
844 121521.00
845 122863.05
846 122084.86
847 122883.08
848 122015.00
849 121728.90
850 121693.85
851 122413.87
852 121639.97
853 121639.01
854 121662.86
855 121355.06
856 122291.80
857 122197.87
858 120738.98
859 121875.05
860 120987.89
861 121819.02
862 122512.82
863 121536.02
864 123260.97
865 122359.04
866 122366.91
867 122464.90
868 122946.98
869 122184.99
870 121526.00
871 122879.03
872 123579.03
873 121907.95
874 122316.12
875 122156.86
876 121182.92
877 121252.06
878 121865.99
879 122369.05
880 121423.01
881 121630.91
882 123169.90
883 122343.06
884 121346.95
885 122205.97
886 121376.99
887 121972.08
888 122718.81
889 121818.07
890 123697.04
891 121278.05
892 122874.98
893 122871.16
894 123804.09
895 121207.95
896 122984.17
897 121880.77
898 121261.12
899 121982.81
900 121936.08
901 121004.10
902 123361.83
903 120700.84
904 121315.96
905 121270.18
906 121999.98
907 122635.13
908 122344.02
909 122285.84
910 122322.08
911 122113.94
912 121333.12
913 120863.91
914 121289.01
915 122098.92
916 121395.11
917 121358.87
918 122988.94
919 122168.06
920 121237.04
921 121133.80
922 122130.16
923 121447.09
924 122141.84
925 123157.98
926 121920.11
927 122817.04
928 121392.01
929 122353.08
930 122951.03
931 122164.96
932 122976.06
933 121252.06
934 122261.05
935 121377.94
936 121335.98
937 121065.86
938 121585.13
939 121963.98
940 122532.13
941 121809.96
942 121629.95
943 121447.09
944 122766.97
945 121160.98
946 122813.94
947 121804.95
948 121891.02
949 121743.92
950 121086.12
951 121146.92
952 122720.96
953 122830.87
954 122621.06
955 121220.11
956 120956.90
957 120955.94
958 121869.09
959 121817.83
960 121591.09
961 122536.90
962 121796.13
963 121611.12
964 122242.21
965 122109.89
966 122135.16
967 122208.12
968 120975.02
969 121059.89
970 123765.95
971 121891.98
972 122012.85
973 123810.05
974 121899.84
975 121360.78
976 123120.07
977 120965.00
978 120951.89
979 123569.97
980 121007.92
981 121752.02
982 123981.95
983 122314.93
984 122309.21
985 121195.08
986 121780.87
987 121133.09
988 121930.12
989 121728.90
990 121735.10
991 122568.13
992 122411.01
993 123113.87
994 121401.07
995 123028.99
996 121360.06
997 121331.93
998 122107.03
999 122006.89
1000 122793.91
1001 121196.99
1002 120815.04
1003 122606.04
1004 120929.00
1005 121762.99
1006 122481.11
1007 122359.99
1008 121562.00
1009 122626.07
1010 122214.08
1011 122045.04
1012 122797.01
1013 123527.05
1014 121650.93
1015 122565.03
1016 120828.15
1017 123342.04
1018 120866.06
1019 122306.11
1020 121582.03
1021 122251.03
1022 121468.07
1023 123575.93
1024 121740.10
1025 121896.98
1026 121835.95
1027 123455.05
1028 121643.07
1029 122171.88
1030 121088.98
1031 121966.84
1032 121017.22
1033 121698.86
1034 121101.14
1035 121184.11
1036 121950.86
1037 121777.06
1038 121920.11
1039 121057.03
1040 122555.97
1041 120774.03
1042 122408.15
1043 121131.18
1044 122742.89
1045 121966.12
1046 122092.01
1047 121785.16
1048 121767.04
1049 121090.89
1050 120984.08
1051 120777.13
1052 121863.13
1053 121690.99
1054 120846.99
1055 121428.01
1056 122245.07
1057 123045.92
1058 122066.02
1059 122128.96
1060 122172.83
1061 123631.00
1062 122744.80
1063 121959.21
1064 121032.95
1065 121696.95
1066 121649.03
1067 122771.02
1068 121410.13
1069 122473.00
1070 122123.00
1071 123975.04
1072 121372.94
1073 123104.10
1074 122100.11
1075 122254.85
1076 122883.08
1077 121924.88
1078 121997.12
1079 121222.97
1080 121174.10
1081 123486.04
1082 121852.16
1083 122714.04
1084 121635.91
1085 122457.03
1086 121541.98
1087 120846.99
1088 122447.97
1089 121493.10
1090 122138.02
1091 121393.92
1092 122871.88
1093 122186.90
1094 121984.96
1095 121893.17
1096 122259.86
1097 123660.09
1098 121958.02
1099 122013.09
1100 122986.08
1101 121883.87
1102 121741.06
1103 120914.94
1104 121888.88
1105 122473.00
1106 122607.95
1107 121791.12
1108 122494.94
1109 121474.03
1110 121622.09
1111 123054.03
1112 122917.89
1113 122114.90
1114 121230.13
1115 121188.88
1116 122740.03
1117 121171.00
1118 121024.13
1119 121832.13
1120 122982.03
1121 122818.95
1122 121263.98
1123 121953.96
1124 121862.17
1125 124306.20
1126 122709.99
1127 121980.91
1128 120887.04
1129 120891.81
1130 121668.10
1131 123239.04
1132 122565.98
1133 122365.95
1134 122231.01
1135 121309.04
1136 121483.80
1137 122457.03
1138 121469.97
1139 122304.20
1140 123255.97
1141 121371.03
1142 121520.04
1143 120874.88
1144 121845.96
1145 121886.01
1146 122337.10
1147 122229.81
1148 122232.91
1149 121242.05
1150 122169.02
1151 122244.83
1152 122231.01
1153 123759.03
1154 122283.94
1155 122418.88
1156 122402.91
1157 121691.94
1158 122193.10
1159 121488.09
1160 121295.93
1161 121464.01
1162 122112.04
1163 122220.04
1164 121464.97
1165 122395.99
1166 121968.03
1167 123718.02
1168 121847.87
1169 121006.97
1170 122435.09
1171 120897.05
1172 122228.86
1173 122441.05
1174 121751.79
1175 122452.02
1176 121513.84
1177 121503.11
1178 122827.05
1179 122683.05
1180 121891.98
1181 121928.93
1182 120908.02
1183 121106.15
1184 122637.03
1185 120835.07
1186 120980.98
1187 121680.02
1188 122645.85
1189 121335.03
1190 122362.14
1191 122172.12
1192 123044.97
1193 121327.16
1194 122072.94
1195 121072.05
1196 121122.12
1197 121013.88
1198 120949.03
1199 121052.98
1200 121834.04
1201 122534.04
1202 124178.89
1203 120930.91
1204 122362.85
1205 122181.89
1206 121449.95
1207 121784.93
1208 121693.13
1209 122428.89
1210 121334.08
1211 121624.95
1212 121565.10
1213 121366.02
1214 123916.15
1215 121603.01
1216 121582.98
1217 120712.04
1218 123988.15
1219 121454.00
1220 122127.77
1221 121450.90
1222 122932.91
1223 121089.94
1224 122673.03
1225 120989.08
1226 122480.15
1227 122673.99
1228 122420.07
1229 120754.00
1230 121421.81
1231 122212.17
1232 122133.02
1233 121224.16
1234 123092.89
1235 122107.98
1236 121320.01
1237 121991.16
1238 122801.78
1239 121797.08
1240 121886.97
1241 121028.90
1242 122628.93
1243 122463.94
1244 122482.06
1245 123263.12
1246 121599.91
1247 122257.95
1248 122268.92
1249 121336.94
1250 121817.11
1251 121857.88
1252 122747.90
1253 121725.08
1254 121712.92
1255 122371.20
1256 122233.15
1257 121490.96
1258 122256.99
1259 121220.11
1260 122211.93
1261 122045.99
1262 123780.97
1263 121251.11
1264 121939.90
1265 121973.99
1266 121777.06
1267 121938.94
1268 122768.16
1269 122819.90
1270 121361.97
1271 122715.95
1272 123633.86
1273 121900.08
1274 122037.89
1275 123483.90
1276 121097.09
1277 121788.98
1278 121712.92
1279 122469.90
1280 122419.83
1281 121665.00
1282 123169.90
1283 123181.82
1284 122283.94
1285 122212.89
1286 122106.08
1287 123770.00
1288 121464.97
1289 121294.02
1290 121392.97
1291 121365.07
1292 121451.85
1293 121232.03
1294 121297.84
1295 122122.05
1296 123828.89
1297 122230.05
1298 121320.96
1299 121987.10
1300 121979.00
1301 121976.85
1302 121659.99
1303 122103.93
1304 121144.77
1305 122020.01
1306 121095.90
1307 121088.98
1308 120751.86
1309 123128.89
1310 122282.98
1311 121829.03
1312 123299.12
1313 121545.08
1314 122980.83
1315 122179.99
1316 121425.15
1317 123300.79
1318 122576.00
1319 123342.04
1320 122087.00
1321 123057.84
1322 122164.96
1323 122087.00
1324 121304.99
1325 121032.95
1326 120995.04
1327 123557.09
1328 121841.91
1329 121890.07
1330 121870.04
1331 121706.01
1332 121544.12
1333 121379.85
1334 121661.90
1335 121430.87
1336 121343.14
1337 122853.99
1338 123603.11
1339 121052.03
1340 122810.13
1341 123734.00
1342 121839.05
1343 120968.10
1344 122761.96
1345 122635.84
1346 121042.01
1347 123539.92
1348 122583.15
1349 121924.16
1350 123394.97
1351 121717.93
1352 121479.99
1353 122307.06
1354 122162.10
1355 123266.22
1356 121539.12
1357 122272.97
1358 122303.01
1359 122956.04
1360 122204.07
1361 121021.03
1362 122059.11
1363 122744.08
1364 121799.95
1365 121820.21
1366 121577.98
1367 123305.08
1368 122390.03
1369 123214.01
1370 123150.11
1371 122885.94
1372 121301.89
1373 121212.01
1374 120831.01
1375 120879.89
1376 121739.15
1377 121635.20
1378 122708.80
1379 122853.99
1380 122596.03
1381 122535.94
1382 122485.16
1383 123309.85
1384 122367.14
1385 121499.06
1386 122291.80
1387 122886.18
1388 122174.98
1389 122928.86
1390 121152.88
1391 121270.18
1392 122522.12
1393 121718.17
1394 122514.01
1395 122350.93
1396 120749.95
1397 123223.07
1398 121447.09
1399 122132.06
1400 121232.99
1401 120900.15
1402 122601.99
1403 120862.01
1404 121600.15
1405 120831.97
1406 123322.01
1407 120944.98
1408 123162.98
1409 122451.07
1410 121351.96
1411 121932.03
1412 120938.78
1413 122429.85
1414 122423.89
1415 121709.82
1416 121637.11
1417 122320.89
1418 121587.99
1419 121333.12
1420 122617.96
1421 122627.97
1422 120908.02
1423 120929.96
1424 123306.99
1425 122443.91
1426 121410.13
1427 122250.08
1428 122007.13
1429 121570.83
1430 122002.12
1431 121339.80
1432 121109.96
1433 123687.03
1434 121071.10
1435 122554.06
1436 121803.05
1437 121989.97
1438 123432.87
1439 121726.99
1440 120890.86
1441 122461.08
1442 121485.95
1443 120853.90
1444 120924.95
1445 123667.00
1446 122802.97
1447 123657.94
1448 121133.09
1449 120997.91
1450 122680.90
1451 121227.03
1452 122745.04
1453 120955.94
1454 121896.98
1455 121045.11
1456 123595.95
1457 120875.12
1458 120825.05
1459 121258.02
1460 121298.07
1461 121160.03
1462 121073.96
1463 121150.97
1464 121441.13
1465 122242.93
1466 121328.83
1467 121158.84
1468 120806.93
1469 120778.08
1470 122339.96
1471 122248.17
1472 121572.97
1473 123038.05
1474 122164.01
1475 122389.08
1476 121709.11
1477 121814.97
1478 122409.82
1479 121495.01
1480 122273.92
1481 122251.99
1482 122002.84
1483 120978.12
1484 123289.11
1485 121618.03
1486 122339.01
1487 121360.78
1488 121229.17
1489 122331.86
1490 122231.96
1491 121346.95
1492 121384.14
1493 123272.90
1494 122024.06
1495 120883.94
1496 121683.12
1497 122406.01
1498 122279.17
1499 122211.93
1500 121537.92
1501 122316.84
1502 122118.00
1503 122087.96
1504 121359.11
1505 122008.09
1506 121284.96
1507 121823.79
1508 121994.02
1509 121013.16
1510 122688.06
1511 121783.97
1512 122268.92
1513 122708.80
1514 120951.89
1515 121817.83
1516 123406.89
1517 121669.05
1518 122354.03
1519 121927.98
1520 123582.84
1521 121813.06
1522 123477.22
1523 121032.95
1524 122585.06
1525 120856.05
1526 121479.03
1527 122215.03
1528 122138.02
1529 121192.93
1530 121213.91
1531 121279.95
1532 121746.06
1533 121567.01
1534 120926.86
1535 122974.87
1536 122279.88
1537 123043.06
1538 121412.04
1539 121331.93
1540 121153.83
1541 122063.88
1542 121209.14
1543 122728.11
1544 121823.79
1545 123514.89
1546 120921.85
1547 122594.12
1548 123244.05
1549 121445.89
1550 121163.85
1551 121831.89
1552 122593.16
1553 121732.00
1554 122486.11
1555 121686.94
1556 122488.98
1557 122648.95
1558 120862.96
1559 122341.16
1560 121605.87
1561 122632.03
1562 120747.80
1563 123083.11
1564 122376.92
1565 121667.15
1566 122174.98
1567 121400.83
1568 121325.02
1569 122892.86
1570 121364.12
1571 121098.04
1572 122649.91
1573 121840.00
1574 121844.05
1575 120923.04
1576 120746.14
1577 123178.96
1578 121421.10
1579 121462.11
1580 121932.98
1581 121900.08
1582 121758.94
1583 122628.93
1584 121780.87
1585 121283.05
1586 121632.10
1587 122189.04
1588 123081.21
1589 122133.97
1590 122926.00
1591 122101.07
1592 122113.94
1593 121157.17
1594 122740.98
1595 122167.83
1596 120996.95
1597 121871.95
1598 120836.97
1599 121201.04
1600 122782.95
1601 121103.05
1602 120970.96
1603 120787.86
1604 122343.06
1605 121402.98
1606 121549.84
1607 121436.83
1608 122967.96
1609 123611.93
1610 122848.03
1611 121234.89
1612 121136.90
1613 121923.92
1614 122602.94
1615 121817.83
1616 123314.86
1617 122402.91
1618 122349.98
1619 122148.04
1620 121454.95
1621 121947.05
1622 123690.13
1623 121104.96
1624 121066.09
1625 122021.91
1626 121103.05
1627 123348.00
1628 123315.81
1629 122520.92
1630 123460.05
1631 121635.91
1632 123270.99
1633 121408.94
1634 122365.95
1635 121461.15
1636 121395.11
1637 121279.95
1638 121398.21
1639 121680.97
1640 123167.04
1641 122405.05
1642 121612.07
1643 123081.92
1644 122237.21
1645 121260.88
1646 122767.93
1647 121868.13
1648 122417.93
1649 122656.11
