800
0 121410.85
1 121172.19
2 121160.03
3 121165.99
4 121191.02
5 121171.00
6 121167.90
7 121171.00
8 121176.96
9 121186.02
10 121144.06
11 121166.94
12 121200.08
13 121170.04
14 121141.91
15 121105.19
16 121180.06
17 121191.02
18 121161.94
19 121163.13
20 121176.96
21 121189.83
22 121178.15
23 121156.93
24 121165.99
25 121201.04
26 121175.05
27 121178.15
28 121176.96
29 121196.99
30 121201.99
31 121165.04
32 121184.83
33 121112.11
34 121135.95
35 121099.00
36 121104.96
37 121124.03
38 121135.00
39 121130.94
40 121104.96
41 121101.14
42 121122.84
43 121124.98
44 121117.83
45 121106.86
46 121104.96
47 121145.96
48 121124.03
49 121122.12
50 121119.98
51 121110.20
52 121008.87
53 121128.80
54 121121.17
55 121068.00
56 121145.01
57 121110.92
58 121121.88
59 121129.99
60 121149.06
61 121068.00
62 121105.91
63 121065.86
64 121119.02
65 121126.89
66 121133.09
67 121109.01
68 121046.07
69 121036.05
70 121122.12
71 121133.09
72 121104.96
73 121105.91
74 121135.00
75 121126.89
76 121129.04
77 121118.07
78 121123.08
79 121115.92
80 121117.83
81 121143.10
82 121136.90
83 121093.99
84 121106.86
85 121109.01
86 121123.08
87 121138.81
88 121093.99
89 121114.02
90 121131.18
91 121129.04
92 121121.88
93 121098.04
94 120936.87
95 121038.91
96 121042.97
97 121093.03
98 121159.08
99 121187.93
100 121047.02
101 121148.11
102 121181.01
103 121365.07
104 121245.15
105 121156.93
106 121065.14
107 121219.87
108 121114.02
109 121229.17
110 120960.24
111 121114.97
112 121145.96
113 121037.01
114 121291.88
115 121542.93
116 121137.86
117 121131.90
118 121145.01
119 121497.87
120 121236.80
121 121103.05
122 121888.16
123 120954.04
124 121042.01
125 121721.98
126 121243.00
127 121613.03
128 121077.78
129 121134.04
130 121081.11
131 121860.03
132 121840.95
133 121143.82
134 121028.90
135 121729.85
136 121078.01
137 121357.92
138 121195.08
139 121078.01
140 121034.86
141 121127.13
142 121075.15
143 121006.01
144 121268.03
145 120996.95
146 121068.95
147 121579.17
148 121922.97
149 121791.84
150 121080.88
151 120870.11
152 121051.07
153 121149.06
154 120867.01
155 121109.01
156 122033.12
157 121012.93
158 120933.06
159 121286.15
160 121383.19
161 121967.08
162 120975.97
163 120950.94
164 121430.87
165 121085.17
166 121137.14
167 121078.97
168 121025.09
169 121320.96
170 121706.01
171 120924.00
172 120931.15
173 121273.99
174 121096.13
175 120998.86
176 120875.84
177 121382.00
178 121085.17
179 121047.02
180 121063.95
181 121762.99
182 121792.08
183 120810.99
184 121095.90
185 121040.11
186 122128.01
187 121312.14
188 121928.93
189 121937.99
190 121813.06
191 120898.01
192 121013.88
193 121996.88
194 121407.03
195 121966.12
196 121031.05
197 121391.06
198 121042.01
199 121501.92
200 121989.97
201 121465.21
202 121659.99
203 121117.12
204 121371.03
205 121459.96
206 121632.10
207 120980.02
208 121058.94
209 121120.93
210 121132.85
211 121319.06
212 121666.19
213 121082.07
214 121213.20
215 121966.12
216 121201.99
217 120931.15
218 121169.09
219 120861.05
220 121466.88
221 120933.06
222 122114.90
223 121474.98
224 120913.98
225 121057.03
226 121345.04
227 121551.04
228 121734.86
229 121791.12
230 121121.17
231 121707.92
232 121560.81
233 121540.07
234 121343.14
235 122262.95
236 122223.14
237 121382.95
238 121083.97
239 120887.04
240 121091.84
241 121533.87
242 121710.06
243 121439.93
244 121106.86
245 121376.04
246 121173.14
247 121478.08
248 121741.06
249 121807.10
250 121022.94
251 120936.16
252 120922.09
253 121505.02
254 121129.99
255 121131.90
256 121701.00
257 121646.88
258 121027.95
259 120996.00
260 121295.21
261 122003.08
262 121155.02
263 121032.00
264 120952.13
265 121379.85
266 121559.86
267 121098.04
268 121488.09
269 121260.88
270 120993.14
271 121232.99
272 121478.08
273 121054.17
274 121577.02
275 121276.14
276 122051.95
277 121351.96
278 121041.06
279 121001.96
280 120921.13
281 121202.95
282 121289.97
283 121190.07
284 121205.81
285 121366.98
286 120896.10
287 121105.91
288 120981.93
289 121028.90
290 120866.06
291 121102.81
292 121181.01
293 121041.06
294 121546.98
295 121393.92
296 122727.87
297 121356.96
298 121755.84
299 120988.13
300 121772.05
301 121423.01
302 121501.92
303 120991.95
304 122542.86
305 120929.00
306 121346.00
307 121495.01
308 121474.98
309 121237.04
310 121968.03
311 120968.10
312 121087.07
313 121470.93
314 121030.09
315 121531.01
316 121200.08
317 122028.11
318 121690.03
319 121921.06
320 122077.94
321 121565.10
322 121003.87
323 121173.86
324 120943.07
325 121412.99
326 121549.13
327 121352.91
328 121120.93
329 122141.12
330 121001.01
331 122407.91
332 121742.01
333 121464.97
334 122297.05
335 121319.06
336 121880.05
337 121047.02
338 120988.13
339 121762.04
340 121517.18
341 121145.96
342 121548.89
343 121159.08
344 121715.07
345 121146.92
346 122398.14
347 121100.90
348 121326.92
349 121138.81
350 122514.96
351 121502.88
352 121711.02
353 121129.99
354 121902.94
355 121076.11
356 121042.01
357 121543.88
358 121579.89
359 120796.92
360 120968.10
361 121070.15
362 121044.87
363 121074.20
364 121092.08
365 121040.11
366 120991.95
367 121048.93
368 121224.88
369 121062.04
370 121039.15
371 121087.07
372 120973.11
373 120960.00
374 121024.13
375 121264.93
376 121040.11
377 120903.97
378 120887.04
379 121002.20
380 121483.80
381 121385.10
382 120933.06
383 121109.01
384 120795.97
385 120932.10
386 120960.95
387 121331.93
388 120984.08
389 121519.09
390 120994.09
391 121075.87
392 120964.05
393 120993.14
394 121112.82
395 121254.92
396 120980.98
397 120846.03
398 120952.84
399 121203.90
400 120984.08
401 121052.98
402 121066.81
403 121206.05
404 121037.01
405 121023.18
406 121006.97
407 121415.14
408 121184.11
409 121119.98
410 121230.84
411 120998.14
412 121159.08
413 120910.88
414 121052.03
415 121505.02
416 120879.17
417 121183.16
418 121015.07
419 121176.00
420 121091.13
421 120930.91
422 121108.06
423 121094.94
424 121018.89
425 120956.90
426 120760.92
427 121015.07
428 121423.96
429 121347.19
430 120989.08
431 121041.06
432 120733.02
433 121170.04
434 121040.11
435 120764.97
436 120883.94
437 121310.00
438 120937.11
439 121264.93
440 121180.06
441 121493.82
442 121207.95
443 120960.95
444 120917.08
445 120810.03
446 120976.92
447 120977.88
448 120832.92
449 121150.02
450 121119.98
451 121043.92
452 121033.19
453 121140.00
454 121107.10
455 120953.80
456 120985.98
457 121333.12
458 121236.09
459 121088.03
460 120983.12
461 120956.90
462 121160.98
463 121268.99
464 121028.90
465 121244.91
466 121641.16
467 121154.07
468 121348.86
469 120986.94
470 120799.06
471 121313.10
472 120958.09
473 121366.02
474 120877.98
475 121478.08
476 120965.96
477 120801.93
478 121052.03
479 121369.84
480 121320.01
481 120898.96
482 121083.02
483 120934.01
484 121116.16
485 121181.01
486 121113.06
487 121560.10
488 121015.79
489 120962.86
490 121049.17
491 120889.90
492 121393.92
493 121088.98
494 121406.08
495 121438.03
496 121282.10
497 121404.89
498 121366.02
499 121133.09
500 121007.20
501 120877.03
502 121430.87
503 121052.03
504 120803.12
505 120907.07
506 121217.01
507 121407.03
508 121294.98
509 121268.03
510 121140.00
511 120925.90
512 120915.17
513 121015.07
514 121701.00
515 121464.97
516 121139.05
517 121577.98
518 121176.96
519 121043.92
520 121506.93
521 121131.90
522 120766.88
523 121248.01
524 121594.91
525 121176.96
526 121414.90
527 121192.93
528 121340.99
529 121479.03
530 121206.05
531 121754.17
532 121245.86
533 120980.02
534 121325.97
535 121016.98
536 121346.95
537 121884.11
538 121350.05
539 121148.82
540 121402.03
541 120957.85
542 121176.00
543 121500.97
544 121239.19
545 121356.01
546 121135.00
547 121361.02
548 121184.11
549 121474.03
550 120811.94
551 121177.20
552 121432.07
553 121489.05
554 121206.05
555 120982.89
556 120934.96
557 121239.90
558 121428.97
559 121674.06
560 121304.04
561 121469.02
562 120917.08
563 121078.01
564 121280.19
565 120919.94
566 121051.07
567 121184.11
568 121285.92
569 121202.95
570 121258.02
571 121057.99
572 121501.21
573 121421.81
574 121147.87
575 121196.99
576 120918.99
577 121401.07
578 121237.04
579 121356.96
580 121373.18
581 121505.02
582 121284.96
583 121280.91
584 120900.87
585 121182.20
586 121008.87
587 120950.94
588 121029.14
589 120913.03
590 121212.96
591 121246.10
592 121212.01
593 121382.00
594 121142.15
595 121326.21
596 121615.89
597 120800.02
598 120923.04
599 120866.06
600 121452.09
601 120743.99
602 120894.19
603 121278.05
604 121111.87
605 121019.84
606 120875.84
607 121238.95
608 121091.13
609 120638.13
610 121459.96
611 120910.17
612 121408.22
613 121572.97
614 121325.97
615 120922.09
616 121258.02
617 120681.05
618 121366.98
619 120859.86
620 121191.02
621 120873.93
622 121449.23
623 120825.05
624 121480.94
625 121510.03
626 120773.79
627 121261.12
628 121227.98
629 120913.03
630 121449.95
631 120898.01
632 121236.09
633 120900.87
634 121171.95
635 121084.93
636 121256.11
637 121565.82
638 121369.84
639 120893.00
640 121073.01
641 121186.02
642 120863.91
643 121708.87
644 121301.17
645 120979.07
646 121215.82
647 120965.96
648 120870.83
649 121247.05
650 120984.08
651 120918.99
652 121018.17
653 121441.84
654 120867.97
655 121402.98
656 121574.16
657 120933.77
658 121346.95
659 121602.06
660 121323.82
661 121128.80
662 121177.91
663 121470.21
664 120747.09
665 121394.16
666 120969.06
667 121247.05
668 121195.79
669 121279.00
670 121708.87
671 121612.07
672 121052.03
673 121293.07
674 121222.02
675 121326.92
676 120943.07
677 121147.16
678 121404.89
679 121188.88
680 121315.00
681 121117.12
682 121346.95
683 121222.02
684 121244.91
685 120939.02
686 120764.02
687 121286.15
688 120937.11
689 121221.07
690 121592.04
691 120960.00
692 121006.01
693 121161.94
694 121277.09
695 121496.20
696 121474.98
697 121523.14
698 121227.98
699 121480.94
700 120876.07
701 120995.04
702 121039.15
703 121176.00
704 121494.05
705 121490.00
706 121171.00
707 121670.01
708 121219.16
709 121114.97
710 121597.05
711 121067.05
712 121195.08
713 121377.94
714 120941.88
715 121293.78
716 121017.93
717 121164.08
718 121201.99
719 120770.93
720 120989.80
721 120903.97
722 120898.96
723 120934.96
724 120655.06
725 121253.01
726 120956.18
727 121304.99
728 120914.94
729 120882.03
730 120850.80
731 121237.99
732 120809.08
733 121193.17
734 121548.89
735 120935.92
736 121259.93
737 121209.14
738 121557.95
739 121322.87
740 120738.98
741 121109.96
742 121379.14
743 121239.90
744 121497.87
745 120774.98
746 121044.87
747 121356.01
748 121565.10
749 121165.04
750 121397.02
751 121175.05
752 122071.98
753 120869.16
754 121281.86
755 121264.93
756 121217.97
757 121234.89
758 121394.87
759 121311.90
760 121314.05
761 120905.88
762 121382.00
763 121351.00
764 121073.01
765 121476.89
766 120697.98
767 121253.01
768 120826.01
769 121068.95
770 120816.95
771 120785.00
772 120864.15
773 121150.02
774 121104.00
775 121210.10
776 120924.95
777 120790.00
778 120831.01
779 121151.92
780 121070.86
781 120805.03
782 120922.09
783 121324.06
784 120930.19
785 120961.90
786 121073.01
787 120947.12
788 120978.12
789 121109.01
790 121057.03
791 121130.23
792 121142.15
793 121129.04
794 121118.07
795 121117.83
796 121079.92
797 121131.90
798 121047.97
799 121143.10
