800
0 121192.93
1 121123.08
2 121073.01
3 121049.88
4 121092.08
5 121124.98
6 121104.00
7 121054.17
8 121107.10
9 121140.96
10 121052.98
11 121083.02
12 121118.07
13 121107.10
14 121047.97
15 121113.06
16 121084.93
17 121099.00
18 121114.97
19 121150.97
20 121124.98
21 121126.89
22 121091.13
23 121092.08
24 121098.04
25 121008.87
26 121105.19
27 121118.07
28 121024.13
29 121124.98
30 121150.02
31 121119.02
32 121073.01
33 121088.98
34 121079.92
35 121044.16
36 121098.04
37 121065.86
38 121096.13
39 121128.08
40 121078.97
41 121090.17
42 121135.95
43 121094.94
44 121043.21
45 121097.09
46 121123.08
47 121089.94
48 121106.15
49 121105.91
50 121034.86
51 121114.97
52 121135.00
53 121110.92
54 121121.88
55 121106.15
56 121039.15
57 121108.06
58 121109.96
59 121109.96
60 121109.01
61 121109.96
62 121111.87
63 121120.93
64 121127.84
65 121121.88
66 121127.13
67 121118.07
68 121073.01
69 121042.97
70 121100.90
71 121127.13
72 121104.00
73 121122.84
74 121092.80
75 121026.99
76 121099.95
77 121118.07
78 121107.10
79 121084.93
80 121091.84
81 121123.08
82 121114.02
83 121114.02
84 121042.01
85 121115.92
86 121110.20
87 121129.04
88 121117.12
89 121025.09
90 121109.01
91 121102.09
92 121113.06
93 121091.13
94 121129.99
95 121037.96
96 121119.02
97 120979.07
98 121009.11
99 121068.00
100 121155.98
101 120964.05
102 121002.91
103 122298.00
104 121071.82
105 121013.88
106 120881.08
107 121032.95
108 121299.98
109 121059.18
110 120905.88
111 120961.90
112 120846.99
113 121037.96
114 121010.07
115 121474.98
116 121059.89
117 120861.05
118 121049.17
119 121116.16
120 120988.13
121 121112.11
122 121243.95
123 120991.95
124 121521.00
125 121639.01
126 121121.88
127 120875.84
128 121023.89
129 121040.11
130 121614.93
131 121101.14
132 121611.83
133 120946.17
134 120919.94
135 121798.99
136 121130.94
137 120895.86
138 121042.97
139 120849.85
140 120839.83
141 121052.03
142 121947.05
143 121012.93
144 120901.11
145 120965.00
146 121005.06
147 121304.99
148 120991.95
149 120895.86
150 120997.91
151 121001.01
152 121412.04
153 121265.17
154 121193.17
155 121023.89
156 121236.09
157 120886.09
158 120996.95
159 121310.00
160 121664.05
161 121636.87
162 121019.12
163 121062.99
164 121010.07
165 121122.12
166 120977.88
167 121102.09
168 120951.18
169 121257.07
170 121495.01
171 121087.07
172 121262.07
173 121097.09
174 120922.09
175 121056.08
176 120829.11
177 120929.96
178 121950.15
179 120988.85
180 121773.00
181 120997.91
182 121754.88
183 120785.95
184 121006.97
185 121162.18
186 121424.91
187 121032.95
188 121680.02
189 121520.04
190 121030.81
191 121035.10
192 121032.00
193 120964.05
194 121505.02
195 120975.02
196 120862.96
197 120896.10
198 121314.05
199 121875.05
200 121522.90
201 120888.95
202 120929.00
203 120968.10
204 120966.20
205 121110.20
206 121511.94
207 120918.04
208 120870.83
209 120857.00
210 121584.89
211 121763.94
212 121522.90
213 120958.09
214 120879.17
215 121509.08
216 121153.12
217 120962.14
218 121278.05
219 120838.88
220 120954.99
221 120869.87
222 121074.20
223 120970.96
224 122593.88
225 120913.03
226 121201.04
227 120966.91
228 121081.83
229 121417.05
230 121408.94
231 121201.99
232 121464.97
233 121521.95
234 121258.97
235 121398.21
236 121027.95
237 121162.18
238 121019.84
239 121636.15
240 120885.85
241 121666.91
242 121448.99
243 122015.95
244 121259.93
245 121303.08
246 121263.98
247 121211.05
248 121191.98
249 121225.83
250 121306.90
251 121263.03
252 121822.12
253 121056.08
254 120925.19
255 121383.91
256 122236.97
257 121066.09
258 121107.10
259 121285.92
260 121262.07
261 121110.92
262 121235.13
263 120912.08
264 120952.13
265 121109.01
266 121037.01
267 120865.11
268 121568.92
269 120903.97
270 121227.03
271 120918.04
272 120805.98
273 121144.06
274 120971.92
275 121647.83
276 120878.93
277 120881.08
278 121621.85
279 121278.05
280 121479.03
281 121218.92
282 121726.99
283 122096.06
284 121160.98
285 120957.14
286 120896.10
287 121404.89
288 121287.82
289 121076.11
290 121604.92
291 121765.85
292 121506.93
293 121178.87
294 121273.99
295 120944.98
296 121531.01
297 121078.97
298 121088.03
299 120972.87
300 120698.21
301 121549.13
302 122087.96
303 121578.93
304 121114.02
305 120817.90
306 120883.94
307 121773.96
308 120780.94
309 120973.11
310 121261.12
311 120929.96
312 121069.19
313 121413.95
314 120819.09
315 121145.96
316 120976.92
317 121536.02
318 121346.95
319 121193.89
320 121405.12
321 121423.96
322 121373.89
323 121354.82
324 121527.91
325 121055.13
326 121568.92
327 121040.82
328 122575.04
329 120954.04
330 121515.99
331 121534.82
332 121402.03
333 121530.06
334 121267.08
335 121234.89
336 120995.04
337 121572.97
338 120806.93
339 120801.93
340 121520.04
341 121383.91
342 121484.04
343 121295.93
344 120929.00
345 120877.98
346 121176.96
347 121301.89
348 121259.93
349 121044.87
350 121007.92
351 121847.87
352 120734.21
353 121586.08
354 121254.92
355 121130.94
356 121594.19
357 121744.87
358 120893.00
359 120939.97
360 120947.12
361 120722.06
362 121086.84
363 121080.88
364 121278.05
365 120774.98
366 120774.98
367 120942.12
368 120795.97
369 120928.05
370 120831.01
371 120930.91
372 121067.05
373 121284.01
374 120920.18
375 120778.08
376 120738.03
377 121216.06
378 120908.02
379 121078.97
380 120887.04
381 120872.97
382 121352.20
383 121018.89
384 120913.98
385 121315.96
386 120868.21
387 121090.89
388 121099.95
389 120972.87
390 120819.09
391 120976.92
392 121043.92
393 121191.98
394 120815.99
395 120887.04
396 120795.01
397 120934.01
398 121246.10
399 121514.08
400 120866.06
401 121663.09
402 121473.79
403 120987.89
404 120799.06
405 120931.15
406 120898.96
407 121002.91
408 120680.09
409 120948.08
410 120919.94
411 120926.86
412 120958.81
413 120918.04
414 120925.19
415 120922.80
416 121223.93
417 120840.07
418 120986.22
419 120754.96
420 120937.11
421 121179.82
422 120849.13
423 120969.06
424 121219.87
425 121334.08
426 120792.87
427 120961.90
428 120897.05
429 120724.92
430 121009.11
431 120862.01
432 121111.15
433 121029.85
434 121266.84
435 121001.01
436 120939.97
437 121207.00
438 120892.05
439 120993.85
440 120836.97
441 120952.84
442 120889.19
443 121176.96
444 121633.05
445 121248.96
446 120800.02
447 120963.81
448 121131.90
449 120803.83
450 120998.86
451 120944.02
452 121623.99
453 121129.99
454 120687.96
455 121104.96
456 121044.87
457 121164.08
458 120754.96
459 120806.93
460 121257.78
461 121155.02
462 120985.03
463 121145.01
464 120862.01
465 120822.91
466 120947.84
467 120990.99
468 120841.98
469 120851.99
470 121283.05
471 120708.94
472 120909.93
473 121036.05
474 121206.05
475 120749.95
476 121186.97
477 121353.86
478 121046.07
479 120993.85
480 121101.14
481 120896.10
482 121196.99
483 121182.92
484 120896.10
485 121479.03
486 121202.95
487 121464.01
488 121177.91
489 121197.94
490 121156.93
491 121349.10
492 121515.99
493 120803.12
494 121087.07
495 120826.01
496 121594.91
497 121477.13
498 121260.17
499 121006.97
500 121269.23
501 120939.97
502 121116.88
503 121379.85
504 121092.08
505 121305.94
506 121238.95
507 120932.10
508 121416.09
509 121011.97
510 121223.21
511 120829.11
512 121629.00
513 121074.20
514 120754.96
515 121330.02
516 121651.89
517 121171.00
518 121201.99
519 121619.22
520 121331.93
521 120818.14
522 121445.18
523 121129.99
524 120937.11
525 121352.91
526 120821.95
527 121445.89
528 121104.00
529 121559.14
530 121270.90
531 121257.07
532 120779.99
533 121456.15
534 121214.15
535 121000.05
536 120799.06
537 121676.92
538 121260.17
539 121093.99
540 120926.86
541 120654.11
542 120811.94
543 121150.02
544 120920.90
545 121272.80
546 121171.95
547 121443.99
548 120793.82
549 121366.02
550 121959.92
551 121146.92
552 121500.97
553 121067.05
554 121474.03
555 121369.84
556 121145.96
557 120975.02
558 121136.90
559 121141.20
560 121423.96
561 121099.95
562 121433.02
563 121273.04
564 121190.79
565 120866.06
566 121569.87
567 121249.20
568 120977.88
569 121348.86
570 121315.00
571 121152.88
572 121767.04
573 121350.05
574 121608.02
575 121052.98
576 121139.05
577 121224.88
578 121237.04
579 121566.06
580 121239.90
581 121165.99
582 121429.92
583 121287.11
584 121006.01
585 121118.07
586 121015.07
587 121843.81
588 121124.03
589 121316.91
590 121073.96
591 121148.82
592 121420.86
593 120856.05
594 120911.12
595 121427.06
596 121412.04
597 121221.07
598 121217.01
599 121551.99
600 121267.08
601 120733.98
602 120946.88
603 121016.98
604 121281.15
605 121199.13
606 120807.89
607 121294.98
608 121073.01
609 121556.04
610 120949.03
611 121258.97
612 121109.96
613 121355.06
614 121207.95
615 121001.01
616 121205.81
617 121254.92
618 120918.04
619 120986.94
620 121380.09
621 121361.97
622 121087.07
623 120753.05
624 121073.96
625 121167.18
626 121197.94
627 121227.98
628 120833.87
629 121355.06
630 121275.90
631 121282.10
632 120792.87
633 120933.06
634 121006.01
635 121028.90
636 120862.01
637 120882.03
638 121448.99
639 121282.10
640 121267.08
641 121320.01
642 120827.91
643 121022.94
644 121047.97
645 121393.92
646 121300.94
647 120821.00
648 120834.11
649 121011.97
650 121556.04
651 121260.17
652 121510.98
653 121099.00
654 120957.85
655 121571.06
656 120810.99
657 121142.15
658 121082.07
659 121356.96
660 120996.95
661 120826.01
662 121495.01
663 121216.06
664 120888.95
665 121168.85
666 121423.01
667 121196.03
668 120867.01
669 120849.85
670 121484.04
671 121557.00
672 121427.06
673 120967.15
674 121414.90
675 121405.84
676 121457.82
677 120696.07
678 121078.97
679 121469.02
680 121716.02
681 121207.00
682 121052.98
683 120934.01
684 121593.00
685 120982.89
686 121604.92
687 121050.83
688 121428.01
689 121208.91
690 121327.16
691 121276.86
692 121085.17
693 121409.18
694 120866.06
695 120837.93
696 121346.00
697 120951.89
698 121154.07
699 120846.99
700 121273.04
701 121442.08
702 121039.15
703 121677.16
704 121367.93
705 121378.90
706 121334.08
707 121048.93
708 121205.09
709 120965.96
710 121068.00
711 121371.03
712 120785.95
713 121118.07
714 120791.91
715 121245.15
716 120841.98
717 121304.99
718 121360.06
719 121401.07
720 121354.10
721 121227.98
722 121346.00
723 121139.05
724 121490.00
725 121680.97
726 121473.07
727 121299.03
728 121066.09
729 120896.10
730 121092.08
731 120865.82
732 121358.87
733 121178.87
734 121404.17
735 120883.94
736 120991.95
737 121294.98
738 120778.08
739 121132.14
740 121446.85
741 120918.99
742 120676.04
743 120938.06
744 121342.18
745 121257.07
746 120889.90
747 121265.17
748 121317.15
749 121237.04
750 120810.03
751 121038.91
752 121159.08
753 120779.04
754 120918.99
755 120870.83
756 120794.06
757 121370.08
758 120967.15
759 121095.18
760 120976.92
761 121076.11
762 121206.05
763 120975.02
764 121053.93
765 121028.90
766 121188.88
767 120941.88
768 120903.97
769 120795.01
770 120952.13
771 121008.87
772 120746.14
773 121114.02
774 121260.88
775 120843.89
776 120874.88
777 121525.05
778 120935.92
779 120932.10
780 121392.97
781 121220.11
782 121565.82
783 121093.99
784 121129.04
785 121189.12
786 121189.83
787 121176.96
788 121192.93
789 121200.08
790 121180.06
791 121172.90
792 121144.06
793 121191.98
794 121190.07
795 121176.00
796 121182.92
797 121206.05
798 121160.98
799 121173.86
