800
0 121253.01
1 121105.19
2 121011.02
3 121105.91
4 121080.16
5 121071.10
6 121114.97
7 121122.12
8 121112.82
9 121124.03
10 121114.97
11 121122.84
12 121115.92
13 121124.03
14 121137.86
15 121123.08
16 121052.03
17 121119.02
18 121119.02
19 121113.06
20 121091.13
21 121113.06
22 121109.96
23 121104.00
24 121106.15
25 121060.85
26 121124.03
27 120954.99
28 121109.01
29 121106.15
30 121042.97
31 121093.03
32 121094.94
33 121106.86
34 121135.95
35 121104.00
36 121047.02
37 121119.98
38 121115.21
39 121112.82
40 121124.98
41 121122.12
42 121127.84
43 121124.03
44 121089.94
45 121087.07
46 121140.96
47 121114.97
48 121119.02
49 121126.89
50 121126.17
51 121118.07
52 121116.16
53 121126.17
54 121119.98
55 121109.96
56 121060.13
57 121122.12
58 121106.86
59 121100.19
60 121123.08
61 121128.08
62 121124.03
63 121084.21
64 121075.15
65 121078.97
66 121113.06
67 121125.94
68 121089.94
69 121115.21
70 121116.88
71 121123.08
72 121112.11
73 121115.92
74 121108.06
75 121119.02
76 121046.07
77 121119.02
78 121111.15
79 121113.78
80 121107.10
81 121108.06
82 121113.06
83 121109.96
84 121101.14
85 121076.82
86 121004.10
87 121098.04
88 121109.01
89 121104.96
90 121135.00
91 121093.03
92 121105.91
93 120944.98
94 121133.09
95 121030.09
96 120925.90
97 120864.87
98 121097.09
99 121086.84
100 121073.01
101 120998.86
102 120999.10
103 120998.14
104 120803.12
105 120994.09
106 121147.16
107 122602.94
108 121258.97
109 122004.03
110 123342.99
111 121802.09
112 123319.15
113 123239.04
114 122411.97
115 124772.07
116 122673.03
117 122436.05
118 123714.92
119 124068.02
120 125707.86
121 125481.84
122 124494.08
123 125294.92
124 124679.09
125 124574.90
126 126173.02
127 124651.19
128 125504.97
129 126168.97
130 124185.09
131 126679.90
132 124169.83
133 125154.02
134 125578.17
135 124116.90
136 124722.00
137 126316.07
138 125633.00
139 123839.86
140 125550.03
141 124568.94
142 125250.82
143 123718.98
144 125933.89
145 126012.09
146 126709.94
147 124076.84
148 127399.92
149 125677.11
150 124977.83
151 125615.84
152 124711.99
153 124975.92
154 125211.00
155 124751.81
156 126079.08
157 126102.92
158 124270.20
159 125274.90
160 124497.89
161 122771.02
162 123615.03
163 123442.89
164 125808.00
165 125607.97
166 125339.98
167 126002.07
168 122579.10
169 124927.04
170 124850.99
171 125671.15
172 124586.11
173 125582.93
174 123847.96
175 124635.93
176 125176.91
177 124396.09
178 124943.02
179 123517.99
180 124171.02
181 124819.99
182 125397.21
183 125360.97
184 126381.16
185 124647.14
186 124613.05
187 123742.10
188 126082.18
189 124502.18
190 126022.82
191 124483.82
192 123587.85
193 125957.97
194 127545.12
195 124788.05
196 126486.06
197 125627.99
198 125552.89
199 123049.97
200 123126.98
201 125248.91
202 125097.99
203 124450.92
204 124991.89
205 125808.95
206 124378.92
207 124326.94
208 124799.97
209 125561.00
210 125368.12
211 124521.97
212 125957.97
213 126099.11
214 124454.98
215 125953.91
216 124738.93
217 123970.03
218 125444.89
219 124809.98
220 125253.92
221 125895.98
222 125721.22
223 125078.20
224 126766.92
225 125658.99
226 124773.03
227 124135.02
228 123824.83
229 126029.01
230 127221.11
231 125425.10
232 125159.98
233 126717.09
234 126029.97
235 123519.18
236 124166.97
237 125056.98
238 125852.11
239 123955.01
240 126330.14
241 126325.85
242 125903.84
243 126216.17
244 126939.06
245 124619.96
246 124393.94
247 126909.97
248 125208.85
249 125211.95
250 126662.97
251 126950.03
252 124454.02
253 124360.08
254 125146.87
255 125880.00
256 125815.15
257 124282.12
258 125064.85
259 126548.05
260 126159.91
261 126729.97
262 123505.12
263 124249.94
264 122699.02
265 124171.02
266 125744.10
267 128068.21
268 123898.98
269 126303.91
270 126352.07
271 124471.90
272 123764.04
273 124572.99
274 124416.11
275 125319.00
276 125591.99
277 126031.88
278 124387.98
279 127691.98
280 125128.03
281 125195.03
282 125642.06
283 125105.14
284 126854.90
285 124213.93
286 124314.07
287 125926.02
288 124969.01
289 123973.13
290 125698.09
291 125514.03
292 125789.17
293 127874.14
294 124644.99
295 123528.96
296 124681.95
297 125482.80
298 123589.04
299 124383.93
300 124521.97
301 124946.12
302 124953.03
303 124944.93
304 125031.95
305 127062.08
306 123941.90
307 125833.03
308 124864.10
309 124986.89
310 124963.05
311 123156.07
312 124740.84
313 126548.05
314 126989.84
315 124817.13
316 124480.96
317 124406.81
318 124486.21
319 123881.10
320 126172.07
321 126163.96
322 125062.94
323 125426.05
324 125996.11
325 125910.04
326 125283.00
327 124346.02
328 124126.91
329 124866.96
330 126299.14
331 124758.01
332 122991.80
333 123755.22
334 124638.80
335 122644.19
336 122787.95
337 122032.17
338 122091.05
339 121301.17
340 121671.92
341 120948.08
342 122438.19
343 121404.89
344 121017.93
345 123010.16
346 121276.86
347 121932.98
348 120827.91
349 121773.00
350 121245.86
351 120835.78
352 121632.10
353 121737.00
354 122174.02
355 121549.13
356 120907.07
357 123062.85
358 121337.18
359 120833.87
360 120975.02
361 120871.07
362 120977.16
363 120948.08
364 121223.93
365 120975.02
366 120886.80
367 120961.19
368 120897.05
369 120980.02
370 121148.11
371 120776.89
372 120895.15
373 120781.18
374 121086.84
375 120721.82
376 120805.03
377 120823.86
378 121030.81
379 120996.00
380 120836.97
381 120789.05
382 121135.00
383 121073.01
384 121116.88
385 121114.02
386 120893.00
387 121042.97
388 120857.00
389 120703.22
390 120960.00
391 120874.88
392 120656.97
393 120712.04
394 121187.93
395 120821.00
396 121122.84
397 120875.84
398 120877.03
399 120717.05
400 120698.93
401 120809.08
402 120783.09
403 120843.89
404 120832.92
405 120730.16
406 120996.95
407 120885.85
408 120707.04
409 120927.10
410 120916.13
411 120830.06
412 120720.86
413 120840.07
414 121120.21
415 120851.99
416 120924.00
417 120733.02
418 121107.10
419 120836.97
420 120897.77
421 121107.10
422 121127.13
423 120842.93
424 120889.90
425 121062.04
426 120859.86
427 121033.91
428 120922.09
429 121114.02
430 120848.89
431 120837.93
432 120791.91
433 120732.07
434 120863.91
435 120676.04
436 120795.01
437 120965.96
438 120826.96
439 121083.02
440 121009.11
441 120995.04
442 121105.91
443 120912.08
444 121147.87
445 120841.98
446 120831.97
447 120786.91
448 121132.14
449 121030.09
450 120967.86
451 121018.89
452 120658.87
453 120805.98
454 120820.05
455 120815.99
456 120709.18
457 120815.04
458 121057.03
459 121046.07
460 120942.12
461 120994.81
462 120949.98
463 121078.97
464 120718.00
465 120746.14
466 120781.90
467 120699.88
468 120843.89
469 121064.90
470 120816.95
471 120625.02
472 120908.98
473 120823.86
474 120797.16
475 120972.87
476 120968.10
477 120853.90
478 120710.13
479 120764.02
480 120759.01
481 120741.84
482 121011.02
483 120818.14
484 120749.00
485 120820.05
486 120737.08
487 120743.99
488 121047.02
489 120924.00
490 121007.92
491 120867.01
492 120739.22
493 120901.11
494 120977.88
495 120799.06
496 120906.83
497 120965.96
498 120935.92
499 120919.94
500 120918.99
501 120812.89
502 121149.06
503 121073.96
504 120814.09
505 120846.99
506 120796.92
507 120778.08
508 121032.00
509 120934.01
510 120830.06
511 121020.08
512 120943.07
513 120855.09
514 120764.02
515 121156.22
516 120741.13
517 121079.21
518 121006.97
519 121170.04
520 120816.23
521 120891.09
522 120884.18
523 120744.94
524 120929.96
525 121142.86
526 120661.97
527 121014.83
528 121011.02
529 120930.91
530 120898.96
531 120853.90
532 120988.85
533 120945.93
534 121140.00
535 120974.06
536 120971.92
537 120927.10
538 120964.05
539 120985.98
540 120829.82
541 120837.93
542 120903.02
543 120824.10
544 120779.04
545 120692.01
546 121064.90
547 120991.95
548 120948.08
549 120806.93
550 120843.89
551 121027.95
552 120772.84
553 120810.03
554 120660.07
555 120892.05
556 120789.05
557 120963.10
558 120939.02
559 120886.80
560 120802.16
561 120877.03
562 120843.17
563 120789.05
564 120929.00
565 120801.93
566 121076.11
567 121051.07
568 120760.92
569 120754.00
570 120925.19
571 120887.04
572 120682.95
573 121020.08
574 121245.86
575 121078.01
576 121061.09
577 120912.08
578 121007.92
579 120870.11
580 120772.84
581 120800.97
582 121023.89
583 120924.95
584 121025.09
585 121171.95
586 120835.07
587 120927.81
588 121037.96
589 120877.03
590 120963.81
591 120909.93
592 120883.94
593 120815.04
594 120956.90
595 120694.16
596 120978.12
597 121030.09
598 120906.83
599 120874.88
600 120993.14
601 120793.10
602 120715.14
603 121064.19
604 120908.02
605 120829.82
606 120740.18
607 121073.96
608 120877.03
609 120633.13
610 120738.98
611 120755.91
612 121090.89
613 121165.99
614 120918.99
615 120862.96
616 121032.00
617 120800.02
618 121304.04
619 121119.98
620 120988.13
621 120941.88
622 120965.96
623 120787.14
624 121053.93
625 120876.07
626 121071.10
627 120871.07
628 120950.94
629 120920.18
630 120974.06
631 121214.15
632 121191.98
633 121015.79
634 121063.95
635 121060.85
636 121052.03
637 121005.06
638 121048.93
639 121064.90
640 121051.07
641 121057.99
642 121070.15
643 121037.01
644 121043.21
645 121055.13
646 121098.04
647 121052.03
648 121040.11
649 121072.05
650 121041.06
651 121050.12
652 121063.95
653 121057.99
654 121088.03
655 121061.09
656 121050.83
657 121030.09
658 121062.99
659 121082.07
660 121066.81
661 121061.09
662 121047.02
663 121064.90
664 121062.04
665 121059.89
666 121054.89
667 121059.18
668 121041.06
669 120946.88
670 120940.92
671 120972.87
672 121077.06
673 121068.00
674 120931.15
675 121059.18
676 121074.91
677 121060.13
678 121055.13
679 121070.86
680 121039.87
681 121043.92
682 121058.94
683 121063.95
684 121069.91
685 120987.89
686 121049.88
687 121046.07
688 121056.08
689 121055.84
690 121052.98
691 120997.91
692 121030.81
693 121032.00
694 120944.02
695 121058.94
696 121055.84
697 121029.14
698 121090.17
699 121052.98
700 121044.87
701 121052.98
702 121062.99
703 121055.84
704 121063.95
705 121039.15
706 120946.17
707 121063.95
708 121063.95
709 121057.03
710 121052.03
711 121052.03
712 121067.05
713 121033.91
714 121045.83
715 121065.86
716 121063.95
717 120954.99
718 121060.13
719 121023.89
720 121036.05
721 121037.01
722 121052.98
723 121062.04
724 121098.04
725 121059.89
726 121074.20
727 121032.95
728 121044.87
729 121064.19
730 121055.13
731 121004.10
732 121062.04
733 121042.97
734 121041.06
735 121051.79
736 121066.09
737 121081.11
738 121025.09
739 120974.06
740 121046.07
741 121062.99
742 121054.89
743 121056.08
744 121056.08
745 121066.09
746 121057.03
747 121068.95
748 121045.83
749 121047.97
750 121063.95
751 121065.86
752 121065.14
753 121064.19
754 121078.01
755 121061.80
756 121047.97
757 121026.04
758 121059.89
759 121057.99
760 121062.99
761 121053.93
762 121070.86
763 121050.12
764 121039.15
765 121059.18
766 121068.00
767 121081.11
768 121065.86
769 121070.15
770 121045.11
771 121018.17
772 121051.07
773 121052.98
774 121053.93
775 121075.15
776 121041.77
777 121024.85
778 121052.98
779 121057.99
780 121068.95
781 121064.90
782 121057.03
783 121062.04
784 121076.82
785 121052.03
786 121038.91
787 121053.93
788 121065.14
789 121068.95
790 121025.09
791 120984.08
792 121093.99
793 121051.07
794 121058.94
795 121053.93
796 121063.95
797 121086.12
798 121049.17
799 121026.99
