800
0 121308.09
1 121160.03
2 121047.97
3 121016.98
4 120958.09
5 121142.86
6 121148.82
7 121079.92
8 121090.17
9 121149.06
10 121138.81
11 121152.88
12 121202.95
13 121133.09
14 121098.04
15 121145.96
16 121124.03
17 121139.05
18 121124.03
19 121147.87
20 121137.14
21 121115.92
22 121112.82
23 121150.02
24 121124.03
25 121119.98
26 121130.94
27 121133.80
28 121109.96
29 121145.96
30 121160.98
31 121153.12
32 121094.94
33 121057.03
34 121146.92
35 121135.00
36 121062.99
37 121103.05
38 121131.90
39 121127.13
40 121078.97
41 121137.14
42 121116.88
43 121074.91
44 121037.96
45 121088.03
46 121127.84
47 121094.94
48 121124.03
49 121120.93
50 121138.10
51 121135.00
52 121168.85
53 121083.02
54 121093.99
55 121127.13
56 121123.08
57 121144.06
58 121119.02
59 121119.02
60 121135.00
61 121129.99
62 121108.77
63 121151.92
64 121122.84
65 121138.10
66 121133.09
67 121135.00
68 121143.10
69 121140.00
70 121122.12
71 121082.07
72 121135.00
73 121071.10
74 121112.11
75 121160.98
76 121115.92
77 121094.94
78 121132.14
79 121133.09
80 121135.95
81 121129.04
82 121140.00
83 121117.12
84 121061.80
85 121091.84
86 121135.23
87 121088.98
88 121109.96
89 121138.10
90 121145.01
91 121109.01
92 121157.17
93 121125.94
94 121097.09
95 121037.01
96 120959.04
97 121083.97
98 121166.23
99 121172.90
100 121059.89
101 121076.82
102 121125.94
103 121124.98
104 121764.90
105 120823.86
106 122786.05
107 121655.94
108 121751.07
109 122416.02
110 123286.01
111 120924.00
112 124912.02
113 123203.04
114 122724.06
115 123276.00
116 122977.02
117 123003.01
118 124347.93
119 123644.11
120 122567.89
121 122386.93
122 123209.95
123 124593.02
124 122162.10
125 123052.84
126 122098.92
127 125124.93
128 122601.03
129 122563.12
130 125034.09
131 123272.90
132 122455.12
133 123933.08
134 123008.97
135 124160.05
136 124109.03
137 123218.06
138 123985.05
139 123939.99
140 122982.03
141 124033.21
142 123384.95
143 123726.84
144 125200.99
145 122692.11
146 122758.87
147 123384.00
148 124163.87
149 123847.01
150 122272.01
151 123162.98
152 122682.09
153 123157.02
154 122462.99
155 123026.13
156 122503.04
157 124572.99
158 123564.00
159 123601.91
160 122394.08
161 122618.91
162 123498.92
163 123548.98
164 123394.97
165 122100.11
166 123609.07
167 123633.86
168 123202.09
169 122470.86
170 122991.09
171 122293.95
172 123245.00
173 123027.09
174 123847.96
175 122996.09
176 123643.88
177 123355.87
178 123368.98
179 123295.07
180 122488.02
181 122209.07
182 123116.02
183 122274.16
184 123755.93
185 123621.94
186 122293.00
187 122291.09
188 123038.05
189 122231.96
190 122200.97
191 123868.94
192 124736.07
193 124665.02
194 122164.96
195 123757.84
196 122825.86
197 122586.01
198 123281.00
199 122431.99
200 122296.09
201 122166.87
202 122401.00
203 122111.08
204 122155.90
205 123064.99
206 122201.92
207 123020.17
208 123786.93
209 123827.93
210 122169.02
211 123988.87
212 122787.00
213 123465.06
214 123318.91
215 123198.99
216 123188.02
217 122133.97
218 122186.90
219 123793.84
220 123066.90
221 123428.11
222 124984.03
223 122625.11
224 124186.99
225 123154.16
226 122348.79
227 123591.90
228 122044.09
229 122751.00
230 124125.96
231 123540.16
232 123217.11
233 122583.15
234 123054.98
235 123725.89
236 123010.16
237 122777.94
238 123178.01
239 124230.15
240 123273.85
241 123364.93
242 122450.11
243 122426.99
244 123097.90
245 125005.96
246 124110.94
247 123205.90
248 122390.03
249 122843.03
250 121938.94
251 123301.03
252 122665.17
253 123474.12
254 123416.19
255 122378.11
256 122873.07
257 123696.09
258 124455.21
259 124122.14
260 123343.94
261 123475.79
262 122504.00
263 123989.11
264 123053.07
265 122244.83
266 122874.98
267 122172.12
268 123756.89
269 123881.82
270 123577.83
271 122646.09
272 122613.19
273 122700.93
274 122735.98
275 122576.95
276 122366.91
277 122943.16
278 123817.92
279 122444.15
280 122943.88
281 122756.00
282 122204.07
283 123553.04
284 124175.79
285 123032.09
286 123823.17
287 122745.99
288 124400.14
289 123624.09
290 123579.98
291 123642.92
292 122092.96
293 122843.03
294 122491.12
295 122502.80
296 123259.07
297 122095.82
298 123818.16
299 123382.09
300 122521.16
301 122544.05
302 123107.91
303 122341.16
304 124003.89
305 123638.87
306 123483.18
307 122908.12
308 123486.04
309 123490.81
310 122395.04
311 122056.96
312 122469.90
313 123503.92
314 124088.05
315 123969.08
316 123404.03
317 122652.05
318 122435.09
319 124814.03
320 122273.92
321 122102.98
322 122812.99
323 122924.09
324 123415.95
325 123884.92
326 121911.05
327 122725.01
328 123722.08
329 122629.88
330 123342.99
331 124414.92
332 122340.20
333 124624.01
334 123050.93
335 123479.13
336 122612.95
337 121793.99
338 121778.01
339 122545.96
340 123250.01
341 122354.03
342 123427.15
343 121778.01
344 121535.06
345 121455.19
346 121682.88
347 121230.84
348 123903.99
349 121803.05
350 121704.82
351 120908.98
352 122488.02
353 122336.15
354 122870.92
355 121119.98
356 120888.95
357 121778.96
358 121032.95
359 120890.86
360 121064.90
361 121280.19
362 121068.95
363 120990.04
364 121272.09
365 120930.91
366 121221.07
367 120954.99
368 120888.95
369 121135.95
370 121045.11
371 121155.98
372 121094.94
373 121047.02
374 121031.05
375 120965.96
376 121317.15
377 121092.08
378 121240.14
379 121037.96
380 120986.94
381 120924.00
382 121159.08
383 120969.06
384 120986.94
385 120866.06
386 120815.99
387 121149.06
388 121321.92
389 121306.90
390 121229.89
391 121042.01
392 121104.96
393 121101.86
394 120801.93
395 120978.83
396 121022.94
397 120961.90
398 121096.85
399 120989.80
400 121001.01
401 121175.05
402 121240.14
403 120993.85
404 120930.91
405 121238.95
406 121007.92
407 121114.97
408 120793.10
409 120889.90
410 120914.22
411 120763.06
412 120894.91
413 121227.03
414 121213.91
415 121002.91
416 121320.01
417 120918.04
418 121154.07
419 120883.94
420 121007.92
421 120989.08
422 120974.06
423 121148.11
424 121263.03
425 121017.93
426 121214.87
427 120939.02
428 121003.15
429 120837.21
430 121034.86
431 121293.07
432 121118.07
433 121212.01
434 121157.17
435 120971.92
436 120842.93
437 121165.04
438 120753.05
439 120872.97
440 121185.78
441 120774.98
442 120803.12
443 121011.02
444 121000.05
445 121171.95
446 120809.08
447 120956.90
448 121095.90
449 121080.88
450 121191.02
451 121171.95
452 121116.16
453 121047.97
454 121059.89
455 120994.81
456 120943.07
457 120987.89
458 120846.99
459 121261.84
460 121217.01
461 120955.94
462 121129.99
463 121134.04
464 121096.13
465 120872.02
466 121228.93
467 121214.87
468 121161.94
469 121057.03
470 121264.93
471 121104.96
472 120929.96
473 121014.83
474 120969.06
475 120818.85
476 120914.94
477 120760.92
478 121178.87
479 120857.00
480 121030.09
481 120996.00
482 121112.82
483 120896.10
484 120797.16
485 121166.94
486 121088.03
487 121031.05
488 121119.98
489 121048.93
490 120982.17
491 120986.22
492 121371.98
493 120887.04
494 120887.04
495 120862.01
496 121583.94
497 121119.02
498 121042.97
499 121221.07
500 121142.15
501 120942.12
502 120901.11
503 121237.99
504 121028.18
505 120876.07
506 120846.99
507 120742.08
508 120980.02
509 121151.92
510 120885.13
511 121057.03
512 120818.14
513 120806.93
514 120779.04
515 121083.02
516 121092.80
517 121094.94
518 121001.01
519 120989.08
520 121040.11
521 120803.12
522 121140.96
523 121042.97
524 121059.89
525 120732.78
526 121010.07
527 120876.07
528 121205.09
529 120905.16
530 120821.00
531 120888.95
532 120899.92
533 121232.99
534 121053.93
535 121038.91
536 120985.98
537 121053.93
538 120948.08
539 120821.00
540 120863.91
541 121172.90
542 121207.95
543 120950.94
544 120948.08
545 121237.99
546 120965.96
547 120622.87
548 121069.19
549 120948.08
550 120770.93
551 120767.12
552 121086.12
553 120962.86
554 121071.10
555 120984.08
556 121057.03
557 121226.79
558 120912.08
559 121182.92
560 120986.94
561 120781.90
562 120597.84
563 120950.22
564 120731.12
565 120825.05
566 120922.09
567 120771.88
568 120821.00
569 120829.11
570 121073.01
571 121078.01
572 121012.93
573 120857.00
574 120888.95
575 121002.91
576 120919.94
577 121299.98
578 120866.06
579 120918.99
580 120866.06
581 120989.08
582 120734.93
583 120788.10
584 120966.91
585 121026.04
586 120860.82
587 120880.84
588 120875.12
589 120720.15
590 121036.05
591 121237.99
592 120972.16
593 121300.94
594 120934.01
595 121121.17
596 121093.99
597 120826.01
598 120862.01
599 121206.05
600 121066.81
601 120826.01
602 121008.16
603 120841.03
604 120863.91
605 121033.19
606 120731.12
607 121115.92
608 120948.79
609 121050.12
610 121050.12
611 120884.90
612 120876.07
613 120914.22
614 120978.12
615 120802.16
616 120764.02
617 121099.00
618 121197.94
619 120954.04
620 120927.10
621 120912.08
622 121081.11
623 120878.93
624 120921.85
625 120858.19
626 121130.94
627 120871.07
628 120835.78
629 121032.00
630 121198.89
631 121137.14
632 120867.97
633 120923.04
634 120956.90
635 120957.85
636 120929.96
637 120940.21
638 120953.08
639 120949.98
640 120960.00
641 120959.04
642 120937.82
643 120948.08
644 120938.06
645 120948.08
646 120962.86
647 120921.85
648 120949.98
649 120926.14
650 120934.96
651 120965.00
652 120908.98
653 120971.20
654 120950.94
655 120956.90
656 120951.89
657 120961.90
658 120941.88
659 120956.90
660 120967.86
661 120957.14
662 120960.00
663 120969.06
664 120946.17
665 120947.84
666 120969.06
667 120953.08
668 120959.04
669 120962.86
670 120892.05
671 120941.88
672 120964.05
673 120955.94
674 120972.16
675 120959.04
676 120967.86
677 120942.83
678 120953.08
679 120963.10
680 120958.09
681 120934.96
682 120956.90
683 120960.95
684 120961.90
685 120960.00
686 120896.10
687 120934.96
688 120930.19
689 120951.18
690 120888.95
691 120980.02
692 120944.02
693 120969.06
694 120959.04
695 120935.92
696 120942.83
697 120955.94
698 120954.99
699 120970.01
700 120893.96
701 120949.03
702 120951.18
703 120969.06
704 120960.00
705 120972.87
706 120961.19
707 120944.02
708 120944.02
709 120946.17
710 120923.04
711 120963.10
712 120924.95
713 120944.02
714 120944.02
715 120957.14
716 120970.01
717 120959.04
718 120976.92
719 120943.07
720 120933.06
721 120941.16
722 121028.90
723 120980.98
724 120945.22
725 120962.86
726 120865.11
727 120939.97
728 120953.08
729 120967.15
730 120886.09
731 120946.88
732 120962.86
733 120956.90
734 120973.11
735 120957.14
736 120944.02
737 120957.85
738 120953.08
739 120969.06
740 120950.94
741 120952.84
742 120908.02
743 120965.96
744 120977.88
745 120936.16
746 120963.10
747 120957.14
748 120958.09
749 120952.84
750 120964.05
751 120966.20
752 120929.00
753 120927.10
754 120949.98
755 120960.95
756 120951.18
757 120973.11
758 120971.92
759 120962.86
760 120907.07
761 120962.14
762 120944.02
763 120960.95
764 120959.04
765 120961.90
766 120960.00
767 120880.84
768 120945.93
769 120938.78
770 120865.11
771 120964.05
772 120929.96
773 120960.95
774 120967.15
775 120980.02
776 120952.84
777 120951.89
778 120890.86
779 120970.01
780 120954.04
781 120950.94
782 120946.88
783 120954.04
784 120965.00
785 120961.19
786 120960.24
787 120982.17
788 120960.00
789 120949.03
790 120877.03
791 120952.13
792 120939.02
793 120911.84
794 120915.17
795 120939.02
796 120946.88
797 120949.98
798 120959.04
799 120961.90
