800
0 121233.94
1 121132.85
2 121109.01
3 121090.17
4 121037.96
5 121106.15
6 121119.02
7 121111.15
8 121121.88
9 121114.97
10 121112.82
11 121117.83
12 121118.07
13 121114.97
14 121124.03
15 121116.16
16 121118.07
17 121037.96
18 121112.11
19 121102.09
20 121119.02
21 121104.96
22 121119.98
23 121085.17
24 121126.89
25 121137.86
26 121124.03
27 121083.02
28 121089.94
29 121104.96
30 121115.21
31 121109.96
32 121119.02
33 121107.82
34 121123.08
35 121111.87
36 121104.96
37 121119.98
38 121109.96
39 121091.84
40 121109.01
41 121108.06
42 121111.15
43 121016.03
44 121111.87
45 121112.11
46 121118.07
47 121103.05
48 121113.06
49 121109.96
50 121054.89
51 121119.98
52 121122.12
53 121122.12
54 121129.04
55 121089.94
56 121030.09
57 121045.11
58 121098.04
59 121133.09
60 121099.95
61 121115.92
62 121104.96
63 121075.87
64 121104.00
65 121143.10
66 121040.11
67 121078.01
68 121142.15
69 121084.93
70 121021.03
71 121119.02
72 121102.09
73 121057.99
74 121114.02
75 121078.01
76 121117.12
77 121124.03
78 121115.92
79 121118.07
80 121111.15
81 121113.06
82 121116.16
83 121116.88
84 121114.97
85 121119.98
86 121113.06
87 121123.08
88 121120.93
89 121117.12
90 121112.82
91 121118.07
92 121115.21
93 121087.07
94 121111.87
95 121106.15
96 121019.12
97 120954.04
98 121084.93
99 121077.78
100 120990.99
101 121120.93
102 121002.91
103 121073.01
104 120858.91
105 120988.85
106 121837.14
107 121201.04
108 121406.08
109 121950.86
110 121886.01
111 123466.97
112 121625.90
113 123997.93
114 122617.96
115 124766.83
116 124488.12
117 123257.88
118 123318.20
119 122287.99
120 124629.02
121 124461.17
122 122946.02
123 123369.93
124 123353.00
125 123720.88
126 124886.99
127 123521.09
128 123337.03
129 122965.81
130 122597.93
131 124038.93
132 123690.84
133 124222.99
134 123420.00
135 123279.09
136 123126.98
137 123841.05
138 123103.86
139 123623.13
140 123909.00
141 124276.88
142 123284.82
143 124826.91
144 123162.03
145 123366.12
146 123975.99
147 122930.05
148 124679.09
149 122053.15
150 123559.95
151 123528.96
152 123329.88
153 124715.09
154 123002.05
155 124532.94
156 122100.83
157 122172.12
158 124207.02
159 123322.96
160 124964.95
161 123054.98
162 124756.10
163 123820.07
164 123219.01
165 123970.99
166 126229.05
167 122836.83
168 122793.91
169 123557.09
170 123595.95
171 123467.92
172 123581.89
173 123376.85
174 123901.84
175 123892.07
176 123457.91
177 123204.95
178 122265.10
179 123276.95
180 123337.98
181 123541.12
182 124060.15
183 123167.04
184 123791.93
185 124489.78
186 123780.97
187 124593.02
188 125176.91
189 123387.10
190 124615.19
191 124315.98
192 125967.98
193 123467.92
194 122639.18
195 123360.16
196 122394.08
197 124614.95
198 122241.97
199 123173.00
200 123131.04
201 122974.87
202 123049.97
203 123587.13
204 122817.99
205 123378.99
206 123395.92
207 123219.97
208 124922.99
209 122499.94
210 123003.01
211 122989.89
212 125359.06
213 123022.08
214 123846.05
215 124597.79
216 123723.03
217 122744.08
218 124965.19
219 122562.89
220 123604.06
221 123467.92
222 125217.91
223 125128.03
224 123362.06
225 122641.09
226 122517.82
227 123131.04
228 123232.13
229 124176.98
230 123291.97
231 123948.81
232 123275.04
233 123987.91
234 123046.16
235 124662.16
236 123887.06
237 123513.94
238 124304.06
239 124331.00
240 123295.07
241 123350.14
242 124882.94
243 125664.95
244 124783.04
245 123066.19
246 124749.90
247 123999.12
248 123147.96
249 122584.10
250 124104.02
251 124757.05
252 124761.10
253 125401.97
254 123808.86
255 123867.99
256 123533.96
257 123321.06
258 124785.90
259 125570.06
260 124619.01
261 124542.95
262 123516.08
263 123044.01
264 124008.89
265 124733.92
266 125380.99
267 122355.94
268 123903.99
269 123043.06
270 122790.10
271 122799.87
272 123559.00
273 125634.91
274 124046.09
275 124778.99
276 124832.87
277 124345.06
278 125149.97
279 122707.13
280 124431.13
281 122395.04
282 124850.99
283 123951.20
284 124664.07
285 124474.05
286 123024.94
287 122970.82
288 122782.95
289 123948.10
290 123777.15
291 123000.14
292 121958.02
293 121870.99
294 121095.18
295 122478.01
296 121515.99
297 121695.04
298 122323.99
299 122956.99
300 122860.91
301 121834.99
302 120911.84
303 122467.99
304 121603.97
305 124130.96
306 123131.04
307 122345.92
308 123215.91
309 122048.14
310 122720.00
311 122676.13
312 124242.07
313 121623.04
314 124076.84
315 122236.01
316 122360.94
317 121250.87
318 121427.06
319 123706.10
320 122838.97
321 123263.12
322 123113.87
323 122402.91
324 123826.98
325 121404.89
326 122179.03
327 121270.18
328 122796.06
329 121321.20
330 123179.91
331 121469.97
332 121381.04
333 123080.97
334 122212.89
335 124080.90
336 122181.89
337 122049.09
338 122909.07
339 123658.18
340 121984.00
341 121166.94
342 122540.95
343 121665.00
344 122834.92
345 121927.02
346 120760.92
347 121977.09
348 121231.08
349 122861.15
350 121902.23
351 120831.97
352 123164.89
353 122316.84
354 121577.02
355 121036.05
356 120875.84
357 122311.12
358 121394.16
359 120772.12
360 120999.81
361 120975.97
362 120937.11
363 120903.02
364 121008.87
365 121096.13
366 120880.84
367 120984.08
368 120814.09
369 120967.15
370 121119.98
371 121158.12
372 121067.05
373 120881.08
374 120846.03
375 120717.05
376 120944.98
377 121317.15
378 120753.05
379 121075.87
380 121241.81
381 120800.97
382 120854.14
383 121119.98
384 120949.98
385 121114.97
386 120628.12
387 121207.00
388 120753.05
389 120953.08
390 120792.87
391 121053.93
392 120893.96
393 121160.03
394 121057.03
395 121193.89
396 120907.07
397 120963.81
398 120855.09
399 121376.99
400 120973.11
401 120813.13
402 120953.08
403 120859.86
404 121073.96
405 121315.96
406 120887.04
407 120898.96
408 120978.12
409 121093.99
410 120969.06
411 121004.10
412 121059.89
413 121001.01
414 121053.93
415 120926.14
416 121127.84
417 120954.04
418 120866.06
419 120666.98
420 120858.91
421 120873.93
422 120777.13
423 120948.08
424 121156.93
425 120872.02
426 120754.00
427 121197.94
428 121042.01
429 121251.11
430 120994.81
431 120770.93
432 121129.99
433 120969.06
434 121214.15
435 121069.91
436 121207.95
437 121030.09
438 121125.22
439 120790.00
440 120893.00
441 120762.11
442 120841.98
443 120847.94
444 121099.00
445 120789.05
446 120941.16
447 120841.98
448 121022.94
449 120813.13
450 120726.11
451 120776.89
452 121047.97
453 120949.98
454 121092.08
455 120805.03
456 120955.94
457 121253.01
458 120900.87
459 120712.04
460 120743.04
461 121195.08
462 120953.08
463 121036.05
464 120867.97
465 121127.84
466 121099.95
467 121025.09
468 120977.16
469 120842.93
470 121052.03
471 120849.85
472 121161.22
473 120849.85
474 120930.91
475 121234.89
476 120858.19
477 120917.08
478 121268.03
479 121268.99
480 121076.11
481 120992.90
482 120939.02
483 121099.95
484 120947.12
485 120870.11
486 121340.99
487 120900.87
488 121279.95
489 120948.08
490 121124.98
491 120749.95
492 121073.01
493 120950.94
494 121030.09
495 120992.90
496 120774.98
497 121139.05
498 120949.03
499 120723.01
500 120772.84
501 120955.94
502 120906.11
503 120913.98
504 121295.93
505 121238.95
506 120857.95
507 121096.85
508 120836.02
509 121233.94
510 120979.79
511 121117.12
512 120856.05
513 121202.95
514 121021.99
515 120723.96
516 120710.85
517 121306.18
518 120883.94
519 121194.12
520 120872.97
521 120994.81
522 121032.95
523 120873.21
524 121036.05
525 120919.94
526 120999.10
527 120980.02
528 120880.13
529 121057.03
530 120982.17
531 120818.85
532 120884.90
533 121114.97
534 121003.15
535 120869.87
536 120775.94
537 121117.12
538 120846.99
539 120948.08
540 120882.03
541 120960.95
542 121071.10
543 120959.04
544 121153.12
545 121158.84
546 120810.99
547 120824.10
548 121170.04
549 120932.10
550 121073.96
551 120926.14
552 121060.85
553 120924.00
554 121037.01
555 120974.06
556 120846.99
557 121003.15
558 121309.04
559 121102.09
560 121085.17
561 120963.81
562 120861.05
563 120989.08
564 120924.00
565 121134.04
566 121167.18
567 121243.95
568 120871.07
569 120990.04
570 120816.95
571 121227.03
572 120774.98
573 121165.04
574 120769.98
575 120990.04
576 120981.93
577 120716.09
578 120932.82
579 121122.12
580 120926.14
581 121385.81
582 120794.06
583 121048.21
584 120892.05
585 120787.14
586 121171.00
587 121317.86
588 121051.07
589 121183.16
590 120850.09
591 120996.95
592 120944.98
593 121207.00
594 120830.06
595 120754.96
596 121073.01
597 120973.83
598 121297.84
599 121131.18
600 120997.19
601 121330.98
602 121059.89
603 121256.83
604 120915.89
605 121122.12
606 120968.10
607 120966.20
608 120971.92
609 120830.06
610 120988.85
611 121077.06
612 121094.94
613 121167.90
614 120995.04
615 120858.91
616 121227.98
617 121047.97
618 121150.97
619 120996.95
620 120856.05
621 121088.98
622 121365.07
623 120965.96
624 120998.14
625 120904.92
626 120646.00
627 121156.93
628 121268.03
629 120981.93
630 121048.21
631 121165.99
632 120957.85
633 121038.91
634 121049.17
635 121062.99
636 121040.11
637 121057.03
638 121036.05
639 121037.96
640 121046.78
641 121043.92
642 121071.10
643 121055.84
644 121062.04
645 121062.99
646 121064.90
647 121045.11
648 121067.05
649 121065.86
650 121062.99
651 121048.93
652 121062.99
653 121052.03
654 121024.13
655 121063.95
656 121070.86
657 121042.01
658 121037.01
659 121067.05
660 121069.91
661 121059.89
662 121062.04
663 121068.00
664 121032.00
665 121040.82
666 121061.09
667 121063.95
668 121061.09
669 121060.85
670 121058.94
671 121057.03
672 121050.83
673 121062.99
674 121083.02
675 121059.89
676 120984.08
677 121030.09
678 121027.95
679 121065.14
680 121064.19
681 121067.05
682 121054.89
683 121047.97
684 121057.99
685 121066.09
686 121069.91
687 121062.04
688 121057.03
689 121060.85
690 121075.15
691 121063.95
692 121057.03
693 121054.89
694 121052.98
695 121057.99
696 120983.12
697 121047.02
698 120990.04
699 121046.07
700 121038.91
701 121052.98
702 121042.97
703 121065.86
704 121045.11
705 121045.11
706 121052.03
707 121065.14
708 121050.83
709 121047.02
710 121032.95
711 121067.05
712 121046.07
713 121045.11
714 121048.93
715 121068.00
716 121047.02
717 121043.92
718 121016.03
719 121040.82
720 121067.05
721 121067.05
722 121070.15
723 121064.90
724 121038.91
725 121068.95
726 121062.04
727 121059.89
728 121062.99
729 121041.06
730 121062.04
731 121068.95
732 121069.91
733 121058.94
734 121058.94
735 121062.99
736 121068.95
737 121067.05
738 120992.90
739 121052.98
740 121062.04
741 121068.95
742 121071.10
743 121062.99
744 121061.09
745 121123.08
746 121076.11
747 121067.05
748 121063.95
749 121062.04
750 121059.89
751 121071.82
752 121060.13
753 121060.85
754 121062.04
755 121070.15
756 120985.03
757 121050.83
758 121058.94
759 121052.98
760 121041.06
761 121049.17
762 121062.04
763 121021.03
764 121042.01
765 121041.06
766 121069.91
767 121063.95
768 121039.15
769 121051.07
770 121042.01
771 121060.13
772 121045.11
773 121042.01
774 121071.10
775 121068.95
776 121058.94
777 121055.13
778 121042.97
779 121026.99
780 121047.97
781 121027.95
782 121067.05
783 121057.99
784 121051.07
785 121037.01
786 121058.94
787 121068.95
788 121046.07
789 121057.99
790 121077.06
791 121065.14
792 121068.00
793 121059.89
794 121073.01
795 121065.14
796 121067.05
797 121062.04
798 121021.03
799 121069.91
