800
0 121291.88
1 121140.96
2 121155.98
3 121113.06
4 121091.84
5 121124.98
6 121104.00
7 121026.99
8 121124.98
9 121149.06
10 121125.94
11 121211.05
12 121128.80
13 121032.00
14 121008.87
15 121117.83
16 121130.94
17 121125.94
18 121114.97
19 121132.85
20 121122.84
21 121054.17
22 121124.03
23 121127.84
24 121129.99
25 121135.95
26 121129.04
27 121131.18
28 121139.05
29 121136.90
30 121129.99
31 121135.95
32 121129.99
33 121143.10
34 121022.94
35 121109.96
36 121129.04
37 121115.92
38 121111.87
39 121117.83
40 121162.89
41 121139.05
42 121089.94
43 121141.20
44 121129.04
45 121133.09
46 121133.09
47 121130.94
48 121160.98
49 121131.90
50 121133.80
51 121139.05
52 121085.88
53 121128.08
54 121098.04
55 121127.84
56 121114.97
57 121135.00
58 121122.12
59 121137.14
60 121119.98
61 121078.97
62 121119.02
63 121143.10
64 121052.03
65 121145.01
66 121130.94
67 121114.97
68 121141.91
69 121120.93
70 121145.01
71 121131.90
72 121150.02
73 121143.10
74 121093.03
75 121133.09
76 121141.91
77 121129.04
78 121107.10
79 121138.10
80 121121.17
81 121110.92
82 121129.04
83 121110.92
84 121132.14
85 121156.93
86 121141.91
87 121141.91
88 121074.20
89 121135.95
90 121147.16
91 121136.90
92 121113.06
93 121140.00
94 121102.09
95 121145.01
96 121006.97
97 121037.01
98 121052.03
99 120930.91
100 121056.80
101 121038.91
102 121099.00
103 121082.07
104 120960.00
105 121145.96
106 121129.04
107 121137.14
108 121060.85
109 121178.87
110 121197.94
111 121118.07
112 121167.18
113 121072.05
114 121621.85
115 121146.92
116 121351.96
117 121172.90
118 121131.90
119 121099.00
120 121145.96
121 121001.01
122 121171.95
123 121221.07
124 121104.96
125 121054.89
126 121680.02
127 121337.89
128 121429.92
129 121118.07
130 121136.90
131 121376.04
132 121136.19
133 121020.79
134 121194.12
135 121143.10
136 120875.84
137 121114.02
138 121804.00
139 121028.90
140 121132.85
141 120929.96
142 121150.02
143 120965.96
144 121108.06
145 121744.16
146 121160.98
147 121833.09
148 120893.00
149 121170.04
150 121385.10
151 121035.10
152 121092.80
153 121129.99
154 121075.87
155 121093.03
156 121108.06
157 121351.00
158 121240.14
159 121078.01
160 121582.03
161 121476.89
162 120962.86
163 121175.05
164 121099.00
165 121347.19
166 121237.99
167 121082.07
168 121030.09
169 121097.09
170 120975.02
171 121062.99
172 121037.96
173 121231.08
174 121140.00
175 121098.04
176 120882.99
177 121435.17
178 121154.07
179 121011.02
180 121071.10
181 121041.06
182 121898.89
183 122045.04
184 121138.10
185 121332.88
186 121302.84
187 121634.96
188 121021.03
189 121459.01
190 121414.18
191 121186.02
192 121016.03
193 121211.05
194 121423.01
195 121336.94
196 121212.01
197 121495.01
198 121001.01
199 121284.96
200 121231.08
201 121089.94
202 121814.97
203 121767.04
204 121155.02
205 121935.13
206 120979.07
207 121025.09
208 121988.06
209 121005.06
210 121093.99
211 121641.16
212 120990.99
213 121314.05
214 121561.05
215 121510.98
216 120810.99
217 120970.96
218 122177.12
219 121424.91
220 121983.05
221 121099.95
222 120960.00
223 121590.14
224 121566.06
225 121116.88
226 122059.11
227 121098.04
228 122022.87
229 121258.02
230 121052.98
231 121634.96
232 120927.10
233 121369.12
234 121209.86
235 121217.97
236 122208.12
237 121771.10
238 121076.11
239 121362.92
240 121407.03
241 121125.94
242 121452.81
243 120831.97
244 121793.99
245 121639.01
246 121510.98
247 121185.06
248 121277.09
249 121087.07
250 121307.13
251 121937.04
252 121042.97
253 121836.90
254 121020.08
255 121176.96
256 121466.16
257 121843.10
258 120957.14
259 120970.96
260 121683.84
261 121283.05
262 121649.98
263 120913.03
264 120903.02
265 120971.20
266 121698.86
267 121083.02
268 121479.03
269 121085.88
270 121587.99
271 121857.88
272 121320.01
273 122415.07
274 121127.84
275 121825.93
276 121193.17
277 121273.99
278 121131.18
279 121937.99
280 121122.84
281 122077.94
282 121246.10
283 121140.00
284 121212.96
285 121582.03
286 121834.99
287 121067.05
288 121684.07
289 121343.85
290 121702.91
291 121988.06
292 121024.13
293 120944.98
294 121848.82
295 121092.08
296 120970.96
297 121792.08
298 121740.10
299 121715.07
300 121597.05
301 121649.03
302 121587.99
303 121273.99
304 121727.94
305 121487.14
306 121217.01
307 121341.94
308 122344.02
309 122087.96
310 121787.07
311 121706.01
312 121526.96
313 121443.03
314 121386.05
315 121678.11
316 121647.12
317 121351.00
318 121291.88
319 120964.05
320 121011.02
321 121496.92
322 120863.91
323 122319.94
324 121554.14
325 121271.85
326 121233.22
327 121318.82
328 121763.94
329 121218.92
330 121016.03
331 121073.96
332 120831.97
333 121608.02
334 120914.94
335 120904.92
336 121935.84
337 121503.11
338 121439.93
339 121418.95
340 120840.07
341 120968.10
342 121021.99
343 121555.09
344 122166.16
345 120925.90
346 121290.92
347 121985.20
348 121953.96
349 120985.03
350 121773.00
351 120958.09
352 121713.88
353 121106.15
354 121635.91
355 121479.03
356 121513.13
357 121550.80
358 121393.92
359 120852.95
360 121035.10
361 120968.82
362 121048.93
363 121059.18
364 121078.97
365 120881.08
366 121118.07
367 120928.05
368 121075.15
369 121050.12
370 121488.09
371 120983.84
372 120984.08
373 121116.88
374 120918.99
375 120927.10
376 120896.10
377 121388.91
378 121075.87
379 120880.13
380 121607.07
381 120939.97
382 120933.06
383 121053.93
384 120976.92
385 120867.97
386 121079.92
387 121058.94
388 120898.96
389 120980.02
390 120934.96
391 120987.89
392 121001.01
393 121359.83
394 120881.08
395 120984.79
396 121304.99
397 121003.15
398 121263.03
399 121447.09
400 121019.12
401 121088.03
402 120964.05
403 121078.01
404 121343.14
405 120975.02
406 121180.06
407 121037.96
408 121201.04
409 120914.94
410 120916.84
411 120955.94
412 120876.07
413 120832.92
414 120990.04
415 121125.94
416 121025.80
417 121083.97
418 121011.02
419 121053.93
420 120987.18
421 121095.18
422 121010.07
423 121681.93
424 121114.02
425 120938.06
426 121218.92
427 121412.99
428 121348.14
429 120968.82
430 121047.02
431 120865.11
432 121103.05
433 120906.83
434 120987.18
435 121206.05
436 121032.95
437 121081.11
438 120843.89
439 121073.01
440 121123.79
441 120842.93
442 120845.08
443 121095.90
444 121116.88
445 120898.01
446 120996.95
447 121037.01
448 121047.02
449 120892.05
450 121258.02
451 120965.96
452 121038.91
453 120889.90
454 121162.89
455 121253.97
456 121015.07
457 121494.05
458 121181.01
459 120815.99
460 121130.23
461 120977.88
462 121557.95
463 120954.99
464 120889.19
465 121099.95
466 121210.10
467 121057.03
468 120950.94
469 121514.08
470 121196.03
471 120852.23
472 121064.90
473 121304.04
474 121243.00
475 121346.00
476 121298.07
477 121136.90
478 121029.85
479 120985.03
480 120836.02
481 121016.03
482 121257.07
483 121555.09
484 121206.05
485 120818.85
486 121328.12
487 121148.82
488 121603.01
489 121004.10
490 121368.17
491 121410.13
492 121150.02
493 120985.03
494 121113.06
495 120797.87
496 121000.05
497 121686.94
498 121238.23
499 121182.92
500 121357.92
501 120838.17
502 121501.92
503 121743.92
504 121027.95
505 121185.06
506 121407.99
507 121022.94
508 121670.01
509 121391.06
510 121434.93
511 121337.18
512 121832.13
513 121057.99
514 121097.09
515 121527.91
516 121412.99
517 121070.15
518 121143.82
519 121248.01
520 121335.98
521 121012.93
522 121353.86
523 121464.01
524 121144.06
525 121577.02
526 121326.92
527 120755.91
528 121407.03
529 121183.16
530 121567.01
531 120929.00
532 121135.00
533 121166.94
534 120906.83
535 121026.04
536 120979.07
537 121091.13
538 121384.14
539 121339.08
540 121021.99
541 121196.99
542 121172.19
543 121387.00
544 121190.07
545 121433.97
546 121726.99
547 121280.19
548 120916.84
549 121165.04
550 121900.08
551 120935.92
552 121106.15
553 120804.07
554 121317.15
555 121221.07
556 120930.91
557 120755.20
558 121201.99
559 121364.12
560 121186.02
561 121631.15
562 121218.20
563 121315.00
564 121369.12
565 121271.13
566 121111.15
567 121447.09
568 120882.03
569 121162.89
570 121299.98
571 121495.96
572 120835.07
573 121382.00
574 121326.92
575 121376.99
576 121284.96
577 120993.14
578 120915.17
579 121454.00
580 121268.99
581 121615.89
582 121438.98
583 121271.85
584 121191.02
585 120762.11
586 120728.02
587 121490.00
588 121583.94
589 121283.05
590 121366.98
591 121390.82
592 120874.88
593 121665.00
594 121382.00
595 121157.17
596 120841.98
597 121118.07
598 120905.88
599 121055.13
600 121496.20
601 121572.02
602 120744.23
603 121059.89
604 121221.07
605 121444.94
606 121243.00
607 121083.02
608 121458.05
609 121347.90
610 121060.85
611 121340.04
612 121751.07
613 121479.03
614 121597.05
615 121339.08
616 121492.86
617 122020.96
618 121240.85
619 121568.92
620 121330.02
621 120857.00
622 121181.01
623 121885.06
624 121200.08
625 121418.95
626 121011.02
627 121568.92
628 121208.19
629 121395.11
630 121284.01
631 121353.86
632 121634.96
633 121245.15
634 121549.13
635 121340.99
636 121044.87
637 121434.93
638 121333.12
639 121855.97
640 121237.99
641 121562.00
642 121737.96
643 120878.22
644 121505.98
645 121488.09
646 122009.99
647 121019.12
648 121721.03
649 121294.02
650 121062.99
651 121518.14
652 121603.97
653 121493.10
654 121256.83
655 121834.99
656 121517.90
657 121249.91
658 121544.84
659 120799.06
660 121763.94
661 121842.15
662 121479.03
663 121414.18
664 121363.16
665 121038.91
666 121567.96
667 121598.96
668 121263.98
669 121512.89
670 121693.85
671 121484.99
672 121177.91
673 121341.94
674 120970.01
675 120903.97
676 120892.05
677 120975.97
678 120814.09
679 120976.92
680 121083.97
681 121402.98
682 121283.05
683 120989.08
684 121023.18
685 120821.95
686 121043.92
687 121093.99
688 121411.09
689 121093.99
690 121447.09
691 121361.97
692 120867.01
693 120880.84
694 120870.11
695 120996.00
696 121235.13
697 121242.05
698 120851.99
699 120881.08
700 121317.86
701 121093.99
702 121067.05
703 120831.97
704 120980.98
705 121026.04
706 121066.09
707 121299.03
708 120940.92
709 120913.98
710 120958.09
711 120997.91
712 120877.03
713 121131.90
714 120945.22
715 120951.89
716 121310.95
717 121028.18
718 121062.04
719 121098.04
720 121052.03
721 120976.92
722 121268.03
723 121150.97
724 121035.10
725 121039.87
726 121099.95
727 120894.91
728 121256.11
729 121032.95
730 121073.01
731 121224.88
732 120783.09
733 121167.90
734 121372.94
735 121016.03
736 121202.95
737 121282.82
738 120934.96
739 121034.86
740 120988.85
741 120985.98
742 120798.11
743 121315.00
744 120912.08
745 121124.03
746 121150.02
747 121015.07
748 121414.90
749 120876.07
750 121122.12
751 121309.04
752 121454.95
753 121262.07
754 121082.07
755 121272.09
756 121027.95
757 121022.94
758 121044.87
759 121351.96
760 120795.01
761 120934.96
762 121278.05
763 121301.17
764 121211.05
765 120954.99
766 121419.91
767 120925.90
768 121144.06
769 121042.97
770 120837.21
771 120998.14
772 120898.01
773 120844.84
774 121269.94
775 121438.98
776 121192.93
777 121014.83
778 120876.07
779 121339.80
780 120887.99
781 120889.90
782 121096.13
783 121140.00
784 121188.16
785 121205.09
786 121177.91
787 121107.10
788 121163.13
789 121025.09
790 121172.90
791 121195.08
792 121193.89
793 121194.12
794 121170.04
795 121171.95
796 121191.02
797 121230.84
798 121198.18
799 121110.20
