800
0 121334.08
1 121197.94
2 121196.99
3 121196.99
4 121208.91
5 121201.99
6 121130.94
7 121100.19
8 121201.99
9 121223.93
10 121186.97
11 121183.87
12 121204.85
13 121220.83
14 121197.94
15 121213.91
16 121176.00
17 121192.93
18 121169.09
19 121201.04
20 121124.03
21 121207.00
22 121182.20
23 121191.98
24 121193.17
25 121197.94
26 121179.10
27 121202.95
28 121220.83
29 121145.01
30 121207.00
31 121184.11
32 121204.14
33 121192.93
34 121196.99
35 121203.90
36 121189.83
37 121186.97
38 121191.02
39 121183.87
40 121057.03
41 121201.99
42 121207.00
43 121191.98
44 121186.02
45 121200.08
46 121099.95
47 121266.84
48 121142.86
49 121208.19
50 121172.90
51 121184.11
52 121191.02
53 121196.99
54 121196.03
55 121201.99
56 121217.01
57 121188.16
58 121192.93
59 121114.97
60 121124.03
61 121196.99
62 121206.05
63 121180.06
64 121183.87
65 121196.03
66 121209.86
67 121200.08
68 121193.89
69 121234.18
70 121169.09
71 121198.89
72 121212.96
73 121182.20
74 121016.98
75 121199.13
76 121203.90
77 121202.95
78 121224.16
79 121179.82
80 121196.99
81 121194.12
82 121198.18
83 121205.09
84 121187.93
85 121183.16
86 121156.93
87 121196.99
88 121201.04
89 121204.14
90 121164.08
91 121225.83
92 121188.88
93 121200.80
94 121141.91
95 121201.99
96 121013.16
97 121007.92
98 121004.10
99 121063.95
100 121087.07
101 121058.94
102 121117.83
103 121081.11
104 121131.90
105 122312.07
106 121004.10
107 121101.86
108 120934.96
109 121013.16
110 121294.02
111 121405.84
112 121158.12
113 121081.11
114 121078.01
115 121866.94
116 121093.03
117 121034.86
118 120937.11
119 121038.91
120 121307.85
121 121099.95
122 120954.99
123 121222.02
124 121012.93
125 121613.03
126 121197.94
127 121624.95
128 120987.18
129 120954.99
130 121082.78
131 121515.99
132 121809.96
133 121106.86
134 120878.93
135 121142.15
136 121301.89
137 121046.07
138 121001.96
139 120974.06
140 120954.99
141 121118.07
142 121368.17
143 121084.93
144 121294.02
145 121105.91
146 121089.94
147 121086.12
148 121048.93
149 122257.95
150 121053.93
151 120921.13
152 121876.00
153 121079.92
154 121931.08
155 120883.94
156 121741.06
157 120851.04
158 121011.02
159 120846.99
160 121167.18
161 120949.98
162 120849.13
163 121053.93
164 121283.05
165 121026.99
166 121110.92
167 120960.00
168 120849.13
169 121392.01
170 121082.07
171 121169.09
172 120959.04
173 120967.86
174 120942.83
175 121034.86
176 121418.00
177 121089.94
178 121674.06
179 121053.93
180 120960.00
181 120996.95
182 121039.87
183 120908.98
184 120877.98
185 121936.08
186 121258.97
187 121013.88
188 121441.13
189 121037.01
190 121041.06
191 121144.06
192 121728.90
193 121651.89
194 120993.14
195 120993.85
196 121170.04
197 120846.99
198 121426.11
199 121062.04
200 121366.98
201 120839.83
202 121089.94
203 122137.07
204 120999.10
205 121275.90
206 120934.01
207 120937.11
208 121687.89
209 121004.82
210 121001.96
211 121078.97
212 122059.11
213 120970.01
214 121017.22
215 120876.07
216 121135.00
217 121062.99
218 121073.96
219 121287.11
220 121605.16
221 121438.03
222 120880.84
223 121190.07
224 121407.03
225 121059.89
226 121017.93
227 121454.00
228 121124.03
229 121047.02
230 121662.14
231 121920.11
232 120984.08
233 121087.07
234 121824.03
235 120890.86
236 120990.04
237 121401.07
238 120922.09
239 121588.95
240 121663.81
241 121989.01
242 121659.99
243 121123.08
244 121540.78
245 120767.12
246 121514.08
247 120991.95
248 121066.09
249 121371.03
250 122093.92
251 120899.92
252 121445.18
253 120895.15
254 121389.15
255 120944.02
256 121850.97
257 121689.08
258 121124.98
259 121914.15
260 121021.99
261 120924.00
262 121469.97
263 121253.01
264 121253.97
265 121367.93
266 121083.02
267 121068.95
268 121202.95
269 121377.94
270 121807.10
271 121808.05
272 120966.91
273 121524.10
274 121249.91
275 121086.12
276 122101.78
277 120979.07
278 121876.00
279 120974.06
280 121344.09
281 121515.99
282 122023.11
283 121269.94
284 121078.97
285 121666.91
286 121459.01
287 122375.97
288 121047.02
289 121488.09
290 121431.11
291 121412.99
292 121882.92
293 121083.97
294 121620.89
295 120833.87
296 121284.96
297 121346.95
298 121944.90
299 120979.79
300 121103.05
301 121042.97
302 121568.20
303 121465.92
304 121149.06
305 121368.89
306 120796.92
307 121180.06
308 120898.96
309 122190.95
310 122359.04
311 122009.99
312 120946.88
313 121521.00
314 121268.99
315 120836.02
316 121622.09
317 120926.86
318 120916.13
319 121049.88
320 121572.97
321 121619.94
322 121603.01
323 121597.05
324 122353.08
325 122177.84
326 121346.95
327 121155.98
328 120733.02
329 121582.03
330 121538.16
331 121309.04
332 122091.05
333 120952.84
334 121029.85
335 121338.13
336 121515.04
337 121275.90
338 121193.89
339 121348.14
340 120840.07
341 122144.94
342 122020.01
343 121561.05
344 121705.06
345 121516.94
346 121297.84
347 121408.94
348 121752.02
349 122258.90
350 120926.86
351 121425.15
352 120939.97
353 121171.00
354 120856.05
355 120873.93
356 121434.93
357 121136.90
358 121140.00
359 121233.94
360 121079.21
361 120822.19
362 121272.09
363 120989.08
364 120956.90
365 120864.15
366 121160.03
367 121093.99
368 121473.07
369 121466.16
370 120879.17
371 120891.09
372 120988.85
373 121104.00
374 120860.10
375 121002.91
376 121005.06
377 120834.11
378 120893.00
379 121015.07
380 120978.12
381 120885.13
382 121737.00
383 120776.18
384 121339.80
385 120949.03
386 121105.19
387 121075.15
388 121600.87
389 121246.81
390 121009.11
391 121423.01
392 120960.00
393 121757.03
394 121011.02
395 120830.06
396 120942.83
397 121163.85
398 121289.01
399 120800.02
400 120921.85
401 120921.85
402 121026.99
403 120906.11
404 120821.00
405 120889.19
406 120762.11
407 121062.99
408 120772.12
409 120989.08
410 121148.11
411 121433.97
412 120881.08
413 121525.05
414 120995.04
415 120931.15
416 121448.04
417 120857.95
418 121448.04
419 121032.00
420 121366.02
421 120991.95
422 121402.98
423 121643.07
424 121128.80
425 121327.88
426 121246.10
427 120993.85
428 120939.02
429 120939.02
430 120908.02
431 121555.09
432 120996.95
433 120826.96
434 120925.90
435 121773.96
436 120976.92
437 120850.09
438 120779.04
439 121775.87
440 121147.87
441 121749.88
442 121211.05
443 120814.09
444 121843.10
445 120820.05
446 121450.90
447 121395.11
448 120982.89
449 121551.04
450 120756.86
451 121299.98
452 121514.08
453 121261.12
454 120952.13
455 120959.04
456 121579.89
457 121263.98
458 120813.13
459 120790.96
460 121312.14
461 121452.09
462 121046.07
463 121298.07
464 121320.01
465 121149.06
466 121293.07
467 121402.03
468 121565.10
469 121823.07
470 121231.79
471 121488.09
472 120877.03
473 121671.92
474 121664.05
475 121036.05
476 121446.13
477 121907.00
478 121731.04
479 120896.82
480 121276.86
481 121489.05
482 121812.82
483 121787.07
484 121311.90
485 121343.14
486 121394.16
487 120784.04
488 121407.03
489 121318.10
490 121297.84
491 121562.00
492 121459.01
493 120872.02
494 121171.95
495 121366.02
496 121592.04
497 121508.12
498 120837.93
499 121165.99
500 121583.22
501 121409.89
502 121911.05
503 120924.95
504 121650.93
505 120730.88
506 120924.95
507 120942.12
508 121510.98
509 120970.01
510 120902.78
511 121336.94
512 121766.09
513 121454.95
514 121769.19
515 121306.18
516 121498.11
517 121525.05
518 121233.94
519 121454.95
520 121265.17
521 121315.00
522 121616.84
523 121281.86
524 121244.19
525 121071.82
526 121430.87
527 121578.93
528 120968.82
529 121232.99
530 121182.92
531 121459.01
532 121304.99
533 121804.00
534 121715.07
535 121393.92
536 121515.99
537 121699.09
538 121161.94
539 121443.03
540 121121.17
541 121322.87
542 121639.01
543 121562.00
544 121166.94
545 120883.94
546 120981.93
547 120619.06
548 121297.12
549 121068.95
550 121045.11
551 121343.14
552 121922.02
553 121016.98
554 121346.00
555 121798.99
556 121258.97
557 121900.08
558 120822.91
559 121952.06
560 121870.04
561 120810.99
562 121344.09
563 121629.00
564 121140.00
565 121762.04
566 121211.05
567 121159.08
568 121552.94
569 121726.99
570 121182.92
571 121368.89
572 121313.10
573 121257.78
574 120943.07
575 121505.02
576 121861.93
577 121932.03
578 121141.20
579 121136.90
580 121690.03
581 121258.97
582 121402.98
583 121815.92
584 121462.82
585 121232.99
586 121386.05
587 120989.08
588 121447.09
589 121349.81
590 121370.79
591 121518.85
592 121753.93
593 121407.99
594 121590.85
595 121164.08
596 121179.10
597 121190.07
598 121643.07
599 121656.89
600 121995.93
601 121230.84
602 121475.93
603 121453.05
604 121732.00
605 121309.04
606 120830.06
607 121383.91
608 121526.96
609 121515.99
610 121340.04
611 121378.18
612 121347.90
613 121620.89
614 121628.05
615 121277.81
616 121598.01
617 121779.92
618 121125.94
619 121366.02
620 120894.19
621 121495.96
622 121467.83
623 121096.13
624 121025.09
625 121723.89
626 121304.04
627 121432.07
628 121567.96
629 121557.00
630 121127.13
631 121432.07
632 121686.94
633 121562.96
634 121353.86
635 121464.01
636 121373.89
637 121386.05
638 121429.20
639 121364.12
640 121388.91
641 121380.09
642 121474.03
643 121729.85
644 121215.11
645 121512.17
646 120893.96
647 121621.13
648 121422.05
649 121121.17
650 121488.09
651 121104.96
652 121080.88
653 121078.01
654 121207.95
655 121531.01
656 121527.91
657 121320.96
658 121271.13
659 121301.17
660 121002.91
661 120967.86
662 121201.99
663 121037.96
664 121516.94
665 120872.97
666 121222.02
667 120954.04
668 121245.15
669 121710.06
670 121632.10
671 121472.12
672 121471.17
673 120885.85
674 121557.00
675 121375.08
676 120878.93
677 121088.03
678 121692.90
679 121459.96
680 121428.97
681 121666.91
682 121445.18
683 121293.78
684 121613.03
685 121255.87
686 121672.15
687 121531.01
688 121577.98
689 121052.98
690 121165.99
691 120998.14
692 121079.92
693 121427.06
694 121494.05
695 121276.14
696 121363.88
697 121400.12
698 121400.83
699 121351.96
700 121461.87
701 120823.86
702 121409.89
703 121363.88
704 121407.03
705 121425.87
706 121508.84
707 121671.92
708 121593.00
709 121500.97
710 121104.00
711 121108.06
712 121840.00
713 121246.10
714 121387.00
715 121543.17
716 121019.12
717 121088.98
718 121186.97
719 120803.12
720 121579.89
721 121490.96
722 121169.09
723 121408.94
724 121294.02
725 121467.11
726 121265.89
727 121407.99
728 121100.90
729 120970.96
730 121424.20
731 121538.88
732 121412.99
733 121173.14
734 121263.03
735 120942.12
736 121049.88
737 121122.12
738 120915.89
739 121347.19
740 121067.05
741 121353.15
742 121305.94
743 121372.94
744 121625.19
745 121159.08
746 121786.12
747 121536.97
748 121078.97
749 121176.96
750 121171.95
751 121039.15
752 121464.01
753 121181.96
754 121163.85
755 121160.03
756 121057.03
757 121165.99
758 121200.08
759 121173.14
760 121170.04
761 121150.02
762 121080.88
763 121152.16
764 121184.11
765 121191.02
766 121130.94
767 121182.92
768 121176.00
769 121157.88
770 121046.07
771 121176.96
772 121177.91
773 121158.84
774 121175.05
775 121153.83
776 121180.06
777 121184.83
778 121178.15
779 121185.06
780 121201.99
781 121011.97
782 121170.04
783 121137.14
784 121191.02
785 121228.93
786 121147.16
787 121101.14
788 121133.09
789 121104.96
790 121120.93
791 121171.95
792 121162.18
793 121150.02
794 121135.95
795 121135.95
796 121145.96
797 121131.90
798 121131.90
799 121130.94
