800
0 121232.03
1 121115.21
2 121055.13
3 121114.02
4 121115.92
5 121104.96
6 121093.99
7 121100.90
8 121120.93
9 121128.80
10 121105.91
11 121116.16
12 121135.00
13 121107.10
14 121071.10
15 121103.05
16 121121.17
17 121119.02
18 121001.96
19 121013.88
20 121116.16
21 121109.96
22 121109.96
23 121104.00
24 121100.19
25 121099.00
26 121127.13
27 121100.19
28 121128.80
29 121103.05
30 121126.89
31 121116.16
32 121110.92
33 121222.97
34 121073.96
35 121103.05
36 121116.88
37 121088.98
38 121110.20
39 121075.87
40 121115.92
41 121098.04
42 121109.01
43 121104.96
44 121139.05
45 120996.95
46 121117.12
47 121070.15
48 121102.09
49 121109.96
50 121124.03
51 121103.05
52 121107.10
53 121092.08
54 121078.97
55 121121.88
56 121126.89
57 121120.93
58 121114.02
59 121032.00
60 121055.84
61 121126.89
62 121109.01
63 121115.92
64 121116.88
65 121108.06
66 121109.96
67 121114.02
68 121039.87
69 121109.01
70 121101.86
71 121137.14
72 121108.06
73 121117.12
74 121073.96
75 121111.87
76 121134.04
77 121109.01
78 121108.06
79 121110.92
80 121042.97
81 121104.00
82 121135.00
83 121109.96
84 121125.94
85 121106.86
86 121116.88
87 121109.01
88 121119.02
89 121105.91
90 121106.15
91 121109.01
92 121114.02
93 121083.02
94 121127.13
95 121025.09
96 120948.08
97 121028.90
98 121085.17
99 121106.15
100 120940.92
101 121096.13
102 121011.02
103 121138.10
104 121059.89
105 121499.06
106 121095.90
107 121311.90
108 121404.17
109 121074.91
110 120870.11
111 121121.88
112 120924.00
113 121062.04
114 120950.22
115 120857.95
116 121100.90
117 122170.93
118 121081.83
119 121056.08
120 120799.06
121 121135.95
122 120937.11
123 120985.03
124 121233.94
125 121037.01
126 121080.88
127 120925.19
128 121112.82
129 120893.96
130 121391.06
131 120975.02
132 121090.89
133 121037.01
134 121654.99
135 120950.94
136 121045.11
137 121023.89
138 120983.12
139 120791.91
140 120961.90
141 121679.07
142 121170.04
143 121204.85
144 121110.92
145 121002.91
146 121335.03
147 120953.08
148 121090.89
149 121812.11
150 121088.98
151 121212.96
152 121001.01
153 120895.15
154 121121.88
155 121048.93
156 120889.90
157 121092.80
158 121351.96
159 121515.04
160 120993.85
161 120913.03
162 121041.06
163 120897.05
164 120930.91
165 121268.03
166 121113.06
167 121104.96
168 121943.00
169 120975.97
170 122007.13
171 120930.91
172 121129.99
173 120909.93
174 120853.90
175 120895.86
176 121500.97
177 121068.00
178 121432.07
179 121049.88
180 121387.96
181 120977.16
182 120965.96
183 121781.11
184 121132.14
185 121122.12
186 120945.93
187 121933.94
188 121370.08
189 121004.82
190 121000.05
191 121168.85
192 121773.00
193 120779.99
194 121018.17
195 121444.94
196 121428.01
197 121514.08
198 121016.03
199 121500.02
200 120964.05
201 121355.06
202 121019.84
203 121226.79
204 120909.93
205 121789.93
206 121046.78
207 121034.86
208 120964.05
209 121541.02
210 121118.07
211 121062.99
212 120754.00
213 121474.98
214 121459.01
215 120993.14
216 120987.89
217 121279.95
218 121108.06
219 120927.81
220 121228.93
221 120913.03
222 121929.88
223 120965.96
224 121687.89
225 121285.20
226 121634.01
227 121346.95
228 120879.17
229 121911.05
230 120985.98
231 121088.03
232 121502.88
233 120998.14
234 121240.85
235 120821.00
236 121651.17
237 121638.06
238 121731.04
239 121387.96
240 121526.96
241 121501.92
242 121135.95
243 121308.09
244 120843.17
245 120962.14
246 122406.96
247 121573.93
248 121358.16
249 121340.04
250 120914.94
251 121587.04
252 121555.09
253 121065.14
254 121702.19
255 121452.09
256 120898.96
257 121488.09
258 121133.09
259 120822.91
260 120803.12
261 121133.80
262 121588.95
263 121870.04
264 121406.79
265 121023.18
266 121032.00
267 121098.04
268 121526.00
269 121145.96
270 121737.00
271 122030.97
272 121304.04
273 122199.06
274 121412.04
275 121361.97
276 121104.00
277 121227.98
278 121603.97
279 121012.93
280 121047.02
281 121193.17
282 121632.81
283 121181.96
284 121479.99
285 120759.01
286 121465.21
287 121294.98
288 120979.79
289 121871.95
290 120944.98
291 120846.99
292 122334.96
293 121572.02
294 120801.93
295 120943.07
296 121232.03
297 121996.16
298 121182.92
299 121062.04
300 120852.95
301 120825.05
302 120962.14
303 122557.16
304 121926.07
305 121148.11
306 121541.98
307 121671.92
308 121088.03
309 120907.07
310 121533.87
311 121163.13
312 121213.91
313 121277.09
314 120775.94
315 121600.15
316 121653.08
317 120942.83
318 121176.00
319 121791.84
320 121835.95
321 121759.89
322 120929.00
323 120826.01
324 120714.19
325 120997.91
326 120976.92
327 121099.00
328 120927.10
329 121298.07
330 121021.03
331 120797.87
332 121237.04
333 121366.02
334 122010.95
335 121574.16
336 121060.85
337 121076.11
338 120752.10
339 121770.14
340 121580.84
341 122447.01
342 120827.91
343 120898.96
344 120948.08
345 121675.01
346 120885.13
347 121091.84
348 120707.99
349 121262.07
350 121454.95
351 120932.82
352 121196.99
353 120922.09
354 120832.20
355 120968.10
356 121822.12
357 121209.14
358 120957.14
359 120939.97
360 120913.98
361 121094.94
362 120914.94
363 120842.93
364 120904.92
365 120764.97
366 120716.09
367 120840.07
368 120916.13
369 120955.94
370 121334.08
371 121281.86
372 120848.89
373 120688.20
374 120877.98
375 121330.98
376 120879.89
377 120929.00
378 120783.81
379 120970.96
380 120697.02
381 120774.98
382 120858.91
383 120907.78
384 120957.14
385 120788.10
386 120767.83
387 120875.84
388 120933.06
389 120948.08
390 120875.12
391 121483.09
392 120769.02
393 121427.06
394 120915.89
395 121157.88
396 121618.99
397 121017.93
398 121145.01
399 121114.02
400 120856.05
401 121109.01
402 120988.13
403 120878.93
404 120831.01
405 120972.16
406 120913.03
407 120858.19
408 120789.05
409 120909.93
410 120774.03
411 120878.22
412 120891.09
413 120795.97
414 121124.03
415 120778.08
416 121227.03
417 120830.06
418 121454.95
419 120893.00
420 120731.83
421 120851.99
422 121304.99
423 120813.85
424 121114.97
425 121242.05
426 121001.96
427 121011.02
428 120908.02
429 121237.04
430 120831.01
431 121997.12
432 120847.94
433 120628.83
434 120902.06
435 120851.99
436 120770.93
437 121333.12
438 120800.97
439 120764.02
440 120774.98
441 120784.04
442 120837.93
443 120837.93
444 120966.91
445 120841.03
446 121030.09
447 121329.07
448 120685.82
449 120883.94
450 120723.01
451 121109.96
452 120729.92
453 120957.85
454 121088.98
455 121197.94
456 120954.04
457 120912.08
458 121923.92
459 120995.04
460 121552.94
461 120855.09
462 120709.18
463 120899.92
464 120699.88
465 120666.03
466 121523.14
467 120820.05
468 120937.11
469 120828.15
470 120727.78
471 120853.90
472 120982.89
473 120990.04
474 120940.21
475 120816.95
476 121778.01
477 121522.90
478 120790.00
479 120860.10
480 121484.04
481 121237.99
482 121305.94
483 121510.98
484 121500.97
485 121287.11
486 121299.98
487 121125.94
488 121162.89
489 121188.88
490 120934.01
491 121419.19
492 120865.11
493 120772.84
494 120765.92
495 120832.92
496 120790.96
497 120759.01
498 120762.11
499 120686.05
500 120733.98
501 120970.01
502 120910.17
503 120933.06
504 121238.95
505 121176.00
506 121398.93
507 121389.15
508 120686.05
509 121101.86
510 121129.99
511 121374.85
512 121026.99
513 121346.00
514 121275.90
515 121541.98
516 121526.00
517 120636.94
518 121629.00
519 121029.85
520 120901.11
521 121993.06
522 120656.01
523 121836.19
524 121006.97
525 120988.85
526 120929.96
527 120716.09
528 121798.99
529 120999.10
530 121313.81
531 121232.03
532 121423.01
533 121352.91
534 121352.20
535 121292.83
536 120910.17
537 121127.13
538 121129.04
539 121078.97
540 121095.90
541 121592.04
542 121055.13
543 121368.89
544 121423.96
545 121429.92
546 121349.10
547 121117.83
548 121228.93
549 121339.80
550 120721.82
551 121181.01
552 121213.91
553 121190.07
554 120941.88
555 121407.03
556 120890.14
557 121150.02
558 121576.07
559 121230.13
560 121132.14
561 121135.95
562 121330.02
563 121501.92
564 121350.05
565 121500.02
566 121073.96
567 121396.06
568 121452.81
569 121611.12
570 121350.05
571 121267.08
572 121521.95
573 121580.12
574 121250.87
575 121783.02
576 121416.09
577 120880.13
578 121151.92
579 121095.90
580 121182.92
581 120773.08
582 120801.93
583 121382.00
584 121001.96
585 121270.90
586 121270.18
587 121425.87
588 121502.88
589 121819.97
590 121467.83
591 121721.98
592 120994.09
593 121246.10
594 121405.12
595 121366.98
596 121094.94
597 121011.97
598 121308.09
599 121277.81
600 120862.01
601 120978.12
602 120954.99
603 120690.11
604 120877.03
605 121603.01
606 121824.03
607 121156.22
608 121160.03
609 121261.84
610 120795.01
611 121639.01
612 121016.98
613 121521.95
614 121550.08
615 121502.88
616 121400.83
617 120786.91
618 120978.12
619 120947.12
620 121745.82
621 121148.11
622 121449.95
623 120897.05
624 121447.09
625 121212.01
626 121774.91
627 121331.93
628 121650.93
629 121505.98
630 121282.82
631 121191.02
632 121104.00
633 121297.12
634 121043.92
635 121241.09
636 121335.98
637 121021.03
638 121445.18
639 121175.05
640 120962.14
641 121089.94
642 121427.06
643 120872.97
644 121558.90
645 121841.91
646 121819.02
647 121441.13
648 121523.86
649 121160.98
650 122067.93
651 121385.10
652 121310.95
653 121282.82
654 121293.78
655 121144.06
656 121280.91
657 121190.07
658 121237.99
659 121452.81
660 121169.09
661 121957.06
662 121312.14
663 121401.07
664 121379.14
665 121484.04
666 121382.95
667 121388.20
668 121404.17
669 121366.02
670 121497.15
671 121232.03
672 121099.00
673 121342.18
674 121140.00
675 120889.90
676 121373.89
677 121420.15
678 121337.89
679 121318.82
680 121203.90
681 121536.97
682 121670.96
683 121358.87
684 121189.83
685 120946.88
686 121281.86
687 121464.97
688 121186.02
689 121582.03
690 121258.97
691 121358.87
692 121938.94
693 121327.88
694 121454.00
695 121352.91
696 121061.80
697 120841.03
698 121870.99
699 120918.99
700 121865.03
701 121620.18
702 121373.18
703 121479.03
704 121228.93
705 120903.97
706 121296.88
707 121039.87
708 121407.99
709 121039.87
710 121196.99
711 121120.93
712 121159.79
713 120633.84
714 121248.01
715 120929.00
716 121272.09
717 121390.82
718 121861.93
719 121200.08
720 121639.01
721 121275.90
722 121506.93
723 121429.20
724 121698.14
725 121684.07
726 121032.95
727 121536.02
728 121959.92
729 121188.88
730 121091.84
731 121495.96
732 121005.06
733 121824.03
734 121078.97
735 121237.99
736 121340.04
737 121249.91
738 121255.87
739 121246.10
740 121123.08
741 121460.91
742 121242.05
743 121191.98
744 121246.81
745 120887.99
746 120752.10
747 121175.05
748 121173.86
749 121314.05
750 120933.06
751 121610.16
752 120996.95
753 121475.93
754 121023.89
755 120908.98
756 121206.05
757 121010.07
758 121347.90
759 121031.05
760 121051.07
761 121941.09
762 121335.98
763 120980.02
764 121426.11
765 121946.10
766 121068.95
767 121398.93
768 121245.15
769 121551.99
770 121159.08
771 121122.84
772 121045.11
773 120920.90
774 120990.04
775 120868.92
776 121407.03
777 120843.89
778 121155.98
779 120876.79
780 120960.00
781 120858.91
782 120891.09
783 121032.95
784 121129.04
785 121225.83
786 121115.92
787 121114.97
788 121130.94
789 121119.98
790 121132.14
791 121101.14
792 121104.96
793 121129.04
794 121119.98
795 121129.99
796 121109.96
797 121128.08
798 121082.07
799 121115.92
