800
0 121303.08
1 121061.09
2 121034.15
3 121045.11
4 121076.11
5 121008.16
6 121010.07
7 121073.01
8 121042.97
9 121070.15
10 121006.97
11 121016.03
12 121022.94
13 121033.19
14 121040.82
15 121056.08
16 121059.89
17 121053.93
18 121042.97
19 121059.89
20 121052.03
21 121070.15
22 120996.95
23 121011.02
24 121028.18
25 120952.84
26 121040.82
27 121116.88
28 121052.03
29 121025.80
30 121066.09
31 120985.98
32 121061.09
33 121076.11
34 120956.90
35 120970.96
36 121062.99
37 121050.83
38 121037.01
39 121172.19
40 121053.93
41 121011.97
42 121021.99
43 121050.83
44 121047.97
45 121078.01
46 121059.89
47 121052.03
48 121031.05
49 121063.95
50 121073.96
51 120995.04
52 121027.95
53 121120.93
54 121119.02
55 121129.04
56 121124.03
57 121102.09
58 121088.98
59 121115.92
60 121116.16
61 121129.99
62 121094.94
63 121106.15
64 121112.11
65 121079.92
66 121124.03
67 121109.01
68 121125.94
69 121090.89
70 121068.00
71 121038.91
72 121119.98
73 121110.20
74 121117.12
75 121097.09
76 121073.96
77 121113.06
78 121121.17
79 121118.07
80 121088.98
81 121066.09
82 121077.06
83 121077.06
84 121100.19
85 121016.03
86 121115.92
87 121094.94
88 121114.97
89 121097.80
90 121114.02
91 121001.96
92 121126.89
93 121126.17
94 121072.05
95 121057.99
96 121016.03
97 120934.01
98 121098.04
99 121129.04
100 121040.11
101 121042.97
102 121078.01
103 121799.23
104 121133.09
105 121037.01
106 121059.18
107 121179.82
108 121577.98
109 121055.13
110 121335.98
111 120997.91
112 121146.92
113 121515.99
114 121131.90
115 121624.95
116 121116.16
117 121062.99
118 120995.04
119 121181.96
120 121504.07
121 121053.93
122 120965.00
123 121872.90
124 121024.13
125 121331.93
126 120985.98
127 121212.96
128 121423.96
129 121079.92
130 121080.88
131 121011.02
132 121136.90
133 121100.19
134 121118.07
135 121011.97
136 121171.00
137 121011.02
138 121071.10
139 120876.07
140 122278.93
141 121620.89
142 120985.03
143 120893.00
144 121598.01
145 121649.98
146 121111.87
147 121354.82
148 121145.96
149 121073.01
150 121062.99
151 121083.02
152 121649.03
153 121104.00
154 120947.84
155 121083.02
156 121069.91
157 121484.04
158 121076.11
159 121263.03
160 121176.96
161 121043.92
162 121435.88
163 121010.07
164 121546.03
165 121084.93
166 121376.99
167 120975.97
168 121099.00
169 120994.09
170 121060.85
171 121394.87
172 120985.98
173 122076.99
174 120879.89
175 120965.00
176 120856.05
177 120876.07
178 120891.09
179 120996.95
180 120968.10
181 121697.90
182 121006.01
183 121145.01
184 120954.99
185 120939.02
186 121848.82
187 121032.00
188 120764.97
189 121855.97
190 120954.99
191 121394.87
192 120851.99
193 120887.04
194 121029.85
195 121046.07
196 121455.91
197 120885.85
198 121539.83
199 121714.12
200 121475.93
201 120954.99
202 121659.99
203 121981.14
204 121152.88
205 121139.05
206 120841.03
207 121446.85
208 121536.97
209 121114.02
210 121410.13
211 121073.01
212 121147.16
213 122262.95
214 120924.00
215 122148.99
216 121407.03
217 121581.08
218 121099.00
219 120957.14
220 121582.03
221 120775.22
222 121593.95
223 121263.03
224 121095.90
225 122205.97
226 121011.02
227 121797.08
228 121041.06
229 121319.06
230 121387.96
231 121744.87
232 121599.91
233 121284.01
234 121100.90
235 121207.95
236 121067.05
237 121050.12
238 121037.96
239 121023.89
240 121111.15
241 120934.96
242 121067.05
243 121176.00
244 121019.12
245 121747.02
246 121602.06
247 121572.97
248 121408.94
249 121096.13
250 120895.86
251 121346.95
252 121356.01
253 121600.15
254 121311.90
255 121119.02
256 121013.16
257 122084.86
258 121511.94
259 121846.91
260 121755.84
261 121698.86
262 121140.00
263 121478.08
264 120995.04
265 121005.77
266 121267.08
267 121606.83
268 122633.93
269 120925.90
270 121385.10
271 120954.04
272 121388.91
273 120914.94
274 121024.13
275 121268.99
276 121160.98
277 120978.83
278 121573.93
279 121009.11
280 121591.09
281 121607.07
282 121231.08
283 120972.16
284 121115.92
285 120779.04
286 121273.04
287 121119.02
288 121054.17
289 120985.03
290 121518.85
291 120791.20
292 120906.83
293 121850.97
294 121581.08
295 121324.06
296 121341.94
297 120713.95
298 121447.09
299 121094.94
300 121387.00
301 121774.91
302 121582.98
303 121551.99
304 121069.91
305 120879.89
306 122267.96
307 121309.04
308 120930.91
309 122193.10
310 120861.05
311 121924.88
312 120800.02
313 121938.94
314 120855.09
315 121798.04
316 121494.05
317 120855.09
318 121544.84
319 121235.13
320 121155.02
321 121037.01
322 121225.12
323 121201.99
324 121408.94
325 121148.82
326 121204.14
327 121541.02
328 122482.06
329 120944.02
330 120954.99
331 121124.98
332 121432.07
333 121139.05
334 121114.97
335 121469.97
336 121042.97
337 121213.20
338 121243.95
339 121309.04
340 120917.80
341 120770.93
342 121302.13
343 121255.87
344 120899.92
345 121283.05
346 120779.04
347 121434.21
348 121418.00
349 121521.95
350 121421.10
351 121172.90
352 121780.16
353 121845.96
354 121612.07
355 121042.97
356 121752.98
357 121813.06
358 120902.06
359 121266.13
360 120863.91
361 121272.09
362 121274.95
363 120907.07
364 120811.94
365 121051.07
366 120898.01
367 121197.22
368 120816.95
369 121531.96
370 120909.93
371 120865.11
372 121016.03
373 120810.99
374 120996.95
375 120882.99
376 120965.96
377 120958.09
378 120723.01
379 121059.18
380 120935.92
381 120919.94
382 121179.82
383 121676.92
384 120900.87
385 121165.99
386 121024.13
387 120997.91
388 121025.09
389 120911.12
390 120949.98
391 120900.15
392 120894.19
393 120846.03
394 120946.17
395 120872.02
396 121265.17
397 120774.98
398 121369.84
399 120864.87
400 120821.00
401 121041.06
402 120948.79
403 121135.23
404 121036.05
405 120956.90
406 120898.01
407 120932.10
408 121039.87
409 121589.90
410 120840.79
411 121267.80
412 121379.14
413 120953.08
414 121252.06
415 120774.98
416 121089.22
417 121021.03
418 121258.02
419 120898.96
420 121407.99
421 121208.91
422 121011.02
423 121093.99
424 120946.88
425 120904.21
426 121458.05
427 121335.98
428 120810.99
429 120680.09
430 120943.07
431 120866.06
432 120866.06
433 120903.02
434 121454.00
435 120934.01
436 121008.87
437 121056.08
438 121382.95
439 121340.04
440 120860.10
441 121040.11
442 121522.90
443 120899.92
444 120966.91
445 121051.79
446 121090.17
447 120990.04
448 120948.08
449 121078.97
450 120964.05
451 121273.99
452 120979.07
453 120733.98
454 121275.90
455 121675.97
456 120916.84
457 120845.08
458 120865.11
459 120836.02
460 120900.15
461 120881.08
462 120992.90
463 121713.88
464 121123.08
465 120909.93
466 120965.00
467 121164.08
468 120905.16
469 121195.08
470 121072.05
471 121171.00
472 121694.80
473 121016.98
474 120968.10
475 120998.14
476 121062.04
477 121110.92
478 120730.16
479 120949.98
480 121184.11
481 120877.03
482 121031.05
483 121114.97
484 121222.97
485 120979.07
486 120906.11
487 120756.86
488 121269.94
489 121454.00
490 120870.11
491 120764.02
492 120903.02
493 120991.95
494 120895.86
495 120910.88
496 121307.13
497 121356.01
498 120874.88
499 121099.00
500 121254.92
501 121626.14
502 120882.03
503 120867.01
504 120790.96
505 120974.78
506 121428.01
507 120692.97
508 121268.03
509 121066.09
510 121034.86
511 121080.16
512 121151.92
513 121069.19
514 121228.22
515 121095.90
516 121332.17
517 121541.02
518 121832.13
519 120702.98
520 120872.02
521 120925.90
522 121131.90
523 121116.16
524 120815.04
525 121356.01
526 121544.12
527 120958.09
528 121052.98
529 120954.99
530 121124.98
531 121174.81
532 120921.85
533 121182.20
534 121270.18
535 121264.93
536 121221.07
537 121029.85
538 121495.01
539 121048.93
540 121189.12
541 121110.20
542 121742.96
543 121171.00
544 121488.09
545 121476.89
546 121639.01
547 121123.08
548 121812.11
549 120874.88
550 121318.10
551 121163.85
552 120851.04
553 121438.98
554 121162.18
555 121795.18
556 121062.04
557 120980.98
558 120929.96
559 121258.02
560 121170.04
561 121562.96
562 121288.06
563 121460.91
564 121734.14
565 121031.05
566 121795.89
567 121390.82
568 120980.98
569 121658.09
570 121363.88
571 121808.05
572 120787.86
573 121669.05
574 121356.01
575 120849.85
576 121483.80
577 120963.10
578 121418.00
579 121257.07
580 121052.98
581 120878.93
582 121471.17
583 121627.09
584 121742.01
585 121323.11
586 120946.88
587 121553.18
588 121613.98
589 121596.10
590 121457.10
591 121183.16
592 121493.10
593 121020.79
594 121070.15
595 121769.91
596 121139.05
597 121733.90
598 120869.16
599 121498.82
600 121465.92
601 121049.88
602 121092.08
603 121244.19
604 121702.91
605 121165.99
606 121183.87
607 120980.02
608 121613.98
609 121514.80
610 121366.98
611 121320.01
612 121245.86
613 121143.10
614 121536.02
615 121160.98
616 121186.02
617 121412.04
618 121582.03
619 121210.10
620 121700.05
621 121438.98
622 121144.06
623 120857.00
624 121152.88
625 121250.15
626 121276.86
627 120997.91
628 120978.12
629 121233.94
630 121054.17
631 121580.12
632 120887.99
633 120926.86
634 120968.10
635 121145.96
636 121100.90
637 121357.92
638 121419.91
639 121446.85
640 121319.77
641 121596.81
642 121193.89
643 121121.17
644 120847.23
645 121224.88
646 121407.99
647 121253.01
648 121376.99
649 121690.99
650 121557.00
651 121227.03
652 121028.90
653 121061.09
654 121115.92
655 121135.00
656 121196.03
657 121397.97
658 121784.21
659 121224.16
660 121335.98
661 120889.90
662 121405.84
663 121263.98
664 121197.94
665 121109.01
666 121255.16
667 121418.00
668 121263.03
669 121739.15
670 121028.90
671 121336.94
672 121370.08
673 120913.03
674 121101.86
675 121347.90
676 121163.13
677 121849.06
678 120870.11
679 121162.89
680 121155.98
681 121268.03
682 121330.98
683 120725.87
684 121283.05
685 121507.17
686 121562.00
687 121229.89
688 121325.02
689 120803.12
690 121330.02
691 121320.01
692 121346.00
693 121056.80
694 121220.83
695 120838.88
696 121226.07
697 121444.94
698 121177.91
699 121595.86
700 120766.16
701 121116.88
702 121357.92
703 121400.12
704 121170.04
705 121422.05
706 121277.09
707 121608.02
708 121392.01
709 121349.10
710 121506.93
711 121717.93
712 121110.92
713 120908.98
714 121256.11
715 121336.94
716 121391.06
717 121234.89
718 121014.12
719 121315.96
720 120954.04
721 121238.95
722 121225.12
723 121650.93
724 120857.00
725 121371.98
726 120989.08
727 121347.90
728 121311.90
729 121048.93
730 120781.90
731 121254.92
732 121572.02
733 121681.93
734 120966.91
735 121083.97
736 120982.89
737 121303.08
738 120719.91
739 121661.19
740 121031.05
741 120978.83
742 120902.06
743 120901.82
744 121116.16
745 120855.09
746 121140.00
747 120782.85
748 120851.04
749 121112.82
750 120839.83
751 121021.99
752 120831.97
753 120921.13
754 121150.97
755 120952.13
756 120800.02
757 121127.84
758 121186.97
759 120842.22
760 120939.02
761 121109.01
762 121014.12
763 120857.00
764 120918.99
765 121153.12
766 120795.97
767 120795.01
768 121263.98
769 120909.93
770 120853.90
771 121114.97
772 120949.98
773 120950.94
774 121060.13
775 120814.80
776 120949.03
777 121146.92
778 120870.11
779 120839.12
780 121382.00
781 120969.06
782 120829.11
783 120931.15
784 120930.19
785 120882.03
786 120853.90
787 120825.05
788 121186.97
789 120922.09
790 121326.21
791 120805.98
792 121222.97
793 121233.94
794 120867.97
795 121107.10
796 120777.13
797 121268.03
798 120800.02
799 120982.89
