800
0 121184.11
1 121155.98
2 121138.10
3 121089.94
4 121050.12
5 121140.00
6 121142.15
7 121140.00
8 121140.96
9 121076.11
10 121135.95
11 121138.10
12 121140.96
13 121124.03
14 121145.01
15 121140.96
16 121145.96
17 121124.98
18 121134.04
19 121124.03
20 121093.03
21 121153.12
22 121140.00
23 121145.96
24 121140.00
25 121114.97
26 121143.10
27 121123.08
28 121145.01
29 121122.12
30 121150.02
31 121123.79
32 121144.06
33 121124.98
34 121093.03
35 121132.85
36 121133.09
37 121126.17
38 121144.06
39 121131.18
40 121061.09
41 121096.13
42 121128.08
43 121158.84
44 121095.90
45 121136.90
46 121143.10
47 121119.02
48 121124.03
49 121160.03
50 121135.95
51 121160.03
52 121043.92
53 121090.17
54 121122.12
55 121150.97
56 121148.11
57 121119.98
58 121118.07
59 121124.98
60 121083.97
61 121100.90
62 121137.14
63 121119.02
64 121139.05
65 121125.22
66 121138.10
67 121124.98
68 121140.00
69 121132.85
70 121114.97
71 121130.94
72 121156.93
73 121132.14
74 121065.86
75 121135.95
76 121126.89
77 121155.98
78 121143.10
79 121143.82
80 121069.91
81 121091.84
82 121140.00
83 121142.86
84 121139.05
85 121143.82
86 121138.10
87 121144.06
88 121093.03
89 121121.88
90 121103.05
91 121140.96
92 121099.00
93 121140.96
94 121138.10
95 120987.89
96 121004.10
97 121008.87
98 120902.06
99 120985.98
100 120797.87
101 120974.06
102 121262.07
103 121082.07
104 121119.98
105 120836.02
106 122267.96
107 121356.01
108 121524.10
109 121525.05
110 122242.93
111 123623.85
112 122038.13
113 123705.86
114 122740.98
115 122540.95
116 122718.10
117 122825.86
118 122556.92
119 124968.77
120 125741.00
121 124182.94
122 124034.17
123 124936.82
124 125514.98
125 125396.01
126 124530.08
127 124916.08
128 123849.15
129 123961.93
130 125176.91
131 124047.04
132 125113.96
133 124095.20
134 122483.02
135 122545.00
136 125116.11
137 122689.96
138 122784.85
139 122794.87
140 123606.92
141 122763.16
142 124264.96
143 123252.15
144 123646.97
145 123379.95
146 123658.18
147 123121.98
148 122748.14
149 123825.07
150 122489.93
151 123168.95
152 122478.01
153 124008.89
154 123224.97
155 122900.01
156 124890.09
157 123170.14
158 124839.07
159 122850.18
160 124871.02
161 124047.99
162 124936.10
163 123361.83
164 122421.03
165 122592.93
166 122712.85
167 122632.03
168 125037.19
169 123461.01
170 121946.10
171 123014.93
172 124495.03
173 122679.00
174 123410.22
175 124096.87
176 123394.97
177 122266.05
178 123332.98
179 122287.99
180 126244.07
181 123808.15
182 123025.18
183 122687.10
184 123358.96
185 123309.85
186 123430.97
187 122566.94
188 123322.01
189 122568.13
190 123963.12
191 123842.00
192 122238.87
193 122584.10
194 123058.08
195 123110.06
196 122828.01
197 123090.98
198 123177.05
199 123001.10
200 124046.09
201 123175.14
202 122991.09
203 123043.06
204 122774.12
205 123907.80
206 123397.83
207 122413.87
208 122110.84
209 122678.04
210 122407.20
211 122447.97
212 122474.91
213 123008.01
214 122806.07
215 123427.15
216 124112.84
217 122652.05
218 122983.93
219 123425.96
220 122545.00
221 122581.01
222 122703.08
223 123607.87
224 123388.05
225 124953.99
226 122586.97
227 123193.03
228 122359.99
229 122172.12
230 122460.13
231 123478.89
232 122641.09
233 124305.01
234 122698.78
235 124264.96
236 123980.05
237 123242.14
238 122504.95
239 124889.85
240 124287.13
241 123126.03
242 123823.17
243 124623.06
244 122752.90
245 123842.95
246 122066.02
247 122089.15
248 122443.20
249 123065.95
250 121870.04
251 122968.91
252 122893.10
253 123958.11
254 122834.92
255 123461.01
256 123356.10
257 122754.81
258 122747.90
259 123437.88
260 122608.90
261 122575.04
262 123318.91
263 123227.83
264 123028.99
265 123075.01
266 123033.76
267 122992.04
268 123437.88
269 122392.89
270 123027.09
271 123114.11
272 122989.18
273 124107.84
274 123005.15
275 123022.79
276 123954.06
277 122881.89
278 124806.88
279 122492.07
280 123935.94
281 122236.97
282 123002.05
283 122163.06
284 123236.89
285 122261.05
286 122767.21
287 122893.10
288 124382.97
289 124254.94
290 122762.92
291 123667.00
292 123129.13
293 123701.10
294 123059.99
295 122275.11
296 125348.09
297 122631.07
298 123492.00
299 122601.99
300 122663.02
301 122528.08
302 122739.08
303 123731.85
304 122483.97
305 124116.90
306 123359.92
307 122658.97
308 122870.92
309 122107.03
310 122676.13
311 122259.86
312 122579.10
313 123373.99
314 122765.06
315 123801.95
316 123417.85
317 123857.98
318 123008.97
319 122166.16
320 122323.99
321 123523.00
322 123656.99
323 124529.84
324 122078.18
325 122148.04
326 122297.05
327 122161.15
328 123794.08
329 121922.97
330 122718.10
331 120979.07
332 121718.17
333 121660.95
334 122421.98
335 124020.10
336 121588.95
337 121310.95
338 122051.95
339 122119.90
340 121040.11
341 122812.99
342 122071.98
343 121217.01
344 122054.10
345 121915.10
346 121561.05
347 121455.91
348 121527.91
349 121373.89
350 122955.08
351 122787.95
352 121053.93
353 122509.00
354 122721.91
355 123222.11
356 121702.91
357 121478.08
358 121700.05
359 120890.14
360 121170.04
361 120984.08
362 121390.82
363 121009.11
364 121167.90
365 121216.77
366 121026.99
367 120926.14
368 121119.02
369 121355.06
370 120954.04
371 120980.98
372 120844.13
373 120867.01
374 121391.06
375 121171.95
376 121063.95
377 120844.13
378 121138.10
379 121150.02
380 121228.93
381 121250.87
382 120953.08
383 121329.07
384 121020.79
385 120984.08
386 121025.80
387 121082.07
388 121102.09
389 120930.91
390 121043.21
391 120981.93
392 120990.99
393 120970.96
394 121006.97
395 120968.10
396 120942.83
397 120950.94
398 121049.17
399 121066.09
400 121191.02
401 121057.03
402 121330.98
403 121054.17
404 120777.13
405 120908.02
406 121235.85
407 121090.17
408 121051.07
409 121175.05
410 121099.00
411 120965.00
412 121101.86
413 120840.07
414 121043.92
415 121078.97
416 120851.99
417 121134.04
418 121021.99
419 120798.11
420 121214.87
421 121324.06
422 120672.94
423 120857.95
424 121143.10
425 121035.10
426 121109.01
427 120924.00
428 121130.94
429 120939.02
430 121019.12
431 120952.13
432 121124.98
433 121035.10
434 120782.85
435 121180.06
436 120940.92
437 121022.94
438 120769.02
439 120860.10
440 120860.10
441 121169.81
442 120882.99
443 120836.02
444 121327.16
445 120912.08
446 120901.11
447 120795.97
448 121094.94
449 121152.88
450 120877.03
451 121171.95
452 121094.94
453 121150.97
454 121142.86
455 121236.80
456 121054.17
457 120841.98
458 120908.02
459 121138.10
460 120947.12
461 121045.11
462 120911.84
463 120856.05
464 121183.16
465 120997.19
466 121309.04
467 121184.11
468 120805.03
469 121016.03
470 121107.10
471 120891.09
472 121090.89
473 120874.88
474 121115.92
475 120877.98
476 121149.78
477 120893.00
478 120996.00
479 121111.87
480 120777.13
481 121064.90
482 121099.00
483 120908.98
484 121073.96
485 120884.90
486 121073.96
487 121109.96
488 120888.95
489 120784.04
490 121325.97
491 121186.02
492 120774.98
493 121074.91
494 120869.87
495 120978.12
496 121323.11
497 121006.97
498 121201.04
499 121155.98
500 121099.00
501 121041.06
502 121247.05
503 121086.12
504 121448.99
505 120775.94
506 121119.98
507 120992.90
508 120954.04
509 120808.84
510 120944.98
511 121119.02
512 120996.95
513 120977.88
514 120890.14
515 120912.79
516 121026.99
517 121104.00
518 121159.08
519 120941.88
520 121349.10
521 120969.06
522 121356.01
523 121032.95
524 120826.01
525 121034.86
526 120955.94
527 121074.91
528 121027.95
529 121093.99
530 120933.06
531 121118.07
532 120941.88
533 120934.01
534 121317.86
535 121048.93
536 120918.04
537 120913.03
538 121006.01
539 121192.93
540 121196.03
541 121313.10
542 121167.90
543 120963.10
544 121010.07
545 120851.04
546 121099.00
547 121248.96
548 121205.09
549 121083.02
550 121263.03
551 120955.94
552 120899.20
553 121034.15
554 121073.96
555 121092.80
556 121106.15
557 120890.14
558 121023.18
559 121242.05
560 121171.00
561 120816.95
562 121173.14
563 120903.02
564 120764.97
565 121050.12
566 120763.06
567 121166.94
568 120970.96
569 121115.92
570 120891.09
571 121205.81
572 120898.01
573 121006.01
574 121110.92
575 120836.97
576 121160.03
577 121140.96
578 120927.81
579 120795.01
580 120893.00
581 120898.01
582 121078.01
583 121251.11
584 120857.00
585 121151.92
586 120890.86
587 120910.88
588 121061.09
589 121004.10
590 121161.94
591 120943.07
592 121265.17
593 120976.92
594 120805.03
595 121087.07
596 121134.04
597 121206.05
598 120873.93
599 121270.18
600 120918.99
601 120731.12
602 120982.89
603 121214.87
604 120891.81
605 120970.01
606 120738.98
607 121024.85
608 120789.05
609 120918.99
610 120944.98
611 121052.03
612 121112.11
613 121222.02
614 120776.18
615 121037.96
616 121051.07
617 120697.98
618 121075.15
619 120877.03
620 121099.95
621 120920.90
622 121025.09
623 121078.97
624 121037.96
625 120973.83
626 120912.08
627 121120.93
628 121014.83
629 121034.15
630 121320.01
631 121306.90
632 120928.05
633 121073.01
634 121037.96
635 120988.13
636 121037.96
637 121007.92
638 121007.20
639 121031.05
640 121022.94
641 121035.81
642 120985.98
643 121037.01
644 121044.87
645 121031.05
646 121043.92
647 121040.82
648 121044.16
649 121038.91
650 121052.03
651 121043.21
652 120994.09
653 120990.04
654 121017.93
655 121001.01
656 121025.09
657 121026.04
658 121025.80
659 121029.14
660 121027.95
661 121037.01
662 121042.01
663 121021.03
664 121007.92
665 120964.05
666 121034.86
667 121063.95
668 121039.87
669 120992.90
670 120965.00
671 121021.99
672 121044.87
673 121036.05
674 121046.07
675 121039.87
676 121008.87
677 121042.01
678 121031.05
679 121050.83
680 121039.15
681 121045.11
682 121040.82
683 121047.97
684 121001.96
685 121013.16
686 121000.05
687 121026.04
688 121021.99
689 121046.07
690 121033.91
691 121049.17
692 121039.87
693 120996.24
694 120949.03
695 121002.91
696 121127.13
697 121146.20
698 121122.12
699 121143.10
700 121124.98
701 121140.96
702 121135.00
703 121140.00
704 121131.90
705 121131.90
706 121134.04
707 121083.97
708 121136.90
709 121138.10
710 121052.03
711 121145.96
712 121138.10
713 121095.90
714 121136.90
715 121141.91
716 121036.05
717 121067.05
718 121118.07
719 121143.10
720 121122.84
721 121148.11
722 121129.99
723 121149.78
724 121131.90
725 121147.87
726 121035.10
727 121145.96
728 121147.16
729 121154.07
730 120984.08
731 121124.98
732 121123.08
733 121101.14
734 121140.00
735 121130.94
736 121140.96
737 121139.05
738 121106.86
739 120899.92
740 121148.82
741 121143.10
742 121145.96
743 121142.15
744 121124.98
745 121141.91
746 121146.20
747 121149.06
748 121145.01
749 121107.82
750 121057.03
751 121146.92
752 121145.96
753 121105.91
754 121135.00
755 121096.85
756 121137.14
757 121142.86
758 121121.17
759 121146.92
760 121135.95
761 121145.01
762 121139.05
763 121140.00
764 121138.10
765 121129.99
766 121135.95
767 121125.94
768 121138.10
769 121144.06
770 121047.02
771 121144.06
772 121121.88
773 121100.19
774 121125.94
775 121145.96
776 121134.04
777 121152.16
778 121135.00
779 121119.98
780 121133.09
781 121126.89
782 121132.14
783 121094.94
784 121130.94
785 121145.01
786 121143.10
787 121149.06
788 121140.00
789 121044.87
790 121107.82
791 121077.06
792 121119.02
793 121139.05
794 121120.93
795 121145.01
796 121129.04
797 121150.02
798 121127.13
799 121146.20
