800
0 121362.92
1 121133.09
2 121132.85
3 121104.00
4 121124.03
5 121119.02
6 121111.87
7 121127.84
8 121101.86
9 121151.92
10 121110.92
11 121121.17
12 121114.97
13 121139.05
14 121123.08
15 121039.15
16 121098.04
17 121100.19
18 121108.06
19 121120.93
20 121121.17
21 121122.84
22 121152.88
23 121104.96
24 121114.02
25 121122.84
26 121085.17
27 121115.92
28 121121.17
29 121114.97
30 121135.95
31 121121.88
32 121123.79
33 121128.80
34 121101.14
35 121124.98
36 121117.83
37 121127.13
38 121114.97
39 121123.08
40 121104.96
41 121107.10
42 121092.08
43 121119.02
44 121116.88
45 121114.97
46 121082.07
47 121047.97
48 121066.09
49 121099.95
50 121113.78
51 121101.14
52 121064.90
53 121124.03
54 121123.08
55 121129.99
56 121092.08
57 121098.04
58 121123.79
59 121121.88
60 121111.87
61 121100.90
62 121091.84
63 121105.91
64 121101.86
65 121127.13
66 121105.91
67 121128.08
68 121123.08
69 121148.82
70 121109.01
71 121023.89
72 121011.97
73 121110.92
74 121119.02
75 121116.16
76 121068.95
77 121100.90
78 121171.95
79 121121.88
80 121110.92
81 121121.88
82 121076.82
83 121102.09
84 121117.12
85 121123.08
86 121083.02
87 121124.98
88 121131.18
89 121108.77
90 121102.81
91 121126.17
92 121114.97
93 121060.13
94 121055.13
95 121012.93
96 121022.94
97 121063.95
98 121157.88
99 121135.00
100 120988.13
101 121111.87
102 121369.84
103 121129.04
104 121008.87
105 120876.07
106 121109.01
107 121428.97
108 120953.08
109 120957.14
110 121059.89
111 121062.99
112 121284.01
113 121057.03
114 120935.92
115 120924.00
116 120904.92
117 120826.96
118 121070.15
119 121114.97
120 120971.92
121 121090.89
122 120726.11
123 121052.98
124 120913.98
125 121061.80
126 120911.84
127 121601.10
128 120980.02
129 121699.09
130 120849.85
131 121255.87
132 120883.94
133 121070.15
134 121235.85
135 121051.07
136 120893.00
137 120939.97
138 120984.08
139 121018.17
140 121037.01
141 121243.95
142 121071.10
143 120893.96
144 121227.98
145 120952.13
146 121915.10
147 120929.00
148 121436.12
149 120897.05
150 121032.00
151 121869.09
152 121060.85
153 121093.03
154 120985.98
155 121731.04
156 121272.80
157 120826.96
158 121627.09
159 120887.04
160 121307.13
161 121614.93
162 121081.11
163 121193.89
164 121013.88
165 121068.00
166 120917.08
167 121066.09
168 121067.05
169 121046.07
170 121203.90
171 120990.99
172 120796.92
173 121503.11
174 121030.81
175 121538.88
176 120961.90
177 121176.00
178 120991.95
179 120985.03
180 121114.02
181 120985.98
182 121341.94
183 120876.07
184 121212.96
185 121129.99
186 121016.98
187 122536.90
188 121214.15
189 121273.04
190 121952.06
191 121016.98
192 121029.85
193 120962.14
194 120873.93
195 121928.93
196 121089.94
197 121491.19
198 120974.06
199 120845.08
200 120926.14
201 120960.95
202 120875.84
203 120905.16
204 120785.00
205 121720.08
206 121581.08
207 120965.00
208 120913.98
209 121504.07
210 120913.03
211 121133.09
212 121036.05
213 121070.86
214 121673.82
215 120769.02
216 121773.00
217 120874.17
218 120827.91
219 120991.95
220 120848.89
221 121407.03
222 121210.10
223 122664.93
224 121640.92
225 120967.15
226 121188.88
227 120882.03
228 121692.90
229 120872.97
230 121346.00
231 121233.94
232 120966.91
233 120918.99
234 121427.06
235 121789.93
236 122210.03
237 120718.96
238 121613.98
239 120899.20
240 120958.09
241 121009.83
242 120998.86
243 121192.93
244 120997.91
245 120961.19
246 121020.08
247 120913.03
248 121919.16
249 120977.88
250 121212.01
251 122581.96
252 120944.02
253 121308.09
254 121049.88
255 120939.97
256 121124.03
257 120992.18
258 121361.97
259 120879.89
260 121104.00
261 121040.11
262 121308.09
263 120786.19
264 121324.06
265 120817.90
266 121430.16
267 121245.86
268 121133.09
269 121155.02
270 120893.96
271 120902.06
272 121045.11
273 121291.88
274 121197.94
275 120860.10
276 121042.01
277 121793.03
278 121199.13
279 121572.02
280 120854.14
281 121455.19
282 121716.02
283 121077.06
284 120870.11
285 122560.02
286 121130.23
287 121620.89
288 120902.06
289 121560.10
290 121391.06
291 120805.98
292 120821.95
293 121037.01
294 121102.09
295 121052.03
296 121766.09
297 121916.06
298 121658.80
299 121386.05
300 121371.98
301 120857.95
302 120957.14
303 121778.01
304 120872.97
305 121100.90
306 121094.94
307 122066.97
308 120939.02
309 121438.03
310 121363.88
311 120846.99
312 120748.04
313 120922.09
314 121021.03
315 121662.86
316 121417.05
317 121426.82
318 121486.90
319 120857.00
320 122471.09
321 121401.07
322 120989.08
323 121196.99
324 121624.95
325 120929.96
326 120896.10
327 121665.00
328 120875.12
329 121551.04
330 120871.07
331 120793.10
332 120861.05
333 121391.06
334 120810.03
335 121159.08
336 120908.02
337 120966.91
338 121531.96
339 121185.06
340 121858.12
341 120828.87
342 121491.91
343 121092.08
344 120912.08
345 121762.99
346 120954.99
347 121273.99
348 121338.13
349 120913.98
350 121686.22
351 121310.95
352 120810.03
353 120863.91
354 121209.14
355 121274.95
356 121317.86
357 120811.22
358 122390.03
359 121442.08
360 121381.04
361 121407.03
362 120941.88
363 121111.87
364 120996.00
365 120925.19
366 121616.13
367 120963.10
368 120901.11
369 121138.10
370 121193.17
371 121286.15
372 120912.79
373 121359.83
374 120883.94
375 121320.01
376 120944.98
377 120974.06
378 120947.12
379 121176.96
380 120887.04
381 120944.02
382 121368.89
383 120851.99
384 121022.94
385 121447.09
386 120863.91
387 121015.07
388 121073.96
389 120953.08
390 120936.87
391 120944.02
392 120841.03
393 121274.95
394 121583.94
395 121096.85
396 121349.10
397 121024.85
398 121109.96
399 121019.84
400 121079.21
401 120969.06
402 121047.02
403 121423.01
404 121038.20
405 121210.10
406 120923.04
407 121093.99
408 121108.06
409 121192.93
410 121161.94
411 121573.93
412 120953.80
413 120937.11
414 121170.04
415 120869.87
416 121416.09
417 121192.22
418 120788.10
419 120954.99
420 121006.01
421 120941.16
422 120934.96
423 121241.09
424 121239.19
425 121383.91
426 121057.03
427 120925.19
428 120998.14
429 121001.96
430 121320.01
431 121372.94
432 120749.95
433 121102.81
434 121035.10
435 121366.98
436 121386.05
437 121104.96
438 121260.88
439 121041.06
440 120846.99
441 120952.84
442 120908.98
443 121141.91
444 121188.88
445 121227.98
446 121436.12
447 120792.15
448 120929.00
449 120888.95
450 121019.84
451 120906.83
452 121278.05
453 121050.12
454 121189.83
455 120948.08
456 120965.00
457 121427.06
458 120921.85
459 120903.97
460 120835.07
461 121107.10
462 121052.03
463 121569.16
464 121043.92
465 120898.01
466 121502.88
467 121423.01
468 121114.97
469 121109.01
470 121386.05
471 121011.02
472 121092.08
473 121045.11
474 121431.83
475 121040.11
476 121313.10
477 121407.99
478 120938.06
479 120929.96
480 121319.06
481 121710.06
482 120860.10
483 121099.00
484 121371.03
485 120953.08
486 121369.12
487 121017.93
488 121523.86
489 121017.93
490 121078.01
491 121279.95
492 121229.17
493 121018.17
494 120765.92
495 121191.02
496 121357.92
497 121385.10
498 121404.17
499 121069.91
500 121536.97
501 121394.16
502 120765.92
503 121098.04
504 121143.10
505 121126.17
506 121767.04
507 121131.90
508 121378.18
509 120966.91
510 121239.90
511 121325.02
512 121372.94
513 121263.98
514 120934.01
515 121788.98
516 120777.85
517 120862.01
518 121345.04
519 121109.96
520 121608.97
521 120601.89
522 121142.86
523 121714.83
524 121062.04
525 121011.97
526 121379.85
527 121439.93
528 120955.94
529 121008.16
530 121266.84
531 121247.05
532 121477.13
533 121324.06
534 121454.00
535 121104.96
536 121263.03
537 121371.98
538 121039.87
539 121218.92
540 120906.11
541 121130.94
542 120956.90
543 121365.07
544 121090.89
545 120946.88
546 121107.10
547 121513.13
548 121154.79
549 121328.12
550 121212.96
551 121547.22
552 121085.88
553 121555.09
554 121347.19
555 121565.82
556 121211.05
557 121129.04
558 121045.11
559 121023.89
560 121296.88
561 121429.92
562 121280.91
563 121160.98
564 121265.89
565 121428.01
566 121161.94
567 121135.00
568 121016.03
569 121262.07
570 122018.10
571 121230.13
572 121302.84
573 121334.79
574 121446.85
575 121451.85
576 121376.04
577 121419.91
578 121515.99
579 121019.84
580 121155.98
581 121168.85
582 121227.98
583 120872.02
584 121160.98
585 120990.99
586 121057.03
587 121402.98
588 120990.99
589 121442.08
590 121455.91
591 121259.93
592 121155.98
593 121299.03
594 120903.97
595 121122.12
596 121344.80
597 121081.11
598 121034.86
599 121160.98
600 121271.85
601 121586.08
602 121350.05
603 121433.97
604 121382.00
605 121341.94
606 120976.21
607 121284.01
608 121405.84
609 122092.01
610 121093.03
611 121186.02
612 121174.10
613 121186.97
614 121418.95
615 121095.90
616 121243.00
617 121140.00
618 121320.96
619 121426.82
620 121114.02
621 120996.00
622 121078.97
623 121555.09
624 121491.91
625 121155.98
626 121531.01
627 120990.99
628 121536.97
629 121424.20
630 121947.05
631 121329.07
632 121126.89
633 121367.22
634 121092.08
635 121510.03
636 121376.04
637 121391.06
638 121167.90
639 121567.96
640 121139.05
641 121374.13
642 121304.99
643 121387.00
644 120933.06
645 121431.11
646 120972.87
647 121090.89
648 121231.79
649 121315.00
650 121150.97
651 121373.18
652 121672.15
653 121399.88
654 121402.98
655 121328.12
656 121176.96
657 121086.12
658 120900.15
659 121019.84
660 121415.85
661 121070.15
662 121222.02
663 121155.02
664 121597.05
665 121502.16
666 121235.85
667 121484.99
668 121082.78
669 121519.09
670 120887.99
671 121242.05
672 121746.06
673 121500.02
674 121580.12
675 120878.93
676 121497.15
677 121428.97
678 121276.14
679 121636.15
680 120851.99
681 121713.88
682 121182.92
683 121510.98
684 121323.11
685 121078.01
686 121391.06
687 121276.14
688 121558.90
689 121333.84
690 121172.90
691 121174.10
692 121143.82
693 121146.92
694 121168.85
695 121344.09
696 121322.15
697 121228.93
698 121281.86
699 121340.99
700 121454.00
701 121273.99
702 121599.91
703 121404.89
704 121824.03
705 121495.96
706 121082.07
707 121525.05
708 120782.85
709 121119.98
710 121184.11
711 121485.95
712 121237.99
713 121466.16
714 120761.16
715 121290.92
716 121088.03
717 121197.94
718 120975.02
719 121153.12
720 121490.00
721 121423.01
722 121154.07
723 121629.00
724 121182.92
725 121739.15
726 121237.04
727 121265.89
728 121017.93
729 121643.07
730 121255.87
731 121273.99
732 121308.09
733 121508.12
734 121065.86
735 120981.93
736 121010.07
737 121422.05
738 120920.90
739 120884.18
740 120846.03
741 121358.16
742 121120.93
743 120867.01
744 121613.98
745 121001.96
746 120841.98
747 121289.01
748 120984.08
749 121246.10
750 121128.08
751 121451.14
752 120840.07
753 121142.86
754 120997.91
755 121073.01
756 121327.88
757 121157.88
758 120988.13
759 120832.92
760 120951.89
761 121305.94
762 120907.07
763 121500.97
764 121273.04
765 120991.95
766 120868.92
767 121107.10
768 120889.90
769 121073.96
770 121163.13
771 121110.92
772 120891.09
773 120961.90
774 121579.89
775 121128.08
776 121382.00
777 121134.04
778 121283.05
779 121093.99
780 121069.91
781 121073.96
782 121129.99
783 121135.00
784 121135.95
785 121140.00
786 121136.90
787 121129.99
788 121135.00
789 121085.88
790 121124.98
791 121139.05
792 121078.97
793 121081.83
794 120983.84
795 121144.06
796 121143.82
797 121140.96
798 121137.14
799 121117.83
