800
0 121309.04
1 121196.99
2 121161.22
3 121131.90
4 121171.00
5 121178.87
6 121157.17
7 121168.14
8 121159.08
9 121172.90
10 121160.98
11 121173.14
12 121161.94
13 121181.96
14 121165.99
15 121144.06
16 121171.00
17 121283.05
18 121214.87
19 121159.08
20 121134.04
21 121157.88
22 121181.96
23 121167.90
24 121181.96
25 121175.05
26 121168.85
27 121107.10
28 121176.00
29 121189.12
30 121188.16
31 121157.88
32 121156.22
33 121157.88
34 121160.03
35 121180.06
36 121173.14
37 121165.04
38 121185.06
39 121112.11
40 121175.05
41 121187.93
42 121152.16
43 121186.97
44 121162.18
45 121154.07
46 121179.10
47 121176.96
48 121156.93
49 121178.87
50 121176.00
51 121198.18
52 121176.00
53 121181.01
54 121171.95
55 121175.05
56 121155.98
57 121176.00
58 121093.99
59 121131.90
60 121180.06
61 121181.01
62 121186.97
63 121229.89
64 121189.12
65 121143.10
66 121156.22
67 121104.96
68 121161.94
69 121158.84
70 121162.18
71 121161.22
72 121237.99
73 121083.02
74 121149.06
75 121171.00
76 121160.03
77 121172.90
78 121158.84
79 121140.00
80 121217.97
81 121154.07
82 121084.93
83 121178.15
84 121181.01
85 121180.06
86 121181.01
87 121104.96
88 121150.02
89 121176.00
90 121178.15
91 121175.05
92 121189.12
93 121147.87
94 121195.08
95 121158.12
96 121070.86
97 121096.13
98 121075.15
99 121131.90
100 121032.95
101 121193.17
102 121088.03
103 121107.82
104 121216.06
105 120827.91
106 121032.00
107 121443.03
108 121060.85
109 121044.16
110 121152.88
111 121181.01
112 120989.08
113 121052.03
114 121120.93
115 121634.96
116 121174.10
117 121236.09
118 121101.86
119 121121.17
120 121057.03
121 121162.18
122 121404.89
123 121188.88
124 121232.03
125 121084.93
126 121105.19
127 121996.88
128 121124.03
129 121078.01
130 121061.09
131 121192.93
132 122071.03
133 121175.05
134 121747.02
135 121037.96
136 120993.85
137 121438.03
138 121124.03
139 121195.08
140 121085.88
141 121453.05
142 120966.91
143 121084.93
144 121026.99
145 121165.04
146 121438.98
147 121082.07
148 121493.82
149 121371.98
150 121281.15
151 121568.92
152 121526.96
153 122128.01
154 121091.84
155 121052.03
156 120712.04
157 121164.08
158 121737.00
159 121026.04
160 121151.92
161 121051.07
162 121068.00
163 120982.17
164 121115.92
165 121064.90
166 121062.04
167 121732.95
168 121948.00
169 121002.20
170 121066.09
171 121737.00
172 121022.94
173 121541.02
174 121089.94
175 121654.03
176 121100.90
177 121144.06
178 121433.02
179 121304.99
180 121149.06
181 121546.03
182 121649.98
183 121472.84
184 121219.16
185 122202.16
186 121149.06
187 121080.88
188 121242.05
189 121082.07
190 121968.98
191 121156.93
192 121887.92
193 121208.91
194 121098.04
195 121552.94
196 121407.03
197 122031.93
198 121040.11
199 120912.08
200 121495.01
201 120970.01
202 121369.12
203 120919.94
204 120965.00
205 121926.07
206 121158.84
207 121715.07
208 121250.87
209 121013.16
210 121001.96
211 121044.87
212 122093.92
213 121083.02
214 121073.01
215 121035.10
216 121476.89
217 121639.97
218 121126.89
219 122030.97
220 121099.95
221 121187.93
222 121130.94
223 121057.99
224 121060.13
225 121071.10
226 122025.01
227 121591.81
228 121057.99
229 120965.96
230 121052.03
231 121547.94
232 121032.00
233 121994.02
234 121831.89
235 121684.07
236 121308.09
237 121253.01
238 121064.19
239 120816.95
240 120800.02
241 121040.11
242 121005.06
243 121181.01
244 120800.97
245 121140.96
246 121002.91
247 120947.12
248 121521.00
249 120963.81
250 120996.95
251 121424.91
252 121366.02
253 122028.11
254 120993.14
255 120973.11
256 121033.19
257 120954.04
258 120908.02
259 121203.18
260 121003.87
261 121026.04
262 121148.11
263 121105.91
264 121147.87
265 121011.02
266 120810.99
267 121581.08
268 120876.07
269 120962.86
270 120943.07
271 121443.99
272 121754.17
273 122029.78
274 121551.04
275 121472.84
276 121096.85
277 121191.02
278 121111.15
279 122624.87
280 121343.14
281 121006.97
282 121147.16
283 121083.97
284 122500.90
285 121415.85
286 121183.16
287 121531.96
288 121512.89
289 121196.99
290 121056.08
291 120950.94
292 121021.99
293 120858.91
294 121484.99
295 121376.04
296 121140.00
297 120869.87
298 121433.97
299 121804.00
300 120966.20
301 121492.15
302 120877.98
303 121640.92
304 121371.03
305 121351.96
306 121305.94
307 121590.85
308 121515.99
309 121356.01
310 121732.00
311 120980.02
312 121079.92
313 121376.99
314 120877.98
315 121595.14
316 121817.83
317 120998.14
318 121754.88
319 121587.99
320 121362.92
321 120943.07
322 121417.05
323 121270.90
324 121447.09
325 121144.06
326 121207.95
327 121896.03
328 120939.02
329 121215.82
330 121456.15
331 121223.93
332 121340.04
333 121805.91
334 121088.98
335 121093.03
336 120986.94
337 120771.88
338 121629.00
339 120948.08
340 121313.10
341 121237.04
342 120906.83
343 120924.00
344 120983.84
345 121419.19
346 121412.04
347 121140.00
348 121557.00
349 121013.88
350 120810.03
351 121122.12
352 121443.99
353 120958.09
354 121336.94
355 121173.86
356 121736.05
357 121160.03
358 121222.97
359 120918.99
360 121035.81
361 121267.08
362 121434.93
363 120996.00
364 121258.02
365 121007.92
366 121279.95
367 121363.16
368 121131.90
369 120967.15
370 121147.87
371 121053.93
372 120967.15
373 121047.02
374 120874.88
375 120901.82
376 121315.96
377 120976.92
378 121088.98
379 120984.08
380 121115.21
381 121055.13
382 121236.09
383 121099.95
384 121016.98
385 120920.90
386 120820.05
387 121521.00
388 120989.08
389 121053.93
390 120991.95
391 121011.02
392 121433.02
393 120857.95
394 121069.91
395 121046.07
396 121433.97
397 121035.10
398 121074.91
399 121130.94
400 121504.07
401 120945.93
402 121041.06
403 120815.99
404 121104.96
405 120898.96
406 121115.21
407 121024.13
408 121507.17
409 121062.04
410 120908.02
411 121153.12
412 121563.91
413 121032.00
414 121001.96
415 121005.06
416 121160.03
417 120810.99
418 120983.84
419 121049.88
420 120946.88
421 121258.02
422 121340.99
423 121225.83
424 121201.99
425 121038.91
426 121112.82
427 121176.00
428 121045.83
429 121586.08
430 121667.86
431 121003.15
432 121021.03
433 121049.88
434 121220.11
435 121192.93
436 121062.99
437 121016.03
438 121071.10
439 120840.07
440 120924.00
441 120985.03
442 121230.84
443 120954.04
444 121402.03
445 121097.80
446 121106.15
447 120946.17
448 121087.07
449 120897.05
450 121700.05
451 121356.01
452 121284.01
453 120996.95
454 121096.85
455 120958.09
456 121654.03
457 120884.90
458 121834.04
459 121095.90
460 120985.98
461 121331.93
462 121358.16
463 121073.96
464 120981.93
465 120944.02
466 120973.83
467 121605.87
468 121047.97
469 120922.09
470 120879.89
471 121243.00
472 121428.01
473 121688.13
474 120827.91
475 121402.03
476 121270.90
477 121268.03
478 121314.05
479 121107.10
480 120980.02
481 121361.97
482 120820.05
483 121462.11
484 121028.90
485 121249.91
486 120836.97
487 121120.93
488 121291.16
489 120905.16
490 121588.95
491 121383.19
492 121068.95
493 121275.90
494 121062.04
495 121672.87
496 121847.87
497 120947.12
498 121026.99
499 121108.06
500 120967.86
501 120830.77
502 120927.10
503 120943.07
504 121636.87
505 121517.18
506 120816.95
507 121572.97
508 121297.12
509 121001.96
510 121072.05
511 121087.07
512 122061.97
513 121191.02
514 121014.83
515 121150.97
516 120977.16
517 121832.85
518 121487.14
519 121039.87
520 121359.11
521 121080.88
522 121460.91
523 120779.04
524 121598.01
525 121453.05
526 120779.04
527 121167.90
528 120977.88
529 121170.04
530 120999.10
531 120890.14
532 120980.02
533 121066.09
534 121191.98
535 121135.23
536 121150.97
537 121084.21
538 121361.97
539 121209.14
540 120682.00
541 121766.81
542 121201.04
543 121003.87
544 120852.95
545 121178.87
546 121134.04
547 121203.90
548 121493.10
549 121031.05
550 120910.88
551 121011.02
552 120998.14
553 121563.91
554 121240.14
555 121262.07
556 120802.88
557 121120.93
558 121128.08
559 121118.07
560 121308.09
561 121039.15
562 121432.07
563 120920.90
564 121651.89
565 121409.18
566 121073.96
567 121677.88
568 121316.91
569 121016.98
570 121405.12
571 121157.17
572 121629.00
573 121176.96
574 121339.80
575 121258.02
576 121739.15
577 121366.98
578 121427.06
579 121936.80
580 121126.89
581 120926.14
582 121546.03
583 121227.98
584 121365.07
585 121963.98
586 120981.22
587 121287.11
588 121636.87
589 121280.91
590 121376.99
591 121176.00
592 121551.04
593 120982.17
594 121677.88
595 121222.02
596 121238.95
597 120887.99
598 121182.20
599 121448.99
600 121519.09
601 122066.97
602 121459.96
603 120972.87
604 121074.91
605 121675.97
606 121215.11
607 121160.03
608 121376.99
609 121170.04
610 121092.08
611 121201.99
612 120991.95
613 121310.95
614 121408.94
615 121490.96
616 121246.10
617 121046.07
618 121092.08
619 121253.01
620 121176.96
621 121374.13
622 121412.99
623 121032.95
624 121431.11
625 121078.01
626 120783.09
627 121287.82
628 120869.87
629 121130.94
630 121201.99
631 120972.87
632 121005.06
633 121128.08
634 120959.04
635 121165.04
636 121186.02
637 120971.92
638 120984.08
639 121006.01
640 121036.05
641 120829.11
642 121025.09
643 121366.02
644 121000.05
645 121021.99
646 121035.10
647 121379.85
648 121282.10
649 121340.99
650 121551.99
651 121348.14
652 121089.94
653 121306.18
654 120921.85
655 121303.08
656 121444.94
657 121194.84
658 121596.10
659 120893.00
660 121212.96
661 121020.08
662 120949.98
663 120745.90
664 121002.91
665 121033.19
666 121225.83
667 121474.03
668 120988.13
669 121479.99
670 120908.98
671 121114.97
672 120846.03
673 120889.19
674 121397.02
675 121109.96
676 121382.95
677 120949.98
678 120879.17
679 120908.98
680 120966.91
681 121191.02
682 121157.88
683 121183.87
684 121320.96
685 121124.98
686 121125.94
687 121078.97
688 121021.99
689 121231.08
690 121334.08
691 121132.14
692 121090.17
693 121244.91
694 121822.12
695 121179.10
696 121281.15
697 120895.15
698 121188.16
699 121567.01
700 121021.03
701 121593.00
702 120759.96
703 121459.01
704 121275.90
705 121173.86
706 120849.85
707 120812.89
708 120717.05
709 120979.07
710 121275.90
711 121566.06
712 121088.98
713 121311.90
714 121230.13
715 121360.06
716 121034.15
717 121026.04
718 121655.94
719 121421.10
720 121166.94
721 120906.11
722 121186.97
723 121254.21
724 121056.08
725 121137.14
726 120973.11
727 121218.20
728 121303.08
729 121384.86
730 121047.97
731 121486.90
732 121104.96
733 121285.92
734 121093.99
735 121565.10
736 121149.06
737 121010.78
738 121119.02
739 121327.88
740 121168.14
741 121245.86
742 120943.07
743 121241.09
744 121210.10
745 121284.96
746 122051.00
747 121095.18
748 121766.81
749 121322.15
750 121141.91
751 121151.92
752 121282.82
753 120913.98
754 121574.88
755 121208.19
756 121071.10
757 121476.89
758 121359.11
759 121011.97
760 121047.02
761 121245.86
762 120822.91
763 120990.04
764 120914.94
765 121078.01
766 120777.13
767 121003.15
768 120879.89
769 121236.80
770 120893.96
771 121295.93
772 121480.94
773 121264.93
774 120893.00
775 120751.14
776 120765.92
777 121198.89
778 121474.98
779 120814.09
780 120858.91
781 121298.79
782 121196.03
783 120867.01
784 120882.03
785 120841.98
786 120819.09
787 121119.98
788 121234.89
789 120765.92
790 121178.87
791 121301.89
792 121107.10
793 121143.82
794 121104.00
795 121016.98
796 120775.94
797 120881.08
798 121192.93
799 121026.04
