1120
0 121083.97
1 121023.89
2 121013.16
3 121030.09
4 121015.07
5 120990.99
6 121011.02
7 121009.83
8 121007.20
9 121013.88
10 121014.12
11 121007.20
12 121027.95
13 121001.01
14 120949.98
15 121001.96
16 121011.02
17 121016.03
18 121068.95
19 121011.97
20 120987.89
21 120991.95
22 121021.99
23 121013.16
24 121014.12
25 121022.94
26 121021.99
27 120988.85
28 120999.10
29 120996.95
30 121021.99
31 121050.12
32 121019.12
33 121006.01
34 121006.01
35 121019.12
36 121042.01
37 121023.18
38 120964.05
39 121001.96
40 120935.92
41 121022.94
42 121012.93
43 121013.88
44 121046.07
45 120978.83
46 121002.20
47 120982.89
48 121007.92
49 121003.15
50 120953.08
51 121021.99
52 120996.95
53 120997.91
54 120877.03
55 121009.11
56 121010.07
57 121027.95
58 121008.87
59 120999.81
60 120998.14
61 121001.96
62 121025.09
63 121016.98
64 121013.16
65 120962.86
66 120999.10
67 121008.87
68 121006.97
69 120898.96
70 121052.98
71 121016.03
72 121026.99
73 120981.93
74 120932.82
75 121021.03
76 121019.84
77 120993.14
78 121002.91
79 121010.07
80 120961.19
81 121021.99
82 120996.95
83 121045.11
84 120999.10
85 121032.00
86 121019.84
87 120937.82
88 121016.03
89 121026.99
90 121015.79
91 121004.10
92 121014.83
93 121026.99
94 121018.89
95 121003.87
96 120929.96
97 120899.92
98 121006.01
99 120979.07
100 120956.90
101 121078.97
102 120879.89
103 121149.06
104 120968.82
105 121047.97
106 120932.10
107 122582.91
108 120937.11
109 122405.05
110 123020.17
111 122219.09
112 123644.11
113 126028.06
114 126036.88
115 124380.11
116 124289.99
117 123417.85
118 125760.08
119 124222.99
120 124875.07
121 126448.87
122 126914.02
123 125355.96
124 125396.01
125 126245.98
126 125763.89
127 126552.10
128 124985.93
129 127245.90
130 127084.97
131 127261.88
132 126259.09
133 125394.11
134 126075.98
135 125745.06
136 125791.07
137 127159.83
138 125498.06
139 125381.95
140 126818.90
141 124562.98
142 125939.85
143 126039.98
144 127484.08
145 125185.97
146 125005.96
147 123958.11
148 126257.18
149 126238.11
150 127070.90
151 124932.05
152 124747.99
153 125548.84
154 124666.93
155 125922.20
156 126142.02
157 126033.07
158 126018.05
159 125741.00
160 124470.00
161 124070.88
162 125961.07
163 125099.90
164 125678.78
165 124125.00
166 126211.88
167 126290.08
168 123854.16
169 124725.82
170 125228.88
171 124269.01
172 124269.01
173 125993.01
174 124978.07
175 124958.04
176 124832.87
177 127548.93
178 123747.11
179 126482.96
180 124418.02
181 126282.22
182 123831.99
183 126805.07
184 125036.95
185 124274.02
186 124977.11
187 125087.02
188 125094.18
189 125128.98
190 125821.11
191 125086.07
192 125777.96
193 123250.01
194 124788.05
195 125667.10
196 123821.97
197 123893.02
198 125353.10
199 124616.15
200 125169.04
201 125063.90
202 125767.95
203 126471.04
204 123959.06
205 123068.09
206 125509.02
207 124650.00
208 125324.01
209 124497.89
210 124161.96
211 125916.00
212 125906.94
213 125865.94
214 125895.02
215 124268.05
216 124884.13
217 127141.00
218 124603.99
219 125421.05
220 123933.79
221 125627.04
222 124827.86
223 124660.97
224 125535.96
225 125562.91
226 125427.96
227 125649.93
228 123739.96
229 126064.06
230 124451.88
231 124471.90
232 123517.04
233 125785.11
234 125687.84
235 124856.00
236 125392.91
237 124722.00
238 124660.02
239 125414.85
240 125795.13
241 125175.95
242 124959.95
243 123257.16
244 126477.96
245 125943.18
246 124917.03
247 125187.16
248 124414.92
249 124378.92
250 125170.95
251 124833.11
252 125300.17
253 124354.12
254 124850.03
255 124732.02
256 124014.85
257 124706.98
258 126286.98
259 125287.06
260 124408.96
261 125118.02
262 125499.01
263 124668.12
264 124559.16
265 126187.80
266 125227.93
267 126798.15
268 124233.01
269 125046.01
270 125503.06
271 125646.83
272 125731.95
273 124672.89
274 125460.86
275 124834.78
276 124486.92
277 124584.91
278 124529.12
279 126070.02
280 125072.00
281 125165.94
282 125002.86
283 124909.16
284 125020.03
285 125073.91
286 126487.97
287 125475.17
288 126522.06
289 124901.06
290 124801.16
291 123933.08
292 123897.08
293 124742.03
294 124850.03
295 124614.00
296 125359.06
297 125303.03
298 124348.88
299 125517.13
300 125025.03
301 125216.01
302 125155.21
303 125072.96
304 125273.94
305 124340.06
306 126094.82
307 126581.19
308 125762.94
309 124933.00
310 124876.98
311 124120.00
312 127293.83
313 123723.98
314 124894.86
315 125486.14
316 124782.09
317 123378.99
318 126566.89
319 123878.96
320 124645.95
321 124315.02
322 125183.11
323 126266.00
324 124299.05
325 125093.94
326 124408.96
327 123312.00
328 125077.01
329 124867.92
330 125072.00
331 124055.86
332 124708.89
333 124577.05
334 125540.02
335 126502.04
336 124665.02
337 127112.15
338 125577.93
339 124688.15
340 124725.10
341 124178.89
342 125259.88
343 125210.05
344 125124.93
345 124722.96
346 123890.88
347 126301.05
348 125216.96
349 125195.03
350 124068.02
351 125623.94
352 126146.08
353 126134.87
354 125439.17
355 125463.96
356 124080.90
357 126371.15
358 124871.97
359 124161.01
360 124072.07
361 124670.03
362 124449.01
363 124268.05
364 123973.85
365 124005.08
366 124140.98
367 124428.99
368 123878.00
369 123436.93
370 124509.10
371 124963.05
372 123470.07
373 124682.90
374 124494.08
375 123746.87
376 124655.01
377 124121.90
378 124110.94
379 124956.13
380 124700.07
381 123368.02
382 123526.81
383 124475.00
384 124526.02
385 123599.05
386 124522.21
387 124389.89
388 124222.04
389 124346.02
390 123790.03
391 124510.05
392 124460.94
393 124268.05
394 124517.92
395 124182.94
396 123733.04
397 124662.88
398 124639.03
399 124471.90
400 124970.20
401 124356.99
402 124327.90
403 123674.87
404 125091.08
405 123603.11
406 124993.09
407 123967.89
408 124286.89
409 123985.05
410 124011.99
411 124051.09
412 124397.99
413 124205.11
414 124126.91
415 124063.01
416 124086.86
417 124454.98
418 124122.14
419 124107.12
420 124199.15
421 124943.02
422 124012.23
423 123660.09
424 124259.00
425 124566.08
426 124006.99
427 124156.00
428 123652.94
429 124272.82
430 124099.02
431 123899.94
432 123819.11
433 123558.04
434 123862.03
435 123943.09
436 123749.02
437 124187.95
438 124052.05
439 124627.83
440 124701.02
441 124174.12
442 124090.91
443 123883.01
444 124459.98
445 123878.96
446 123990.06
447 124019.86
448 124222.99
449 123602.87
450 124211.07
451 124021.05
452 123735.90
453 124377.01
454 124192.95
455 124511.00
456 124185.80
457 123878.96
458 124166.97
459 123604.06
460 122936.01
461 123734.95
462 124997.85
463 123559.95
464 124186.99
465 124007.94
466 124520.06
467 124266.15
468 124038.93
469 124743.94
470 123927.83
471 124320.98
472 124588.97
473 123806.00
474 124876.98
475 124624.97
476 124789.95
477 124303.10
478 123518.94
479 124226.09
480 124531.98
481 123963.83
482 124140.98
483 123775.96
484 124000.07
485 124480.96
486 123820.07
487 124280.93
488 123496.06
489 124988.08
490 123406.17
491 124094.96
492 124529.84
493 124230.86
494 123887.06
495 124650.00
496 124482.15
497 123112.92
498 124480.96
499 124463.08
500 124368.91
501 124059.92
502 124273.06
503 123573.06
504 123921.16
505 122852.09
506 121001.96
507 121253.01
508 121165.99
509 121148.11
510 121057.99
511 121067.05
512 121162.89
513 121389.87
514 121080.88
515 120964.05
516 121032.00
517 120814.09
518 120809.08
519 120960.95
520 120981.93
521 120887.04
522 121051.79
523 121075.15
524 120881.08
525 120982.89
526 121166.94
527 121199.13
528 120780.94
529 121012.21
530 121098.04
531 120999.10
532 120888.95
533 120833.87
534 120797.87
535 120871.78
536 120933.06
537 120971.92
538 121073.01
539 121064.19
540 121073.01
541 120960.00
542 121303.80
543 120809.08
544 121106.15
545 120909.93
546 120948.79
547 120961.90
548 121232.99
549 121204.14
550 121080.16
551 121049.17
552 120903.97
553 120926.86
554 120771.17
555 120923.04
556 121298.79
557 120853.19
558 120990.04
559 121151.92
560 120832.92
561 121150.97
562 121094.94
563 121228.93
564 121152.88
565 121402.98
566 120997.19
567 120913.03
568 120916.13
569 121098.04
570 121235.13
571 120796.92
572 121754.17
573 121028.90
574 120942.12
575 121120.93
576 121346.95
577 121083.02
578 120994.09
579 121062.04
580 120993.14
581 121144.06
582 121061.09
583 120905.88
584 120699.17
585 120930.19
586 121201.99
587 121195.08
588 121043.92
589 121108.06
590 121199.13
591 121026.04
592 121033.91
593 120943.78
594 120987.18
595 121201.99
596 120837.93
597 120826.96
598 120793.82
599 121101.14
600 120921.13
601 121007.92
602 121157.17
603 121155.02
604 121032.00
605 120905.16
606 120903.02
607 121012.93
608 121113.78
609 120797.87
610 120910.88
611 121030.09
612 121163.13
613 120857.95
614 121351.00
615 121079.92
616 120782.85
617 120878.93
618 120742.08
619 120729.92
620 120961.90
621 121098.04
622 121273.99
623 121099.00
624 120832.92
625 121038.20
626 121716.02
627 120804.07
628 121216.06
629 120964.05
630 120812.18
631 120982.17
632 121016.98
633 121293.07
634 121196.99
635 121352.91
636 121440.17
637 120926.14
638 121254.92
639 120805.03
640 121089.94
641 121042.01
642 121035.81
643 121094.94
644 120898.01
645 120964.05
646 120803.12
647 121071.10
648 121194.84
649 120845.08
650 121155.02
651 120956.90
652 121125.94
653 120923.04
654 121065.86
655 120877.98
656 121018.89
657 120920.90
658 121323.82
659 121042.97
660 120882.99
661 121531.96
662 120888.95
663 121125.94
664 120939.97
665 121038.91
666 120960.95
667 121334.08
668 121361.02
669 120809.08
670 120911.84
671 121063.95
672 121100.90
673 120929.96
674 121007.92
675 120826.96
676 120932.82
677 121386.05
678 121294.98
679 121171.00
680 120893.00
681 120898.96
682 121110.20
683 121004.10
684 120996.00
685 121366.02
686 120939.02
687 121009.11
688 121003.87
689 121166.94
690 121085.88
691 121051.07
692 121003.87
693 121045.11
694 120790.96
695 120910.17
696 121135.00
697 120996.95
698 120800.02
699 120895.15
700 121354.82
701 121217.97
702 120855.09
703 120827.91
704 121117.83
705 121064.90
706 121274.95
707 121041.06
708 121082.78
709 121047.02
710 121117.12
711 121105.91
712 121073.96
713 121327.88
714 121073.96
715 120829.82
716 120967.86
717 121171.95
718 120695.11
719 121347.19
720 121073.96
721 120927.10
722 120855.09
723 121036.05
724 121025.80
725 120940.21
726 120979.07
727 121150.02
728 120944.02
729 121314.05
730 121025.09
731 120910.17
732 120872.97
733 121131.18
734 121000.05
735 120892.05
736 120988.85
737 121176.00
738 120919.94
739 121146.92
740 120816.95
741 120965.96
742 121218.92
743 121012.21
744 121187.93
745 121001.96
746 121053.93
747 120926.14
748 121016.98
749 121512.89
750 121081.11
751 120867.01
752 120913.98
753 121048.93
754 121268.99
755 121434.93
756 121006.97
757 120817.90
758 120960.00
759 120905.16
760 121110.92
761 121060.85
762 121001.96
763 120753.05
764 121084.21
765 121371.98
766 121005.06
767 120792.87
768 120890.14
769 120864.87
770 120853.90
771 120771.88
772 121148.11
773 121325.97
774 120847.94
775 121319.06
776 121046.07
777 121202.23
778 121319.06
779 121037.01
780 121224.16
781 120977.16
782 121034.86
783 120912.08
784 120829.11
785 121201.99
786 121943.95
787 121078.01
788 121419.91
789 121047.97
790 121005.06
791 120794.06
792 121004.82
793 120779.99
794 121199.85
795 121248.01
796 120970.96
797 120926.86
798 121315.00
799 121200.08
800 121021.99
801 120976.92
802 120936.16
803 121279.95
804 120882.03
805 121296.17
806 121078.01
807 121159.79
808 120932.10
809 121114.97
810 121262.07
811 120943.07
812 120907.07
813 120916.13
814 121263.98
815 121016.98
816 120940.21
817 120934.01
818 120788.10
819 120926.86
820 121129.04
821 120916.13
822 120862.01
823 120970.01
824 120816.95
825 120804.07
826 121317.15
827 120856.05
828 120861.05
829 120824.10
830 121234.89
831 120993.85
832 121588.23
833 121080.88
834 120862.96
835 120855.09
836 120903.97
837 121100.90
838 121164.08
839 121186.02
840 121501.92
841 120846.99
842 120751.86
843 121232.99
844 121258.97
845 121113.06
846 121330.02
847 121104.00
848 121474.98
849 120975.02
850 120795.97
851 121055.13
852 120976.92
853 120964.05
854 121122.12
855 120887.04
856 120796.92
857 120960.95
858 120957.14
859 121335.03
860 120820.05
861 121250.15
862 121129.99
863 121089.22
864 121086.84
865 120877.03
866 120754.00
867 121252.06
868 120810.03
869 121305.94
870 121087.07
871 121104.00
872 121116.88
873 121132.85
874 121135.95
875 121110.92
876 121138.10
877 121109.96
878 121133.80
879 121115.92
880 121129.99
881 121137.86
882 121118.07
883 121044.87
884 121119.98
885 121126.17
886 120985.03
887 121040.11
888 121145.01
889 121137.14
890 121113.06
891 121110.92
892 121116.16
893 121129.99
894 121126.89
895 121151.21
896 121041.06
897 121118.07
898 121119.98
899 121119.02
900 121137.14
901 121137.14
902 121132.85
903 121124.98
904 121113.78
905 121118.07
906 121127.84
907 121129.99
908 121164.08
909 121130.94
910 121137.14
911 121124.98
912 121155.02
913 121141.91
914 121135.00
915 121135.00
916 121135.95
917 121116.88
918 121123.08
919 121125.94
920 121129.99
921 121152.16
922 121100.90
923 121136.19
924 121084.93
925 121129.99
926 121057.03
927 121136.90
928 121112.11
929 121101.86
930 121188.88
931 121129.99
932 121133.09
933 121130.94
934 121130.94
935 121124.98
936 121126.89
937 121086.84
938 121129.04
939 121169.09
940 121143.10
941 121109.01
942 121105.91
943 121149.06
944 121135.95
945 121130.94
946 121070.15
947 121083.02
948 121132.85
949 121117.83
950 121133.09
951 121133.09
952 121155.02
953 121135.95
954 121137.86
955 121119.02
956 121130.94
957 121130.94
958 121135.95
959 121142.15
960 121135.95
961 121119.02
962 121080.88
963 121065.86
964 121129.99
965 121150.97
966 121062.99
967 121094.94
968 121124.98
969 121139.76
970 121136.19
971 121137.14
972 121120.93
973 121130.94
974 121167.90
975 121129.99
976 121141.20
977 121142.15
978 121124.03
979 121116.88
980 121132.85
981 121131.90
982 121109.01
983 121109.96
984 121068.00
985 121124.03
986 121057.03
987 121146.92
988 121099.95
989 121138.81
990 121123.08
991 121153.83
992 121132.14
993 121134.04
994 121057.99
995 121137.86
996 121128.08
997 121121.17
998 121135.00
999 121129.99
1000 121154.07
1001 121138.10
1002 121114.02
1003 121034.15
1004 121023.89
1005 121135.00
1006 121116.88
1007 121131.90
1008 121112.11
1009 121071.10
1010 121133.09
1011 121142.15
1012 121135.95
1013 121160.98
1014 121116.88
1015 121129.04
1016 121132.14
1017 121133.09
1018 121141.91
1019 121145.01
1020 121107.10
1021 121119.02
1022 121088.03
1023 121141.91
1024 121140.96
1025 121062.04
1026 121085.17
1027 121141.91
1028 121114.97
1029 121140.00
1030 121135.00
1031 121135.95
1032 121150.02
1033 121114.97
1034 121117.12
1035 121135.00
1036 121145.96
1037 121131.18
1038 121134.04
1039 121153.12
1040 121129.99
1041 121148.82
1042 121087.07
1043 121144.06
1044 121140.00
1045 121135.00
1046 121132.85
1047 121065.14
1048 121139.05
1049 121114.97
1050 121119.98
1051 121127.84
1052 121135.00
1053 121136.90
1054 121123.79
1055 121145.01
1056 121164.08
1057 121131.90
1058 121139.05
1059 121145.01
1060 121146.20
1061 121138.10
1062 121129.99
1063 121116.16
1064 121115.92
1065 121135.00
1066 121060.13
1067 121063.95
1068 121125.94
1069 121055.84
1070 121129.99
1071 121129.99
1072 121043.92
1073 121142.86
1074 121128.80
1075 121124.98
1076 121144.06
1077 121141.20
1078 121144.06
1079 121146.92
1080 121127.13
1081 121129.04
1082 121124.03
1083 121145.96
1084 121099.00
1085 121147.16
1086 121055.13
1087 121119.02
1088 121119.02
1089 121115.92
1090 121142.86
1091 121154.07
1092 121115.92
1093 121134.04
1094 121140.00
1095 121135.00
1096 121132.14
1097 121123.08
1098 121117.12
1099 121137.14
1100 121146.20
1101 121145.01
1102 121130.94
1103 121114.02
1104 121136.19
1105 121128.08
1106 121128.08
1107 121140.00
1108 121171.95
1109 121144.06
1110 121112.82
1111 121123.08
1112 121118.07
1113 121132.14
1114 121130.94
1115 121145.96
1116 121128.08
1117 121158.84
1118 121135.95
1119 121124.03
