1120
0 121229.89
1 121131.90
2 121137.86
3 121114.97
4 121120.21
5 121125.94
6 121135.95
7 121123.79
8 121114.02
9 121139.05
10 121137.14
11 121124.98
12 121046.07
13 121116.16
14 121134.04
15 121114.02
16 121130.94
17 121130.94
18 121134.04
19 121120.93
20 121123.08
21 121110.92
22 121122.12
23 121102.81
24 121103.05
25 121107.10
26 121124.03
27 121137.14
28 121099.00
29 121130.94
30 121136.19
31 121032.00
32 121042.01
33 121117.12
34 121075.87
35 121078.97
36 121123.08
37 121123.08
38 121174.10
39 121123.08
40 121038.91
41 121104.00
42 121105.91
43 121107.10
44 121115.92
45 121123.79
46 121124.98
47 121111.15
48 121111.87
49 121110.92
50 121119.98
51 121106.86
52 121017.93
53 121104.00
54 121110.92
55 121111.15
56 121098.04
57 121094.94
58 121107.10
59 121110.92
60 121100.90
61 121102.09
62 121114.97
63 121101.14
64 121104.00
65 121099.00
66 121116.88
67 121099.00
68 121097.09
69 121099.95
70 121119.02
71 121098.04
72 120977.88
73 121104.00
74 121111.87
75 121099.00
76 121105.91
77 121099.00
78 121115.92
79 121100.90
80 121099.95
81 121101.86
82 121122.12
83 121105.19
84 121105.91
85 121119.98
86 121119.98
87 121095.90
88 121104.00
89 121105.91
90 121136.19
91 121104.00
92 121047.02
93 121084.21
94 121136.90
95 121070.15
96 120970.01
97 120944.98
98 121119.02
99 121006.01
100 121076.11
101 121101.86
102 121732.95
103 121114.02
104 120789.05
105 121605.16
106 121125.22
107 121165.99
108 121109.96
109 121810.91
110 122053.86
111 120857.00
112 121405.12
113 121017.93
114 121048.93
115 121093.99
116 120922.09
117 120958.09
118 121098.04
119 121032.00
120 120977.16
121 121958.97
122 120833.16
123 121021.99
124 120906.83
125 120983.84
126 121023.89
127 121473.07
128 121124.98
129 120950.94
130 121088.98
131 120655.06
132 120817.18
133 121188.16
134 121156.93
135 121245.15
136 120966.91
137 121042.97
138 121410.13
139 121654.99
140 121453.05
141 120917.08
142 121045.83
143 120918.99
144 121510.03
145 120952.84
146 121253.97
147 120953.08
148 121993.06
149 121315.00
150 121099.00
151 120969.06
152 120723.01
153 121018.17
154 121719.12
155 120931.15
156 120831.97
157 121155.02
158 121248.01
159 121283.77
160 121794.94
161 120845.08
162 120843.17
163 120968.10
164 121036.05
165 121390.10
166 121032.00
167 121085.88
168 121619.94
169 120826.01
170 121181.96
171 121160.03
172 121660.95
173 121073.96
174 121371.98
175 121582.98
176 121176.96
177 120806.93
178 121216.06
179 120929.96
180 120965.96
181 120858.91
182 121253.01
183 121284.96
184 120877.03
185 121179.10
186 120823.14
187 121007.92
188 122175.93
189 121554.85
190 121959.92
191 121533.16
192 121012.93
193 121815.92
194 121881.01
195 120868.92
196 121567.96
197 120794.06
198 121454.00
199 120867.97
200 122016.19
201 121381.04
202 120907.07
203 121183.87
204 120911.12
205 120882.03
206 120913.98
207 121618.03
208 121196.99
209 121021.99
210 121463.06
211 121048.21
212 121050.12
213 121804.00
214 120897.05
215 120945.93
216 120990.04
217 121318.10
218 121176.00
219 120970.96
220 122476.10
221 121119.98
222 121294.98
223 121583.94
224 121021.99
225 121295.93
226 121174.10
227 121577.02
228 121663.09
229 121110.92
230 121406.08
231 120898.96
232 121500.02
233 121137.14
234 121469.97
235 120766.16
236 120936.87
237 120902.06
238 121073.96
239 120846.99
240 121377.94
241 120928.05
242 120934.01
243 121566.06
244 121678.83
245 121368.89
246 121116.88
247 121351.00
248 120846.03
249 121081.83
250 121443.99
251 121003.15
252 120808.84
253 121181.01
254 121023.18
255 121849.06
256 121617.08
257 120846.03
258 120855.09
259 121531.96
260 120811.94
261 121495.96
262 121057.99
263 120985.98
264 120820.05
265 120898.96
266 121003.15
267 121003.87
268 121052.03
269 121559.86
270 121068.00
271 121538.16
272 121418.95
273 122135.16
274 122080.09
275 121085.88
276 121762.04
277 121070.86
278 121371.03
279 121322.15
280 121487.14
281 121184.11
282 120976.92
283 121304.99
284 122384.07
285 122810.13
286 121581.08
287 121372.94
288 122244.12
289 120867.01
290 120853.90
291 120836.02
292 121639.97
293 120857.00
294 121592.04
295 120976.92
296 122562.17
297 120970.01
298 121409.89
299 121147.87
300 120823.86
301 121914.15
302 121059.89
303 121463.06
304 122166.87
305 121865.03
306 121397.02
307 120878.93
308 120815.04
309 122642.04
310 121470.93
311 120922.80
312 121013.88
313 120868.92
314 121472.12
315 120900.87
316 121485.95
317 121439.93
318 121629.00
319 120893.96
320 120845.79
321 121512.89
322 121662.14
323 121360.78
324 121181.96
325 121002.91
326 122066.02
327 122936.01
328 122447.01
329 121260.88
330 121654.99
331 121158.12
332 121317.86
333 121223.93
334 120832.92
335 121326.92
336 121510.03
337 121757.03
338 121376.99
339 120857.95
340 120813.85
341 120995.04
342 121335.03
343 121043.92
344 121413.95
345 120834.83
346 121306.90
347 121412.04
348 121078.97
349 121173.86
350 121095.90
351 121848.82
352 120862.96
353 120994.09
354 120902.06
355 121407.99
356 121159.08
357 121418.00
358 121170.04
359 120928.05
360 120962.86
361 120965.00
362 121107.82
363 120896.10
364 120749.95
365 120863.91
366 120792.15
367 121042.97
368 120980.98
369 120910.17
370 120887.99
371 120969.06
372 120798.11
373 120911.84
374 121167.90
375 120814.09
376 120760.92
377 121080.88
378 121067.05
379 120885.13
380 121505.02
381 120795.01
382 120740.89
383 120831.01
384 120949.98
385 120973.11
386 121013.16
387 120886.80
388 121138.10
389 121119.98
390 120964.05
391 120869.87
392 120934.01
393 120982.17
394 121093.99
395 120896.10
396 121063.95
397 120819.09
398 121015.07
399 120983.12
400 120810.99
401 121125.94
402 120751.86
403 121005.06
404 120931.86
405 121117.12
406 120764.02
407 120906.11
408 121593.95
409 120851.99
410 120939.02
411 120944.98
412 121131.90
413 120922.09
414 121350.05
415 120970.96
416 120930.91
417 120753.05
418 121140.96
419 120898.96
420 121116.88
421 121038.20
422 120965.00
423 120907.78
424 120945.93
425 120872.97
426 120907.07
427 121099.00
428 121099.95
429 120851.99
430 121149.06
431 120903.02
432 121083.97
433 120840.07
434 121304.99
435 120808.12
436 121110.92
437 121130.94
438 120938.06
439 120856.05
440 121119.98
441 121416.81
442 121220.83
443 121145.96
444 121032.95
445 120954.04
446 120927.10
447 121327.16
448 121376.99
449 120795.01
450 121718.88
451 121622.09
452 120740.89
453 120877.03
454 120754.96
455 120944.02
456 121003.87
457 120698.93
458 121260.88
459 120757.10
460 121060.13
461 120765.92
462 120848.89
463 120838.88
464 121598.96
465 120931.86
466 120902.06
467 120988.85
468 121037.01
469 120902.06
470 121014.12
471 121247.05
472 121404.17
473 120882.03
474 120814.80
475 121315.96
476 121427.06
477 121179.10
478 121337.18
479 121567.01
480 121556.04
481 120806.22
482 121195.08
483 121104.96
484 121219.87
485 121237.04
486 121413.95
487 121845.96
488 121052.03
489 121083.97
490 121175.05
491 121223.21
492 121145.96
493 121049.17
494 121008.16
495 121645.93
496 121070.86
497 121211.05
498 121292.83
499 120846.03
500 121809.96
501 121413.95
502 121565.82
503 121180.06
504 121210.81
505 121436.12
506 121241.81
507 121600.15
508 121675.97
509 121335.98
510 120797.87
511 121032.00
512 121404.89
513 121078.01
514 121454.00
515 121249.91
516 121165.04
517 120960.95
518 120838.88
519 121175.05
520 121139.05
521 121730.80
522 121299.98
523 120918.04
524 121489.05
525 121120.93
526 121021.99
527 121526.00
528 121267.08
529 121021.99
530 121273.99
531 121013.88
532 120656.97
533 121586.08
534 121438.98
535 121356.01
536 121050.83
537 120992.90
538 121031.05
539 121228.93
540 121099.95
541 121246.10
542 121103.05
543 120930.19
544 121304.99
545 121247.05
546 121031.05
547 121295.93
548 121410.85
549 121317.15
550 121288.78
551 121492.15
552 121427.06
553 121256.11
554 121359.11
555 121490.96
556 121227.98
557 120975.97
558 121145.96
559 121207.95
560 121976.85
561 121254.92
562 121502.88
563 121319.06
564 120944.98
565 121158.12
566 120934.01
567 121051.07
568 121517.90
569 121185.06
570 121505.98
571 121277.09
572 121018.89
573 121279.00
574 121429.92
575 121396.06
576 121099.00
577 120842.93
578 121304.99
579 121202.95
580 121129.99
581 121280.91
582 121038.20
583 120846.99
584 121093.99
585 121057.03
586 121007.92
587 121199.13
588 121057.03
589 120858.91
590 121279.95
591 121371.03
592 121736.05
593 120629.07
594 121031.05
595 120921.13
596 121289.97
597 121403.93
598 121110.20
599 120902.06
600 121329.07
601 121381.04
602 121388.91
603 121760.13
604 121468.07
605 121672.15
606 121281.86
607 120777.13
608 121291.16
609 120943.78
610 121048.93
611 121299.98
612 121337.89
613 121316.91
614 121027.95
615 121195.08
616 121122.12
617 121012.93
618 121325.97
619 121019.12
620 121547.94
621 120991.95
622 121580.84
623 121618.99
624 121937.99
625 121644.02
626 121268.99
627 120997.91
628 120892.05
629 121376.99
630 121094.94
631 121797.08
632 120998.14
633 121181.96
634 121448.04
635 121176.96
636 120983.84
637 121111.87
638 121500.02
639 121251.11
640 121016.03
641 121205.09
642 121620.18
643 121562.96
644 121175.05
645 121609.93
646 121152.88
647 121045.83
648 121421.10
649 121545.08
650 121112.11
651 121219.16
652 121362.92
653 121160.98
654 121346.95
655 121291.88
656 121720.08
657 121335.03
658 121233.94
659 121210.10
660 121220.11
661 121228.93
662 121283.05
663 121782.06
664 121203.18
665 120707.99
666 121564.15
667 120841.98
668 121350.05
669 121232.99
670 121194.12
671 121637.11
672 121304.04
673 121490.96
674 121403.93
675 121484.04
676 121403.93
677 121254.92
678 121465.21
679 121146.92
680 121062.04
681 121191.98
682 122070.07
683 121666.91
684 121240.14
685 121824.98
686 121567.01
687 121521.00
688 120815.99
689 120885.85
690 121201.99
691 121322.87
692 120943.07
693 121186.02
694 121191.98
695 121224.16
696 121209.86
697 121289.01
698 121299.98
699 120991.95
700 121222.02
701 121504.07
702 121053.93
703 121945.86
704 120906.11
705 121476.89
706 121302.84
707 121172.90
708 121819.97
709 121218.92
710 121031.05
711 121037.01
712 121323.11
713 121068.00
714 121360.06
715 121066.09
716 121377.94
717 121305.94
718 121324.06
719 121035.10
720 121732.00
721 121327.88
722 120965.00
723 121080.16
724 120617.15
725 121236.09
726 121073.01
727 121435.88
728 121135.00
729 120934.96
730 121225.12
731 121325.02
732 120941.88
733 120990.99
734 121498.11
735 120947.84
736 121206.05
737 121494.77
738 121367.93
739 121173.86
740 121412.04
741 121284.96
742 121125.94
743 121198.89
744 121284.96
745 121199.85
746 121225.83
747 121448.99
748 121392.01
749 121114.02
750 121279.95
751 121397.02
752 121129.99
753 121124.03
754 121394.16
755 121600.87
756 121057.03
757 120913.03
758 120898.01
759 121244.91
760 121032.00
761 121521.00
762 120945.93
763 121351.96
764 121154.07
765 121040.11
766 121299.98
767 121103.05
768 121310.00
769 120769.98
770 121405.12
771 121031.05
772 121250.15
773 121126.17
774 121042.01
775 121171.00
776 121410.13
777 121433.97
778 121293.07
779 121441.13
780 121472.12
781 120918.04
782 121083.02
783 120872.97
784 121317.86
785 120953.08
786 120885.85
787 121104.00
788 121325.97
789 121508.84
790 121160.03
791 121282.82
792 120985.03
793 121104.00
794 121231.08
795 121061.09
796 121373.18
797 121140.00
798 121120.21
799 121040.11
800 120913.98
801 120768.07
802 120924.00
803 121082.07
804 121130.94
805 121392.97
806 121439.93
807 121145.01
808 121748.92
809 120786.19
810 121361.02
811 121474.03
812 120934.01
813 121578.93
814 121314.05
815 121317.15
816 121428.97
817 121554.85
818 120827.91
819 121217.97
820 121221.07
821 121014.12
822 121427.06
823 121849.06
824 121026.99
825 121314.05
826 121216.06
827 121033.91
828 120880.84
829 121016.98
830 121335.03
831 121295.93
832 121185.06
833 121073.96
834 120994.09
835 121597.05
836 120883.94
837 120906.11
838 121519.09
839 121339.08
840 121334.08
841 121502.88
842 121912.00
843 121205.09
844 121587.99
845 121002.20
846 121782.06
847 121159.08
848 121238.95
849 121411.09
850 121243.00
851 121515.04
852 121135.95
853 121349.10
854 120996.00
855 121368.89
856 121502.88
857 121511.94
858 121358.87
859 121173.14
860 120966.91
861 121331.93
862 121241.09
863 121423.01
864 121187.93
865 121785.88
866 121142.15
867 121298.07
868 121685.03
869 121383.91
870 121332.17
871 121365.07
872 121127.84
873 121083.02
874 121303.08
875 121685.03
876 121045.83
877 121603.97
878 121442.08
879 121193.89
880 121278.05
881 121648.07
882 121084.93
883 120970.01
884 120895.86
885 121631.15
886 121403.93
887 121632.10
888 121315.96
889 121245.86
890 120992.18
891 121901.99
892 120941.16
893 121323.82
894 121313.10
895 121047.97
896 120817.90
897 120723.96
898 121042.01
899 121203.18
900 121021.03
901 120970.01
902 120943.78
903 121120.93
904 121161.94
905 120680.09
906 121009.83
907 120785.95
908 120975.02
909 121349.10
910 121745.11
911 121235.13
912 121110.92
913 121011.97
914 121270.90
915 120990.99
916 120940.92
917 120793.82
918 120786.91
919 121219.87
920 121218.92
921 121169.09
922 121072.05
923 121302.84
924 121124.03
925 120967.86
926 121742.01
927 121532.20
928 120998.86
929 121032.95
930 120904.92
931 120872.02
932 121469.02
933 121217.01
934 121397.97
935 120766.88
936 120732.07
937 121207.00
938 121233.22
939 120655.06
940 121102.09
941 121457.10
942 121499.06
943 120904.92
944 121354.10
945 120982.89
946 121256.11
947 121420.15
948 121186.02
949 120902.06
950 121057.99
951 120805.98
952 120908.02
953 121031.05
954 121263.03
955 121009.11
956 121019.12
957 121125.94
958 121327.16
959 120749.95
960 120848.89
961 121566.06
962 120719.91
963 120851.99
964 121006.97
965 120930.91
966 120857.00
967 120952.84
968 120864.15
969 121029.14
970 121228.93
971 120950.94
972 120903.02
973 120938.06
974 121217.01
975 121120.93
976 121030.09
977 121112.11
978 121292.83
979 121023.89
980 120923.04
981 120949.98
982 121093.03
983 121327.88
984 120911.84
985 120989.80
986 120821.00
987 121142.86
988 121229.89
989 121390.10
990 120810.03
991 121096.85
992 121016.03
993 121008.87
994 121018.89
995 121362.92
996 120951.18
997 120937.11
998 121016.98
999 120906.11
1000 120837.93
1001 120942.12
1002 120862.96
1003 120979.07
1004 121325.97
1005 121107.82
1006 121043.92
1007 120901.11
1008 121094.94
1009 121150.02
1010 120853.90
1011 120954.04
1012 121021.99
1013 120802.88
1014 121258.97
1015 120903.97
1016 120890.14
1017 121182.92
1018 120996.95
1019 121018.89
1020 121059.89
1021 121067.05
1022 121107.82
1023 121088.98
1024 121111.15
1025 121109.01
1026 121112.11
1027 121103.05
1028 121101.14
1029 121095.18
1030 121114.97
1031 121104.00
1032 121114.02
1033 121111.15
1034 121117.83
1035 121049.17
1036 121104.00
1037 121096.85
1038 121110.92
1039 121120.21
1040 121114.02
1041 121109.96
1042 121135.95
1043 121119.02
1044 121109.96
1045 121129.99
1046 121110.20
1047 121073.01
1048 121104.96
1049 121098.04
1050 121115.92
1051 120964.05
1052 121104.96
1053 121105.91
1054 121114.02
1055 121101.86
1056 121093.03
1057 121097.09
1058 121119.02
1059 121107.10
1060 121094.23
1061 121107.10
1062 121121.17
1063 121109.01
1064 121093.99
1065 121105.91
1066 121127.13
1067 121099.95
1068 121098.04
1069 121120.93
1070 121124.03
1071 121118.07
1072 121114.97
1073 121122.12
1074 121106.86
1075 121126.89
1076 121116.88
1077 121107.10
1078 121109.96
1079 121116.88
1080 121121.88
1081 121121.88
1082 121119.02
1083 121118.07
1084 121083.97
1085 121124.03
1086 121109.96
1087 121072.05
1088 121099.95
1089 121104.00
1090 121126.89
1091 121106.86
1092 121104.00
1093 121097.09
1094 121128.08
1095 121119.02
1096 121114.02
1097 121078.01
1098 121116.88
1099 121055.13
1100 121111.15
1101 121119.98
1102 121124.98
1103 121117.12
1104 121119.98
1105 121114.02
1106 121102.09
1107 121090.17
1108 121095.90
1109 121101.14
1110 121119.98
1111 121129.04
1112 121122.12
1113 121120.93
1114 121116.88
1115 121124.98
1116 121121.88
1117 121109.96
1118 121118.07
1119 121119.98
