1120
0 121199.13
1 121072.05
2 121079.92
3 121004.10
4 121026.99
5 121063.95
6 121065.14
7 121069.91
8 121062.04
9 121063.23
10 121050.83
11 121068.00
12 121071.10
13 121040.11
14 121074.91
15 121048.21
16 121078.01
17 121031.05
18 121062.04
19 121053.93
20 121057.03
21 121061.09
22 121059.89
23 120990.99
24 121068.00
25 120997.19
26 121062.99
27 121026.04
28 121073.01
29 121045.11
30 121018.89
31 121037.96
32 121047.97
33 121082.07
34 121056.08
35 121049.88
36 121041.06
37 121042.01
38 121049.17
39 121047.97
40 121047.97
41 121052.98
42 121068.95
43 121057.99
44 121040.11
45 120891.09
46 121057.03
47 121008.16
48 121053.93
49 121067.05
50 121059.18
51 121063.95
52 121060.13
53 121064.90
54 121042.97
55 121088.03
56 121047.02
57 120844.13
58 121060.13
59 121055.13
60 121066.09
61 121064.90
62 121073.01
63 121069.91
64 121042.01
65 121009.11
66 121048.93
67 121063.95
68 121001.01
69 121061.09
70 121036.05
71 121059.89
72 121030.81
73 121064.90
74 121047.02
75 120996.00
76 121062.04
77 121068.95
78 121073.96
79 121071.10
80 121039.87
81 121038.91
82 121048.93
83 121044.87
84 121053.93
85 120992.18
86 121056.08
87 121022.94
88 121057.03
89 121042.01
90 121058.94
91 121048.93
92 121016.03
93 121022.94
94 121064.90
95 121068.95
96 121100.90
97 120934.01
98 121012.93
99 121049.17
100 121071.10
101 121000.05
102 121052.03
103 121144.06
104 121024.13
105 121948.96
106 121150.02
107 121141.20
108 120920.18
109 121106.86
110 120990.99
111 121673.11
112 121000.05
113 120932.10
114 121703.86
115 121554.14
116 121536.97
117 121002.91
118 121831.89
119 121137.14
120 121357.92
121 121083.02
122 121382.95
123 120887.04
124 120947.84
125 121326.92
126 121040.11
127 121288.06
128 121153.12
129 121044.87
130 121932.03
131 122033.12
132 120913.98
133 121134.04
134 121060.13
135 121397.97
136 121470.93
137 121108.06
138 121284.96
139 120953.08
140 121540.07
141 120897.05
142 121741.06
143 121174.10
144 121052.98
145 121433.97
146 120896.10
147 121334.08
148 120963.10
149 121099.00
150 121557.00
151 121491.91
152 121362.92
153 121163.85
154 121242.05
155 120962.14
156 121213.91
157 121138.81
158 120893.96
159 122246.03
160 121449.95
161 120885.13
162 122643.95
163 121116.88
164 121360.06
165 121507.88
166 120906.83
167 122628.93
168 121034.86
169 121078.97
170 121461.15
171 121371.03
172 121710.06
173 121099.95
174 121491.91
175 121269.94
176 120954.99
177 120969.06
178 121819.02
179 121407.03
180 121686.94
181 121510.98
182 121540.07
183 121299.03
184 122227.91
185 121103.05
186 121418.00
187 120757.10
188 121198.89
189 120785.95
190 121484.99
191 121594.91
192 121197.94
193 120947.12
194 121010.07
195 121741.06
196 121717.93
197 122499.94
198 120966.20
199 120801.93
200 121470.93
201 121351.96
202 120911.12
203 121141.91
204 121109.01
205 121814.97
206 121729.85
207 121551.99
208 120906.83
209 120842.93
210 121315.00
211 121330.02
212 122051.95
213 120924.95
214 120949.03
215 120922.09
216 121594.91
217 120749.95
218 120895.86
219 120805.98
220 120862.01
221 121170.04
222 120987.18
223 121098.04
224 121006.97
225 120999.81
226 120873.93
227 121232.99
228 121045.11
229 121052.03
230 120890.86
231 121936.08
232 121567.96
233 121527.91
234 121118.78
235 120879.17
236 121439.93
237 121148.11
238 121194.84
239 121419.91
240 121377.94
241 122097.97
242 121120.93
243 120980.98
244 120950.94
245 121891.02
246 121517.90
247 121169.81
248 120801.21
249 121016.03
250 121508.84
251 120906.83
252 120930.91
253 120906.11
254 121243.00
255 121573.21
256 121555.81
257 121207.00
258 121514.08
259 121593.00
260 121018.89
261 121123.08
262 121115.92
263 120813.13
264 121323.82
265 121694.09
266 121892.93
267 121034.86
268 121032.95
269 120743.99
270 120966.91
271 121556.04
272 121457.82
273 121501.92
274 121891.02
275 121543.17
276 121709.82
277 120815.99
278 121367.93
279 121329.78
280 120886.80
281 121546.98
282 121185.06
283 121133.09
284 121314.05
285 121273.04
286 121370.08
287 121137.86
288 121069.91
289 121289.97
290 120898.01
291 121288.06
292 121126.17
293 121349.10
294 121080.88
295 120913.03
296 120935.92
297 120918.04
298 121150.02
299 121675.97
300 122132.78
301 121339.80
302 121258.02
303 121129.04
304 120998.86
305 121989.97
306 122226.95
307 121669.05
308 121110.92
309 121416.09
310 121349.10
311 120966.91
312 120839.83
313 121042.01
314 120762.11
315 121442.79
316 121517.90
317 121503.83
318 121329.07
319 121283.05
320 121947.05
321 121083.02
322 121212.01
323 122347.83
324 121572.02
325 120860.10
326 120760.20
327 120771.88
328 120939.97
329 122311.12
330 121509.08
331 120913.98
332 121337.89
333 120982.89
334 120919.94
335 121226.79
336 121741.06
337 121015.07
338 121111.87
339 121124.98
340 121440.89
341 121593.00
342 121060.85
343 120829.11
344 121649.03
345 121631.15
346 121131.90
347 121181.01
348 120828.15
349 120757.82
350 121858.12
351 121688.84
352 120891.81
353 121653.08
354 121530.77
355 121432.07
356 121014.12
357 121320.01
358 121190.07
359 120666.03
360 120899.92
361 120973.11
362 121034.15
363 120924.95
364 120843.89
365 120939.02
366 121079.21
367 121256.11
368 120754.00
369 121124.03
370 120958.09
371 121145.01
372 120860.82
373 120901.11
374 120835.07
375 120985.03
376 120905.88
377 120826.96
378 120758.06
379 120825.05
380 120977.88
381 121014.12
382 121264.93
383 120943.07
384 120616.91
385 120661.02
386 121051.07
387 121346.95
388 121021.03
389 120815.04
390 121443.03
391 120810.99
392 120957.14
393 121063.95
394 120891.09
395 120780.94
396 121465.92
397 120976.92
398 121047.97
399 120836.97
400 121465.21
401 121229.89
402 121294.98
403 121120.93
404 121058.94
405 120805.98
406 121114.97
407 120810.99
408 120998.86
409 120965.96
410 120999.10
411 121028.90
412 120831.97
413 120918.99
414 120985.03
415 121017.93
416 120929.96
417 121681.93
418 120798.11
419 120692.01
420 121261.12
421 120835.07
422 121040.11
423 120918.04
424 120851.04
425 121498.82
426 121023.18
427 121116.88
428 121093.03
429 120990.99
430 120915.17
431 121850.01
432 121021.99
433 121366.02
434 121229.89
435 121227.03
436 121454.00
437 121084.93
438 120895.15
439 120919.94
440 120857.00
441 120750.90
442 121084.93
443 121109.96
444 121311.90
445 120937.11
446 121824.03
447 120753.05
448 121726.04
449 120970.01
450 120924.95
451 120962.86
452 121056.08
453 120846.99
454 121434.93
455 120888.95
456 121191.98
457 121026.99
458 120831.01
459 120988.13
460 120977.88
461 120661.02
462 120918.04
463 121726.04
464 120831.01
465 121246.81
466 120790.00
467 121902.94
468 120978.83
469 120646.00
470 121362.92
471 121786.83
472 120970.96
473 120745.90
474 121224.88
475 121161.94
476 120867.97
477 121416.09
478 121472.12
479 121205.09
480 121118.07
481 120839.83
482 121288.06
483 120893.00
484 120826.96
485 121151.92
486 121118.07
487 121167.90
488 121491.19
489 120921.85
490 121204.14
491 120846.99
492 120843.89
493 120713.00
494 121105.91
495 121310.00
496 120972.87
497 121065.86
498 121610.88
499 121304.99
500 120878.93
501 120841.98
502 120815.99
503 120631.93
504 120988.85
505 120806.93
506 121227.03
507 121259.93
508 121273.99
509 121209.14
510 121526.96
511 121360.06
512 121253.97
513 121488.81
514 120958.09
515 121606.83
516 121498.11
517 121268.99
518 120656.01
519 121886.97
520 121690.03
521 121478.08
522 121071.10
523 121281.86
524 121840.95
525 120882.99
526 121154.07
527 121304.04
528 121117.12
529 121830.94
530 121248.01
531 120943.07
532 121815.92
533 121104.00
534 121442.08
535 121055.13
536 121138.10
537 121224.88
538 120943.07
539 121226.07
540 120978.83
541 121243.95
542 121215.11
543 121016.03
544 121058.23
545 121015.07
546 120942.12
547 121087.79
548 120970.96
549 121596.10
550 121365.07
551 121612.07
552 121711.97
553 121739.86
554 121235.13
555 121486.90
556 121397.02
557 121685.03
558 121041.06
559 121572.02
560 120766.88
561 121158.84
562 121507.88
563 121126.89
564 121161.94
565 121195.08
566 121125.94
567 121088.98
568 121853.11
569 121266.13
570 121155.98
571 121557.00
572 121017.93
573 121370.79
574 120790.00
575 121443.03
576 121721.98
577 121390.10
578 121491.19
579 121150.02
580 121429.92
581 121379.85
582 121026.99
583 121607.07
584 121265.89
585 121437.07
586 121615.89
587 121320.96
588 121360.06
589 121019.12
590 121140.00
591 121741.06
592 121635.91
593 121521.95
594 121089.94
595 121786.12
596 120910.88
597 121409.89
598 121582.98
599 121239.90
600 121633.05
601 121798.04
602 120975.02
603 121187.93
604 121124.98
605 121468.07
606 121267.80
607 121201.99
608 121159.08
609 121177.91
610 121296.88
611 121268.99
612 121997.83
613 120898.96
614 121611.12
615 120977.16
616 121442.79
617 121551.99
618 121638.06
619 121528.15
620 121389.15
621 120801.93
622 121552.94
623 121109.96
624 121031.05
625 121525.05
626 121455.91
627 121116.16
628 121624.95
629 121330.02
630 120963.10
631 121691.94
632 121171.00
633 120904.92
634 121047.02
635 121221.07
636 121294.98
637 121310.00
638 121706.01
639 121140.00
640 121612.07
641 121773.96
642 121595.86
643 121553.18
644 121654.03
645 120910.88
646 121149.06
647 121283.05
648 121671.20
649 121051.07
650 121271.85
651 121374.13
652 121171.00
653 121728.18
654 121104.00
655 121403.93
656 120822.19
657 121194.12
658 121061.09
659 121345.04
660 121370.08
661 121215.11
662 121716.98
663 121518.14
664 121469.02
665 121289.01
666 121359.11
667 120943.07
668 121305.23
669 121209.86
670 121289.01
671 120844.13
672 121480.94
673 121330.02
674 120978.12
675 120955.94
676 121685.03
677 121284.01
678 121376.04
679 121258.97
680 121184.11
681 121371.03
682 121000.05
683 120697.02
684 121395.11
685 121006.01
686 120924.00
687 121196.99
688 121297.84
689 121487.14
690 121948.96
691 121782.06
692 121449.95
693 121183.16
694 121433.97
695 121558.90
696 121220.11
697 121249.91
698 121296.88
699 121231.08
700 121439.93
701 121376.04
702 120868.92
703 121245.86
704 120886.09
705 121777.06
706 121631.86
707 121122.12
708 121366.02
709 121439.93
710 121578.93
711 121484.04
712 121054.17
713 121090.89
714 121251.11
715 120833.87
716 121308.09
717 121517.90
718 121404.17
719 121248.01
720 121490.96
721 121330.02
722 121314.05
723 121393.92
724 121353.15
725 121689.08
726 122048.85
727 121577.98
728 121641.16
729 121373.89
730 121701.00
731 121026.04
732 121402.98
733 121485.95
734 121448.99
735 121346.95
736 121114.02
737 121439.93
738 120642.90
739 121495.96
740 121572.97
741 121522.90
742 121539.12
743 121301.89
744 121365.07
745 121380.81
746 121334.08
747 121910.10
748 121510.03
749 121589.90
750 121045.11
751 121726.99
752 121093.03
753 121617.08
754 121297.12
755 121232.99
756 121392.97
757 121556.04
758 121535.78
759 121201.04
760 121139.05
761 121409.18
762 121315.96
763 121227.03
764 121503.83
765 121885.06
766 122090.10
767 121759.18
768 121107.10
769 121053.93
770 121199.85
771 121342.90
772 120994.81
773 121087.07
774 121294.02
775 121312.14
776 121306.18
777 120786.91
778 121758.94
779 121531.01
780 121989.97
781 121393.92
782 121182.92
783 120998.14
784 121237.04
785 121357.92
786 121417.05
787 121396.78
788 121402.98
789 121016.03
790 121212.01
791 121165.99
792 121311.90
793 121403.93
794 121199.13
795 121052.03
796 121119.02
797 120973.83
798 121363.16
799 121544.84
800 121819.97
801 121149.06
802 121464.01
803 121360.06
804 120884.90
805 120981.22
806 121496.92
807 121354.10
808 120939.97
809 120985.98
810 121638.06
811 120911.12
812 121314.05
813 121679.07
814 121144.06
815 121350.05
816 121311.90
817 121755.12
818 121145.96
819 121320.01
820 121323.11
821 121508.12
822 121075.15
823 121082.07
824 121290.21
825 121452.09
826 121317.86
827 121448.04
828 121892.21
829 121270.90
830 121698.14
831 121265.17
832 120818.85
833 120951.89
834 121407.99
835 122048.85
836 121212.96
837 121801.85
838 121696.00
839 120994.09
840 121135.00
841 121510.98
842 121146.20
843 120918.99
844 121529.10
845 121212.01
846 121404.89
847 121783.97
848 121308.09
849 121770.14
850 121625.90
851 121820.21
852 121953.96
853 121202.95
854 121285.20
855 121070.86
856 121610.16
857 121232.99
858 121290.21
859 121097.09
860 120990.99
861 120858.91
862 121457.10
863 121078.97
864 121137.86
865 120978.83
866 121212.96
867 120998.14
868 121300.94
869 121242.05
870 121435.17
871 121598.01
872 121574.88
873 121199.13
874 120949.03
875 121457.10
876 121023.89
877 120876.79
878 121125.94
879 121272.09
880 121264.93
881 121643.07
882 121328.12
883 121320.01
884 121104.96
885 121304.04
886 120997.91
887 121346.00
888 121620.89
889 121171.00
890 121418.00
891 121043.92
892 121418.95
893 121114.02
894 121616.84
895 121149.06
896 121107.10
897 120908.02
898 121335.03
899 121141.91
900 121401.07
901 121247.05
902 122166.16
903 121744.87
904 121500.02
905 121683.12
906 121798.04
907 121536.97
908 121215.11
909 121273.04
910 120972.87
911 121374.85
912 121361.02
913 121569.16
914 121407.03
915 122358.08
916 121521.95
917 121505.98
918 121725.08
919 121268.99
920 121007.92
921 120864.87
922 121088.03
923 121433.97
924 121009.11
925 121515.04
926 121237.99
927 121167.18
928 121726.99
929 121484.04
930 121276.14
931 121486.90
932 121162.89
933 121509.08
934 120975.02
935 120973.11
936 121342.90
937 121243.00
938 121359.11
939 121256.11
940 121177.20
941 120986.94
942 120877.03
943 121309.04
944 120829.11
945 121422.05
946 120925.90
947 121292.11
948 121443.99
949 121715.07
950 120951.18
951 121073.01
952 121129.04
953 121011.02
954 121199.85
955 121306.18
956 121469.02
957 121518.14
958 120913.98
959 121087.07
960 121162.89
961 120969.06
962 121545.08
963 121269.94
964 121283.05
965 121043.92
966 121589.18
967 121416.09
968 121513.13
969 121234.89
970 120831.97
971 120828.87
972 121235.13
973 121268.99
974 121355.06
975 120967.15
976 120843.17
977 121441.13
978 120864.87
979 120997.91
980 120761.87
981 120901.11
982 120941.16
983 120814.09
984 121541.02
985 121179.10
986 121261.12
987 120950.94
988 120913.98
989 121225.12
990 120939.97
991 120990.04
992 121063.95
993 121509.79
994 121201.99
995 121008.16
996 120949.98
997 121056.08
998 121355.06
999 120939.02
1000 121509.79
1001 121030.09
1002 121109.01
1003 120803.12
1004 121085.17
1005 121414.90
1006 121130.94
1007 121147.16
1008 121122.84
1009 121135.95
1010 121145.01
1011 121145.01
1012 121137.86
1013 121135.95
1014 121130.94
1015 121093.99
1016 121114.97
1017 121037.01
1018 121124.98
1019 121103.05
1020 121144.77
1021 121141.91
1022 121102.09
1023 121139.05
1024 121132.14
1025 121131.90
1026 121145.01
1027 121140.00
1028 121135.00
1029 121010.07
1030 121142.15
1031 121127.84
1032 121127.13
1033 121127.84
1034 121113.06
1035 121129.99
1036 121135.95
1037 121128.08
1038 121136.19
1039 121116.88
1040 121114.97
1041 121124.98
1042 121139.05
1043 121114.97
1044 121117.12
1045 121110.92
1046 121145.96
1047 121127.13
1048 121126.17
1049 121101.86
1050 121129.99
1051 121122.84
1052 121159.08
1053 121111.87
1054 121122.12
1055 121135.95
1056 121126.89
1057 121145.96
1058 121143.82
1059 121126.17
1060 121120.93
1061 121120.93
1062 121066.09
1063 121109.96
1064 121142.86
1065 121105.91
1066 121140.96
1067 121142.86
1068 121076.11
1069 121121.88
1070 121132.85
1071 121100.19
1072 121132.85
1073 121134.04
1074 121119.02
1075 121144.06
1076 121150.02
1077 121145.01
1078 121112.11
1079 121145.96
1080 121140.00
1081 121137.86
1082 121110.20
1083 121110.92
1084 121118.07
1085 121112.11
1086 121131.90
1087 121131.18
1088 121137.86
1089 121137.14
1090 121114.02
1091 121055.84
1092 121107.10
1093 121123.79
1094 121062.04
1095 121119.98
1096 121112.11
1097 121072.05
1098 121137.14
1099 121117.83
1100 121127.84
1101 121092.08
1102 121028.90
1103 121128.08
1104 121120.21
1105 121112.11
1106 121128.08
1107 121106.86
1108 121128.08
1109 121047.97
1110 121093.99
1111 121114.97
1112 121117.12
1113 121146.92
1114 121139.05
1115 121127.13
1116 121146.92
1117 121132.14
1118 121124.98
1119 121148.11
