1120
0 121183.16
1 121038.91
2 120898.96
3 121005.06
4 120996.00
5 121008.87
6 121026.99
7 121031.05
8 120999.81
9 121035.81
10 121022.94
11 121026.04
12 121027.95
13 121022.94
14 121025.09
15 121021.99
16 121019.12
17 121021.99
18 121026.04
19 121025.09
20 121021.03
21 121023.89
22 120973.11
23 121020.08
24 121017.93
25 120939.97
26 121025.09
27 121010.07
28 121006.01
29 121009.11
30 121042.01
31 121006.97
32 121011.97
33 120999.10
34 121021.99
35 120963.81
36 120973.83
37 121010.07
38 121026.99
39 121015.79
40 120998.86
41 121032.00
42 120980.02
43 121032.00
44 121015.07
45 121001.01
46 121029.85
47 121012.93
48 121022.94
49 121013.16
50 121034.86
51 121007.92
52 121007.92
53 121022.94
54 121031.05
55 121101.14
56 121186.02
57 121181.01
58 121184.11
59 121185.06
60 121186.02
61 121135.00
62 121019.84
63 121121.17
64 121190.07
65 121075.87
66 121189.12
67 121135.95
68 121175.05
69 121184.11
70 121184.11
71 121185.06
72 121189.83
73 121182.92
74 121189.83
75 121104.00
76 121186.97
77 121188.88
78 121181.01
79 121187.93
80 121183.87
81 121185.06
82 121158.12
83 121186.02
84 121190.07
85 121188.88
86 121192.22
87 121181.96
88 121189.83
89 121094.94
90 121195.79
91 121183.16
92 121114.97
93 121042.97
94 121097.80
95 121107.10
96 121081.11
97 121048.93
98 121077.06
99 120965.96
100 121047.02
101 120945.93
102 120913.03
103 121569.87
104 122368.10
105 122109.17
106 121574.88
107 122209.07
108 122277.98
109 121366.98
110 122206.21
111 123067.86
112 122895.96
113 123363.97
114 123176.10
115 123628.14
116 122219.09
117 123781.92
118 122985.12
119 122325.90
120 123438.84
121 124360.08
122 124006.03
123 122491.12
124 123871.80
125 123152.02
126 123328.92
127 122276.07
128 122535.94
129 124042.99
130 122510.91
131 122377.87
132 122328.04
133 122657.06
134 123136.04
135 123950.96
136 123621.94
137 123082.16
138 123797.89
139 123133.18
140 122426.99
141 123975.04
142 124506.95
143 123013.02
144 123336.08
145 123200.89
146 122437.00
147 123292.92
148 122688.06
149 124336.00
150 123579.03
151 123421.91
152 124428.99
153 124315.98
154 122817.99
155 123434.07
156 122771.98
157 122968.20
158 122385.03
159 123556.85
160 122627.97
161 123594.05
162 122600.79
163 123406.17
164 122781.99
165 122814.89
166 122566.94
167 123286.96
168 123428.11
169 122572.18
170 122198.10
171 122861.15
172 123762.85
173 125227.93
174 122525.93
175 122502.80
176 122632.03
177 122555.97
178 123193.98
179 124655.01
180 124482.15
181 122286.08
182 122936.96
183 123448.13
184 123770.95
185 122511.15
186 123408.08
187 122399.09
188 123836.04
189 124808.07
190 124917.98
191 122834.21
192 122770.07
193 122934.10
194 123632.91
195 122805.12
196 124339.10
197 122829.91
198 122774.84
199 122281.79
200 123359.92
201 122110.13
202 124694.11
203 123698.00
204 123667.00
205 122663.02
206 122672.08
207 122704.98
208 122397.90
209 124040.13
210 122186.90
211 122200.01
212 122637.99
213 125096.08
214 122603.18
215 122678.04
216 123214.96
217 122987.99
218 122908.12
219 123712.06
220 121927.98
221 123355.87
222 122413.87
223 122446.06
224 123331.07
225 122390.03
226 123991.01
227 122146.84
228 123069.05
229 124669.08
230 123719.22
231 122061.01
232 122764.11
233 122735.98
234 124395.13
235 123383.05
236 122583.15
237 122506.14
238 124086.86
239 124202.97
240 123305.08
241 122405.05
242 123157.98
243 123914.00
244 122882.84
245 122145.89
246 122558.83
247 124022.96
248 123118.88
249 123587.85
250 122619.15
251 123690.84
252 122846.13
253 123410.94
254 124238.97
255 124636.89
256 122874.98
257 123838.90
258 122625.11
259 123414.04
260 122355.94
261 123049.97
262 122814.89
263 123729.23
264 124312.88
265 122758.87
266 123439.07
267 122434.85
268 123039.96
269 123592.14
270 122511.86
271 122814.89
272 123087.88
273 122923.85
274 122306.82
275 123745.92
276 122829.91
277 122890.95
278 123779.06
279 123107.19
280 122032.88
281 122720.96
282 122777.94
283 124455.93
284 122509.96
285 122215.03
286 122198.10
287 123573.78
288 122787.00
289 123725.89
290 122977.97
291 123564.00
292 122656.11
293 123349.19
294 123039.96
295 123794.08
296 123695.14
297 122834.92
298 122806.07
299 123593.09
300 122739.08
301 122856.86
302 123649.84
303 123450.99
304 123388.05
305 124034.17
306 123971.94
307 123004.91
308 123858.93
309 122912.17
310 122051.00
311 122799.87
312 122611.05
313 124943.97
314 122354.03
315 123055.93
316 122178.08
317 123765.95
318 123612.17
319 122785.09
320 124053.00
321 124098.06
322 123379.95
323 122932.91
324 123744.96
325 122732.88
326 123720.17
327 124166.97
328 122670.89
329 122641.09
330 123853.21
331 124010.80
332 123174.19
333 122329.00
334 123136.04
335 123142.96
336 124550.82
337 122285.84
338 125103.00
339 123425.96
340 124238.01
341 123181.10
342 122301.10
343 123841.05
344 123816.97
345 122905.97
346 122196.20
347 123672.96
348 123601.91
349 122504.00
350 124034.17
351 122587.92
352 123264.07
353 122511.15
354 123203.04
355 122279.17
356 125416.04
357 122804.88
358 122814.89
359 122421.03
360 122202.16
361 122288.23
362 122103.93
363 122278.93
364 121979.00
365 122416.97
366 121884.11
367 122514.01
368 121994.02
369 121871.95
370 122564.08
371 122565.03
372 122169.97
373 122509.96
374 122562.89
375 122534.04
376 122899.06
377 122529.98
378 121949.91
379 122351.17
380 122190.95
381 122734.07
382 122246.98
383 122677.09
384 121941.80
385 122472.05
386 122593.16
387 122601.99
388 122014.05
389 122192.14
390 122281.07
391 121747.97
392 122191.91
393 122154.00
394 121960.88
395 122220.04
396 121832.85
397 122091.05
398 122242.93
399 122285.13
400 122206.93
401 122245.07
402 121948.96
403 122224.09
404 121903.90
405 122464.18
406 122170.93
407 122459.17
408 122073.89
409 122453.93
410 122454.88
411 122308.02
412 122339.96
413 122336.86
414 122333.05
415 122392.89
416 122293.95
417 122092.96
418 122266.05
419 122212.89
420 122177.84
421 121843.10
422 122233.15
423 122009.99
424 122877.12
425 122274.88
426 122190.00
427 122094.87
428 122269.87
429 122272.01
430 122653.96
431 121952.06
432 121984.96
433 122584.10
434 122221.95
435 121971.85
436 122353.79
437 122555.97
438 122579.10
439 122509.00
440 122170.93
441 122050.05
442 122729.06
443 122686.15
444 122485.16
445 121903.18
446 122275.11
447 122757.91
448 122660.88
449 122235.06
450 121968.03
451 122401.00
452 122624.87
453 122471.09
454 122565.98
455 122236.01
456 123028.04
457 122492.79
458 122808.93
459 122505.19
460 122271.06
461 122281.79
462 122859.00
463 122439.15
464 121910.10
465 122364.04
466 122309.92
467 122370.96
468 122301.82
469 122195.01
470 122735.98
471 121917.01
472 122388.84
473 122210.98
474 122539.04
475 122382.88
476 122725.96
477 121919.87
478 122116.09
479 122108.94
480 121687.89
481 122248.89
482 122293.95
483 122326.85
484 122394.08
485 122090.82
486 122515.20
487 122125.86
488 122210.98
489 122196.91
490 122255.80
491 122097.97
492 122097.02
493 122946.98
494 122586.97
495 121844.05
496 122478.96
497 122038.84
498 122350.93
499 122502.09
500 122246.98
501 122455.12
502 122015.95
503 121999.03
504 122272.97
505 122255.09
506 121328.83
507 121299.03
508 121123.08
509 121135.95
510 120872.02
511 121264.93
512 121140.00
513 121106.15
514 121088.98
515 121061.09
516 121155.02
517 121014.12
518 120877.98
519 120967.15
520 121257.78
521 121069.91
522 121098.04
523 121342.18
524 120882.99
525 120967.86
526 120969.06
527 120895.86
528 120899.92
529 120969.06
530 121124.98
531 121172.90
532 121014.12
533 120950.94
534 121214.15
535 121316.91
536 121151.21
537 121215.82
538 120896.10
539 121185.06
540 121222.02
541 121237.99
542 120934.01
543 120872.97
544 120931.15
545 121088.98
546 121068.95
547 121254.92
548 120976.92
549 121065.14
550 120961.90
551 121289.97
552 120891.81
553 121024.13
554 121502.16
555 120828.87
556 121029.85
557 121329.07
558 121201.99
559 120855.09
560 121044.16
561 120826.96
562 121413.95
563 121070.15
564 121204.85
565 120759.01
566 120912.08
567 121337.89
568 121011.02
569 120965.00
570 121155.98
571 120807.89
572 121093.99
573 121116.88
574 121159.08
575 120770.93
576 121095.18
577 121057.99
578 120900.15
579 121088.03
580 120877.03
581 121146.92
582 120900.87
583 121199.13
584 121117.12
585 120950.94
586 121285.92
587 121041.06
588 121349.10
589 120868.21
590 121206.05
591 120949.98
592 120898.01
593 121041.06
594 121382.00
595 121194.84
596 120974.06
597 121010.07
598 121237.04
599 120965.00
600 121162.89
601 121099.00
602 120955.23
603 120886.09
604 121440.89
605 121124.98
606 121040.11
607 120991.95
608 121294.98
609 120790.00
610 121131.18
611 121181.96
612 120855.09
613 120885.85
614 121281.15
615 121080.88
616 120838.17
617 121025.09
618 121374.85
619 120799.06
620 121167.90
621 121045.11
622 120764.97
623 121308.09
624 120855.09
625 121341.94
626 120953.08
627 120796.92
628 120975.97
629 120991.95
630 121165.04
631 120894.91
632 120856.05
633 120785.95
634 121301.17
635 121042.01
636 120975.97
637 120753.05
638 121135.00
639 121156.93
640 121330.02
641 121024.13
642 121343.85
643 120707.99
644 120842.93
645 120984.79
646 120924.95
647 121105.19
648 120956.18
649 121006.97
650 121150.97
651 120984.08
652 121005.06
653 121085.88
654 120816.95
655 120985.03
656 121053.93
657 120975.97
658 120828.87
659 120959.04
660 120947.84
661 121048.93
662 120985.98
663 121188.88
664 120765.92
665 121096.13
666 121026.04
667 121336.94
668 121241.09
669 121156.93
670 120966.91
671 121211.05
672 121090.89
673 121013.16
674 121473.07
675 120774.98
676 121222.02
677 120918.04
678 121015.07
679 121165.99
680 121082.07
681 120996.95
682 121147.87
683 121050.12
684 120851.99
685 120765.92
686 121016.98
687 121042.01
688 120775.94
689 121078.01
690 120831.97
691 120858.91
692 120951.89
693 121056.08
694 121021.99
695 121077.06
696 121090.17
697 121222.97
698 120810.99
699 120977.88
700 121191.02
701 120983.12
702 121038.91
703 121109.01
704 121069.19
705 121315.00
706 120894.91
707 120957.14
708 121086.84
709 120882.03
710 121129.04
711 121135.95
712 120992.18
713 120966.91
714 120815.04
715 121313.10
716 121046.07
717 121112.11
718 121135.95
719 120947.12
720 121086.84
721 120960.95
722 121026.99
723 121129.99
724 121292.83
725 121392.97
726 121159.79
727 121073.01
728 121230.13
729 121019.12
730 121038.91
731 121315.00
732 121338.84
733 120848.89
734 120875.84
735 120900.15
736 121150.97
737 121170.04
738 120886.09
739 121026.04
740 120925.90
741 120955.94
742 121016.98
743 121400.12
744 120854.14
745 121189.83
746 120980.02
747 121034.86
748 121312.14
749 120878.93
750 121155.02
751 121068.00
752 120981.93
753 121142.86
754 121208.91
755 120810.99
756 121119.98
757 120786.91
758 121146.92
759 121068.00
760 121000.05
761 121006.97
762 121009.83
763 121214.15
764 120908.98
765 120754.00
766 121037.96
767 120704.89
768 121020.08
769 121438.03
770 120736.12
771 120978.12
772 121310.95
773 120839.83
774 120924.95
775 121328.83
776 121017.93
777 120721.10
778 120868.92
779 121051.07
780 121326.92
781 120926.14
782 120831.01
783 120942.12
784 121240.85
785 121166.94
786 121141.91
787 120942.12
788 121074.91
789 121279.00
790 121543.88
791 120820.05
792 120902.06
793 120892.05
794 121141.20
795 121054.89
796 120893.00
797 121228.93
798 121011.02
799 121049.17
800 120846.99
801 121313.81
802 120905.88
803 121172.90
804 121077.06
805 121218.20
806 120875.84
807 121268.03
808 120970.96
809 121312.14
810 121298.07
811 121093.99
812 121035.81
813 121097.09
814 121054.17
815 120777.13
816 120876.79
817 121081.83
818 120911.12
819 121502.16
820 121125.94
821 120807.89
822 120804.07
823 121169.81
824 121149.06
825 120949.98
826 120851.04
827 121161.22
828 121086.84
829 120980.02
830 121149.06
831 121318.10
832 120908.98
833 120789.05
834 121202.95
835 121193.89
836 121237.99
837 121214.87
838 121056.08
839 121001.01
840 120763.06
841 120824.10
842 120755.91
843 120921.13
844 120956.90
845 120862.01
846 121001.01
847 121625.90
848 120975.97
849 121379.85
850 121021.03
851 120924.95
852 121032.00
853 121184.11
854 120862.01
855 121058.94
856 120817.90
857 121385.10
858 121077.06
859 121195.08
860 120777.13
861 121093.03
862 121133.09
863 121366.98
864 120857.95
865 121300.94
866 121333.84
867 120947.84
868 120957.14
869 121083.97
870 121114.97
871 121125.94
872 121143.82
873 121118.07
874 121119.98
875 121117.12
876 121088.98
877 121119.02
878 121054.89
879 121123.08
880 121128.08
881 121121.88
882 121126.17
883 121062.04
884 121146.92
885 121081.83
886 121137.14
887 121123.08
888 121212.96
889 121117.12
890 121120.93
891 121124.98
892 121136.90
893 121135.00
894 121141.91
895 121136.90
896 121137.86
897 121145.01
898 121136.90
899 121135.00
900 121151.92
901 121145.01
902 121132.14
903 121070.86
904 121149.06
905 121136.90
906 121142.15
907 121136.90
908 121155.02
909 121057.99
910 121126.89
911 121124.98
912 121154.07
913 121132.85
914 121140.00
915 121140.00
916 121150.97
917 121123.08
918 121122.84
919 121133.09
920 121127.84
921 121127.13
922 121125.94
923 121083.97
924 121140.00
925 121100.90
926 121144.06
927 121136.90
928 121141.91
929 121135.00
930 121141.91
931 121140.96
932 121141.20
933 121117.12
934 121138.10
935 121136.90
936 121145.01
937 121144.06
938 121144.06
939 121146.92
940 121132.14
941 121100.19
942 121135.00
943 121075.15
944 121160.98
945 121135.00
946 121142.86
947 121145.96
948 121145.96
949 121140.96
950 121140.00
951 121115.92
952 121155.98
953 121130.94
954 121130.94
955 121142.15
956 121142.86
957 121139.05
958 121104.00
959 121192.93
960 121092.08
961 121135.95
962 121135.00
963 121062.99
964 121128.08
965 121132.14
966 121126.89
967 121158.12
968 121123.08
969 121119.98
970 121067.05
971 121153.12
972 121124.98
973 121124.98
974 121126.89
975 121156.93
976 121137.14
977 121134.04
978 121119.98
979 121152.88
980 121155.02
981 121108.06
982 121103.05
983 121098.04
984 121135.00
985 121128.80
986 121139.05
987 121140.96
988 121139.05
989 121129.04
990 121127.84
991 121124.98
992 121128.08
993 121129.99
994 121120.93
995 121151.92
996 121124.98
997 121127.13
998 121191.02
999 121141.91
1000 121118.07
1001 121131.18
1002 121088.98
1003 121076.11
1004 121132.14
1005 121113.78
1006 121145.01
1007 121142.86
1008 121135.95
1009 121129.99
1010 121142.15
1011 121140.96
1012 121143.10
1013 121137.86
1014 121139.05
1015 121140.96
1016 121145.96
1017 121134.04
1018 121141.91
1019 121135.00
1020 121141.20
1021 121140.96
1022 121151.21
1023 121044.87
1024 121143.82
1025 121032.95
1026 121143.10
1027 121146.92
1028 121144.06
1029 121144.06
1030 121140.96
1031 121146.92
1032 121141.20
1033 121138.10
1034 121135.00
1035 121130.94
1036 121129.04
1037 121052.03
1038 121150.97
1039 121066.09
1040 121124.03
1041 121116.16
1042 121143.10
1043 121116.16
1044 121124.98
1045 121119.02
1046 121143.10
1047 121121.88
1048 121124.03
1049 121119.98
1050 121139.05
1051 121135.95
1052 121140.00
1053 121133.80
1054 121148.82
1055 121138.81
1056 121142.15
1057 121142.86
1058 121160.03
1059 121145.01
1060 121140.00
1061 121133.09
1062 121038.91
1063 121140.96
1064 121127.84
1065 121092.80
1066 121145.96
1067 121145.01
1068 121131.90
1069 121135.00
1070 121159.08
1071 121132.85
1072 121130.94
1073 121128.08
1074 121136.90
1075 121116.16
1076 121126.89
1077 121119.02
1078 121137.86
1079 121129.04
1080 121118.78
1081 121121.17
1082 121138.81
1083 121130.94
1084 121093.99
1085 121124.98
1086 121141.91
1087 121150.02
1088 121144.06
1089 121143.10
1090 121119.02
1091 121141.20
1092 121136.90
1093 121135.00
1094 121145.96
1095 121099.95
1096 121112.11
1097 121145.01
1098 121136.90
1099 121143.10
1100 121145.01
1101 121147.16
1102 121139.05
1103 121147.16
1104 121135.00
1105 121104.96
1106 121142.15
1107 121141.91
1108 121137.14
1109 121140.00
1110 121138.10
1111 121156.93
1112 121133.09
1113 121109.96
1114 121143.10
1115 121129.99
1116 121137.86
1117 121140.96
1118 121111.15
1119 121082.07
