1120
0 121180.06
1 121078.97
2 121047.97
3 121002.91
4 120982.89
5 121037.96
6 121054.17
7 121091.13
8 121042.01
9 121070.86
10 121042.97
11 121004.82
12 120986.94
13 121057.03
14 121050.12
15 121052.03
16 121046.07
17 121042.97
18 121060.85
19 121049.88
20 121057.99
21 120954.99
22 121065.14
23 121046.07
24 121054.17
25 121040.11
26 121048.93
27 121042.97
28 120953.08
29 121064.90
30 121045.11
31 121062.99
32 120989.80
33 121040.11
34 121104.96
35 121039.87
36 121007.92
37 121073.01
38 121056.08
39 121004.10
40 121047.97
41 121059.18
42 121050.83
43 121056.08
44 121047.02
45 121060.13
46 121045.83
47 121042.97
48 120987.18
49 121058.94
50 121034.15
51 121032.00
52 121044.87
53 121040.11
54 121051.07
55 121043.92
56 121078.01
57 121009.11
58 121028.90
59 121041.06
60 121043.92
61 121060.13
62 121036.05
63 120989.08
64 121052.03
65 121046.07
66 121038.91
67 121094.94
68 121046.07
69 120999.81
70 121049.88
71 121049.88
72 120976.92
73 121109.01
74 121056.08
75 121012.93
76 121047.97
77 121062.99
78 121060.13
79 121046.07
80 121030.81
81 121039.87
82 121037.96
83 121042.01
84 121042.01
85 120957.85
86 121040.11
87 121037.01
88 121040.11
89 121064.90
90 121041.77
91 121058.94
92 120910.88
93 121059.89
94 121023.18
95 120979.07
96 120929.96
97 120966.91
98 120965.96
99 121069.19
100 121042.97
101 120949.03
102 121581.08
103 120929.96
104 120965.00
105 121101.86
106 121910.81
107 121141.91
108 121732.00
109 121013.16
110 123747.83
111 123584.99
112 122462.99
113 126276.02
114 126185.89
115 123791.93
116 123833.89
117 123624.09
118 123739.00
119 124572.99
120 125891.92
121 123939.99
122 126834.87
123 124614.00
124 126898.05
125 127077.10
126 126400.95
127 127774.95
128 127328.87
129 127094.98
130 125500.92
131 127367.02
132 127062.08
133 125459.91
134 124051.09
135 125100.14
136 126710.18
137 124920.85
138 125832.08
139 127341.03
140 125033.86
141 126584.05
142 128215.07
143 125108.00
144 125006.91
145 124937.06
146 125257.97
147 125131.13
148 125073.91
149 126976.97
150 124003.89
151 124870.06
152 124894.14
153 125705.00
154 125100.14
155 124340.06
156 124373.91
157 125195.03
158 124974.97
159 123389.01
160 127675.06
161 126100.06
162 125181.91
163 124392.99
164 123407.13
165 126555.92
166 124372.01
167 124991.89
168 124666.93
169 124899.86
170 124612.09
171 124938.96
172 124177.93
173 124741.08
174 123945.95
175 124701.02
176 124557.97
177 124792.10
178 122308.02
179 122356.89
180 122337.10
181 123876.09
182 125621.08
183 124611.14
184 126214.98
185 123896.12
186 125005.96
187 124662.16
188 124828.10
189 124091.86
190 124077.08
191 125838.99
192 124860.05
193 123864.89
194 124855.04
195 124197.01
196 123900.89
197 124075.17
198 124922.99
199 123544.93
200 124316.93
201 125433.92
202 124475.00
203 124289.04
204 123450.99
205 125349.04
206 123416.90
207 125324.96
208 125118.97
209 124274.97
210 124488.83
211 124391.08
212 124895.10
213 124361.04
214 123460.05
215 124566.08
216 124320.03
217 124060.15
218 123422.15
219 124397.04
220 123585.94
221 124557.97
222 124267.10
223 124540.09
224 126255.04
225 124190.09
226 126789.81
227 125288.01
228 124489.07
229 124384.88
230 124241.11
231 124975.92
232 126754.05
233 125826.84
234 123603.11
235 124740.12
236 124467.13
237 123798.85
238 125223.16
239 123560.91
240 124347.21
241 123692.99
242 124260.19
243 126713.04
244 126878.98
245 124342.92
246 125229.12
247 123340.13
248 125020.98
249 127218.96
250 124188.90
251 124361.99
252 123687.98
253 124392.03
254 125968.93
255 124257.09
256 124449.01
257 125899.08
258 126056.91
259 124636.89
260 125250.10
261 125406.98
262 125396.97
263 123656.99
264 123934.98
265 124274.97
266 125768.90
267 123546.12
268 125771.05
269 124152.90
270 125203.85
271 123440.98
272 125191.93
273 126367.09
274 127161.03
275 125299.93
276 124928.00
277 124747.99
278 125612.97
279 123774.05
280 124444.01
281 123327.02
282 124092.10
283 124240.16
284 125030.99
285 124240.16
286 125088.21
287 123423.10
288 125743.15
289 125204.09
290 126537.08
291 125612.02
292 124915.12
293 126093.15
294 125422.00
295 124938.01
296 124955.89
297 125180.01
298 123394.97
299 124974.97
300 124315.98
301 124347.93
302 126731.87
303 123452.19
304 124506.95
305 123722.08
306 124536.99
307 123646.97
308 123663.90
309 124300.96
310 125051.02
311 124886.99
312 125976.09
313 126194.95
314 123442.89
315 125215.77
316 124954.94
317 124259.00
318 123628.14
319 125108.00
320 124310.97
321 125329.97
322 123563.05
323 124495.98
324 124413.01
325 123650.07
326 125090.12
327 123440.98
328 125211.00
329 124295.00
330 124123.10
331 123620.99
332 125966.07
333 124579.91
334 123464.11
335 126271.01
336 125307.08
337 127681.02
338 126111.98
339 125149.01
340 125175.00
341 124665.98
342 123896.84
343 126395.94
344 125484.94
345 124788.05
346 125520.94
347 125272.99
348 124603.99
349 123880.15
350 125268.94
351 124015.09
352 125741.00
353 124799.01
354 123973.13
355 124042.03
356 123868.94
357 124006.99
358 124226.09
359 124054.91
360 123856.07
361 123197.08
362 123857.98
363 122850.89
364 123977.90
365 124165.06
366 123754.98
367 124539.14
368 124058.96
369 123541.83
370 123935.94
371 124410.87
372 123169.90
373 124267.10
374 124238.01
375 123465.06
376 123515.13
377 124615.91
378 124249.94
379 122208.83
380 123517.04
381 124060.87
382 124279.98
383 122596.98
384 123942.14
385 123887.06
386 123988.87
387 123677.02
388 124300.00
389 123887.06
390 124172.93
391 124496.94
392 123241.19
393 124100.92
394 123605.01
395 124566.08
396 123679.88
397 123313.90
398 125036.95
399 123301.98
400 123781.92
401 123847.01
402 124608.99
403 123139.14
404 124113.08
405 124011.99
406 124079.94
407 123266.94
408 124329.09
409 123956.92
410 124243.97
411 123759.98
412 123968.84
413 123784.07
414 123569.97
415 124127.86
416 124036.07
417 124270.92
418 123524.90
419 123958.11
420 123955.01
421 123724.94
422 123622.89
423 123755.93
424 123609.07
425 122988.94
426 123945.95
427 123483.90
428 123089.08
429 124332.90
430 124612.81
431 124326.94
432 124063.01
433 122934.10
434 123888.97
435 124732.02
436 124588.01
437 123435.97
438 123828.89
439 123533.01
440 123625.04
441 124073.98
442 124776.84
443 124147.18
444 124141.93
445 123588.09
446 124314.07
447 123845.82
448 124042.99
449 124166.97
450 124350.07
451 124109.98
452 123262.17
453 123804.09
454 123420.00
455 123037.82
456 125010.97
457 123267.89
458 123836.04
459 123688.94
460 124437.09
461 123374.94
462 124041.08
463 123839.86
464 123675.11
465 123018.98
466 124573.95
467 124166.01
468 123428.82
469 124037.98
470 123341.08
471 123672.96
472 123737.10
473 124284.98
474 123596.19
475 124383.93
476 123516.08
477 123703.96
478 124056.10
479 123419.05
480 123728.99
481 124395.85
482 124232.05
483 123240.95
484 124793.05
485 123481.04
486 124563.93
487 123576.88
488 124530.08
489 123631.00
490 124133.11
491 123795.03
492 123679.88
493 124545.10
494 123759.03
495 123751.16
496 124036.07
497 123168.95
498 124205.11
499 123283.86
500 124028.21
501 123903.04
502 123945.95
503 123338.94
504 123203.04
505 121654.99
506 120937.82
507 121108.06
508 121220.11
509 120912.08
510 121029.14
511 121041.06
512 121054.17
513 121038.91
514 121181.96
515 120999.10
516 121141.91
517 121088.98
518 120954.04
519 121026.04
520 121204.14
521 120855.81
522 120855.09
523 120980.02
524 120781.90
525 120878.93
526 120978.83
527 120833.87
528 121022.94
529 121087.07
530 121062.99
531 120934.01
532 121066.09
533 121052.98
534 121050.12
535 120656.97
536 121028.90
537 120972.87
538 121114.97
539 120980.02
540 121161.94
541 120771.17
542 121387.00
543 121176.00
544 121199.13
545 120757.10
546 121045.83
547 120858.91
548 121073.01
549 121449.95
550 121211.05
551 121016.03
552 121006.01
553 121042.01
554 121208.91
555 121139.05
556 121279.95
557 121071.10
558 120662.21
559 121002.91
560 120901.11
561 121085.88
562 120954.04
563 120912.08
564 120808.84
565 120960.00
566 121273.99
567 121248.01
568 120775.94
569 120761.87
570 120953.80
571 121602.06
572 120948.08
573 121411.09
574 120890.86
575 120967.15
576 121279.95
577 121510.03
578 121375.08
579 120786.19
580 120954.99
581 121182.92
582 121307.13
583 120831.01
584 120949.98
585 120929.00
586 121344.09
587 120932.10
588 121472.84
589 121176.00
590 121160.98
591 121125.94
592 121013.16
593 120893.00
594 120876.07
595 120970.96
596 120908.02
597 120958.09
598 121324.06
599 120870.11
600 121168.14
601 121020.08
602 120934.96
603 121047.02
604 120857.95
605 121253.01
606 120985.03
607 121242.05
608 120909.93
609 120904.21
610 120947.12
611 121299.98
612 121183.87
613 121017.93
614 121422.05
615 120694.88
616 121301.89
617 121042.01
618 121153.12
619 121015.07
620 121253.01
621 120998.86
622 120835.07
623 121150.02
624 120925.90
625 120883.94
626 121058.94
627 121043.21
628 121129.99
629 121127.84
630 121283.05
631 121150.97
632 121222.02
633 121024.85
634 121042.01
635 120849.85
636 121094.94
637 120825.05
638 121078.01
639 121001.96
640 121353.86
641 121095.90
642 121059.89
643 120946.88
644 120954.99
645 121147.16
646 121738.91
647 121265.17
648 121155.98
649 120769.98
650 121052.03
651 121246.10
652 120950.94
653 121135.00
654 120951.89
655 121392.01
656 120983.12
657 121148.82
658 121032.00
659 121129.04
660 120927.81
661 121135.95
662 120964.05
663 121307.13
664 121163.85
665 120964.05
666 120869.87
667 121104.96
668 120862.01
669 121055.13
670 120925.90
671 121061.09
672 120769.02
673 120769.98
674 120889.90
675 121124.03
676 120988.85
677 120778.08
678 120870.83
679 121164.08
680 121321.92
681 120828.15
682 121108.06
683 120906.11
684 120996.00
685 121294.98
686 121108.06
687 120826.96
688 121017.93
689 121002.91
690 120931.86
691 120955.94
692 121104.96
693 121108.06
694 120932.82
695 121037.01
696 120827.91
697 121322.15
698 120927.10
699 121201.04
700 121086.84
701 121145.01
702 120932.10
703 121218.20
704 120873.93
705 120743.99
706 120754.96
707 121177.91
708 120789.05
709 121484.99
710 121221.78
711 121165.04
712 120840.79
713 120978.12
714 120920.90
715 120987.89
716 121139.05
717 120985.98
718 121207.95
719 121129.99
720 121115.92
721 120961.90
722 121171.00
723 120955.94
724 121129.04
725 121427.06
726 121109.01
727 120952.84
728 121086.84
729 120887.04
730 121027.95
731 121068.95
732 120847.94
733 121206.05
734 120994.09
735 121379.85
736 121050.12
737 120864.87
738 121273.04
739 121149.06
740 120873.93
741 120953.80
742 121179.82
743 121280.91
744 121038.91
745 121283.05
746 120970.01
747 121087.07
748 120900.15
749 121160.98
750 121226.07
751 121008.87
752 121127.84
753 121027.95
754 120978.83
755 120998.14
756 121164.08
757 121010.07
758 121031.05
759 120958.09
760 120787.86
761 121129.99
762 120738.03
763 120777.13
764 121588.95
765 120999.10
766 120839.83
767 121180.06
768 121319.06
769 121392.01
770 121255.16
771 121067.05
772 121172.90
773 121120.93
774 121034.15
775 121140.00
776 121372.94
777 121099.00
778 121284.01
779 120963.10
780 121226.07
781 121150.02
782 121066.09
783 120981.93
784 121108.06
785 121135.00
786 121162.89
787 121068.00
788 121085.88
789 121222.97
790 120812.18
791 120893.96
792 121080.88
793 120933.06
794 120782.14
795 121707.92
796 120967.15
797 120790.00
798 121161.94
799 121140.00
800 120890.14
801 120991.95
802 120919.94
803 121252.06
804 121012.93
805 121114.02
806 120846.03
807 120939.02
808 120826.96
809 121133.09
810 120733.98
811 121104.96
812 121031.05
813 120955.94
814 120989.08
815 120646.00
816 120971.20
817 120915.89
818 121016.98
819 120872.97
820 120929.96
821 121247.05
822 121273.04
823 121119.98
824 121484.99
825 121079.92
826 120839.83
827 121136.19
828 120737.79
829 121091.84
830 120760.20
831 120858.91
832 121165.99
833 121135.00
834 120994.81
835 121139.05
836 120983.12
837 121012.93
838 121088.03
839 121267.08
840 120920.90
841 121346.00
842 120790.00
843 120989.08
844 120953.08
845 120890.86
846 120713.95
847 121251.11
848 120820.05
849 120993.85
850 120990.99
851 120858.91
852 120857.95
853 120911.12
854 121098.04
855 120927.10
856 121000.05
857 120944.98
858 121162.89
859 121209.14
860 121110.92
861 120960.95
862 121064.90
863 121038.91
864 121231.08
865 121036.05
866 120879.89
867 121414.90
868 121034.15
869 120841.03
870 121217.01
871 121057.99
872 120968.82
873 121149.06
874 121115.92
875 121078.01
876 121141.20
877 121116.88
878 121111.87
879 121124.98
880 121103.05
881 121133.09
882 121108.06
883 121089.94
884 121122.84
885 121088.98
886 121129.99
887 121150.02
888 121136.19
889 121083.02
890 121137.86
891 121135.95
892 121128.08
893 121127.13
894 121090.89
895 121104.00
896 121124.98
897 121131.18
898 121128.08
899 121118.07
900 121134.04
901 121136.19
902 121132.85
903 121135.95
904 121138.10
905 121062.04
906 121068.00
907 121076.82
908 121113.06
909 121129.99
910 121158.84
911 121129.04
912 121089.22
913 121047.02
914 121114.02
915 121116.16
916 121109.01
917 121121.88
918 121133.09
919 121126.17
920 121038.91
921 121143.10
922 121104.00
923 121138.10
924 121123.08
925 121093.03
926 121047.97
927 121124.03
928 121145.01
929 121123.08
930 121076.11
931 121129.99
932 121124.03
933 121142.15
934 121139.05
935 121074.91
936 121114.97
937 121134.04
938 121116.16
939 121141.91
940 121121.17
941 121081.83
942 121123.08
943 121149.06
944 121129.04
945 121093.99
946 121081.11
947 121116.88
948 121134.04
949 121126.17
950 121132.85
951 121131.90
952 121106.15
953 121137.86
954 121112.11
955 121069.91
956 121113.78
957 121145.01
958 121135.00
959 121082.07
960 121102.81
961 121140.96
962 121119.98
963 121111.87
964 121127.13
965 121088.03
966 121052.98
967 121147.16
968 121138.10
969 121114.02
970 121119.02
971 121116.88
972 121128.08
973 121143.10
974 121134.04
975 121074.91
976 121103.05
977 121141.91
978 121124.03
979 121109.96
980 121124.03
981 121118.07
982 121130.94
983 121124.98
984 121182.20
985 121089.94
986 121016.98
987 121035.10
988 121129.04
989 121132.14
990 121129.99
991 121140.00
992 121137.14
993 121108.06
994 121062.99
995 121110.92
996 121127.84
997 121123.08
998 121132.14
999 121128.80
1000 121062.04
1001 121127.13
1002 121136.90
1003 121137.86
1004 121142.86
1005 121094.94
1006 121052.98
1007 121120.21
1008 121133.09
1009 121130.94
1010 121100.90
1011 121129.99
1012 121123.08
1013 121119.02
1014 121135.00
1015 121117.12
1016 121078.01
1017 121134.04
1018 121134.04
1019 121139.05
1020 121140.00
1021 121140.00
1022 121137.86
1023 121142.15
1024 121129.04
1025 121093.03
1026 121032.95
1027 121134.04
1028 121142.86
1029 121135.00
1030 121149.06
1031 121133.09
1032 121081.83
1033 121137.14
1034 121124.03
1035 121138.10
1036 121129.99
1037 121117.12
1038 121134.04
1039 121129.04
1040 121126.89
1041 121129.04
1042 121060.85
1043 121128.08
1044 121083.97
1045 121083.02
1046 121044.87
1047 121163.85
1048 121127.84
1049 121140.00
1050 121133.09
1051 121111.87
1052 121134.04
1053 121127.13
1054 121136.90
1055 121132.14
1056 121136.90
1057 121138.81
1058 121109.01
1059 121143.82
1060 121125.94
1061 121115.92
1062 121134.04
1063 121120.93
1064 121130.94
1065 121045.11
1066 120985.03
1067 121128.80
1068 121141.20
1069 121140.96
1070 121144.06
1071 121138.10
1072 121075.87
1073 121068.95
1074 121110.92
1075 121127.84
1076 121159.08
1077 121138.10
1078 121088.98
1079 121133.09
1080 121011.97
1081 121133.80
1082 121140.00
1083 121134.04
1084 121115.92
1085 121091.13
1086 121042.01
1087 121116.88
1088 121137.86
1089 121121.88
1090 121111.87
1091 121131.90
1092 121125.94
1093 121201.04
1094 121131.18
1095 121111.15
1096 121114.02
1097 121128.08
1098 121138.10
1099 121116.16
1100 121089.94
1101 121135.00
1102 121134.04
1103 121144.06
1104 121138.10
1105 121094.94
1106 121032.00
1107 121109.01
1108 121134.04
1109 121119.02
1110 121137.14
1111 121141.91
1112 121137.86
1113 121109.96
1114 121143.10
1115 121119.98
1116 121135.00
1117 121127.13
1118 121076.82
1119 121122.12
