1120
0 121255.87
1 121129.04
2 121031.05
3 121101.86
4 121115.92
5 121105.91
6 121104.00
7 121041.06
8 121120.93
9 121133.09
10 121117.12
11 121121.88
12 121124.03
13 121122.84
14 121127.13
15 121116.88
16 121122.12
17 121112.11
18 121106.86
19 121115.92
20 121135.95
21 121124.03
22 121065.14
23 121128.08
24 121114.02
25 121125.94
26 121110.20
27 121116.88
28 121128.08
29 121078.01
30 121124.03
31 121119.98
32 121132.14
33 121115.92
34 121114.97
35 121112.11
36 121101.86
37 121124.98
38 121122.84
39 121126.89
40 121137.14
41 121176.96
42 121083.97
43 121119.02
44 121135.00
45 121124.98
46 121120.93
47 120968.10
48 121112.11
49 121120.93
50 121109.01
51 121125.94
52 121123.79
53 121119.98
54 121114.97
55 121089.94
56 121111.87
57 121109.01
58 121119.02
59 121125.94
60 121110.92
61 121099.95
62 121081.11
63 121110.20
64 121109.96
65 121109.01
66 121103.05
67 121126.17
68 121096.85
69 121107.10
70 121106.86
71 121114.97
72 121114.97
73 121123.08
74 121119.02
75 121124.98
76 121113.06
77 121108.06
78 121104.96
79 121124.98
80 121110.20
81 121106.86
82 121077.06
83 121126.89
84 121094.94
85 121109.96
86 121100.90
87 121018.17
88 121106.86
89 121178.15
90 121119.98
91 121098.04
92 121102.09
93 121008.87
94 120929.00
95 121067.05
96 120915.89
97 120966.91
98 120997.91
99 121073.96
100 121048.21
101 120976.21
102 121066.09
103 120960.00
104 120943.07
105 121062.99
106 121010.07
107 121112.82
108 121063.95
109 120970.01
110 121088.03
111 121680.97
112 120893.00
113 121474.03
114 121217.01
115 121037.96
116 121666.19
117 121087.79
118 121320.01
119 121534.11
120 122155.90
121 120955.94
122 120922.09
123 121575.12
124 120893.96
125 121561.05
126 121820.21
127 121243.95
128 121316.19
129 121617.08
130 120873.93
131 121670.96
132 121267.08
133 120795.01
134 120877.03
135 121046.07
136 120894.91
137 121618.99
138 121399.16
139 121093.99
140 120842.93
141 120922.09
142 121208.91
143 120884.90
144 121351.96
145 122104.17
146 121042.97
147 121587.99
148 121569.87
149 121078.97
150 122135.16
151 120937.82
152 121521.95
153 121999.98
154 121403.93
155 121181.01
156 121221.07
157 120876.79
158 121619.94
159 121165.04
160 121388.20
161 120924.00
162 121377.94
163 121025.80
164 120805.98
165 121108.06
166 121205.09
167 120903.02
168 120831.01
169 121477.84
170 121226.07
171 121488.81
172 121696.95
173 121269.94
174 121075.87
175 121038.91
176 122493.03
177 121190.07
178 120990.99
179 120970.96
180 121058.94
181 121320.01
182 122132.06
183 121855.97
184 121560.81
185 120847.94
186 121181.96
187 121041.77
188 121129.04
189 120839.83
190 120949.98
191 121371.03
192 121919.87
193 120949.98
194 120990.99
195 121626.85
196 121327.16
197 120985.98
198 120936.87
199 120858.91
200 121577.98
201 121156.93
202 121484.04
203 121454.00
204 121948.96
205 121050.83
206 121012.93
207 121593.95
208 121516.94
209 121207.00
210 121418.00
211 121546.98
212 121177.91
213 121439.93
214 122855.90
215 121381.04
216 121500.97
217 121767.04
218 121871.95
219 121014.83
220 121425.15
221 121185.06
222 121903.18
223 121064.90
224 120872.02
225 121366.98
226 121282.10
227 120884.90
228 121973.99
229 121095.90
230 121001.96
231 121152.88
232 120954.04
233 121467.11
234 121811.87
235 121196.99
236 121484.04
237 122225.05
238 122020.01
239 121128.08
240 121080.88
241 121618.03
242 121412.04
243 121996.88
244 121014.83
245 121599.20
246 120921.13
247 123160.12
248 120901.11
249 120977.88
250 120937.82
251 121147.16
252 120903.02
253 121284.01
254 121026.04
255 121876.00
256 121380.09
257 120971.20
258 121870.99
259 121670.01
260 121581.79
261 121327.16
262 121856.93
263 120872.02
264 121695.04
265 121570.11
266 122066.02
267 121024.85
268 121097.09
269 121003.87
270 121282.10
271 122786.05
272 121309.04
273 121028.90
274 121304.99
275 121584.18
276 121067.05
277 121008.87
278 121243.00
279 121074.91
280 121196.99
281 121076.11
282 121944.90
283 121043.92
284 121057.99
285 121648.79
286 121443.03
287 121149.06
288 121963.02
289 120929.96
290 121542.93
291 120836.02
292 121296.17
293 122148.04
294 121564.87
295 122064.11
296 120914.94
297 121609.93
298 121268.99
299 121411.80
300 121006.01
301 121469.97
302 120995.04
303 121779.92
304 121521.00
305 121468.07
306 121623.99
307 120959.04
308 121088.98
309 121639.01
310 121042.01
311 121418.95
312 121294.98
313 121052.03
314 121216.06
315 120986.94
316 121171.00
317 121397.97
318 121104.96
319 121359.11
320 121676.92
321 121948.96
322 121521.95
323 121302.13
324 122179.99
325 121359.11
326 121057.99
327 121889.11
328 121502.16
329 121777.06
330 121083.97
331 121451.85
332 121180.77
333 121077.06
334 121886.97
335 121094.94
336 121983.05
337 121066.09
338 121067.05
339 121677.16
340 121129.99
341 121862.89
342 121538.88
343 121263.03
344 121243.95
345 121649.98
346 122821.81
347 121559.14
348 121809.01
349 121723.89
350 120943.07
351 121619.94
352 121317.15
353 121477.84
354 121524.10
355 121681.93
356 121088.98
357 120924.95
358 120972.16
359 121109.01
360 121086.12
361 121116.88
362 121242.05
363 121088.03
364 120844.84
365 120972.16
366 121085.88
367 120918.99
368 121385.10
369 120961.90
370 121062.04
371 121124.98
372 121509.79
373 121016.03
374 120934.96
375 121161.94
376 120966.91
377 120909.93
378 120912.08
379 121033.91
380 121106.15
381 121073.01
382 121057.99
383 121015.07
384 121001.96
385 120984.08
386 121069.91
387 121147.16
388 120863.91
389 120921.13
390 121206.05
391 121020.08
392 121101.86
393 121093.03
394 121187.93
395 120986.94
396 121026.99
397 121180.06
398 121487.86
399 121132.14
400 121021.99
401 121132.14
402 120929.00
403 121105.91
404 121156.93
405 121222.02
406 121032.00
407 120844.84
408 120978.83
409 121076.11
410 121468.07
411 121089.94
412 121033.91
413 120960.00
414 120959.04
415 121498.11
416 121009.83
417 121348.86
418 121089.94
419 121200.80
420 120904.92
421 120928.05
422 120842.93
423 120924.00
424 121283.05
425 121454.00
426 120928.05
427 121072.05
428 121033.91
429 120930.19
430 121058.94
431 121025.09
432 120780.94
433 120850.09
434 121158.84
435 121062.99
436 120787.86
437 120937.11
438 120968.82
439 120909.93
440 121172.19
441 120754.00
442 120898.96
443 121005.06
444 121396.78
445 121460.91
446 121591.09
447 120761.16
448 121505.98
449 121148.11
450 120854.85
451 121197.94
452 120872.97
453 121317.15
454 121012.93
455 120957.14
456 121019.84
457 121093.03
458 120999.81
459 121087.07
460 121690.03
461 121042.97
462 121204.14
463 120947.84
464 121487.14
465 121126.89
466 121156.93
467 120998.14
468 121047.02
469 121150.02
470 121021.99
471 120891.09
472 121388.20
473 121615.89
474 121064.90
475 121518.14
476 121732.00
477 121633.05
478 121272.09
479 121098.04
480 121700.05
481 120912.08
482 121325.97
483 120713.95
484 121398.93
485 121109.96
486 121299.03
487 121534.11
488 121347.90
489 120990.99
490 121346.00
491 121107.10
492 121890.07
493 121572.97
494 121518.14
495 121401.07
496 121152.16
497 121937.04
498 121492.86
499 121351.00
500 121715.78
501 121572.02
502 121346.95
503 121334.08
504 121819.02
505 121155.98
506 121310.00
507 121672.87
508 121595.86
509 121403.93
510 121372.94
511 121559.14
512 121254.92
513 121189.83
514 121222.02
515 121294.02
516 121130.94
517 121516.94
518 121300.94
519 121292.11
520 120726.11
521 121243.00
522 121165.04
523 121205.81
524 121285.92
525 120913.03
526 121557.95
527 121957.06
528 121529.82
529 121283.05
530 120915.89
531 121384.86
532 121229.17
533 120770.93
534 121465.92
535 121044.87
536 121120.21
537 121176.96
538 121416.09
539 121473.07
540 121021.99
541 121424.91
542 121412.99
543 120731.83
544 121085.88
545 121659.04
546 121909.14
547 121077.06
548 121343.14
549 121144.77
550 120867.97
551 121252.06
552 121172.19
553 121526.00
554 121332.88
555 121191.98
556 121338.84
557 121207.00
558 121528.86
559 121456.15
560 121093.99
561 120750.19
562 120913.03
563 121310.00
564 121459.96
565 121465.92
566 121104.00
567 120819.81
568 121783.97
569 121295.93
570 121217.01
571 121102.09
572 121510.98
573 121955.16
574 121247.05
575 121490.00
576 121276.14
577 121994.97
578 121553.90
579 121062.04
580 121283.05
581 121647.83
582 121638.06
583 121635.91
584 121149.06
585 121207.00
586 121078.97
587 121065.14
588 121125.94
589 121316.91
590 121359.83
591 121853.83
592 121334.08
593 121277.09
594 121176.96
595 121404.89
596 121696.00
597 121361.02
598 121551.99
599 121608.97
600 121643.07
601 121400.12
602 121415.14
603 121219.16
604 121352.20
605 121266.13
606 121237.99
607 121415.14
608 121745.11
609 121234.18
610 121201.99
611 121449.95
612 121134.04
613 121480.94
614 121361.02
615 121422.05
616 120762.11
617 121613.98
618 121462.82
619 121685.98
620 121418.00
621 121033.91
622 121555.09
623 120815.99
624 121427.06
625 121708.87
626 121696.95
627 121400.83
628 121526.96
629 121490.00
630 121618.99
631 121346.00
632 121068.95
633 121567.96
634 121383.91
635 121710.06
636 121629.00
637 120996.95
638 121302.84
639 121750.12
640 121294.02
641 121555.09
642 121411.09
643 121375.08
644 121320.96
645 121422.05
646 121209.14
647 120938.06
648 121135.00
649 121016.98
650 121239.90
651 121358.87
652 121049.88
653 121343.85
654 121238.95
655 121998.07
656 121095.90
657 121142.86
658 121173.14
659 121160.03
660 121146.92
661 121237.99
662 120982.89
663 120849.85
664 121655.94
665 121727.94
666 121329.07
667 120943.07
668 121034.15
669 120970.96
670 120840.07
671 121224.16
672 121662.14
673 121661.90
674 121720.08
675 121416.81
676 121078.01
677 121101.14
678 121447.09
679 121776.10
680 121706.01
681 121408.94
682 121047.02
683 121349.81
684 121523.14
685 121339.08
686 121650.93
687 120959.04
688 121365.07
689 121394.87
690 121527.91
691 121555.81
692 121262.07
693 120865.11
694 121524.10
695 121492.15
696 121479.99
697 121483.80
698 121142.15
699 120938.06
700 121489.05
701 121081.11
702 121291.88
703 120990.99
704 121255.16
705 121027.95
706 121273.04
707 121253.97
708 121373.18
709 121511.94
710 121717.93
711 121342.90
712 120944.98
713 121212.01
714 121363.88
715 121526.00
716 120970.01
717 121119.98
718 121323.11
719 121575.12
720 121626.14
721 121285.92
722 121234.18
723 121568.92
724 121455.91
725 121169.81
726 121232.99
727 121573.93
728 121235.85
729 121032.00
730 120858.91
731 121268.99
732 121369.84
733 121623.99
734 121258.97
735 121380.09
736 121109.01
737 121252.06
738 121941.09
739 121708.87
740 121870.99
741 121340.99
742 121749.88
743 121021.99
744 121343.14
745 121875.05
746 121937.99
747 121689.08
748 121701.00
749 121758.94
750 121104.00
751 120957.85
752 121211.05
753 121407.03
754 121196.03
755 120984.08
756 121671.92
757 121287.11
758 121251.11
759 121125.94
760 121575.12
761 121601.82
762 120989.08
763 121406.08
764 121880.05
765 121087.07
766 121307.13
767 121471.88
768 121330.98
769 121579.17
770 121608.97
771 121169.81
772 121789.22
773 121559.86
774 121399.16
775 121055.84
776 121168.14
777 120984.79
778 121661.19
779 121740.10
780 121553.90
781 121664.05
782 121131.90
783 120897.05
784 121704.10
785 122010.95
786 121437.07
787 121640.92
788 121116.88
789 121124.98
790 121351.00
791 121127.84
792 121318.10
793 121371.03
794 121148.11
795 121479.99
796 121951.82
797 121773.96
798 121266.13
799 121383.91
800 121076.11
801 121000.05
802 121151.92
803 121771.10
804 121480.94
805 121339.08
806 121325.02
807 121520.04
808 121303.08
809 121182.20
810 121127.13
811 121380.09
812 121370.08
813 121420.86
814 121593.00
815 121362.92
816 121056.80
817 121345.04
818 121860.98
819 121383.91
820 121474.03
821 121259.93
822 121960.88
823 120820.05
824 120888.95
825 121246.10
826 121281.86
827 121567.01
828 121458.05
829 121283.05
830 121387.00
831 121217.01
832 121563.91
833 121047.97
834 122197.87
835 121392.97
836 121449.95
837 121301.89
838 121547.94
839 121407.99
840 121458.05
841 121392.97
842 121186.97
843 121097.09
844 121388.91
845 121444.94
846 121219.16
847 121164.08
848 121387.96
849 121484.04
850 121662.86
851 121510.03
852 121805.91
853 121631.15
854 121623.04
855 120955.94
856 121716.02
857 121431.11
858 121889.11
859 121109.01
860 121421.10
861 121371.98
862 121330.02
863 121376.04
864 120987.89
865 121061.09
866 121851.92
867 121310.00
868 121101.14
869 121899.84
870 120878.93
871 122185.95
872 121181.01
873 121015.07
874 121240.85
875 120987.18
876 121654.99
877 121583.94
878 121111.87
879 121723.89
880 121485.95
881 120826.96
882 121537.21
883 121726.04
884 121226.07
885 121657.13
886 121248.01
887 121550.08
888 121732.00
889 121237.04
890 121145.01
891 121154.79
892 121217.97
893 121176.00
894 121618.03
895 121130.94
896 120974.06
897 121438.03
898 120922.09
899 121495.96
900 121742.96
901 121462.11
902 121367.93
903 121032.00
904 121824.03
905 120920.90
906 121580.12
907 121001.96
908 121387.96
909 121239.19
910 121051.07
911 121187.93
912 121274.95
913 121123.08
914 121038.20
915 121389.87
916 121413.95
917 120945.93
918 121558.90
919 121179.82
920 121474.03
921 121804.00
922 121184.11
923 121367.93
924 121391.06
925 121478.08
926 121319.06
927 121356.01
928 121023.18
929 121184.83
930 121610.16
931 121384.14
932 121201.99
933 121104.00
934 121227.98
935 121181.01
936 120891.81
937 121253.01
938 121258.02
939 121135.00
940 121547.94
941 121429.20
942 121125.94
943 121864.08
944 121416.09
945 121276.14
946 121627.81
947 121469.97
948 121577.98
949 121166.94
950 121238.95
951 121104.96
952 121407.99
953 120766.88
954 120805.03
955 121265.89
956 121106.86
957 121516.94
958 121257.07
959 120655.06
960 121149.06
961 121437.07
962 121230.13
963 121265.89
964 121164.08
965 120914.94
966 120777.13
967 120940.92
968 120917.08
969 121397.02
970 121258.97
971 120927.81
972 120957.14
973 120984.08
974 121042.01
975 121379.14
976 121191.98
977 121000.05
978 120815.04
979 121073.01
980 120848.18
981 120903.97
982 120958.09
983 121016.03
984 120805.98
985 120945.93
986 120917.80
987 121001.96
988 121044.87
989 121053.93
990 121075.15
991 121068.95
992 120996.95
993 121145.01
994 121063.95
995 121069.91
996 121106.86
997 121090.89
998 121088.98
999 121088.98
1000 121120.93
1001 121086.12
1002 121018.17
1003 121083.97
1004 121102.09
1005 121093.99
1006 121083.02
1007 121088.98
1008 121103.05
1009 121100.90
1010 121024.85
1011 121086.12
1012 121120.93
1013 121100.90
1014 121048.93
1015 121090.17
1016 121110.92
1017 121085.88
1018 121050.12
1019 121095.18
1020 121124.98
1021 121096.85
1022 121006.97
1023 121083.02
1024 121098.04
1025 121092.80
1026 121084.93
1027 121091.13
1028 121088.98
1029 121090.89
1030 121092.08
1031 121079.92
1032 120974.06
1033 121078.97
1034 121046.07
1035 121073.01
1036 121088.98
1037 121083.02
1038 121079.92
1039 121075.87
1040 121071.10
1041 121082.07
1042 121034.86
1043 121047.97
1044 121105.19
1045 121087.79
1046 121083.02
1047 121088.03
1048 121109.01
1049 121094.94
1050 121214.15
1051 121047.02
1052 121056.08
1053 121091.84
1054 121062.04
1055 121103.05
1056 121080.88
1057 121080.88
1058 121066.81
1059 121094.94
1060 121110.92
1061 121093.99
1062 121022.94
1063 121099.95
1064 121109.01
1065 121088.98
1066 121087.07
1067 121084.93
1068 121087.79
1069 121099.00
1070 121089.94
1071 121091.13
1072 121097.09
1073 121112.11
1074 121043.92
1075 121086.12
1076 121073.01
1077 121041.06
1078 121073.01
1079 121071.10
1080 121063.95
1081 121089.94
1082 121029.85
1083 121071.82
1084 121075.15
1085 121072.77
1086 121083.02
1087 121080.88
1088 121081.11
1089 121088.03
1090 121070.86
1091 121051.07
1092 121078.01
1093 121085.88
1094 121057.99
1095 121096.13
1096 121082.78
1097 121084.93
1098 121091.84
1099 121089.94
1100 121081.11
1101 121082.07
1102 121028.90
1103 121075.87
1104 121069.91
1105 121086.12
1106 121073.01
1107 121076.11
1108 121073.96
1109 121080.88
1110 121084.93
1111 121093.03
1112 121071.10
1113 121013.88
1114 121060.85
1115 121057.03
1116 121083.02
1117 121073.96
1118 121084.21
1119 121074.91
