1120
0 121175.05
1 121071.10
2 121046.07
3 121010.07
4 121061.09
5 121037.96
6 121052.03
7 121053.93
8 121062.04
9 121078.01
10 121058.94
11 121014.83
12 121011.02
13 121046.07
14 121060.85
15 121062.04
16 120995.04
17 121051.07
18 121058.94
19 121053.93
20 121059.89
21 121059.18
22 121039.87
23 121068.00
24 121042.97
25 121006.97
26 121053.93
27 121052.03
28 121052.98
29 121061.09
30 120956.90
31 121002.20
32 121012.93
33 121045.83
34 121066.09
35 121054.17
36 121035.10
37 121031.05
38 121060.85
39 121041.06
40 120959.04
41 121045.11
42 121068.95
43 121062.99
44 121019.12
45 121012.93
46 121057.03
47 121067.05
48 120997.19
49 121063.95
50 121001.01
51 121069.91
52 121067.05
53 121010.07
54 120927.81
55 121072.05
56 121073.01
57 121008.87
58 121014.12
59 121062.99
60 121033.19
61 121083.02
62 121053.93
63 121022.94
64 121006.01
65 121039.15
66 121061.09
67 121083.97
68 121008.87
69 121026.99
70 121011.02
71 120971.92
72 120986.94
73 121058.94
74 121057.03
75 121045.83
76 121064.90
77 121055.84
78 121068.95
79 121039.15
80 121016.98
81 121052.03
82 121047.02
83 121061.09
84 121057.03
85 121057.99
86 121032.00
87 120985.98
88 121047.02
89 121047.02
90 121047.02
91 121062.04
92 121027.95
93 121060.13
94 120998.86
95 121075.87
96 120953.08
97 120912.08
98 120930.91
99 121063.95
100 121207.95
101 120917.80
102 121006.97
103 120850.09
104 120696.07
105 121443.99
106 121916.06
107 121422.05
108 121322.87
109 122293.00
110 121545.08
111 122985.84
112 123275.04
113 124095.92
114 124882.94
115 124733.21
116 124347.93
117 123819.11
118 123830.08
119 125442.03
120 125597.95
121 124011.99
122 124823.09
123 123903.99
124 125571.97
125 125426.05
126 124719.14
127 124724.86
128 126250.98
129 124702.93
130 124518.16
131 125451.09
132 123687.98
133 123600.96
134 124522.92
135 125298.98
136 125211.00
137 125583.89
138 123691.08
139 125576.97
140 124841.93
141 126462.94
142 124639.99
143 125478.03
144 124101.88
145 124042.03
146 125379.80
147 124191.05
148 125363.11
149 125044.11
150 125689.98
151 125831.84
152 125010.97
153 124189.85
154 124819.99
155 123975.04
156 124238.01
157 123955.97
158 124160.05
159 124098.06
160 124373.91
161 124199.87
162 125000.95
163 124202.97
164 124752.04
165 125014.07
166 124248.03
167 124428.03
168 124310.97
169 125195.98
170 123772.14
171 124338.87
172 124547.96
173 126324.89
174 125545.98
175 124574.90
176 124409.91
177 123586.89
178 124578.95
179 124366.04
180 124223.95
181 125061.99
182 125122.07
183 123365.88
184 125916.96
185 123420.00
186 123548.03
187 124278.07
188 123618.13
189 124681.00
190 123069.05
191 124801.87
192 124114.99
193 125513.08
194 124251.13
195 124922.04
196 123349.91
197 124161.96
198 125026.94
199 124932.05
200 123655.08
201 124187.95
202 125343.08
203 125157.12
204 122944.12
205 123835.09
206 123677.02
207 125582.93
208 123712.06
209 123949.05
210 123637.91
211 123759.03
212 124698.88
213 123523.00
214 123363.02
215 124514.82
216 125938.89
217 125074.15
218 123430.97
219 125027.89
220 124109.03
221 123490.10
222 124227.05
223 124889.14
224 123957.87
225 125075.10
226 125781.06
227 123285.06
228 123785.97
229 124897.96
230 124277.83
231 123240.95
232 124167.92
233 125695.94
234 124116.90
235 123623.85
236 125236.03
237 124324.08
238 124173.88
239 125823.02
240 125212.91
241 122738.84
242 125056.98
243 124299.05
244 125178.10
245 123625.04
246 124289.04
247 124929.90
248 124231.10
249 123984.10
250 123055.93
251 126612.19
252 124017.95
253 123574.97
254 124011.99
255 125463.96
256 123859.88
257 125454.90
258 124766.11
259 125326.87
260 123909.00
261 123971.94
262 123847.96
263 123981.95
264 124666.93
265 124912.02
266 124059.92
267 123573.06
268 124008.89
269 125501.87
270 124602.08
271 123677.97
272 124380.83
273 123764.04
274 122776.99
275 124285.94
276 123430.01
277 124157.91
278 123243.81
279 125928.16
280 124213.93
281 125704.05
282 123571.16
283 125315.90
284 123282.91
285 123121.98
286 124258.04
287 123435.02
288 124272.11
289 123467.92
290 124055.15
291 124296.19
292 125024.80
293 125201.94
294 124104.02
295 125369.07
296 124135.97
297 123987.91
298 123430.01
299 124299.05
300 125627.04
301 125848.05
302 125223.88
303 124129.06
304 125004.05
305 123313.90
306 125614.88
307 123216.87
308 124085.90
309 123450.04
310 124311.92
311 124200.82
312 123343.94
313 123624.80
314 123479.13
315 126563.07
316 123705.86
317 125046.97
318 123482.94
319 124253.03
320 123258.83
321 124032.02
322 123409.03
323 124174.12
324 125711.20
325 124211.79
326 123430.01
327 123673.92
328 124697.92
329 122999.91
330 124813.08
331 123182.06
332 123035.91
333 125246.05
334 124391.08
335 123533.96
336 124433.04
337 124551.06
338 124724.15
339 123744.01
340 122782.95
341 125063.90
342 124516.01
343 124394.89
344 124562.98
345 124625.92
346 124773.03
347 123292.92
348 124273.06
349 123960.97
350 124919.89
351 123888.97
352 124717.00
353 124027.97
354 123290.06
355 126584.05
356 125031.95
357 123465.06
358 124313.83
359 122792.01
360 123696.09
361 123188.02
362 123356.10
363 122892.14
364 123533.96
365 122887.13
366 123226.88
367 123502.97
368 122632.98
369 123270.99
370 122814.18
371 123703.00
372 122827.05
373 123605.97
374 123363.97
375 123783.11
376 123646.02
377 122497.08
378 123360.87
379 123453.14
380 123775.01
381 122724.06
382 123245.00
383 123140.10
384 123470.07
385 123291.97
386 123762.85
387 123594.05
388 123421.91
389 123384.95
390 123476.03
391 123778.10
392 123631.95
393 123984.10
394 123334.88
395 122749.81
396 123184.92
397 122947.93
398 123831.03
399 122936.01
400 124104.98
401 123057.13
402 123348.95
403 122952.22
404 122821.81
405 122965.10
406 123685.12
407 123255.01
408 122890.95
409 123775.01
410 122702.12
411 123265.98
412 123279.09
413 123641.97
414 123759.03
415 123817.92
416 123384.00
417 123236.18
418 123624.80
419 122773.17
420 123625.04
421 123310.09
422 123784.07
423 123204.95
424 123588.09
425 123142.00
426 123050.93
427 123642.92
428 123348.00
429 123682.02
430 123572.11
431 123939.04
432 123502.97
433 123976.95
434 123564.00
435 123265.03
436 123935.94
437 123343.94
438 123688.94
439 123171.09
440 124004.13
441 123469.11
442 123360.16
443 123466.01
444 123476.98
445 124099.02
446 123265.03
447 123588.09
448 123233.08
449 123265.03
450 123456.00
451 124183.89
452 124049.90
453 123280.05
454 123325.11
455 123197.08
456 123776.91
457 123605.01
458 123461.96
459 123535.87
460 123438.84
461 123108.15
462 122817.04
463 123758.08
464 123086.93
465 124105.93
466 123057.13
467 122792.96
468 123453.14
469 123128.18
470 123311.04
471 123317.96
472 123887.06
473 122757.20
474 123616.93
475 123192.07
476 123236.89
477 123349.19
478 123516.08
479 123625.99
480 123039.96
481 123337.03
482 122891.90
483 123094.80
484 122725.96
485 123203.04
486 123546.12
487 123903.04
488 123215.91
489 123621.94
490 123757.84
491 122756.00
492 123295.07
493 123373.03
494 123318.91
495 122974.16
496 123193.98
497 122692.11
498 122972.97
499 123462.92
500 123231.89
501 123366.12
502 122933.15
503 123653.89
504 122741.94
505 123665.09
506 121294.02
507 121046.78
508 121089.94
509 120992.18
510 121050.12
511 120952.84
512 121288.06
513 121551.99
514 121038.91
515 121213.91
516 120944.02
517 120939.97
518 120953.80
519 120996.00
520 120739.94
521 120996.00
522 120913.03
523 120841.98
524 120738.98
525 120749.95
526 120746.14
527 120728.97
528 120677.95
529 121017.93
530 120826.01
531 120971.92
532 120765.92
533 120980.98
534 120876.07
535 121037.96
536 120805.98
537 121124.03
538 120825.05
539 120775.94
540 120714.90
541 121104.00
542 121385.81
543 120696.07
544 120685.10
545 120769.02
546 120683.91
547 121196.03
548 120711.09
549 120974.06
550 120937.82
551 120931.15
552 120760.92
553 121129.04
554 120857.95
555 120981.93
556 121068.00
557 121024.85
558 120862.01
559 120852.95
560 120743.99
561 121083.97
562 120898.96
563 120715.86
564 120851.99
565 120671.99
566 120991.95
567 121271.85
568 120689.15
569 120934.01
570 120722.06
571 120818.14
572 120846.03
573 120984.08
574 120896.10
575 120922.09
576 121624.95
577 121046.07
578 121268.03
579 121074.91
580 121562.96
581 121011.97
582 121173.86
583 120918.04
584 121042.01
585 120919.94
586 120790.96
587 120757.10
588 121007.92
589 120791.91
590 121129.99
591 121045.83
592 120975.02
593 121129.04
594 120702.98
595 120696.07
596 120841.98
597 120940.92
598 121169.09
599 120598.08
600 120837.93
601 120692.97
602 121231.08
603 121009.11
604 120991.95
605 121186.02
606 120865.82
607 120806.93
608 120859.86
609 121034.15
610 120975.97
611 120857.00
612 121010.07
613 121070.15
614 120817.18
615 120838.88
616 121355.77
617 120850.09
618 121517.90
619 120827.91
620 120928.05
621 120698.93
622 120982.17
623 120908.02
624 120796.92
625 121098.04
626 121163.85
627 120682.00
628 121085.17
629 120891.09
630 120865.82
631 121086.12
632 121271.85
633 120665.07
634 120754.00
635 121067.05
636 120753.05
637 121214.87
638 121012.93
639 121114.02
640 120964.05
641 120879.89
642 121080.88
643 121006.97
644 121088.98
645 120805.03
646 120689.15
647 120793.82
648 120702.98
649 121042.97
650 120865.11
651 120677.95
652 120821.00
653 121564.15
654 121179.82
655 120779.04
656 120676.99
657 120764.97
658 120822.91
659 120770.93
660 121256.11
661 120841.98
662 121510.03
663 120950.94
664 120765.92
665 120613.81
666 121099.00
667 120697.98
668 120626.93
669 121064.90
670 120942.12
671 121030.09
672 120975.97
673 120707.04
674 120965.00
675 120820.05
676 120790.96
677 120703.22
678 120839.12
679 120983.84
680 120959.04
681 121176.96
682 121145.01
683 120672.94
684 120828.15
685 120845.08
686 121085.88
687 121000.05
688 120960.00
689 120675.09
690 121033.91
691 121396.06
692 121056.08
693 120730.88
694 120836.97
695 120628.83
696 120792.87
697 120789.05
698 120982.89
699 120849.85
700 121515.99
701 120833.16
702 120906.11
703 120879.89
704 120797.16
705 120944.02
706 121062.99
707 120832.92
708 120718.00
709 121345.04
710 121020.08
711 121225.12
712 121101.86
713 120674.13
714 121056.08
715 121026.04
716 121064.90
717 120687.96
718 120787.86
719 121108.06
720 120656.01
721 120908.98
722 120815.99
723 120641.95
724 120735.17
725 120908.98
726 120707.99
727 120957.85
728 120951.89
729 120989.08
730 120847.94
731 120987.89
732 120785.95
733 120702.98
734 120811.94
735 121122.84
736 121169.09
737 120982.17
738 120951.18
739 120831.01
740 120953.08
741 121296.17
742 120990.99
743 120962.86
744 120971.92
745 120785.00
746 120829.11
747 121004.10
748 121366.02
749 120882.99
750 121026.99
751 121050.12
752 120695.83
753 120894.91
754 120980.98
755 121114.97
756 121088.98
757 121042.01
758 121142.86
759 120981.22
760 120999.10
761 120977.88
762 120914.94
763 120808.12
764 120952.84
765 121073.01
766 120872.97
767 121011.97
768 120749.00
769 121057.03
770 120796.92
771 120929.00
772 121032.95
773 120686.05
774 121141.91
775 121059.18
776 120789.05
777 120769.98
778 121016.98
779 120949.98
780 120776.89
781 121151.92
782 120907.07
783 120790.96
784 120838.17
785 120909.93
786 120777.85
787 120960.00
788 120928.76
789 120821.95
790 121055.84
791 120954.99
792 120738.98
793 120939.97
794 121037.96
795 120944.02
796 120749.95
797 121051.07
798 121083.97
799 121019.84
800 120885.13
801 121009.83
802 120807.17
803 120645.05
804 120885.85
805 120933.06
806 120672.94
807 120954.99
808 120790.00
809 121020.08
810 121041.06
811 120843.89
812 121279.00
813 120890.14
814 120897.05
815 120949.03
816 120810.99
817 120900.87
818 121134.04
819 121358.16
820 120888.95
821 121030.09
822 120775.94
823 121107.82
824 121000.05
825 121173.14
826 120848.18
827 121088.03
828 120695.11
829 120721.82
830 120949.03
831 121024.13
832 121033.91
833 120912.08
834 121147.87
835 120847.94
836 121012.93
837 120846.99
838 120864.87
839 121087.07
840 121051.07
841 120735.88
842 120907.07
843 120914.94
844 120960.00
845 121018.89
846 121371.98
847 120652.91
848 120641.95
849 120820.05
850 121277.09
851 120995.04
852 121170.04
853 120764.97
854 121356.01
855 120973.11
856 120751.14
857 121134.04
858 121148.82
859 120749.95
860 120929.96
861 120940.92
862 120871.07
863 120725.87
864 120769.98
865 120769.02
866 121315.96
867 121176.00
868 120958.09
869 120920.90
870 120861.05
871 121044.87
872 121068.95
873 121021.03
874 121022.94
875 121056.08
876 121057.99
877 121037.96
878 121037.01
879 121025.09
880 120946.88
881 121055.13
882 121059.89
883 121011.02
884 120980.98
885 120959.04
886 121055.84
887 121033.91
888 121076.11
889 121042.01
890 121056.08
891 121028.18
892 121045.11
893 121033.19
894 121048.93
895 121033.91
896 121032.95
897 121018.89
898 121038.91
899 121063.95
900 120999.10
901 121054.17
902 121047.97
903 121010.07
904 120967.15
905 121084.93
906 121045.11
907 121062.04
908 121041.06
909 121043.92
910 121034.86
911 121043.92
912 121037.01
913 121031.05
914 121042.97
915 121051.79
916 121046.07
917 121051.07
918 121050.83
919 120970.96
920 121042.97
921 121039.87
922 121057.99
923 121010.07
924 121045.83
925 121044.87
926 121035.10
927 121037.96
928 121042.97
929 121033.91
930 121068.00
931 121037.01
932 121059.89
933 121043.92
934 121051.07
935 121039.87
936 121042.01
937 121040.11
938 121042.01
939 121032.95
940 121033.91
941 121043.21
942 121021.03
943 121026.04
944 120988.13
945 121044.16
946 120964.05
947 121037.96
948 121050.12
949 121007.92
950 121049.17
951 121037.96
952 121038.91
953 121034.15
954 121041.77
955 120923.04
956 121068.95
957 121037.96
958 121057.99
959 121043.21
960 121033.91
961 121062.04
962 121054.89
963 121017.93
964 120990.04
965 121037.01
966 121057.03
967 121047.02
968 121047.02
969 121073.01
970 121081.11
971 121054.17
972 120993.85
973 121042.97
974 121065.14
975 120951.89
976 121058.94
977 121060.13
978 121020.08
979 121016.03
980 121055.13
981 121075.87
982 121043.92
983 121031.05
984 121034.15
985 121064.90
986 121062.04
987 121046.07
988 121055.13
989 121042.97
990 121042.97
991 121047.02
992 121093.99
993 121112.82
994 121042.97
995 120950.94
996 121034.86
997 121052.98
998 121043.92
999 121052.98
1000 121051.07
1001 121037.96
1002 121047.02
1003 121005.06
1004 120980.98
1005 121054.89
1006 121051.07
1007 121042.01
1008 121085.17
1009 121041.06
1010 121037.01
1011 121037.01
1012 121035.10
1013 121039.87
1014 121035.10
1015 121014.83
1016 121070.15
1017 121043.92
1018 121038.91
1019 121054.17
1020 121055.84
1021 121049.88
1022 121044.16
1023 121006.97
1024 121030.09
1025 121057.99
1026 121026.99
1027 121062.04
1028 121037.96
1029 121062.04
1030 121030.81
1031 121050.12
1032 121044.16
1033 121042.01
1034 120962.14
1035 121032.95
1036 121047.97
1037 121038.91
1038 121042.97
1039 121038.91
1040 121052.98
1041 121047.97
1042 121045.83
1043 121033.91
1044 121034.86
1045 121032.00
1046 121078.97
1047 121054.17
1048 121028.90
1049 121039.15
1050 121063.95
1051 121043.92
1052 121037.01
1053 121039.87
1054 121026.99
1055 121032.95
1056 121035.10
1057 121059.89
1058 121052.98
1059 121046.07
1060 121044.16
1061 121057.03
1062 121068.95
1063 121024.13
1064 120998.86
1065 121052.03
1066 121020.79
1067 121041.06
1068 121030.09
1069 121047.02
1070 121032.95
1071 121034.15
1072 121034.86
1073 121037.01
1074 121035.10
1075 121034.86
1076 121015.07
1077 121059.18
1078 121053.93
1079 121047.02
1080 121047.97
1081 121052.03
1082 121048.93
1083 121015.07
1084 120982.89
1085 121042.97
1086 121038.91
1087 121047.02
1088 121063.95
1089 121036.05
1090 121048.21
1091 121054.89
1092 121036.05
1093 121041.06
1094 121041.06
1095 121046.07
1096 121035.10
1097 121012.93
1098 121072.05
1099 121052.03
1100 121122.84
1101 121059.89
1102 121019.12
1103 121013.88
1104 120966.91
1105 121065.14
1106 121055.84
1107 121053.93
1108 121042.01
1109 121045.11
1110 121037.96
1111 121061.09
1112 121040.11
1113 121061.09
1114 121041.06
1115 120955.94
1116 120986.94
1117 121052.03
1118 121038.20
1119 121052.03
