1120
0 121294.02
1 121121.88
2 121039.87
3 121124.03
4 121125.94
5 121110.92
6 121115.92
7 121120.93
8 121101.14
9 121095.90
10 121114.02
11 121119.02
12 121102.81
13 121062.99
14 121042.97
15 121114.97
16 121126.17
17 121083.02
18 121105.19
19 121118.07
20 121104.00
21 121108.06
22 121109.01
23 121103.05
24 121106.86
25 121104.96
26 121101.86
27 121119.02
28 121103.05
29 121062.99
30 121135.95
31 121127.13
32 121117.12
33 121059.18
34 121115.92
35 121105.91
36 121105.91
37 121099.95
38 121094.94
39 121088.03
40 121105.91
41 121125.22
42 121108.06
43 121129.99
44 121099.00
45 121119.02
46 121104.00
47 121124.03
48 121136.90
49 121084.93
50 121156.93
51 121116.16
52 121079.92
53 121099.00
54 120980.02
55 121099.95
56 121083.02
57 121093.99
58 121109.01
59 121137.14
60 121121.88
61 121096.85
62 121109.96
63 121125.94
64 121098.04
65 121118.07
66 121104.00
67 121104.96
68 121090.89
69 121074.91
70 121137.86
71 121110.20
72 121028.18
73 121099.00
74 121056.08
75 121135.00
76 121126.89
77 121073.96
78 121015.07
79 120997.19
80 121129.04
81 121115.92
82 121119.02
83 121105.91
84 121109.01
85 121107.82
86 121151.92
87 121094.94
88 121104.00
89 121072.05
90 121108.06
91 121120.93
92 121118.07
93 121104.00
94 121054.17
95 120909.93
96 121044.87
97 120984.08
98 121004.10
99 121019.84
100 120939.97
101 121030.81
102 121057.03
103 122001.89
104 120839.83
105 121639.97
106 121146.92
107 121207.95
108 123058.80
109 121708.87
110 121680.02
111 124195.10
112 122591.02
113 123544.93
114 122622.01
115 122736.93
116 122961.04
117 122701.88
118 124222.99
119 123279.09
120 123655.80
121 123247.15
122 123035.19
123 122802.02
124 122565.98
125 122618.91
126 124372.01
127 122717.86
128 123368.98
129 124139.07
130 124650.00
131 123836.99
132 123692.99
133 122594.12
134 123565.91
135 124394.89
136 123421.91
137 123970.03
138 122467.99
139 122967.00
140 123064.99
141 122249.13
142 122301.10
143 123833.18
144 124026.06
145 122309.92
146 123874.90
147 124643.09
148 123942.14
149 122975.11
150 122245.07
151 122198.10
152 123034.95
153 123062.13
154 123106.00
155 124049.90
156 123779.06
157 122190.00
158 122106.08
159 122803.93
160 123683.93
161 122490.88
162 122520.92
163 123035.91
164 122962.00
165 123923.06
166 122901.92
167 121973.99
168 123255.01
169 122567.89
170 124825.95
171 122489.93
172 123380.90
173 122995.85
174 124782.80
175 123296.98
176 123166.08
177 123097.18
178 124626.16
179 124485.02
180 122975.83
181 124746.08
182 122390.99
183 123514.89
184 122625.11
185 122300.15
186 123170.14
187 123038.05
188 123397.83
189 124024.87
190 123360.87
191 123180.87
192 122506.14
193 123051.88
194 123871.09
195 123131.99
196 122325.90
197 123209.00
198 122325.90
199 122410.77
200 126640.08
201 123383.05
202 123404.98
203 123008.97
204 122874.02
205 122511.15
206 124248.03
207 123193.98
208 125031.95
209 122793.20
210 123608.11
211 122573.14
212 123782.87
213 123463.87
214 123541.12
215 122450.11
216 122473.96
217 122690.92
218 122400.05
219 122642.99
220 123929.02
221 123555.18
222 123394.97
223 122883.08
224 123400.93
225 124227.05
226 123007.77
227 122616.05
228 121782.06
229 124936.82
230 123496.06
231 122471.09
232 124180.08
233 123539.21
234 122745.99
235 123504.16
236 122604.13
237 123461.96
238 123313.90
239 123777.15
240 122700.93
241 122437.00
242 122668.03
243 123075.96
244 122950.08
245 122964.86
246 123100.04
247 123617.17
248 121971.85
249 123065.95
250 122796.06
251 124202.97
252 122711.90
253 123447.18
254 124608.99
255 124325.04
256 124459.03
257 122709.99
258 122681.14
259 123433.11
260 122709.04
261 123077.15
262 124587.06
263 122899.06
264 122720.00
265 122801.78
266 124416.11
267 122853.04
268 122644.19
269 124233.96
270 122627.02
271 124686.96
272 123785.97
273 123786.93
274 122332.10
275 122293.00
276 122508.05
277 123064.04
278 122961.04
279 122843.03
280 122905.02
281 122531.18
282 122414.11
283 124834.06
284 123489.86
285 122420.07
286 123409.03
287 122681.86
288 122730.02
289 122716.19
290 124349.12
291 122730.97
292 122239.11
293 122999.91
294 122340.92
295 123109.82
296 122272.97
297 124652.86
298 124843.12
299 122980.83
300 124909.88
301 123209.00
302 123854.88
303 124731.06
304 123358.01
305 124814.03
306 122178.08
307 122518.06
308 122092.01
309 122203.11
310 122097.97
311 123945.95
312 122767.93
313 123771.91
314 122956.04
315 122122.05
316 124583.01
317 122020.96
318 122896.19
319 122783.18
320 122011.90
321 122269.15
322 123852.01
323 123732.09
324 122119.90
325 121962.07
326 123799.09
327 123584.03
328 123011.83
329 123730.90
330 123867.03
331 123939.04
332 122825.86
333 122749.09
334 123041.87
335 122965.81
336 122839.93
337 122977.97
338 123112.92
339 123706.10
340 122756.00
341 123003.01
342 121970.89
343 123816.01
344 123587.13
345 122644.90
346 122766.97
347 123509.17
348 123836.99
349 122972.01
350 123695.14
351 123848.92
352 123600.01
353 122824.91
354 122817.99
355 123567.10
356 123655.08
357 122106.08
358 122970.10
359 122138.98
360 121804.95
361 122099.16
362 122209.07
363 122512.10
364 122201.92
365 122174.98
366 122446.06
367 122793.91
368 121916.06
369 122329.00
370 122260.09
371 122040.99
372 121973.04
373 122439.15
374 122254.85
375 122432.95
376 122220.04
377 122205.02
378 122384.07
379 122693.06
380 122140.88
381 122091.05
382 122487.78
383 122661.11
384 122967.00
385 122334.00
386 122711.90
387 122568.13
388 121777.06
389 121948.96
390 122152.09
391 122127.06
392 122219.80
393 122438.19
394 122827.05
395 122540.00
396 122139.93
397 122220.99
398 122024.06
399 122463.94
400 121941.09
401 122462.03
402 122471.09
403 122321.13
404 122414.83
405 122151.14
406 121957.06
407 122833.97
408 122159.00
409 122268.20
410 122295.14
411 122765.06
412 121844.05
413 122291.09
414 122308.97
415 122502.09
416 122070.79
417 122163.06
418 122818.95
419 122718.81
420 122078.90
421 122344.02
422 122241.97
423 122545.00
424 122213.13
425 122074.84
426 122108.94
427 122406.96
428 122164.01
429 122174.98
430 122303.01
431 122406.01
432 122034.07
433 122010.95
434 122112.99
435 122610.09
436 122043.13
437 122362.14
438 122509.96
439 122452.02
440 122462.03
441 122247.93
442 122207.88
443 122162.10
444 122637.99
445 122357.13
446 122527.12
447 121959.92
448 122759.10
449 122043.85
450 122405.05
451 122835.16
452 122457.03
453 122570.04
454 122320.18
455 122201.92
456 122327.80
457 121761.08
458 122314.93
459 122066.02
460 122356.18
461 122240.07
462 122523.07
463 122230.05
464 123008.01
465 122316.84
466 122051.95
467 122504.00
468 122452.02
469 122474.91
470 122449.87
471 122231.96
472 122812.99
473 122396.95
474 122123.00
475 122053.15
476 122127.06
477 122576.00
478 122069.12
479 122563.12
480 122648.00
481 122467.99
482 122522.12
483 122530.94
484 122196.91
485 122596.03
486 122039.08
487 122563.12
488 122293.00
489 122277.98
490 122138.98
491 121808.05
492 121850.97
493 122568.13
494 122443.91
495 122622.97
496 122189.04
497 121999.98
498 121922.02
499 122700.93
500 122279.88
501 122010.95
502 122373.10
503 121682.17
504 122240.07
505 122829.91
506 120850.09
507 121111.87
508 120903.97
509 121201.99
510 121150.97
511 121101.14
512 121394.87
513 121072.05
514 121275.90
515 121009.11
516 121037.96
517 121139.05
518 121085.17
519 121192.93
520 120866.06
521 120878.93
522 120949.03
523 120810.03
524 121017.93
525 120935.92
526 120810.99
527 121171.00
528 121063.95
529 121264.93
530 120953.08
531 121227.03
532 121001.96
533 121045.11
534 120967.15
535 120930.91
536 121315.00
537 121058.94
538 121399.16
539 121180.06
540 121063.95
541 121029.85
542 121056.08
543 120999.10
544 121078.01
545 121242.05
546 120927.10
547 120764.02
548 121082.07
549 120924.95
550 121056.08
551 121391.06
552 120889.90
553 120913.98
554 121079.92
555 120885.85
556 120804.07
557 120915.89
558 121250.15
559 120804.07
560 121021.99
561 120744.94
562 120975.02
563 120810.99
564 120939.02
565 121613.98
566 120836.02
567 120950.94
568 121245.15
569 121230.84
570 120787.14
571 120754.96
572 120983.12
573 120942.83
574 121146.92
575 121024.85
576 121070.86
577 120841.98
578 120767.83
579 120758.06
580 121064.19
581 120940.92
582 120729.21
583 120851.04
584 121132.85
585 121155.02
586 121109.96
587 121045.11
588 121297.12
589 121052.98
590 121064.90
591 120889.90
592 121212.96
593 121016.03
594 121103.05
595 120774.98
596 120987.89
597 120718.00
598 120827.91
599 120842.93
600 120866.06
601 121137.14
602 121239.90
603 121239.90
604 121085.17
605 120795.97
606 121030.09
607 120849.13
608 120958.81
609 120897.05
610 120723.01
611 121008.16
612 121156.93
613 121147.87
614 120680.09
615 120764.02
616 121391.06
617 120658.87
618 120849.85
619 120996.00
620 121150.02
621 120920.90
622 121235.13
623 120894.91
624 121192.93
625 120911.12
626 121074.20
627 121014.12
628 121083.97
629 121191.98
630 120817.18
631 121331.93
632 121183.87
633 120878.93
634 121005.06
635 121057.99
636 121122.84
637 120849.85
638 120892.05
639 120975.97
640 121041.06
641 120667.93
642 120766.16
643 120854.85
644 121304.99
645 120804.07
646 120764.97
647 120805.03
648 121007.92
649 120967.15
650 121166.94
651 121169.09
652 120723.96
653 121221.07
654 120913.98
655 120914.94
656 120734.93
657 120723.96
658 120877.03
659 120865.82
660 121162.89
661 120995.04
662 121228.93
663 120829.11
664 120810.99
665 120796.92
666 121054.89
667 120967.86
668 120957.14
669 120933.06
670 120790.96
671 121489.05
672 121006.01
673 120971.20
674 121022.94
675 121304.99
676 120874.88
677 120985.98
678 120991.95
679 121109.01
680 121326.92
681 121118.07
682 120860.10
683 120911.84
684 120996.95
685 120888.95
686 121129.99
687 120821.95
688 121150.02
689 120836.02
690 120956.90
691 121109.01
692 120982.89
693 120881.08
694 121070.86
695 120934.01
696 120879.89
697 121131.90
698 120882.99
699 120816.95
700 121092.08
701 120985.98
702 120857.00
703 121196.03
704 120912.79
705 120651.96
706 120874.88
707 120790.96
708 120709.18
709 121006.01
710 120667.93
711 120892.05
712 121250.87
713 120702.98
714 120713.00
715 120977.16
716 121127.13
717 121207.00
718 120712.04
719 120785.95
720 121160.98
721 120969.06
722 120801.93
723 121132.85
724 121057.99
725 121233.94
726 120939.02
727 121179.10
728 121047.97
729 120673.89
730 120717.05
731 121247.05
732 120864.15
733 120716.09
734 121011.02
735 120825.05
736 120964.05
737 120811.94
738 121248.96
739 120934.01
740 121201.99
741 121026.04
742 120719.91
743 120861.05
744 120821.00
745 120936.87
746 121176.00
747 120840.07
748 121183.87
749 121310.95
750 120934.01
751 120980.02
752 121124.03
753 120867.97
754 121194.84
755 121090.17
756 120898.96
757 120985.98
758 121412.99
759 121008.87
760 121011.97
761 120911.12
762 121105.91
763 121053.93
764 121274.95
765 120783.09
766 121175.05
767 120998.14
768 121089.94
769 120867.01
770 120826.96
771 121165.04
772 121140.96
773 121147.87
774 121361.97
775 121307.13
776 120863.91
777 121243.00
778 121185.06
779 120728.97
780 120723.01
781 121020.08
782 120854.14
783 121261.84
784 121083.97
785 121068.00
786 120868.92
787 120845.08
788 120994.09
789 120730.88
790 121145.01
791 121001.96
792 120996.00
793 120972.87
794 120729.92
795 121317.15
796 121025.09
797 121121.17
798 121074.91
799 120958.09
800 121227.98
801 121045.11
802 121299.03
803 121066.09
804 121089.94
805 120830.06
806 120818.85
807 120759.96
808 120798.11
809 120841.03
810 121286.15
811 120770.93
812 120945.93
813 120983.12
814 121227.03
815 120749.00
816 120653.15
817 120838.88
818 120836.02
819 121063.95
820 120805.98
821 121060.13
822 121223.93
823 121052.98
824 121059.89
825 121224.88
826 121185.06
827 120771.88
828 120945.93
829 120887.99
830 121088.03
831 121009.11
832 120796.92
833 120836.02
834 121140.96
835 120900.87
836 120898.96
837 120861.05
838 120743.99
839 120989.80
840 120972.87
841 120843.17
842 121389.87
843 120716.09
844 121114.02
845 120985.03
846 120825.77
847 120975.02
848 120818.85
849 121024.13
850 120879.89
851 120975.02
852 121151.92
853 120776.18
854 121001.01
855 120763.06
856 121027.95
857 121001.01
858 120912.08
859 120916.13
860 120777.13
861 120944.02
862 120897.05
863 120702.98
864 120960.00
865 120868.92
866 121263.98
867 120774.98
868 120872.02
869 121003.15
870 120871.07
871 121054.17
872 121034.15
873 121058.94
874 121068.00
875 121056.08
876 121052.98
877 121061.09
878 120978.83
879 121067.05
880 121059.18
881 121052.98
882 121053.93
883 120949.03
884 121052.98
885 121052.03
886 121062.04
887 121061.09
888 121054.17
889 121054.89
890 121057.03
891 121060.85
892 121047.02
893 121050.12
894 121056.80
895 121047.02
896 121059.89
897 121057.99
898 121053.93
899 121034.86
900 121042.97
901 121042.01
902 121067.05
903 121047.97
904 121039.15
905 120993.85
906 121114.97
907 121042.01
908 121046.07
909 121032.00
910 121078.97
911 121044.87
912 120965.00
913 121052.03
914 121033.91
915 121040.82
916 121051.07
917 121050.83
918 121084.93
919 121044.16
920 121037.96
921 121039.15
922 121080.88
923 121024.13
924 121034.86
925 121001.96
926 121071.10
927 121074.91
928 121043.92
929 121030.81
930 121070.86
931 121026.04
932 121066.09
933 120996.95
934 121074.20
935 121056.80
936 121040.11
937 121044.87
938 121081.11
939 121031.05
940 121054.89
941 121045.83
942 121070.86
943 121077.06
944 121026.04
945 120992.18
946 121062.99
947 121062.99
948 121059.89
949 121056.08
950 121075.87
951 121052.03
952 121057.99
953 121068.00
954 121070.86
955 121060.85
956 121031.05
957 121059.89
958 121055.84
959 121062.99
960 121059.18
961 121053.93
962 120995.04
963 121031.05
964 121057.99
965 120985.98
966 121057.99
967 121057.03
968 121056.08
969 121060.85
970 121057.99
971 121057.03
972 121054.89
973 121052.98
974 121061.80
975 121046.78
976 121057.03
977 121032.95
978 121062.04
979 121037.01
980 121067.05
981 121043.21
982 121065.86
983 121037.96
984 121062.99
985 120997.91
986 121019.12
987 121055.84
988 121062.99
989 121067.05
990 121062.99
991 121062.04
992 121062.99
993 121076.11
994 121053.93
995 121054.89
996 121057.99
997 120980.98
998 121065.14
999 121058.94
1000 121051.07
1001 121052.98
1002 120990.04
1003 121055.84
1004 121015.07
1005 120983.12
1006 121063.95
1007 121065.14
1008 121067.05
1009 121096.13
1010 121059.89
1011 121057.03
1012 121054.17
1013 121078.97
1014 121031.05
1015 121071.10
1016 121071.10
1017 121069.91
1018 120933.06
1019 121055.84
1020 121063.95
1021 121050.12
1022 121055.84
1023 121053.93
1024 121031.05
1025 121017.93
1026 121057.03
1027 121069.91
1028 121063.95
1029 121055.13
1030 121064.90
1031 121040.11
1032 121032.95
1033 120966.20
1034 121052.03
1035 121047.97
1036 121044.87
1037 121065.14
1038 121041.06
1039 121055.13
1040 121049.88
1041 121073.01
1042 121040.11
1043 121047.02
1044 121027.95
1045 121001.96
1046 121046.07
1047 121043.92
1048 121020.08
1049 121067.05
1050 121073.01
1051 121043.92
1052 121040.11
1053 121071.10
1054 121060.85
1055 121068.95
1056 121063.95
1057 121045.83
1058 121063.95
1059 121057.03
1060 121054.17
1061 121050.12
1062 121052.98
1063 121071.10
1064 121028.18
1065 120877.03
1066 121060.85
1067 121062.99
1068 121055.13
1069 121054.89
1070 121068.95
1071 121057.03
1072 121058.94
1073 121060.13
1074 121057.03
1075 121058.94
1076 121059.89
1077 121052.03
1078 121053.93
1079 121053.93
1080 121052.98
1081 121051.07
1082 121046.78
1083 121052.98
1084 121002.91
1085 120987.89
1086 121047.02
1087 121044.87
1088 120966.91
1089 121057.99
1090 121038.91
1091 121045.83
1092 121038.91
1093 121037.96
1094 121034.86
1095 121058.23
1096 121068.95
1097 121056.08
1098 121011.97
1099 121072.05
1100 121058.94
1101 121056.08
1102 121063.95
1103 121068.00
1104 121020.08
1105 121001.01
1106 121059.89
1107 121057.99
1108 121055.84
1109 121058.94
1110 121060.13
1111 121071.82
1112 121052.98
1113 121068.00
1114 121071.10
1115 121062.99
1116 121064.19
1117 121038.91
1118 121128.08
1119 121125.94
