1120
0 121128.80
1 121030.09
2 121015.07
3 121006.01
4 121006.97
5 120995.04
6 121022.94
7 121006.97
8 121016.98
9 121028.90
10 121001.96
11 120988.13
12 121014.12
13 121026.99
14 120982.89
15 121015.07
16 121007.92
17 120988.85
18 121008.87
19 121006.01
20 120985.98
21 121020.79
22 121022.94
23 121020.08
24 121021.99
25 121021.03
26 121000.05
27 120915.89
28 120978.83
29 121002.91
30 121021.03
31 121004.10
32 120990.99
33 121008.87
34 120982.89
35 121016.03
36 121007.20
37 121011.97
38 120923.04
39 120996.95
40 120971.92
41 121033.91
42 121010.07
43 121006.01
44 120988.85
45 120959.04
46 121002.91
47 121012.21
48 121017.93
49 120969.06
50 121015.07
51 121025.09
52 120989.08
53 121001.01
54 120960.00
55 121019.12
56 121024.13
57 121000.05
58 121001.96
59 121010.07
60 120882.99
61 120987.18
62 121031.05
63 120996.00
64 121001.01
65 121024.13
66 121013.88
67 120971.92
68 121022.94
69 121003.87
70 121022.94
71 121006.97
72 121014.83
73 120995.04
74 120974.06
75 121008.16
76 121014.12
77 121014.83
78 121008.87
79 120983.84
80 120898.01
81 121016.98
82 120995.04
83 121006.01
84 120996.00
85 120992.90
86 121008.87
87 121021.99
88 121027.95
89 121006.01
90 121016.98
91 120999.10
92 121021.99
93 121020.08
94 120981.93
95 120939.02
96 120843.89
97 120929.96
98 120975.02
99 121011.02
100 121007.92
101 120873.93
102 122365.95
103 121094.94
104 123059.03
105 121279.95
106 120986.94
107 120884.18
108 121075.87
109 121102.09
110 121047.97
111 121055.13
112 121516.94
113 121073.96
114 121418.95
115 121207.00
116 122621.06
117 120836.97
118 121077.06
119 121062.04
120 121103.05
121 121006.97
122 121521.95
123 121109.96
124 121099.00
125 120983.12
126 120868.21
127 120990.04
128 121647.12
129 120912.79
130 121035.10
131 120871.07
132 121560.81
133 120928.05
134 120874.17
135 121064.90
136 121769.91
137 120815.04
138 121026.04
139 121296.17
140 121154.07
141 121420.15
142 120953.80
143 120810.03
144 121480.94
145 121140.96
146 121430.87
147 121027.95
148 121572.97
149 121310.00
150 121335.98
151 120862.01
152 121368.89
153 121551.04
154 121251.82
155 121058.94
156 121782.06
157 121033.91
158 121392.97
159 120984.08
160 121850.01
161 120908.98
162 121071.10
163 120839.12
164 121012.93
165 121381.04
166 121970.89
167 121979.95
168 121536.97
169 121345.04
170 121196.99
171 121024.85
172 121865.03
173 122199.06
174 120986.94
175 122058.87
176 120941.88
177 121236.80
178 121212.01
179 121587.99
180 121438.98
181 121756.79
182 121560.10
183 121510.03
184 120876.07
185 121845.01
186 121245.15
187 121417.05
188 121397.97
189 121393.92
190 120909.93
191 120994.09
192 121174.10
193 121033.91
194 121572.97
195 122301.10
196 121058.94
197 120713.00
198 121613.98
199 121407.99
200 122153.04
201 121232.99
202 121069.91
203 121819.02
204 121484.04
205 121144.06
206 121336.94
207 121675.97
208 121659.04
209 121597.05
210 121315.00
211 122033.12
212 121246.10
213 121862.89
214 120858.91
215 120934.96
216 120986.94
217 121655.94
218 122360.94
219 121317.86
220 121229.89
221 121710.06
222 121509.08
223 120978.83
224 121193.89
225 121001.01
226 120949.98
227 121596.10
228 120895.86
229 121716.02
230 120954.04
231 120787.86
232 121977.81
233 121678.11
234 121626.14
235 120918.04
236 121278.05
237 121028.18
238 120982.17
239 121108.06
240 121065.14
241 121534.11
242 121132.85
243 120856.05
244 120827.91
245 121591.81
246 122015.00
247 121104.00
248 120795.97
249 121504.07
250 121579.17
251 122228.86
252 121336.94
253 121838.09
254 122607.95
255 120883.94
256 121403.93
257 121036.05
258 121479.99
259 120889.90
260 121495.96
261 121269.94
262 121242.05
263 121911.05
264 120952.13
265 121457.10
266 120895.15
267 121111.87
268 121150.02
269 121699.81
270 120999.10
271 120853.90
272 121960.16
273 122661.83
274 121118.78
275 121439.22
276 120949.98
277 121024.85
278 121363.88
279 120870.11
280 122272.01
281 121841.91
282 122155.90
283 121144.06
284 121969.94
285 121107.10
286 121622.09
287 122179.03
288 122151.14
289 120970.01
290 121877.91
291 120931.15
292 121082.78
293 121326.21
294 120889.90
295 120846.99
296 121556.04
297 121623.99
298 121022.94
299 121118.07
300 121158.84
301 121186.02
302 121901.99
303 121403.93
304 120965.00
305 121151.92
306 122586.97
307 121010.07
308 121510.03
309 121037.96
310 121106.15
311 121346.95
312 121507.88
313 120991.95
314 120974.06
315 121798.99
316 121049.88
317 120928.05
318 120950.94
319 121458.05
320 121371.03
321 121932.98
322 121056.08
323 121505.98
324 121545.79
325 121047.02
326 121218.92
327 121289.97
328 121397.02
329 120953.08
330 121403.93
331 120924.00
332 122091.77
333 121675.01
334 121020.08
335 120909.93
336 121160.03
337 121321.92
338 120898.96
339 121018.17
340 121834.04
341 121455.91
342 121512.89
343 121347.90
344 120866.06
345 121618.03
346 121297.84
347 121623.99
348 121171.95
349 121043.92
350 121696.95
351 121364.12
352 121541.02
353 121223.93
354 120833.87
355 120892.05
356 121330.02
357 121116.16
358 121403.93
359 121030.09
360 120961.90
361 120989.08
362 120971.92
363 120714.90
364 121178.87
365 120964.05
366 121102.81
367 120936.16
368 121322.87
369 120932.82
370 121065.86
371 120947.12
372 121001.96
373 121248.96
374 120997.91
375 120885.13
376 121037.01
377 121042.97
378 120976.92
379 120844.84
380 120988.13
381 121124.98
382 120944.02
383 121308.09
384 120846.03
385 120856.05
386 120884.18
387 120997.91
388 121433.97
389 120796.92
390 120994.09
391 120894.19
392 120958.09
393 121114.97
394 121013.16
395 121023.18
396 121151.92
397 120940.92
398 121006.97
399 120998.14
400 120916.84
401 121055.13
402 120913.98
403 120980.02
404 120904.92
405 121399.88
406 120978.12
407 120996.00
408 121175.05
409 121724.13
410 120870.83
411 120915.17
412 120651.96
413 121356.01
414 121887.92
415 120772.12
416 120978.83
417 121347.90
418 120973.11
419 120990.99
420 121367.93
421 120910.88
422 121103.05
423 121284.96
424 121133.80
425 120990.04
426 120774.03
427 121078.97
428 120826.96
429 120831.97
430 121193.17
431 120949.98
432 121284.96
433 121517.90
434 120944.02
435 121134.04
436 120961.90
437 121291.16
438 121188.88
439 121173.86
440 121357.92
441 121500.02
442 120988.85
443 120934.01
444 121434.93
445 120789.05
446 120814.80
447 120698.93
448 121737.96
449 121172.90
450 121562.96
451 121359.11
452 121044.87
453 121376.99
454 120959.04
455 120960.95
456 121268.03
457 121196.99
458 120728.02
459 120918.99
460 121273.99
461 121448.99
462 121025.09
463 121187.93
464 121438.98
465 121042.97
466 120652.20
467 121311.90
468 120884.18
469 120887.04
470 121534.11
471 121129.04
472 121254.92
473 120836.02
474 121145.96
475 120880.13
476 121242.05
477 121786.83
478 120783.81
479 121694.09
480 121224.16
481 121407.03
482 121259.93
483 120975.97
484 121413.95
485 120898.96
486 120970.96
487 121048.93
488 121150.97
489 121029.85
490 121298.07
491 121746.06
492 120744.94
493 121139.05
494 121454.95
495 121015.07
496 121391.06
497 121042.01
498 121192.93
499 121754.88
500 120984.08
501 121166.94
502 121500.97
503 121287.11
504 121190.07
505 121254.92
506 121686.94
507 121637.11
508 121350.05
509 121367.93
510 121311.90
511 121696.95
512 121379.85
513 121217.97
514 121338.13
515 120820.05
516 121299.98
517 121139.05
518 121546.03
519 120791.20
520 121227.98
521 120908.02
522 120891.09
523 121029.85
524 122071.03
525 121555.09
526 121124.98
527 121066.81
528 121352.20
529 121761.08
530 121658.80
531 121034.15
532 121166.94
533 121585.13
534 121474.98
535 121336.94
536 121320.96
537 121659.99
538 121335.03
539 121330.02
540 121350.05
541 121377.94
542 121132.85
543 121397.97
544 121227.98
545 121237.04
546 121187.93
547 121443.03
548 121607.07
549 120955.94
550 120781.90
551 120949.98
552 121164.08
553 121595.86
554 121125.94
555 121675.97
556 121318.10
557 121322.87
558 121264.93
559 121542.93
560 121253.97
561 121322.15
562 121135.00
563 121020.08
564 121460.91
565 121248.96
566 121337.89
567 121501.92
568 121031.05
569 121458.77
570 121411.09
571 121572.02
572 121392.97
573 121269.94
574 121112.82
575 121505.02
576 121516.94
577 121559.86
578 120969.06
579 121354.10
580 120821.00
581 121376.04
582 120961.19
583 121210.81
584 121369.12
585 121111.87
586 121418.00
587 121268.03
588 121268.03
589 121013.88
590 121698.14
591 121549.84
592 121061.09
593 121016.98
594 121946.10
595 121101.86
596 121621.85
597 121259.93
598 120897.05
599 121203.90
600 121070.86
601 121304.04
602 121140.00
603 120745.18
604 121813.06
605 121726.04
606 121634.01
607 121427.06
608 121410.13
609 121689.08
610 121207.00
611 121026.04
612 121449.95
613 121571.06
614 121526.96
615 121863.13
616 121306.90
617 121380.09
618 121737.00
619 120872.97
620 121307.13
621 121649.03
622 121467.83
623 121490.00
624 121804.95
625 121922.02
626 121491.91
627 120854.14
628 121436.83
629 120851.04
630 121438.03
631 121348.14
632 121604.20
633 120931.86
634 121273.99
635 121416.09
636 120942.12
637 120891.81
638 121296.88
639 121308.80
640 121457.82
641 121382.95
642 120989.08
643 120871.07
644 121022.94
645 121671.92
646 121454.95
647 121461.15
648 121584.89
649 121140.00
650 121466.88
651 121133.09
652 121104.00
653 121179.10
654 121200.08
655 121044.87
656 121583.22
657 120817.90
658 121519.80
659 121385.81
660 121227.98
661 120705.13
662 121667.86
663 121244.91
664 121444.94
665 121129.99
666 121448.04
667 120848.89
668 120892.05
669 121541.02
670 121498.11
671 121472.84
672 121152.16
673 121293.07
674 121336.94
675 121093.99
676 121256.11
677 120862.96
678 121057.03
679 121444.94
680 121096.13
681 121356.96
682 121159.08
683 120985.98
684 121347.90
685 121262.07
686 121242.05
687 121359.11
688 121155.98
689 121488.09
690 120935.92
691 121551.99
692 120919.23
693 121201.99
694 121849.06
695 121593.95
696 121284.96
697 121340.99
698 121070.15
699 121361.97
700 121102.09
701 121127.13
702 121494.05
703 121131.90
704 121330.02
705 121073.01
706 121576.07
707 121322.15
708 121506.93
709 120979.07
710 121627.81
711 121267.08
712 121431.83
713 121465.92
714 121163.13
715 121675.01
716 121246.81
717 121773.00
718 121505.98
719 121538.88
720 121753.93
721 121377.94
722 121315.00
723 121663.09
724 121080.88
725 121366.98
726 121306.90
727 121711.02
728 121306.90
729 121765.14
730 121412.99
731 120913.98
732 121250.87
733 121721.98
734 121208.19
735 121375.08
736 121142.15
737 121684.79
738 121314.05
739 121778.01
740 121605.16
741 121199.85
742 121611.12
743 121077.06
744 121080.16
745 121232.99
746 121077.06
747 121270.18
748 121273.99
749 121584.89
750 121054.89
751 121379.14
752 121357.92
753 121232.03
754 121465.92
755 122045.99
756 121098.04
757 121536.97
758 121121.88
759 121424.20
760 121435.17
761 121389.15
762 121119.02
763 121240.85
764 121066.09
765 121184.11
766 121641.87
767 121025.09
768 121544.84
769 121394.87
770 121215.11
771 120987.89
772 121346.95
773 121953.96
774 121139.05
775 121228.93
776 121276.14
777 121152.88
778 121420.15
779 121553.90
780 121654.03
781 121354.10
782 120986.94
783 120850.09
784 121346.00
785 121860.98
786 121413.95
787 121731.04
788 121635.91
789 121354.82
790 120912.79
791 121618.99
792 121191.98
793 121343.14
794 120893.96
795 121396.06
796 121233.94
797 121189.83
798 121524.10
799 121096.85
800 121229.89
801 121350.05
802 121150.02
803 121412.04
804 121343.85
805 120898.01
806 121306.90
807 121354.82
808 121202.95
809 120980.02
810 121014.83
811 121525.05
812 121685.98
813 120929.00
814 121174.81
815 121300.94
816 121702.91
817 121093.03
818 121141.91
819 121243.95
820 121029.14
821 121385.10
822 121295.93
823 121385.81
824 121091.13
825 120989.80
826 121078.97
827 121335.98
828 121898.89
829 121301.89
830 121143.10
831 121264.93
832 121098.04
833 121541.98
834 121082.78
835 121281.15
836 121585.85
837 121107.82
838 121348.86
839 121350.05
840 120936.87
841 120959.04
842 120938.06
843 121151.92
844 121276.86
845 121696.00
846 120965.00
847 121654.03
848 121220.83
849 121427.06
850 121327.16
851 121042.01
852 120810.99
853 120920.18
854 121057.03
855 121129.04
856 120915.89
857 121188.88
858 121356.96
859 121475.93
860 121407.99
861 121037.01
862 121253.01
863 121526.00
864 121390.10
865 121438.98
866 121410.85
867 120763.06
868 121464.01
869 121301.17
870 121467.11
871 121243.00
872 121189.12
873 121298.79
874 121566.77
875 121531.96
876 121310.95
877 121957.78
878 121061.09
879 121273.04
880 121840.95
881 121068.00
882 121676.21
883 121593.95
884 121425.15
885 121248.96
886 120905.88
887 122145.89
888 121598.96
889 121021.03
890 120834.83
891 121048.21
892 121240.14
893 121162.18
894 120956.90
895 121771.81
896 121129.99
897 121233.94
898 121325.02
899 121113.06
900 121259.93
901 121294.02
902 121670.96
903 121169.09
904 121339.08
905 121441.13
906 121263.98
907 121287.11
908 121256.11
909 121268.03
910 121087.07
911 121722.94
912 121474.98
913 120836.97
914 121148.82
915 121464.01
916 121497.87
917 121532.92
918 121926.07
919 121192.22
920 121067.05
921 121151.92
922 121690.99
923 121667.15
924 120742.08
925 120754.00
926 121084.93
927 120626.93
928 121224.88
929 121304.04
930 121344.80
931 120849.13
932 121727.94
933 121572.02
934 121099.00
935 120881.08
936 121078.97
937 121068.00
938 121071.10
939 120769.98
940 121183.16
941 121029.14
942 120893.96
943 121547.94
944 120973.11
945 121296.88
946 121068.00
947 121281.86
948 120810.03
949 121572.97
950 120690.11
951 120999.10
952 121577.02
953 121053.93
954 121258.97
955 120790.00
956 121721.03
957 121123.08
958 121448.99
959 121086.12
960 121530.06
961 120893.00
962 120875.84
963 120925.90
964 121476.17
965 121009.83
966 121314.05
967 121136.90
968 120985.03
969 121049.88
970 120944.02
971 120927.81
972 120886.09
973 120867.01
974 121502.88
975 120959.04
976 120782.14
977 121374.85
978 120985.98
979 120940.92
980 121431.11
981 120792.87
982 120873.93
983 120934.96
984 121008.87
985 121659.99
986 121246.81
987 120960.95
988 121094.94
989 120881.08
990 121068.95
991 121091.13
992 121208.91
993 121362.92
994 121031.05
995 121160.98
996 121114.02
997 121143.10
998 121132.14
999 120878.93
1000 120969.77
1001 121315.96
1002 120789.05
1003 121565.10
1004 120918.99
1005 120954.99
1006 121409.89
1007 121297.12
1008 120857.95
1009 121052.98
1010 120843.89
1011 120903.02
1012 121016.03
1013 121023.89
1014 121047.02
1015 121328.83
1016 120999.10
1017 121016.98
1018 121083.02
1019 121035.81
1020 121064.90
1021 121119.02
1022 121092.08
1023 121067.05
1024 121120.93
1025 121096.85
1026 121060.13
1027 121109.96
1028 121116.88
1029 121124.98
1030 121065.14
1031 121064.90
1032 121114.97
1033 121127.13
1034 121062.99
1035 121146.92
1036 121093.03
1037 121069.19
1038 121109.01
1039 121052.98
1040 121047.97
1041 121109.96
1042 120985.03
1043 121105.19
1044 121119.98
1045 121118.07
1046 121096.13
1047 121060.85
1048 121099.00
1049 121096.13
1050 121119.02
1051 121062.99
1052 121132.14
1053 121100.90
1054 121072.05
1055 121050.12
1056 121099.00
1057 121112.11
1058 121110.20
1059 121042.97
1060 121046.07
1061 121115.21
1062 121126.17
1063 121056.80
1064 121064.90
1065 121095.18
1066 121065.14
1067 121121.17
1068 121099.95
1069 121068.00
1070 121099.00
1071 121099.00
1072 121060.85
1073 121083.02
1074 121126.89
1075 121104.96
1076 121062.99
1077 121122.84
1078 121088.03
1079 121045.11
1080 121116.88
1081 121109.01
1082 121099.95
1083 121113.78
1084 121114.97
1085 121099.00
1086 121071.10
1087 121119.02
1088 121092.08
1089 121119.98
1090 121100.90
1091 121059.18
1092 121113.06
1093 121127.13
1094 121121.17
1095 121066.09
1096 121071.10
1097 121093.99
1098 121115.92
1099 121162.89
1100 121062.04
1101 121074.91
1102 121082.07
1103 121099.00
1104 121107.10
1105 121125.94
1106 121081.83
1107 121099.95
1108 121099.00
1109 121082.07
1110 121083.97
1111 121086.12
1112 121104.00
1113 121104.96
1114 121117.12
1115 121121.88
1116 121062.99
1117 121143.10
1118 121123.08
1119 121037.01
