1120
0 121183.16
1 121073.96
2 121055.13
3 121046.07
4 121063.95
5 120973.83
6 121065.86
7 121055.13
8 121036.05
9 121054.17
10 121078.97
11 121046.07
12 121047.97
13 121046.07
14 121057.99
15 121049.17
16 121055.13
17 121055.13
18 121044.16
19 121055.13
20 121054.89
21 121073.96
22 121020.08
23 121039.87
24 120980.02
25 121049.17
26 121055.13
27 121049.88
28 121066.09
29 121129.99
30 121135.00
31 121136.90
32 121141.91
33 121104.00
34 121140.96
35 121119.02
36 121122.84
37 121114.02
38 121007.92
39 121122.12
40 121123.08
41 121115.92
42 121102.09
43 121139.05
44 121058.94
45 121035.10
46 121124.98
47 121127.13
48 121132.14
49 121140.00
50 121125.22
51 121121.88
52 121135.95
53 121130.94
54 121104.96
55 121135.00
56 121124.03
57 121136.90
58 121136.19
59 121139.05
60 121138.10
61 121139.05
62 121097.09
63 121140.00
64 121056.08
65 121076.11
66 121145.01
67 121135.95
68 121142.86
69 121132.14
70 121114.02
71 121133.09
72 121116.88
73 121132.85
74 121122.12
75 121134.04
76 121013.88
77 121130.94
78 121109.96
79 121129.04
80 121119.02
81 121129.99
82 121128.08
83 121150.02
84 121050.12
85 121100.90
86 121125.94
87 121139.05
88 121124.03
89 121138.10
90 121133.09
91 121136.90
92 121135.00
93 121134.04
94 121039.15
95 121146.92
96 120994.09
97 120975.02
98 121087.07
99 121107.10
100 120936.16
101 121134.04
102 121057.99
103 121135.00
104 121171.00
105 121517.90
106 121183.87
107 121463.06
108 121059.89
109 121170.04
110 120980.02
111 121088.98
112 121810.91
113 121077.06
114 121092.08
115 121239.90
116 121200.08
117 121262.07
118 121010.78
119 121662.86
120 121028.90
121 121119.02
122 121180.06
123 121121.88
124 120890.86
125 120908.98
126 121062.99
127 122612.00
128 121191.98
129 120915.89
130 121996.88
131 121633.05
132 121110.20
133 121119.98
134 121044.16
135 121079.92
136 121217.97
137 121368.17
138 120905.16
139 121053.93
140 121167.90
141 121081.11
142 120913.98
143 121107.10
144 121710.06
145 121093.99
146 121033.91
147 121004.10
148 121049.88
149 121474.98
150 121499.06
151 121073.96
152 121034.15
153 121176.00
154 120906.11
155 121456.15
156 121637.11
157 120978.12
158 121326.21
159 121532.92
160 121397.02
161 120990.04
162 121139.05
163 122003.08
164 121096.85
165 121690.99
166 120860.82
167 121222.97
168 121907.00
169 121376.04
170 121464.01
171 121453.05
172 121279.00
173 121787.07
174 121045.11
175 121057.99
176 121438.98
177 121484.99
178 121826.17
179 121448.99
180 120888.95
181 121337.18
182 121509.79
183 120967.86
184 121108.06
185 121433.97
186 121382.00
187 121701.00
188 121020.08
189 120918.99
190 121173.14
191 121596.81
192 120900.87
193 121252.06
194 120997.91
195 121155.02
196 120923.04
197 121138.10
198 121543.88
199 122044.09
200 121064.19
201 122021.91
202 121411.80
203 121306.90
204 120943.07
205 122405.05
206 122335.91
207 120836.97
208 122036.93
209 121457.10
210 121636.87
211 121655.94
212 121124.98
213 121685.03
214 121062.99
215 121257.07
216 121027.95
217 121593.00
218 121013.16
219 121392.01
220 121560.81
221 121502.88
222 121306.90
223 121197.94
224 120985.03
225 120733.98
226 121454.95
227 121560.10
228 121071.82
229 121313.10
230 121760.85
231 121442.08
232 121136.19
233 121371.98
234 121481.90
235 121577.02
236 120975.97
237 121229.89
238 121157.88
239 121747.97
240 121378.18
241 121655.94
242 121584.89
243 121320.01
244 122066.02
245 121730.09
246 121655.94
247 121574.16
248 120990.04
249 121973.04
250 121623.04
251 121188.88
252 120996.95
253 121131.90
254 121394.87
255 121519.09
256 121946.10
257 120795.97
258 121352.91
259 121294.02
260 121459.01
261 121594.91
262 121102.09
263 121161.94
264 121942.04
265 120916.13
266 120877.98
267 121784.93
268 121342.90
269 121153.12
270 121611.83
271 121664.05
272 121488.81
273 121418.95
274 121783.02
275 121139.05
276 121670.01
277 121781.11
278 120980.98
279 120981.93
280 121281.15
281 121418.00
282 121587.04
283 121525.05
284 122332.10
285 121254.92
286 120865.11
287 121639.97
288 121398.93
289 121884.11
290 121058.94
291 121033.91
292 121737.00
293 121630.19
294 121164.08
295 121418.00
296 120938.06
297 121260.17
298 121415.85
299 122082.95
300 121454.00
301 121819.97
302 121062.04
303 120966.91
304 121318.10
305 121069.91
306 121135.95
307 121130.94
308 121340.04
309 121232.99
310 121294.98
311 121088.98
312 120981.22
313 121138.10
314 121085.88
315 121365.07
316 121198.89
317 121056.08
318 121539.83
319 121659.99
320 121593.00
321 121329.07
322 121473.07
323 121728.90
324 121634.01
325 121325.97
326 121622.09
327 121549.84
328 121524.10
329 121891.02
330 121747.97
331 121539.12
332 121456.15
333 121119.98
334 121922.02
335 121999.03
336 120681.05
337 120819.09
338 120986.94
339 120936.87
340 121271.13
341 121439.93
342 121896.03
343 121700.05
344 122412.92
345 121473.07
346 121412.04
347 121071.10
348 121316.91
349 121099.95
350 121348.86
351 121045.83
352 121216.06
353 121533.16
354 121737.00
355 121675.97
356 121351.96
357 120970.01
358 121591.09
359 121236.09
360 121034.86
361 120877.98
362 121045.11
363 122768.16
364 121063.95
365 121176.96
366 121496.92
367 121768.95
368 120954.99
369 121016.03
370 121058.94
371 121028.90
372 121696.95
373 120908.02
374 121294.02
375 121557.95
376 121042.97
377 121358.87
378 121339.08
379 122107.03
380 121173.14
381 121685.03
382 120954.04
383 121186.02
384 120931.15
385 121598.96
386 121440.89
387 121922.97
388 121011.02
389 121230.13
390 121320.96
391 121172.90
392 121243.00
393 121464.01
394 121534.82
395 121399.16
396 121508.12
397 120872.02
398 121454.95
399 121788.98
400 120874.88
401 121872.90
402 121608.02
403 121536.97
404 121137.86
405 121150.97
406 121941.09
407 120901.11
408 121063.95
409 121059.18
410 121148.82
411 121430.16
412 121010.07
413 121025.09
414 121885.78
415 121521.95
416 121438.03
417 121138.81
418 120967.86
419 121115.21
420 121951.10
421 121068.95
422 120928.05
423 121489.05
424 121185.06
425 122233.87
426 120949.98
427 121126.89
428 120999.81
429 121354.10
430 120903.97
431 120908.98
432 120999.10
433 120996.00
434 120999.10
435 120975.97
436 120929.00
437 120920.90
438 120913.03
439 121083.97
440 121098.04
441 120934.01
442 121037.01
443 121125.94
444 121074.91
445 120923.04
446 121150.97
447 121159.08
448 121000.05
449 121459.96
450 121387.96
451 121110.20
452 120910.88
453 121443.99
454 120961.90
455 121022.94
456 121039.15
457 121490.00
458 121008.16
459 120996.00
460 121100.90
461 121001.01
462 121041.06
463 121101.14
464 120828.15
465 121083.97
466 121382.00
467 120873.93
468 121033.19
469 120957.85
470 120958.09
471 121073.01
472 121014.83
473 121175.05
474 121808.05
475 121169.81
476 121379.14
477 121050.12
478 121035.81
479 121309.04
480 121068.95
481 121077.06
482 121289.97
483 121176.00
484 120859.86
485 121086.12
486 121469.02
487 120980.02
488 121021.03
489 120971.92
490 121115.92
491 121104.96
492 121120.93
493 121004.10
494 121501.92
495 121361.97
496 120907.07
497 121645.93
498 121078.97
499 120937.11
500 121570.11
501 120889.90
502 121006.97
503 120973.11
504 121112.11
505 121042.01
506 121110.92
507 121342.90
508 121120.93
509 121004.82
510 121067.05
511 121035.81
512 121526.96
513 120903.02
514 121376.04
515 121239.19
516 121024.85
517 120994.09
518 121657.13
519 120881.08
520 120958.09
521 121595.14
522 121097.80
523 121244.91
524 121330.02
525 121048.93
526 120897.05
527 121531.96
528 121320.01
529 120855.81
530 120925.90
531 120866.06
532 120857.95
533 121088.98
534 121202.95
535 120985.98
536 120944.02
537 121221.07
538 121082.07
539 121346.00
540 121321.92
541 120908.98
542 120944.98
543 121623.04
544 121291.88
545 120947.12
546 121009.11
547 121062.04
548 121218.20
549 121165.99
550 120816.95
551 120740.89
552 121340.04
553 120978.83
554 121188.88
555 121284.96
556 121206.05
557 120870.83
558 121069.91
559 121274.95
560 121392.97
561 121903.90
562 121369.12
563 121196.03
564 121401.07
565 120656.97
566 121709.11
567 121194.12
568 121149.06
569 121240.14
570 121302.84
571 121240.85
572 121483.09
573 121417.05
574 121454.00
575 121649.03
576 121019.12
577 120887.99
578 121061.80
579 120976.21
580 121608.02
581 121219.87
582 121665.00
583 121229.17
584 121615.89
585 121275.90
586 121403.93
587 121331.93
588 120896.10
589 121196.99
590 120892.05
591 121485.95
592 121722.94
593 121083.97
594 121306.90
595 121263.98
596 121449.95
597 121608.97
598 121369.84
599 121446.85
600 120905.88
601 121424.91
602 120858.91
603 121085.88
604 121462.11
605 121226.07
606 121219.87
607 121048.93
608 121142.86
609 120909.93
610 121124.98
611 121418.00
612 120790.96
613 121214.87
614 120929.00
615 121237.99
616 121160.98
617 121045.11
618 121170.04
619 121057.99
620 121356.01
621 120826.96
622 121540.07
623 121187.93
624 121085.88
625 121017.93
626 121171.00
627 121340.99
628 121719.12
629 121386.05
630 121357.20
631 121037.01
632 121691.94
633 121481.90
634 121167.90
635 121092.80
636 121052.98
637 121262.07
638 121683.12
639 121451.85
640 120831.97
641 121235.13
642 121002.20
643 120822.91
644 121652.84
645 121282.10
646 121285.92
647 121214.87
648 121757.03
649 121516.94
650 121212.01
651 120929.96
652 121542.22
653 121155.02
654 121342.18
655 121207.00
656 120947.84
657 120877.03
658 121288.06
659 121223.93
660 121632.10
661 121174.10
662 121388.91
663 121343.14
664 121284.01
665 120899.92
666 121290.92
667 121581.08
668 121058.94
669 121388.20
670 121152.88
671 121093.03
672 120975.02
673 121349.10
674 121406.08
675 121237.04
676 121420.15
677 121551.04
678 121330.02
679 121024.13
680 121050.12
681 121488.81
682 121193.89
683 121591.09
684 121192.22
685 120997.91
686 121271.13
687 121031.05
688 121341.94
689 121291.88
690 120984.79
691 121107.82
692 121000.05
693 121207.95
694 121889.83
695 120993.14
696 121310.00
697 121418.00
698 121295.93
699 121557.00
700 121483.09
701 121401.07
702 121369.84
703 121505.98
704 121346.00
705 121293.07
706 121732.00
707 120954.99
708 121387.96
709 120981.93
710 121432.07
711 121374.13
712 121414.90
713 120908.98
714 121237.99
715 121551.99
716 121270.90
717 120579.96
718 121436.12
719 121341.94
720 121539.12
721 121113.06
722 121361.97
723 121292.11
724 121007.92
725 121376.04
726 121211.05
727 121180.06
728 121443.99
729 121837.85
730 121255.87
731 121060.85
732 121147.87
733 120750.19
734 121468.07
735 121346.00
736 121263.98
737 121459.01
738 120939.97
739 121077.06
740 121315.00
741 121401.07
742 121156.93
743 121016.03
744 121548.18
745 120777.13
746 121040.82
747 121061.09
748 121605.87
749 121088.03
750 121264.93
751 121206.05
752 121917.01
753 121289.01
754 120810.99
755 121212.01
756 121113.06
757 121316.91
758 120944.98
759 121103.05
760 121522.19
761 121212.01
762 120953.08
763 121656.18
764 121155.02
765 121365.07
766 121498.11
767 121214.15
768 121335.03
769 121311.90
770 121320.01
771 121557.00
772 121407.03
773 121469.02
774 121093.03
775 121551.99
776 121675.97
777 121543.88
778 121172.90
779 121432.07
780 120926.86
781 121033.91
782 121320.01
783 120769.98
784 121634.96
785 121207.00
786 121598.01
787 121445.89
788 121055.13
789 121896.98
790 121270.18
791 121576.07
792 121562.96
793 120891.09
794 121149.06
795 121412.04
796 121135.00
797 121106.15
798 121383.91
799 121710.06
800 121109.96
801 121495.96
802 121284.96
803 121123.08
804 121309.04
805 121571.06
806 121052.03
807 121421.81
808 121202.95
809 121741.06
810 121412.04
811 121227.03
812 121335.03
813 120779.04
814 121217.97
815 121446.85
816 121007.20
817 121103.05
818 121266.13
819 121485.95
820 121328.12
821 121806.14
822 121042.01
823 121408.94
824 121100.19
825 121149.06
826 121168.85
827 121786.83
828 121674.06
829 121281.86
830 121355.06
831 121386.05
832 121541.98
833 120939.97
834 121317.15
835 121704.10
836 121054.17
837 121062.04
838 120924.00
839 121424.91
840 121147.87
841 121835.95
842 121529.10
843 120991.95
844 121564.87
845 121419.91
846 121087.79
847 121170.04
848 121437.07
849 121382.00
850 121151.92
851 121398.93
852 120761.87
853 121561.05
854 121456.15
855 121317.86
856 120886.09
857 121013.16
858 121421.10
859 121457.10
860 121237.99
861 121497.87
862 121444.94
863 120805.98
864 120939.02
865 121618.03
866 121279.95
867 121096.13
868 121114.97
869 121154.07
870 121134.04
871 121121.17
872 121253.01
873 121642.11
874 121588.95
875 121173.86
876 121433.02
877 121039.15
878 121141.91
879 121075.15
880 121676.92
881 121613.98
882 121316.91
883 121381.04
884 120994.09
885 121202.95
886 121497.15
887 120681.05
888 121507.88
889 121160.03
890 121724.13
891 121923.92
892 121070.86
893 121550.08
894 121188.16
895 121181.96
896 121203.90
897 121451.85
898 121339.08
899 121840.95
900 120882.99
901 121145.01
902 121459.96
903 121263.03
904 120942.83
905 121670.01
906 121593.00
907 121338.13
908 121222.97
909 121510.98
910 121067.05
911 121244.91
912 121102.09
913 121517.90
914 121744.16
915 121217.97
916 121702.91
917 122200.01
918 121093.99
919 121196.99
920 121183.16
921 121335.98
922 121644.97
923 121080.88
924 121382.95
925 120804.07
926 121103.05
927 121597.05
928 121433.97
929 120908.98
930 120974.78
931 121141.91
932 121128.08
933 120777.13
934 121330.02
935 121204.14
936 121201.04
937 121306.18
938 120769.02
939 121029.85
940 121804.95
941 121165.99
942 120712.04
943 121077.06
944 121330.98
945 121299.03
946 121155.02
947 121317.15
948 120738.03
949 121396.06
950 120965.96
951 121120.21
952 121165.04
953 121699.09
954 121425.87
955 121664.05
956 121373.89
957 121279.00
958 121373.18
959 120804.07
960 121462.11
961 121340.04
962 121572.97
963 121168.85
964 121249.20
965 121095.18
966 121369.12
967 121573.93
968 121471.88
969 121487.86
970 121127.13
971 121024.85
972 121445.89
973 121041.06
974 121460.91
975 121093.03
976 121360.06
977 121443.99
978 121248.96
979 120955.94
980 121125.94
981 121128.80
982 121783.97
983 120975.97
984 121186.02
985 121119.98
986 121521.95
987 121131.18
988 121173.86
989 120998.14
990 121165.04
991 121003.87
992 121237.99
993 120826.01
994 121108.06
995 121374.85
996 120930.19
997 121045.83
998 121258.97
999 121202.95
1000 121089.22
1001 121213.91
1002 121044.87
1003 120754.00
1004 120893.00
1005 120723.01
1006 120821.00
1007 121171.95
1008 121468.07
1009 121636.15
1010 121203.90
1011 121334.08
1012 120743.99
1013 121407.99
1014 121345.04
1015 121207.00
1016 120934.96
1017 120699.88
1018 120646.00
1019 120943.07
1020 121116.88
1021 121186.02
1022 121021.03
1023 120785.24
1024 120867.01
1025 120831.97
1026 120785.95
1027 120948.08
1028 120745.90
1029 120944.98
1030 120992.90
1031 120895.86
1032 121376.04
1033 120884.90
1034 121207.95
1035 120843.89
1036 121001.96
1037 120958.09
1038 121262.07
1039 121130.94
1040 121164.80
1041 121181.01
1042 120759.01
1043 121037.96
1044 120975.02
1045 121016.98
1046 120934.96
1047 121233.94
1048 120764.02
1049 120886.09
1050 121512.17
1051 120678.90
1052 120959.04
1053 121003.15
1054 121067.05
1055 120797.87
1056 121334.79
1057 121122.84
1058 121145.01
1059 120815.04
1060 121184.11
1061 121076.11
1062 120840.07
1063 121582.03
1064 120981.93
1065 121068.00
1066 120851.99
1067 121088.98
1068 121372.22
1069 120939.02
1070 121258.02
1071 121111.15
1072 121126.17
1073 121006.01
1074 121473.07
1075 120936.16
1076 120900.87
1077 121026.99
1078 121355.77
1079 120843.89
1080 120952.84
1081 121005.06
1082 121024.13
1083 120836.97
1084 120805.03
1085 120864.15
1086 120959.04
1087 121060.85
1088 121073.96
1089 120924.95
1090 120981.93
1091 121119.02
1092 121147.87
1093 121074.20
1094 121075.15
1095 121106.15
1096 121109.01
1097 121088.98
1098 121139.05
1099 121101.14
1100 121083.97
1101 121114.97
1102 121113.06
1103 121063.95
1104 121117.12
1105 121048.21
1106 121068.00
1107 121119.02
1108 121102.09
1109 121127.84
1110 121130.94
1111 121076.82
1112 121064.19
1113 121114.97
1114 121076.11
1115 121109.01
1116 121111.15
1117 121047.02
1118 121057.03
1119 121123.08
