1120
0 121234.18
1 121139.05
2 121124.98
3 121126.89
4 121041.06
5 121129.99
6 121120.93
7 121108.06
8 121121.88
9 121034.15
10 121114.02
11 121038.91
12 121124.98
13 121122.12
14 121121.88
15 121123.08
16 121123.08
17 121118.07
18 121094.94
19 121113.06
20 121112.11
21 121121.88
22 121121.88
23 121131.90
24 121131.90
25 121112.82
26 121107.82
27 121133.80
28 121103.05
29 121098.04
30 121130.94
31 121081.11
32 121094.94
33 121099.95
34 121130.94
35 121149.78
36 121118.07
37 121111.87
38 121123.08
39 121143.82
40 121112.11
41 121117.83
42 121117.83
43 121138.10
44 121106.15
45 121120.93
46 121115.92
47 121104.96
48 121025.09
49 121174.10
50 121073.96
51 121057.99
52 121109.01
53 121119.98
54 121112.11
55 121117.12
56 121109.96
57 121120.93
58 121109.01
59 121109.01
60 121106.86
61 121125.94
62 121109.01
63 121121.88
64 121046.07
65 121120.93
66 121113.06
67 121109.96
68 121104.96
69 121121.17
70 121104.00
71 121102.09
72 121113.06
73 121129.04
74 121106.86
75 121101.14
76 121097.80
77 121110.92
78 121043.92
79 121107.10
80 121051.07
81 121132.85
82 121109.96
83 121116.88
84 121083.97
85 121120.93
86 121112.11
87 121112.11
88 121110.20
89 121100.90
90 121109.96
91 121047.02
92 121109.01
93 121119.02
94 121073.01
95 121015.07
96 120953.08
97 121135.95
98 121090.17
99 120959.04
100 121126.89
101 121192.93
102 121079.92
103 121727.94
104 121304.04
105 121623.04
106 121018.17
107 121502.88
108 124156.00
109 122376.92
110 122392.89
111 122632.98
112 123514.89
113 125099.90
114 122594.12
115 123480.08
116 122461.80
117 122455.84
118 124449.01
119 124081.85
120 124277.11
121 124932.05
122 124823.09
123 124525.79
124 125314.00
125 124378.92
126 125708.10
127 125332.12
128 125446.80
129 126114.85
130 127362.01
131 125616.07
132 127361.06
133 124873.88
134 123021.13
135 123234.03
136 123227.83
137 123312.95
138 122622.97
139 125467.06
140 124223.95
141 123560.19
142 122588.87
143 123552.80
144 122306.11
145 123064.04
146 122992.99
147 123009.92
148 124078.04
149 123790.98
150 122465.85
151 122329.95
152 123328.92
153 124073.98
154 124124.05
155 123269.08
156 122644.19
157 123282.91
158 122252.94
159 123873.95
160 123901.84
161 124721.05
162 122402.91
163 124230.86
164 123032.09
165 122485.88
166 125026.23
167 125495.91
168 122155.19
169 123629.09
170 122924.09
171 122985.84
172 123200.89
173 123893.02
174 125521.90
175 124408.96
176 123001.81
177 123090.03
178 123888.02
179 122745.99
180 122558.83
181 124038.93
182 124105.93
183 124811.89
184 124640.94
185 124659.78
186 123959.06
187 124762.06
188 123090.98
189 123239.99
190 122974.87
191 123237.85
192 123951.91
193 123400.93
194 123132.94
195 124042.03
196 123101.00
197 123973.13
198 123958.11
199 123469.83
200 123461.96
201 123226.17
202 122204.07
203 123555.90
204 122893.10
205 123693.94
206 123445.99
207 122633.93
208 124176.98
209 123353.96
210 125102.04
211 122544.05
212 124238.97
213 123461.01
214 124984.98
215 124338.87
216 122802.02
217 122992.04
218 124261.14
219 122880.94
220 123478.17
221 123869.90
222 124657.15
223 122805.83
224 123909.00
225 121933.94
226 124925.14
227 123919.96
228 124036.07
229 125020.03
230 124237.06
231 124179.12
232 122433.19
233 123321.06
234 124300.96
235 124825.00
236 123315.10
237 122582.91
238 123354.91
239 122447.01
240 123359.92
241 123450.99
242 124037.98
243 124787.09
244 122470.14
245 124949.93
246 124223.95
247 122546.91
248 122445.11
249 125088.93
250 125923.87
251 123688.22
252 122787.00
253 124408.96
254 124634.03
255 123433.11
256 123727.08
257 124536.04
258 122467.99
259 124059.92
260 123435.02
261 122557.16
262 123663.19
263 122586.01
264 123466.97
265 122779.13
266 123735.90
267 124507.90
268 122686.86
269 122737.88
270 124173.88
271 124448.06
272 123354.20
273 122588.16
274 124068.02
275 122591.02
276 122681.14
277 122668.03
278 122807.03
279 123620.99
280 122689.01
281 122952.94
282 123686.08
283 122425.08
284 124010.09
285 123707.06
286 122798.92
287 123404.03
288 125103.95
289 123587.13
290 124270.92
291 125241.04
292 123525.14
293 123702.05
294 123310.09
295 122715.00
296 123751.16
297 124092.10
298 122557.16
299 123174.19
300 122752.90
301 122647.05
302 123291.02
303 123330.12
304 122575.04
305 124966.14
306 124170.78
307 125172.85
308 122785.81
309 122458.93
310 123894.93
311 122573.14
312 123142.00
313 125383.85
314 122686.15
315 122670.89
316 123044.97
317 123696.09
318 123821.97
319 123613.83
320 122659.92
321 123680.83
322 123618.13
323 123818.16
324 122925.04
325 123797.89
326 123160.12
327 123139.14
328 122991.09
329 123693.94
330 122123.96
331 123871.80
332 123878.00
333 122380.02
334 122274.88
335 122116.09
336 123104.81
337 123004.20
338 123956.92
339 122784.14
340 124711.99
341 123778.82
342 123065.95
343 124675.04
344 123852.01
345 123028.04
346 123749.97
347 122206.93
348 123220.92
349 122934.10
350 123070.96
351 122411.97
352 124311.92
353 122456.07
354 124212.98
355 124229.91
356 122596.98
357 122592.93
358 121737.00
359 124625.92
360 124379.87
361 122278.21
362 122338.06
363 122313.02
364 122781.99
365 122481.11
366 122506.14
367 122580.05
368 121933.94
369 122853.04
370 122457.03
371 122908.12
372 122619.87
373 122041.94
374 122107.03
375 122442.96
376 122725.01
377 123075.01
378 122376.92
379 122559.07
380 122488.98
381 122631.07
382 122595.07
383 123436.93
384 122901.20
385 122560.02
386 122550.01
387 122615.10
388 122972.97
389 122273.92
390 122167.11
391 122378.83
392 122804.88
393 122700.93
394 123155.12
395 122277.98
396 122570.99
397 122573.85
398 122221.95
399 121979.00
400 122926.00
401 122200.97
402 122570.04
403 122316.12
404 122797.97
405 122456.07
406 122498.99
407 122586.01
408 122884.99
409 122900.96
410 122506.14
411 122812.03
412 122316.12
413 122939.11
414 122166.87
415 122545.00
416 122632.98
417 122353.08
418 122061.01
419 123113.16
420 122864.01
421 122659.92
422 122245.07
423 122073.89
424 122651.10
425 122236.97
426 122439.15
427 122682.09
428 122853.99
429 122637.03
430 121829.99
431 122378.11
432 123024.94
433 123236.89
434 121940.85
435 122329.00
436 123252.87
437 122005.94
438 122157.81
439 122679.00
440 123102.90
441 122802.97
442 122501.13
443 122585.06
444 122698.07
445 123310.80
446 122169.02
447 122506.14
448 122249.13
449 122690.20
450 122536.90
451 122286.08
452 122332.10
453 122514.96
454 123012.07
455 122622.01
456 122173.07
457 122321.13
458 122675.18
459 122564.08
460 122751.00
461 122167.83
462 122647.05
463 122296.81
464 122768.16
465 122933.15
466 122205.02
467 123263.84
468 122389.08
469 122992.99
470 122134.21
471 122772.93
472 122444.87
473 122714.04
474 122612.00
475 122547.15
476 122890.00
477 122734.07
478 122663.02
479 122686.86
480 122480.15
481 122906.92
482 122489.93
483 122253.89
484 122455.84
485 122830.15
486 122781.99
487 122318.98
488 122256.04
489 122450.11
490 123193.98
491 122939.11
492 122341.87
493 122397.90
494 122471.09
495 122469.90
496 122765.78
497 122457.03
498 122988.94
499 122184.99
500 122736.22
501 122415.07
502 121974.23
503 121114.02
504 121940.85
505 121329.07
506 121548.18
507 121207.95
508 120783.81
509 121024.85
510 120769.98
511 120810.99
512 120966.91
513 121385.10
514 121315.00
515 120690.11
516 121418.95
517 121349.81
518 121148.11
519 120984.08
520 121006.01
521 121356.96
522 120891.81
523 120900.15
524 120944.98
525 121106.86
526 120923.04
527 120956.90
528 121225.12
529 120716.09
530 121183.87
531 121121.17
532 120865.11
533 120594.98
534 120763.06
535 121071.10
536 120965.00
537 121014.12
538 120974.06
539 121088.98
540 120611.91
541 120880.84
542 120653.15
543 120977.16
544 120867.01
545 120676.99
546 121204.85
547 120707.99
548 120961.90
549 121021.99
550 121157.17
551 121014.12
552 121265.89
553 120846.03
554 121424.91
555 120931.86
556 120946.88
557 121169.09
558 120808.84
559 120574.00
560 121114.02
561 121042.01
562 121047.97
563 121178.15
564 120920.90
565 121038.91
566 121040.11
567 120970.96
568 121185.06
569 121001.01
570 120913.03
571 120945.93
572 120769.02
573 121153.12
574 121025.09
575 120687.96
576 120843.89
577 120896.82
578 121045.83
579 121089.22
580 121146.92
581 121234.89
582 120741.84
583 120884.90
584 121052.03
585 121106.86
586 121178.87
587 120959.04
588 120807.17
589 120663.17
590 121035.10
591 120736.12
592 120832.92
593 120810.99
594 120950.94
595 120986.94
596 120805.03
597 121140.00
598 121203.90
599 120898.96
600 120615.96
601 120939.02
602 120935.20
603 121129.04
604 120720.86
605 120740.89
606 120665.79
607 120854.14
608 120936.87
609 121163.85
610 120720.15
611 120705.13
612 120745.90
613 121007.92
614 120928.05
615 121170.04
616 120796.92
617 120846.99
618 120754.00
619 121026.99
620 120967.86
621 120697.98
622 120866.06
623 120742.08
624 121006.97
625 121088.03
626 120882.03
627 121296.17
628 121032.00
629 120791.91
630 121063.95
631 121068.00
632 120991.23
633 120860.82
634 120686.77
635 120928.05
636 121339.80
637 120958.81
638 121018.89
639 120912.08
640 121241.09
641 120798.11
642 120882.03
643 120727.06
644 120908.98
645 120951.89
646 120899.20
647 121123.79
648 121176.00
649 120755.20
650 120713.00
651 120750.19
652 120909.93
653 121033.91
654 121005.06
655 120908.02
656 120853.90
657 120956.90
658 120918.04
659 120761.16
660 120939.97
661 120671.03
662 120886.09
663 120939.02
664 120846.99
665 120666.03
666 121129.99
667 121227.03
668 121011.97
669 120698.93
670 120817.18
671 120894.19
672 120826.96
673 121102.09
674 120944.02
675 120993.14
676 121319.06
677 120678.19
678 120836.02
679 120862.01
680 121166.94
681 121175.05
682 120847.94
683 121217.97
684 121031.05
685 120768.07
686 120976.92
687 120771.88
688 121002.91
689 121091.84
690 120958.09
691 120935.92
692 121837.85
693 121092.08
694 120635.99
695 121073.01
696 120764.02
697 120918.04
698 120971.92
699 120790.96
700 121031.05
701 120894.19
702 120856.05
703 120896.10
704 120805.03
705 120704.89
706 120899.92
707 120901.82
708 121341.23
709 120765.92
710 121076.11
711 120898.01
712 120743.99
713 120779.99
714 120907.07
715 120901.11
716 120836.97
717 120876.07
718 121208.91
719 120867.97
720 121212.96
721 120739.94
722 121162.89
723 120834.11
724 120825.05
725 121088.03
726 120960.00
727 121176.96
728 120899.92
729 121156.93
730 120960.95
731 121287.11
732 120925.90
733 120806.22
734 121503.83
735 120981.93
736 121177.91
737 121119.02
738 120897.05
739 120968.10
740 121010.07
741 121108.06
742 120925.19
743 121155.98
744 121217.97
745 120699.88
746 121119.98
747 120801.93
748 120785.95
749 121032.00
750 120841.98
751 120728.02
752 121147.87
753 121227.03
754 120825.05
755 120898.96
756 120799.06
757 120982.89
758 120826.01
759 120896.10
760 121180.06
761 120787.86
762 120635.99
763 121209.86
764 120888.95
765 121320.01
766 121072.05
767 120937.82
768 120681.05
769 120775.94
770 120916.13
771 120680.09
772 121449.95
773 120851.99
774 120867.01
775 120905.88
776 120875.12
777 121056.08
778 120801.93
779 121130.94
780 120904.92
781 120816.95
782 121176.00
783 120939.02
784 120846.03
785 120890.14
786 120915.17
787 120891.09
788 120915.89
789 121017.93
790 121393.92
791 121190.07
792 121340.99
793 121388.20
794 121245.15
795 121078.97
796 121151.92
797 120942.12
798 120895.15
799 121019.84
800 121742.01
801 121386.05
802 121050.12
803 120805.98
804 120815.99
805 121135.95
806 121042.01
807 120757.10
808 121034.86
809 120805.03
810 120949.03
811 121181.01
812 120997.91
813 121106.86
814 121032.95
815 120753.05
816 120691.06
817 121236.09
818 120749.00
819 121311.90
820 120942.12
821 121439.93
822 120759.01
823 120673.18
824 120641.95
825 120810.03
826 121145.01
827 121413.95
828 120989.80
829 120676.04
830 120697.98
831 120846.99
832 120917.80
833 120724.92
834 120958.81
835 120826.01
836 121002.91
837 120670.08
838 121006.01
839 121032.95
840 121301.89
841 121026.99
842 121101.14
843 120733.02
844 120769.98
845 121067.05
846 120839.12
847 120970.01
848 121071.10
849 120771.88
850 121111.87
851 120955.94
852 120992.90
853 120615.96
854 121016.98
855 121258.97
856 120897.05
857 120790.96
858 120640.99
859 120847.94
860 120810.99
861 120731.83
862 121266.84
863 121145.01
864 120962.14
865 120621.92
866 120818.85
867 120893.96
868 121040.82
869 121052.03
870 120803.12
871 120847.94
872 120946.17
873 120943.07
874 121014.12
875 120893.96
876 120899.92
877 120939.97
878 120947.12
879 120913.98
880 120939.97
881 120947.12
882 120899.92
883 120922.80
884 120918.04
885 120934.96
886 120971.20
887 120876.07
888 120914.94
889 120947.12
890 120940.92
891 120936.16
892 120967.86
893 120882.99
894 120950.94
895 120950.94
896 120931.15
897 120883.94
898 120918.99
899 120909.93
900 120936.87
901 120952.13
902 120947.12
903 120897.05
904 120884.90
905 120919.94
906 120955.94
907 120939.97
908 120895.15
909 120949.03
910 120922.09
911 120952.13
912 120939.02
913 120921.13
914 120933.77
915 120962.14
916 120949.98
917 120934.01
918 120954.99
919 120912.08
920 120961.90
921 120938.06
922 121057.99
923 120951.89
924 120847.94
925 120960.95
926 120949.98
927 120883.94
928 120963.10
929 120969.06
930 120927.10
931 120928.05
932 120937.11
933 120852.95
934 120947.12
935 120954.04
936 120949.98
937 120960.95
938 120965.00
939 120916.13
940 120899.92
941 120934.96
942 120960.00
943 120953.08
944 120969.06
945 120937.82
946 120913.98
947 120934.01
948 121033.19
949 120948.08
950 120934.96
951 120918.99
952 120933.06
953 120948.08
954 120949.98
955 120963.10
956 120949.98
957 120899.92
958 120960.95
959 120956.18
960 120929.00
961 120959.04
962 120926.14
963 120913.98
964 120943.07
965 120928.05
966 120950.94
967 120863.91
968 120932.10
969 120949.98
970 120950.94
971 120957.85
972 120953.80
973 120902.06
974 120893.00
975 120952.84
976 120951.18
977 120930.19
978 120958.81
979 120923.04
980 120937.11
981 120930.91
982 120950.94
983 120943.07
984 120952.84
985 120875.12
986 120964.05
987 120879.89
988 120935.92
989 120956.90
990 120948.08
991 120927.10
992 120949.03
993 120943.07
994 120955.94
995 120949.03
996 120903.97
997 120892.05
998 120932.82
999 120927.81
1000 120941.16
1001 120943.07
1002 120963.81
1003 121002.91
1004 120913.03
1005 120913.98
1006 120945.93
1007 120871.07
1008 120951.18
1009 120956.18
1010 120929.00
1011 120951.89
1012 120939.02
1013 120903.02
1014 120943.07
1015 120965.00
1016 120941.16
1017 120825.05
1018 120931.86
1019 120914.94
1020 120934.01
1021 120923.04
1022 120936.87
1023 120936.87
1024 120948.08
1025 120954.04
1026 120960.00
1027 120892.05
1028 120929.00
1029 120923.04
1030 120951.89
1031 120979.07
1032 120947.12
1033 120942.12
1034 120946.88
1035 120952.13
1036 120952.13
1037 120960.00
1038 120950.94
1039 120905.16
1040 120917.08
1041 120934.96
1042 120935.92
1043 120948.08
1044 120946.88
1045 120959.04
1046 120920.18
1047 120863.91
1048 120933.06
1049 120945.93
1050 120941.16
1051 120954.99
1052 120954.04
1053 120872.02
1054 120971.20
1055 120939.97
1056 120910.17
1057 120953.08
1058 120936.87
1059 120916.84
1060 120989.08
1061 120941.88
1062 120905.16
1063 120952.13
1064 120957.14
1065 120963.10
1066 120959.04
1067 120882.03
1068 120929.96
1069 120955.94
1070 120868.92
1071 120960.00
1072 120960.00
1073 120948.08
1074 120961.19
1075 120949.03
1076 120901.82
1077 120898.01
1078 120965.96
1079 120928.05
1080 120944.02
1081 120945.93
1082 120856.05
1083 120957.14
1084 120952.13
1085 120908.02
1086 120950.94
1087 120956.90
1088 120970.01
1089 120968.82
1090 120909.21
1091 120906.11
1092 120929.96
1093 120962.14
1094 120955.94
1095 120954.99
1096 120958.09
1097 120937.82
1098 120935.92
1099 120908.02
1100 120939.02
1101 120913.98
1102 120951.89
1103 120939.97
1104 120950.94
1105 120950.94
1106 120975.02
1107 120907.78
1108 120916.84
1109 120966.91
1110 120935.20
1111 120944.98
1112 120973.11
1113 120935.92
1114 120913.03
1115 120954.04
1116 120966.91
1117 120963.10
1118 120934.01
1119 120923.04
