1120
0 121272.09
1 121160.03
2 121110.92
3 121076.82
4 121106.15
5 121131.90
6 121095.90
7 121130.94
8 121118.78
9 121123.08
10 121115.21
11 121112.82
12 121078.97
13 121010.07
14 121110.92
15 121121.88
16 121114.02
17 121116.16
18 121106.15
19 121115.92
20 121107.10
21 121058.94
22 121109.01
23 121123.08
24 121116.16
25 121113.06
26 121109.01
27 121113.06
28 121121.88
29 121130.94
30 121112.82
31 121119.98
32 121087.07
33 121111.87
34 121128.08
35 121020.08
36 121110.92
37 121132.14
38 121110.92
39 121135.00
40 121104.00
41 121044.87
42 121108.06
43 121116.88
44 121104.00
45 121115.92
46 121142.86
47 121129.04
48 121104.96
49 121112.11
50 121119.98
51 121129.04
52 121083.97
53 121118.07
54 121118.07
55 121120.93
56 121114.02
57 121014.12
58 121113.06
59 121117.83
60 121122.12
61 121045.11
62 121117.12
63 121119.02
64 121118.78
65 121101.86
66 121149.06
67 121134.04
68 121129.04
69 121122.84
70 121117.12
71 121132.85
72 121012.93
73 121114.02
74 121114.97
75 121115.92
76 121085.17
77 121122.12
78 121134.04
79 121116.88
80 121119.98
81 121032.95
82 121113.06
83 121118.07
84 121117.12
85 121105.91
86 121104.00
87 121128.08
88 121144.06
89 121119.02
90 121113.06
91 121115.92
92 121078.01
93 121104.00
94 121134.04
95 121039.87
96 120980.02
97 121053.93
98 121123.08
99 121119.02
100 121140.00
101 121068.95
102 120813.13
103 121209.14
104 121128.08
105 121034.15
106 121103.05
107 120744.94
108 121025.09
109 120889.90
110 120964.05
111 120944.98
112 121542.93
113 121112.11
114 122015.00
115 121102.09
116 121123.08
117 121869.09
118 121043.92
119 121006.97
120 121006.97
121 120781.18
122 121723.89
123 120993.85
124 121135.95
125 121428.97
126 121026.99
127 120843.89
128 120961.90
129 120965.00
130 120855.09
131 120766.16
132 121129.04
133 121078.97
134 121079.92
135 120882.99
136 122178.08
137 123048.07
138 120987.89
139 120976.92
140 120849.13
141 121215.11
142 120860.10
143 121192.93
144 120875.12
145 120980.02
146 120946.88
147 121415.14
148 121565.82
149 120826.01
150 121008.87
151 121140.96
152 121518.85
153 121338.13
154 121526.96
155 122168.06
156 121448.99
157 120999.10
158 121315.96
159 121971.85
160 121034.86
161 121247.05
162 120972.87
163 120810.03
164 121371.98
165 121412.99
166 121402.98
167 121314.05
168 121736.05
169 121279.95
170 121110.92
171 121070.15
172 122174.02
173 121773.96
174 120925.90
175 121649.03
176 121340.04
177 121731.04
178 120928.05
179 121102.09
180 121827.13
181 120899.92
182 120797.87
183 120843.89
184 121353.86
185 120958.09
186 121263.98
187 121047.97
188 121012.93
189 121143.10
190 120812.18
191 121684.79
192 121085.17
193 122406.01
194 120821.00
195 120952.13
196 121430.87
197 120925.90
198 121171.95
199 121176.96
200 120975.97
201 120926.86
202 121210.81
203 121045.11
204 120830.06
205 120759.01
206 121222.02
207 121412.04
208 122125.15
209 121058.94
210 120860.10
211 121762.99
212 121298.79
213 121264.93
214 121227.03
215 120734.93
216 120869.16
217 121412.99
218 121600.87
219 120765.92
220 121359.83
221 121032.00
222 122000.93
223 121090.89
224 121145.96
225 120714.19
226 120914.94
227 121769.91
228 120774.03
229 121137.14
230 121290.92
231 121168.14
232 121259.93
233 121129.99
234 121719.12
235 121107.82
236 120935.92
237 122404.81
238 120906.11
239 120793.10
240 120921.13
241 121334.79
242 121748.21
243 121526.96
244 120808.12
245 121625.90
246 120888.95
247 120893.96
248 121666.91
249 120914.94
250 121381.04
251 121155.98
252 121876.00
253 121725.08
254 121000.77
255 120906.83
256 121455.91
257 121323.11
258 121681.93
259 120841.03
260 121536.02
261 120993.85
262 121678.11
263 121326.92
264 121562.00
265 121459.01
266 121510.98
267 121281.86
268 121197.94
269 120980.98
270 120986.94
271 121059.18
272 121792.08
273 122048.14
274 121021.99
275 120926.86
276 121068.00
277 120815.04
278 121003.87
279 121167.90
280 121569.87
281 120978.12
282 121474.98
283 121164.08
284 120898.01
285 120975.02
286 121444.94
287 122251.99
288 120876.79
289 120868.92
290 121373.18
291 120878.22
292 121149.06
293 121150.02
294 120833.16
295 121770.86
296 120924.00
297 120943.07
298 120856.05
299 121435.88
300 121558.90
301 121400.12
302 121124.03
303 121452.09
304 121908.19
305 121515.04
306 121279.00
307 121231.08
308 121337.89
309 120935.20
310 120992.18
311 121011.97
312 121596.10
313 121443.99
314 120907.78
315 121291.88
316 121227.03
317 121552.94
318 121007.92
319 121023.89
320 121462.82
321 121526.96
322 120924.00
323 120967.15
324 121395.83
325 121459.96
326 121313.10
327 121273.99
328 121195.08
329 122459.89
330 120944.98
331 121383.91
332 121484.99
333 121248.96
334 121190.07
335 120846.03
336 120805.03
337 121010.78
338 121145.01
339 120767.12
340 120820.05
341 121446.85
342 120960.95
343 120929.96
344 122043.85
345 120858.91
346 121806.86
347 121570.11
348 121924.88
349 121355.06
350 120984.79
351 121042.97
352 122184.04
353 121093.99
354 121331.93
355 120711.09
356 121484.04
357 120895.15
358 121200.80
359 120682.00
360 120682.95
361 120898.01
362 121010.07
363 121264.93
364 120836.97
365 120792.87
366 121281.86
367 120982.89
368 120740.18
369 120854.85
370 121274.95
371 121016.98
372 120663.88
373 120986.94
374 120875.12
375 120692.97
376 121206.05
377 121102.09
378 120954.04
379 120875.84
380 120860.10
381 120790.96
382 121263.98
383 120972.87
384 121063.95
385 120918.04
386 120944.02
387 121259.93
388 120909.93
389 121047.97
390 120759.01
391 121459.01
392 121242.05
393 121155.02
394 120965.00
395 120959.04
396 120832.92
397 120846.99
398 120806.93
399 121083.97
400 120725.87
401 121060.13
402 120979.07
403 120880.84
404 120933.06
405 121032.00
406 120863.91
407 120882.03
408 120825.05
409 121207.00
410 120802.88
411 120979.07
412 120821.00
413 120919.94
414 120806.93
415 120703.94
416 120876.07
417 121119.98
418 120702.98
419 120813.13
420 121031.05
421 120839.12
422 120831.97
423 120870.11
424 121062.99
425 120903.02
426 120981.93
427 120671.99
428 120650.05
429 120995.04
430 121082.07
431 120935.92
432 120926.14
433 121016.98
434 120775.94
435 120818.85
436 120785.24
437 121103.05
438 121017.93
439 121614.93
440 120922.80
441 121096.85
442 120923.04
443 121201.99
444 120754.96
445 120751.14
446 121131.90
447 121320.96
448 121340.04
449 121045.11
450 121046.07
451 121088.98
452 120814.09
453 120843.17
454 120954.99
455 121049.17
456 120769.02
457 121397.97
458 121047.02
459 121038.91
460 120774.03
461 120962.14
462 120954.99
463 120827.20
464 121399.88
465 121310.95
466 121052.98
467 120895.15
468 121099.95
469 121047.97
470 120759.01
471 120908.02
472 121225.12
473 120800.02
474 121127.13
475 121431.11
476 121333.12
477 121589.90
478 120682.00
479 121415.85
480 121400.12
481 121353.86
482 120857.95
483 120891.09
484 120934.96
485 121252.06
486 121380.09
487 120718.00
488 121144.06
489 121083.97
490 121006.01
491 120922.09
492 121218.20
493 120986.94
494 121389.87
495 121006.01
496 120878.93
497 120998.86
498 121165.04
499 120701.07
500 121019.12
501 121248.96
502 121018.89
503 121606.11
504 121143.82
505 121649.98
506 121171.95
507 121029.85
508 121491.91
509 121122.84
510 121212.01
511 121310.95
512 121264.93
513 121201.99
514 120728.97
515 120826.96
516 121156.93
517 121464.01
518 120808.84
519 121247.05
520 120757.82
521 120847.94
522 121615.17
523 121389.15
524 120994.09
525 121337.18
526 121313.81
527 121099.00
528 120934.96
529 120853.90
530 121243.95
531 120867.97
532 121018.89
533 121376.04
534 121228.22
535 121326.92
536 121143.82
537 121611.83
538 120979.07
539 120841.03
540 120749.00
541 121374.13
542 120882.03
543 121201.04
544 121273.99
545 120984.08
546 121320.96
547 121186.02
548 121325.97
549 120924.95
550 121118.07
551 121304.04
552 121092.08
553 120790.96
554 120764.97
555 120962.86
556 121475.93
557 121063.95
558 121068.00
559 121340.99
560 120950.94
561 121209.14
562 121627.09
563 120975.02
564 120814.09
565 121179.82
566 120733.02
567 120980.02
568 121093.99
569 121331.93
570 121532.20
571 121314.05
572 121328.12
573 121404.17
574 121382.95
575 121300.94
576 121182.92
577 121875.05
578 121618.99
579 121009.11
580 121917.01
581 120829.11
582 121661.90
583 120979.07
584 121084.93
585 121416.09
586 121007.92
587 121261.12
588 121294.98
589 120966.91
590 120668.89
591 120999.81
592 120862.96
593 121290.92
594 121275.90
595 121023.89
596 121219.87
597 121485.95
598 121388.20
599 121028.90
600 121194.12
601 121291.88
602 120718.96
603 121256.11
604 120943.07
605 121443.99
606 120763.06
607 121030.09
608 121093.99
609 121629.00
610 121238.95
611 121214.15
612 121508.84
613 121151.92
614 121429.92
615 121669.05
616 121525.05
617 121186.02
618 121041.06
619 120989.08
620 120986.94
621 121276.14
622 121479.03
623 121320.96
624 121008.87
625 121082.07
626 121047.02
627 121251.82
628 120938.06
629 121263.03
630 121254.92
631 121026.99
632 121408.94
633 121682.88
634 120851.99
635 121072.05
636 121631.15
637 121088.98
638 120861.05
639 121314.05
640 121132.85
641 121023.89
642 121399.88
643 121332.88
644 121296.88
645 121137.14
646 121675.01
647 121412.04
648 121142.86
649 121129.04
650 120942.83
651 121117.12
652 121228.93
653 121156.93
654 121538.16
655 121760.13
656 121179.82
657 121315.96
658 121217.01
659 120987.18
660 120898.01
661 121469.97
662 121171.00
663 121253.97
664 121240.14
665 121699.09
666 121497.87
667 121142.15
668 121299.98
669 121248.01
670 120814.09
671 121187.93
672 121032.95
673 121103.05
674 121172.90
675 121444.94
676 121422.05
677 121518.14
678 120972.87
679 121177.91
680 121154.07
681 120733.02
682 120981.93
683 121275.90
684 121251.11
685 121274.95
686 120805.98
687 121017.93
688 120975.97
689 121073.01
690 121277.09
691 121221.07
692 121016.98
693 121186.97
694 120908.02
695 121461.87
696 121213.91
697 121262.07
698 120750.90
699 120933.06
700 120982.17
701 120779.99
702 120993.14
703 120754.96
704 121670.01
705 121094.94
706 121288.06
707 121265.89
708 121033.19
709 121577.02
710 120923.04
711 120830.06
712 121644.97
713 120968.82
714 121590.14
715 121246.10
716 121250.87
717 121586.08
718 120985.98
719 121084.93
720 121174.10
721 120980.98
722 121223.93
723 121347.19
724 121293.07
725 121352.20
726 121191.02
727 121078.97
728 121391.06
729 121077.06
730 121449.95
731 121061.80
732 121186.02
733 120984.08
734 120610.00
735 121412.99
736 121841.91
737 121139.05
738 121735.81
739 121267.08
740 121535.06
741 121289.01
742 121152.88
743 120829.11
744 120851.99
745 121594.91
746 121174.10
747 121521.95
748 121960.88
749 121443.99
750 120956.90
751 121026.99
752 121042.97
753 120714.90
754 121160.03
755 121517.18
756 121008.87
757 121220.11
758 120796.92
759 121060.13
760 121023.18
761 121363.88
762 120929.96
763 120797.16
764 121144.06
765 120774.98
766 121002.91
767 120857.95
768 120847.94
769 121614.93
770 121282.82
771 121428.97
772 121029.14
773 121505.02
774 121536.97
775 121169.09
776 121116.16
777 121130.94
778 121356.96
779 121201.04
780 121352.91
781 121503.11
782 120759.01
783 121373.89
784 121171.00
785 121126.17
786 121304.99
787 121044.16
788 120815.04
789 121027.95
790 121161.94
791 121201.04
792 121155.98
793 120713.95
794 121304.04
795 121856.93
796 120941.88
797 121318.10
798 121192.93
799 121016.03
800 120977.16
801 121125.94
802 121227.98
803 121316.19
804 120762.11
805 121102.09
806 121387.00
807 120860.82
808 121229.89
809 121240.85
810 120714.19
811 121064.90
812 121168.85
813 121643.07
814 121299.03
815 120899.20
816 121251.11
817 121343.14
818 121391.06
819 121456.86
820 121061.09
821 120846.03
822 121261.84
823 121083.97
824 121205.09
825 121176.00
826 121166.94
827 121525.05
828 121454.00
829 121269.94
830 121088.03
831 121347.19
832 121564.87
833 121445.89
834 120888.95
835 121260.88
836 121127.84
837 121563.91
838 121102.09
839 121501.92
840 121409.89
841 120950.94
842 121769.91
843 121612.07
844 121407.99
845 120972.16
846 120934.01
847 121064.90
848 121843.10
849 121072.05
850 121294.02
851 120713.95
852 121095.90
853 121084.21
854 120922.09
855 121006.01
856 121187.93
857 121024.13
858 121165.04
859 121184.11
860 121675.97
861 120955.94
862 121306.90
863 121296.17
864 121072.05
865 121175.05
866 121007.92
867 121495.01
868 121278.05
869 121568.20
870 121263.98
871 121762.99
872 120977.16
873 121067.05
874 121136.90
875 121114.02
876 121040.82
877 121256.83
878 120990.04
879 120839.12
880 121306.18
881 121458.05
882 121284.96
883 121629.95
884 121680.02
885 121073.01
886 121577.02
887 121155.98
888 121241.09
889 121051.79
890 121056.08
891 121004.10
892 121325.97
893 121072.05
894 120840.07
895 121278.05
896 121212.01
897 121124.98
898 121465.92
899 121004.82
900 121168.14
901 121527.19
902 121163.13
903 121449.95
904 121070.86
905 121124.03
906 121425.87
907 120926.14
908 121006.01
909 121314.05
910 121058.94
911 121181.01
912 121176.96
913 121100.90
914 120935.92
915 121146.92
916 121212.96
917 121601.10
918 121027.95
919 121371.03
920 121315.00
921 121118.07
922 121391.06
923 121498.82
924 120851.04
925 121078.01
926 121015.07
927 120817.90
928 121078.97
929 121251.11
930 121469.97
931 121012.93
932 120898.01
933 121285.92
934 121459.01
935 121020.08
936 121068.95
937 120752.10
938 120816.23
939 120970.01
940 121304.04
941 120899.92
942 120981.93
943 120815.04
944 121158.84
945 121160.98
946 121253.01
947 121304.04
948 121370.08
949 121091.84
950 121090.89
951 120910.17
952 120975.02
953 120894.91
954 120986.94
955 120824.81
956 121083.97
957 120759.96
958 120869.87
959 121376.99
960 121559.86
961 120848.89
962 121212.96
963 121152.88
964 120938.06
965 121529.10
966 121007.92
967 120931.15
968 120781.90
969 120937.82
970 121290.92
971 121127.84
972 121087.07
973 120855.09
974 120846.99
975 121081.83
976 120951.18
977 120937.11
978 121366.98
979 121089.94
980 121068.00
981 121135.95
982 121177.91
983 121397.97
984 120936.87
985 120845.79
986 121078.97
987 120845.08
988 121253.97
989 120976.92
990 120996.95
991 120971.92
992 120913.98
993 120958.09
994 120971.92
995 121366.98
996 120985.03
997 121058.94
998 121031.05
999 121113.06
1000 120973.11
1001 121020.08
1002 121125.94
1003 121037.01
1004 121017.93
1005 120918.99
1006 121134.04
1007 120967.86
1008 121049.17
1009 121300.22
1010 121556.04
1011 121057.99
1012 121075.15
1013 121048.21
1014 120989.08
1015 121113.78
1016 120943.07
1017 120965.96
1018 121163.13
1019 121186.02
1020 121034.86
1021 121002.20
1022 121016.98
1023 121083.97
1024 120863.91
1025 121052.03
1026 121026.99
1027 121150.02
1028 120883.94
1029 121004.10
1030 121027.95
1031 121016.98
1032 121130.94
1033 121124.98
1034 121016.98
1035 121146.92
1036 121008.16
1037 121080.16
1038 121083.02
1039 120992.90
1040 121052.03
1041 121208.91
1042 120962.86
1043 120936.16
1044 121147.87
1045 121140.00
1046 120868.92
1047 121172.19
1048 121440.89
1049 120956.18
1050 120903.02
1051 121045.83
1052 121089.94
1053 121002.91
1054 120943.07
1055 120915.89
1056 120891.81
1057 121134.04
1058 121093.03
1059 121062.99
1060 121101.14
1061 121144.06
1062 121143.10
1063 121138.10
1064 121114.97
1065 120817.90
1066 121042.97
1067 121105.91
1068 120798.83
1069 121053.93
1070 121268.99
1071 121050.12
1072 120957.85
1073 120929.96
1074 121122.12
1075 121006.97
1076 121109.96
1077 121454.95
1078 121030.09
1079 120853.90
1080 120871.07
1081 121102.09
1082 120965.00
1083 121094.94
1084 121161.94
1085 121066.09
1086 120995.04
1087 121022.94
1088 121080.88
1089 121145.01
1090 121146.92
1091 121133.80
1092 121138.10
1093 121131.18
1094 121129.99
1095 121124.98
1096 121125.94
1097 121122.84
1098 121024.85
1099 121114.02
1100 121145.96
1101 121138.81
1102 120988.85
1103 121137.14
1104 121099.00
1105 121129.99
1106 121156.93
1107 121124.03
1108 121144.06
1109 121119.02
1110 121138.10
1111 121167.18
1112 121131.18
1113 121138.10
1114 121129.99
1115 121120.93
1116 121123.08
1117 121143.82
1118 121114.97
1119 121137.86
