1200
0 121165.99
1 121027.95
2 121054.89
3 121054.89
4 121056.08
5 121042.97
6 121042.01
7 121031.05
8 121041.06
9 121070.15
10 121038.20
11 121037.96
12 121043.92
13 121049.17
14 121046.07
15 121064.90
16 121072.05
17 121058.94
18 121057.99
19 121009.11
20 121065.86
21 121068.95
22 121054.89
23 121057.03
24 121078.01
25 120964.05
26 121062.04
27 121057.99
28 121057.99
29 121066.09
30 121073.01
31 121068.95
32 120989.08
33 121059.89
34 121068.00
35 121061.09
36 121058.94
37 121061.09
38 121050.83
39 121035.10
40 121052.98
41 121052.03
42 121060.13
43 121072.05
44 121043.92
45 121082.07
46 121055.13
47 121067.05
48 120970.01
49 121070.86
50 121057.03
51 121059.89
52 120987.18
53 121063.95
54 121052.03
55 121055.13
56 121059.18
57 121056.08
58 121055.84
59 121020.08
60 121059.89
61 121052.03
62 121062.99
63 121056.08
64 121058.94
65 121054.89
66 121053.93
67 121057.03
68 121057.03
69 121058.94
70 121005.06
71 121061.80
72 120986.94
73 121057.99
74 121064.90
75 121062.04
76 121056.08
77 121054.89
78 121056.08
79 121024.85
80 121054.89
81 121053.93
82 121064.90
83 121061.09
84 121062.99
85 121052.98
86 121096.85
87 121082.07
88 121037.96
89 121054.17
90 121065.86
91 121068.95
92 121039.15
93 120960.00
94 121071.10
95 121010.07
96 120981.93
97 120970.01
98 121027.95
99 120964.05
100 120944.98
101 120842.93
102 121736.05
103 121004.10
104 121258.97
105 121418.95
106 121175.05
107 121165.99
108 121981.14
109 121788.02
110 122614.86
111 122411.97
112 122537.85
113 122594.12
114 122260.09
115 123723.03
116 122108.94
117 122805.83
118 125768.90
119 123776.91
120 122799.87
121 122813.94
122 122484.92
123 123394.97
124 123481.99
125 122624.87
126 124829.05
127 123919.96
128 122293.00
129 122379.06
130 123152.97
131 124128.10
132 122843.03
133 124367.95
134 122509.00
135 124091.15
136 123412.13
137 124240.16
138 122364.04
139 123193.98
140 122359.99
141 122350.93
142 122922.18
143 125229.84
144 123028.04
145 124763.01
146 124320.03
147 125225.07
148 123269.80
149 122545.96
150 122344.97
151 123118.16
152 123883.01
153 123836.04
154 122916.94
155 123566.87
156 123657.94
157 123533.96
158 122902.87
159 122884.99
160 122783.18
161 123567.82
162 124042.03
163 123087.17
164 123015.88
165 123760.94
166 123922.82
167 122774.84
168 123585.94
169 122746.94
170 122884.04
171 122817.99
172 122868.06
173 122053.15
174 122006.18
175 122182.13
176 124230.15
177 123637.91
178 122834.92
179 122824.91
180 122781.04
181 122712.85
182 122064.11
183 123769.04
184 122884.04
185 122915.03
186 122999.91
187 123507.98
188 124633.07
189 122897.86
190 123480.08
191 123433.11
192 122895.96
193 124342.92
194 125102.04
195 125077.01
196 123286.01
197 122457.98
198 122086.05
199 122764.11
200 123530.15
201 122602.94
202 123431.21
203 123373.03
204 123291.97
205 125793.93
206 122384.79
207 123404.03
208 124830.96
209 122424.84
210 124008.18
211 122478.01
212 122598.17
213 122790.81
214 121970.18
215 124244.21
216 124274.02
217 122485.88
218 122339.96
219 122390.03
220 122928.86
221 122993.95
222 124827.86
223 123007.06
224 122923.85
225 123837.95
226 122975.11
227 124053.00
228 122920.04
229 122870.92
230 122174.98
231 122817.04
232 123396.16
233 122530.94
234 122567.89
235 122576.00
236 122493.98
237 124166.97
238 122541.19
239 123282.91
240 124845.03
241 124132.87
242 122501.13
243 122531.18
244 124933.00
245 122638.94
246 122338.06
247 122303.96
248 124752.04
249 123126.03
250 123160.12
251 122251.99
252 123797.89
253 123837.95
254 123030.19
255 124644.99
256 122504.95
257 123737.10
258 123631.95
259 124616.86
260 122045.04
261 123482.94
262 122959.85
263 123574.02
264 122138.02
265 123581.89
266 122684.00
267 122839.21
268 123696.09
269 122905.97
270 122044.09
271 122841.84
272 122678.04
273 122902.15
274 122200.01
275 122083.19
276 122869.01
277 122717.86
278 122868.78
279 122751.95
280 122809.17
281 123420.00
282 124425.89
283 122746.23
284 123498.92
285 123568.06
286 123458.15
287 122599.84
288 122732.88
289 123598.10
290 123000.86
291 124344.83
292 123587.13
293 122724.06
294 124924.90
295 122633.22
296 123332.98
297 122741.22
298 123311.04
299 124217.03
300 122617.01
301 123492.96
302 122679.95
303 123436.93
304 123435.02
305 122673.99
306 123388.05
307 123450.04
308 122704.98
309 124230.86
310 122746.94
311 123456.95
312 122744.08
313 122755.05
314 121926.78
315 122344.02
316 123251.91
317 123254.06
318 122341.87
319 122506.14
320 123546.84
321 124989.99
322 122514.01
323 122624.16
324 124140.02
325 124120.00
326 123227.83
327 123160.12
328 123473.17
329 123375.18
330 122860.91
331 123671.05
332 123422.15
333 122578.14
334 123254.06
335 124006.03
336 123271.94
337 122446.06
338 124053.96
339 122941.02
340 123569.01
341 123771.19
342 124565.84
343 123667.00
344 123605.97
345 122080.09
346 122095.82
347 122888.09
348 123079.06
349 122298.00
350 122040.03
351 123258.83
352 122970.10
353 122993.95
354 123972.18
355 122074.13
356 122150.90
357 124551.06
358 122168.06
359 121698.14
360 121871.95
361 122524.02
362 121877.19
363 122215.03
364 121738.91
365 122361.18
366 122941.97
367 122356.89
368 122514.96
369 122901.92
370 122680.90
371 121887.92
372 122013.09
373 122627.02
374 121870.04
375 122244.12
376 122920.99
377 122753.86
378 122028.83
379 122232.91
380 122676.13
381 122611.05
382 122107.03
383 122108.94
384 122564.08
385 122467.04
386 122198.10
387 122114.90
388 122364.04
389 122136.83
390 122246.03
391 122275.83
392 122237.92
393 122446.06
394 122725.96
395 122859.95
396 123259.07
397 122304.92
398 122550.96
399 122745.99
400 122871.16
401 122266.05
402 122205.97
403 122498.99
404 122297.05
405 122382.88
406 122724.06
407 122807.03
408 122367.86
409 122398.14
410 122114.90
411 122329.00
412 122102.02
413 122238.16
414 122598.89
415 122729.06
416 121975.90
417 122754.10
418 122811.08
419 122342.11
420 122296.81
421 122141.12
422 122365.00
423 121977.09
424 121841.91
425 122900.01
426 122195.96
427 121900.08
428 122409.11
429 122233.87
430 122476.10
431 122668.98
432 122670.89
433 123224.97
434 122248.17
435 122215.99
436 122761.01
437 122383.12
438 122355.94
439 122039.79
440 121762.99
441 122613.91
442 122694.02
443 122838.02
444 122405.05
445 122115.85
446 122609.14
447 122498.04
448 122641.80
449 122125.86
450 122469.90
451 122389.08
452 122478.01
453 122687.82
454 122066.02
455 122117.04
456 122816.09
457 122282.98
458 122549.06
459 121851.92
460 122402.91
461 122386.93
462 122242.93
463 121886.01
464 122878.07
465 122413.16
466 122392.89
467 122667.07
468 121996.88
469 123089.08
470 122437.95
471 122655.87
472 122908.83
473 122989.89
474 122465.85
475 122414.11
476 123007.06
477 122061.01
478 122220.99
479 122483.97
480 122478.96
481 122214.08
482 122838.97
483 122369.05
484 122308.02
485 121995.93
486 122576.95
487 122214.08
488 122215.03
489 121851.21
490 122161.15
491 122503.04
492 122374.06
493 122101.07
494 122252.94
495 122430.09
496 122015.95
497 122345.92
498 122375.01
499 122379.06
500 122293.95
501 122730.02
502 123272.18
503 122558.83
504 122343.06
505 122499.94
506 122362.14
507 122226.95
508 122129.92
509 122493.03
510 122462.99
511 122685.19
512 123395.92
513 122428.89
514 122852.09
515 122457.03
516 122124.20
517 122229.10
518 122099.88
519 122190.95
520 122974.87
521 122174.02
522 122732.88
523 122669.94
524 122226.00
525 122272.97
526 122119.90
527 122061.01
528 121829.99
529 121883.15
530 122313.02
531 121973.04
532 122354.03
533 122583.15
534 121817.83
535 122442.96
536 122059.11
537 122061.01
538 122634.89
539 122687.10
540 122629.88
541 122127.06
542 122438.91
543 122608.90
544 122323.99
545 122639.89
546 122720.00
547 122243.17
548 122662.78
549 122422.93
550 122180.94
551 122279.17
552 122392.89
553 122833.97
554 121936.08
555 122773.89
556 122259.86
557 122430.09
558 122571.95
559 122440.10
560 122107.98
561 122473.96
562 120903.02
563 121048.93
564 121140.00
565 120912.08
566 120877.98
567 120886.09
568 120839.83
569 120790.96
570 121230.84
571 121022.94
572 121271.13
573 120797.87
574 120925.90
575 121263.98
576 120908.98
577 121279.95
578 120807.89
579 120931.15
580 121170.04
581 121388.91
582 121251.11
583 121358.16
584 121384.14
585 120880.13
586 120985.98
587 121461.87
588 121114.02
589 120970.96
590 120679.86
591 120985.98
592 121268.03
593 121140.96
594 120765.92
595 120810.03
596 120685.10
597 120899.92
598 120832.92
599 121184.83
600 121553.18
601 121085.88
602 120922.80
603 120908.98
604 120863.91
605 120978.83
606 120831.97
607 120995.04
608 121162.89
609 120995.04
610 121333.12
611 121089.94
612 120723.01
613 121088.98
614 121130.94
615 120710.13
616 120898.96
617 120830.06
618 120812.89
619 120781.18
620 121138.81
621 120996.95
622 121117.12
623 120897.05
624 121075.87
625 121011.97
626 120968.10
627 120758.06
628 120776.89
629 120851.04
630 120846.99
631 121163.85
632 121023.89
633 121088.98
634 121090.17
635 120941.16
636 121010.07
637 121187.93
638 121006.01
639 121452.81
640 120850.09
641 121628.05
642 120916.13
643 121033.19
644 121397.97
645 120873.93
646 120679.14
647 120850.09
648 120981.22
649 120951.89
650 120953.08
651 120737.08
652 121043.21
653 120794.06
654 121212.96
655 121221.07
656 120978.12
657 121099.00
658 120958.09
659 120994.09
660 121202.95
661 120772.84
662 121476.89
663 121090.89
664 121140.00
665 120868.92
666 120609.05
667 121088.98
668 120651.96
669 120936.87
670 120953.08
671 120973.11
672 121340.99
673 120845.08
674 121236.09
675 120920.90
676 121037.01
677 120846.99
678 121335.03
679 120667.93
680 121070.15
681 121448.04
682 120991.95
683 120901.82
684 121104.00
685 120985.98
686 121064.90
687 120997.19
688 120836.02
689 121095.18
690 120724.20
691 121032.95
692 120886.09
693 120987.89
694 121155.98
695 120836.02
696 121045.11
697 120790.00
698 120990.99
699 121104.96
700 121026.99
701 121036.05
702 120996.95
703 121128.08
704 120947.12
705 121161.94
706 120873.93
707 121018.17
708 121073.01
709 121271.13
710 120861.05
711 120774.98
712 121746.06
713 120859.15
714 120837.93
715 120963.81
716 120927.10
717 121088.98
718 120860.10
719 120994.09
720 120980.98
721 121070.86
722 120821.00
723 120687.01
724 121122.12
725 121066.09
726 121409.89
727 120935.92
728 120749.00
729 121253.97
730 120917.08
731 120918.99
732 120702.98
733 120967.15
734 121080.88
735 120943.07
736 121217.01
737 120660.07
738 120753.05
739 121160.98
740 121058.94
741 121024.85
742 121089.94
743 120985.98
744 121012.93
745 120800.97
746 121392.97
747 120944.02
748 121224.16
749 120963.10
750 121235.13
751 120776.18
752 120945.93
753 120953.08
754 120917.08
755 120754.96
756 121256.83
757 120887.99
758 121222.97
759 120880.84
760 120867.01
761 121004.82
762 121142.86
763 120785.95
764 120998.14
765 120978.83
766 121028.90
767 121144.06
768 120965.96
769 120939.97
770 120971.92
771 121240.14
772 120805.03
773 120906.11
774 120774.98
775 121154.07
776 121061.09
777 121007.92
778 121207.00
779 120956.90
780 120956.90
781 120961.90
782 120811.94
783 120847.94
784 120813.13
785 120984.08
786 120895.86
787 121114.97
788 120824.81
789 120903.02
790 121104.96
791 120983.12
792 121065.14
793 120836.02
794 121008.16
795 120874.88
796 121087.07
797 121100.90
798 121079.21
799 121187.93
800 120996.00
801 121354.82
802 121184.11
803 120942.12
804 120996.00
805 121335.03
806 120748.04
807 121150.97
808 120815.04
809 121026.99
810 121002.91
811 120805.98
812 121145.96
813 120951.18
814 121376.04
815 120857.95
816 120755.91
817 121255.87
818 120996.00
819 121091.84
820 120803.12
821 120982.89
822 120954.04
823 120953.08
824 121244.91
825 120945.93
826 120831.01
827 120675.09
828 121048.93
829 121028.90
830 120862.01
831 120735.88
832 120778.08
833 121009.11
834 121054.89
835 120914.94
836 120923.04
837 121104.00
838 121001.96
839 120900.87
840 120896.10
841 120968.10
842 121032.95
843 121227.98
844 120744.94
845 120869.16
846 121217.01
847 120743.99
848 120843.89
849 120989.80
850 121143.10
851 121074.91
852 120887.04
853 120969.06
854 120918.04
855 121059.18
856 120832.92
857 121233.22
858 121204.85
859 121042.01
860 121035.10
861 121247.05
862 120929.00
863 121650.93
864 121286.87
865 120941.16
866 120966.20
867 121013.88
868 121323.11
869 120812.89
870 121370.08
871 120641.95
872 120883.94
873 120809.08
874 121086.84
875 121127.13
876 121034.86
877 121014.12
878 121459.96
879 120806.93
880 120743.99
881 121011.02
882 120769.02
883 121280.91
884 121450.19
885 120955.94
886 121001.96
887 120795.97
888 121105.91
889 120886.09
890 121128.08
891 120892.05
892 121273.99
893 120978.12
894 121096.85
895 120728.02
896 120858.91
897 121394.87
898 120899.92
899 121165.04
900 120745.90
901 120625.97
902 121191.98
903 121011.97
904 121098.04
905 121119.02
906 121251.11
907 121449.95
908 120863.91
909 120768.07
910 120709.90
911 120975.02
912 121135.00
913 120768.07
914 120851.04
915 120965.96
916 120823.86
917 120975.97
918 120818.14
919 121093.03
920 120968.10
921 121185.06
922 120756.15
923 120949.98
924 121007.20
925 121834.99
926 120915.17
927 120867.97
928 120687.01
929 121147.87
930 121139.05
931 121079.21
932 121119.98
933 121231.08
934 121142.15
935 120918.04
936 120763.06
937 121122.12
938 120958.81
939 121124.98
940 121029.14
941 120876.79
942 120856.05
943 121208.91
944 121248.01
945 120786.91
946 120661.97
947 120740.89
948 120799.06
949 120744.94
950 120845.08
951 120838.88
952 120926.86
953 120934.96
954 120930.91
955 120960.95
956 120934.01
957 120881.08
958 120936.16
959 120961.90
960 120929.96
961 120954.99
962 120955.94
963 120965.96
964 120882.03
965 120957.14
966 120957.85
967 120960.00
968 120947.12
969 120927.10
970 120954.04
971 120966.20
972 120960.95
973 120945.93
974 120943.07
975 120944.98
976 120954.99
977 120917.08
978 120953.08
979 120954.04
980 120938.06
981 120951.89
982 120960.95
983 120955.94
984 120858.91
985 120904.92
986 120970.01
987 121044.16
988 120948.08
989 120954.99
990 120954.04
991 120949.98
992 120955.94
993 120959.04
994 120951.89
995 120959.04
996 120959.04
997 120933.06
998 120959.04
999 120961.90
1000 120960.00
1001 120947.84
1002 120949.03
1003 120954.04
1004 120883.94
1005 120943.07
1006 120939.02
1007 120957.14
1008 120929.00
1009 120899.92
1010 120951.89
1011 120963.10
1012 120966.91
1013 120887.04
1014 120944.02
1015 120960.95
1016 120969.77
1017 120933.06
1018 120962.14
1019 120977.16
1020 120959.04
1021 120959.04
1022 120951.89
1023 120960.00
1024 120891.09
1025 120954.04
1026 120951.18
1027 120970.01
1028 120955.94
1029 120951.89
1030 120960.00
1031 120954.04
1032 120954.99
1033 120954.04
1034 120934.01
1035 120957.85
1036 120952.13
1037 120948.08
1038 120950.94
1039 120962.14
1040 120956.90
1041 120959.04
1042 120959.04
1043 120963.10
1044 120879.17
1045 120954.99
1046 120952.84
1047 120949.03
1048 120944.02
1049 120933.06
1050 120936.87
1051 120937.11
1052 120932.82
1053 120949.98
1054 120949.98
1055 120877.03
1056 120934.01
1057 120935.92
1058 120985.98
1059 120949.98
1060 120956.90
1061 120960.00
1062 120959.04
1063 120967.15
1064 120883.94
1065 120958.09
1066 120946.88
1067 120953.08
1068 120954.04
1069 120944.02
1070 120945.93
1071 120945.93
1072 120943.07
1073 120941.16
1074 120970.96
1075 120944.02
1076 120939.97
1077 120945.93
1078 120979.79
1079 120932.10
1080 120932.10
1081 120933.06
1082 120965.96
1083 120915.17
1084 120934.01
1085 120932.10
1086 120962.14
1087 120938.06
1088 120934.01
1089 120850.09
1090 121041.06
1091 120921.85
1092 120961.90
1093 120929.00
1094 120960.00
1095 120955.94
1096 120956.90
1097 120962.14
1098 120962.14
1099 120966.91
1100 120949.03
1101 120906.83
1102 120960.95
1103 120954.99
1104 120931.15
1105 120960.00
1106 120885.85
1107 120957.14
1108 120918.99
1109 120962.14
1110 120969.06
1111 120965.96
1112 120956.18
1113 120960.95
1114 120950.94
1115 120944.98
1116 120947.84
1117 120929.00
1118 120965.96
1119 120934.01
1120 120886.09
1121 120958.09
1122 121012.93
1123 120967.15
1124 120952.84
1125 120936.16
1126 120951.18
1127 120939.97
1128 120954.04
1129 120930.91
1130 120906.83
1131 120946.17
1132 120948.08
1133 120949.03
1134 120953.80
1135 120940.92
1136 120934.01
1137 120962.86
1138 120953.80
1139 120960.95
1140 120941.16
1141 120966.91
1142 120941.88
1143 120965.96
1144 120968.82
1145 120950.94
1146 120950.94
1147 120947.12
1148 120947.12
1149 120938.06
1150 120944.98
1151 120946.88
1152 120939.97
1153 120953.08
1154 120953.08
1155 120941.88
1156 120933.06
1157 120958.81
1158 120944.98
1159 120948.08
1160 120954.99
1161 120951.89
1162 120949.98
1163 120967.15
1164 120962.86
1165 120949.03
1166 120960.95
1167 120956.90
1168 120965.00
1169 120950.94
1170 120949.03
1171 120969.06
1172 120956.18
1173 120963.10
1174 120951.89
1175 120947.12
1176 120952.13
1177 120944.98
1178 120952.84
1179 120944.98
1180 120944.02
1181 120965.96
1182 120944.98
1183 120944.98
1184 120939.02
1185 120960.00
1186 120954.04
1187 120960.00
1188 120954.04
1189 120882.03
1190 120930.91
1191 120953.08
1192 120933.06
1193 120966.91
1194 120949.03
1195 120924.95
1196 120956.90
1197 120924.00
1198 120965.00
1199 120964.05
