1200
0 121312.14
1 121026.04
2 121026.99
3 120990.99
4 120980.98
5 121011.97
6 121047.02
7 121006.97
8 120994.09
9 121031.05
10 121011.02
11 121016.03
12 121010.07
13 120993.85
14 121001.01
15 120903.02
16 121005.06
17 121031.05
18 121025.09
19 121029.14
20 121014.12
21 121017.93
22 121074.20
23 121010.07
24 120983.84
25 120950.94
26 121009.83
27 121002.20
28 121015.79
29 121011.02
30 121022.94
31 121011.97
32 121012.93
33 121048.93
34 121000.05
35 121018.89
36 121021.99
37 121016.98
38 121015.07
39 121007.92
40 121013.88
41 121014.83
42 121005.06
43 120998.14
44 120936.16
45 120937.11
46 120998.14
47 121014.12
48 121013.88
49 121014.83
50 121008.16
51 121006.97
52 121001.01
53 120993.85
54 120944.02
55 121016.98
56 121001.01
57 121004.82
58 120993.85
59 121002.91
60 121017.93
61 121008.16
62 121002.91
63 121017.93
64 121011.02
65 121084.93
66 121012.93
67 120974.06
68 120999.81
69 121018.89
70 121006.01
71 121004.10
72 121010.07
73 121026.04
74 121006.01
75 121014.12
76 121016.03
77 120997.19
78 121021.99
79 121006.01
80 121019.84
81 121040.11
82 121001.96
83 121032.95
84 120980.98
85 120958.09
86 121018.17
87 121006.01
88 121006.01
89 121008.16
90 120993.85
91 121009.11
92 121054.89
93 121000.05
94 121027.95
95 121049.88
96 120874.88
97 120848.89
98 120862.01
99 120851.04
100 120933.06
101 120979.07
102 120918.04
103 121016.03
104 120910.17
105 121177.20
106 120921.85
107 121809.01
108 120678.90
109 120964.05
110 120959.04
111 120872.02
112 121692.18
113 121425.15
114 120919.94
115 121450.19
116 121034.86
117 120859.86
118 120797.87
119 120954.99
120 120913.98
121 121023.89
122 121351.00
123 121799.95
124 121446.13
125 120987.89
126 120970.96
127 120779.04
128 122096.06
129 121395.83
130 121150.02
131 120951.89
132 120908.02
133 121074.91
134 122018.10
135 120789.05
136 121309.04
137 120743.04
138 120990.04
139 120754.00
140 121592.04
141 120844.84
142 120896.82
143 120920.90
144 121321.92
145 120965.96
146 121032.00
147 120991.95
148 120999.10
149 121858.12
150 121115.92
151 121189.83
152 121324.78
153 121049.17
154 120783.09
155 120984.08
156 120889.90
157 121506.93
158 120944.98
159 120968.82
160 120740.18
161 120832.92
162 121284.01
163 120960.00
164 121588.95
165 121176.00
166 122262.95
167 121321.92
168 121269.94
169 121867.90
170 121002.91
171 121217.01
172 121202.95
173 120990.04
174 120641.95
175 120725.15
176 121408.94
177 121184.11
178 120924.95
179 121321.92
180 120921.13
181 121032.95
182 121165.04
183 120864.87
184 121441.84
185 122076.03
186 120859.86
187 121130.94
188 121216.06
189 121151.21
190 120854.85
191 120818.85
192 122418.88
193 121932.98
194 122310.88
195 120916.84
196 120921.13
197 121276.86
198 120909.93
199 121194.12
200 121124.03
201 120999.81
202 122565.98
203 122307.06
204 120799.06
205 121497.87
206 121738.91
207 121001.01
208 121451.85
209 120982.17
210 120692.97
211 120913.98
212 121704.10
213 121101.86
214 122327.80
215 120590.93
216 121026.99
217 121342.18
218 121527.91
219 121246.10
220 121088.98
221 121037.96
222 121479.03
223 121292.83
224 122456.07
225 121474.03
226 121260.88
227 121164.80
228 121664.05
229 121232.99
230 120789.05
231 122936.96
232 121408.94
233 120890.14
234 121024.85
235 121299.03
236 121201.99
237 122048.85
238 120860.10
239 121788.98
240 120692.01
241 121102.09
242 120645.05
243 121187.93
244 121629.00
245 121414.90
246 121495.01
247 121058.23
248 121008.16
249 121726.99
250 120892.05
251 121418.95
252 120650.05
253 121382.00
254 121726.99
255 120846.03
256 121040.11
257 120887.99
258 121041.06
259 121078.01
260 121462.11
261 121985.91
262 122143.98
263 120871.07
264 120990.99
265 121573.93
266 121003.15
267 120948.08
268 120873.93
269 121644.02
270 121235.85
271 121042.97
272 121056.08
273 121822.12
274 121109.01
275 120945.93
276 121797.08
277 121703.86
278 121569.16
279 121497.15
280 121845.96
281 121199.85
282 121050.83
283 120884.90
284 121330.02
285 121433.02
286 120985.03
287 121467.11
288 120992.90
289 120836.97
290 121321.20
291 121335.98
292 121123.08
293 121038.91
294 121228.93
295 121146.20
296 121197.94
297 120925.90
298 121230.13
299 120856.05
300 121237.04
301 121237.04
302 121443.03
303 121604.92
304 121595.14
305 120864.87
306 121352.91
307 120812.89
308 121812.11
309 121078.01
310 121102.81
311 121387.00
312 121423.96
313 121362.92
314 120957.14
315 121806.86
316 121555.09
317 120934.01
318 120991.95
319 121030.09
320 121005.06
321 121202.95
322 121531.01
323 121008.16
324 121076.11
325 121466.16
326 121358.16
327 120853.90
328 121253.01
329 121131.90
330 120959.04
331 121638.06
332 121808.05
333 121132.85
334 120834.83
335 121248.96
336 121066.09
337 122169.97
338 120741.84
339 120961.90
340 120862.96
341 121125.94
342 121299.98
343 121751.07
344 121202.95
345 120866.06
346 121165.99
347 121461.15
348 121189.83
349 121194.12
350 120969.06
351 120826.96
352 121213.20
353 121709.82
354 120907.07
355 121266.13
356 121816.87
357 121418.00
358 121206.05
359 122117.04
360 120971.92
361 120916.13
362 120919.94
363 120976.21
364 120862.01
365 120877.98
366 121056.08
367 120999.10
368 121244.91
369 120785.00
370 121436.83
371 121011.97
372 120747.09
373 120816.95
374 121035.10
375 120765.92
376 120872.02
377 120904.21
378 120857.95
379 120893.00
380 121304.99
381 120847.94
382 120751.86
383 120784.04
384 120599.03
385 120858.91
386 120931.15
387 120884.18
388 121049.88
389 121194.12
390 120770.22
391 120871.07
392 120721.82
393 120972.87
394 121325.97
395 121197.94
396 121006.97
397 120966.20
398 121040.82
399 120842.93
400 121092.08
401 121188.16
402 120842.93
403 121387.00
404 121073.96
405 121353.86
406 121038.20
407 121017.93
408 120798.83
409 121054.89
410 121500.02
411 121078.01
412 120908.02
413 120983.12
414 121020.08
415 121011.97
416 120790.00
417 120802.16
418 121685.98
419 120954.99
420 120821.00
421 120782.14
422 120814.09
423 120967.15
424 120984.08
425 120773.08
426 121239.90
427 121009.11
428 121312.14
429 121191.02
430 120898.96
431 120955.94
432 121286.87
433 121448.99
434 120938.06
435 121407.99
436 120925.19
437 120988.13
438 120817.90
439 121367.22
440 121457.10
441 120873.93
442 120987.89
443 120953.80
444 121039.87
445 120855.09
446 121072.05
447 120892.05
448 120805.98
449 121376.04
450 121397.97
451 121310.95
452 121433.02
453 120806.93
454 120751.14
455 121038.91
456 120856.05
457 121416.81
458 121366.02
459 121182.20
460 121114.02
461 121210.10
462 121349.81
463 121034.86
464 121539.83
465 120682.00
466 121324.06
467 121294.98
468 120841.98
469 121215.11
470 121148.11
471 120965.00
472 121728.90
473 121003.87
474 120785.00
475 120974.06
476 121114.02
477 121101.14
478 120664.12
479 121093.03
480 121160.98
481 121429.92
482 121237.04
483 121179.82
484 121568.92
485 121423.01
486 121097.09
487 121071.10
488 121331.93
489 121385.10
490 120969.06
491 121419.91
492 121179.10
493 120944.02
494 121107.10
495 120865.11
496 120890.86
497 121294.02
498 121371.98
499 121016.98
500 121227.98
501 121039.87
502 121370.08
503 121221.07
504 121277.09
505 121336.22
506 121121.17
507 121591.09
508 121587.04
509 121196.99
510 121301.89
511 121222.97
512 121634.01
513 120928.05
514 121485.95
515 121257.07
516 121039.87
517 121587.04
518 121234.89
519 121210.10
520 120716.81
521 121056.08
522 121341.94
523 121657.13
524 120893.00
525 121435.17
526 121752.98
527 121397.97
528 121073.96
529 121392.97
530 120697.98
531 121376.99
532 121232.03
533 121120.93
534 121316.91
535 121098.04
536 121571.06
537 120836.97
538 121315.96
539 121145.01
540 121744.87
541 121348.86
542 121273.99
543 121052.03
544 120995.04
545 121143.10
546 121212.96
547 121041.77
548 121160.03
549 121817.11
550 121193.89
551 121312.14
552 121392.01
553 120968.10
554 121123.08
555 121146.92
556 121283.05
557 120857.00
558 121087.07
559 121357.92
560 121229.89
561 121388.91
562 121615.17
563 121284.96
564 121110.20
565 120829.11
566 121276.14
567 121452.09
568 121553.90
569 121241.09
570 121548.89
571 121393.92
572 121178.15
573 121696.00
574 121244.91
575 120939.97
576 121087.07
577 121239.90
578 120903.97
579 121029.85
580 120943.07
581 121069.91
582 121289.01
583 121534.11
584 121096.85
585 120863.91
586 120983.12
587 120675.80
588 121087.07
589 121127.84
590 121412.04
591 120877.03
592 121474.03
593 121195.79
594 120968.10
595 121249.20
596 121112.82
597 120831.01
598 121407.99
599 122354.98
600 121321.20
601 121382.95
602 120932.82
603 120750.90
604 121141.20
605 120960.00
606 121102.09
607 121167.90
608 121330.98
609 121669.05
610 121078.97
611 121009.11
612 121232.99
613 121135.00
614 120975.02
615 121029.85
616 121505.02
617 121501.92
618 121944.90
619 121167.90
620 120938.06
621 121491.91
622 121250.87
623 121510.03
624 121692.18
625 121315.00
626 121267.08
627 120795.97
628 121321.92
629 121270.90
630 121129.99
631 121042.97
632 120964.05
633 120924.00
634 121304.04
635 121124.98
636 121375.08
637 121562.96
638 121035.10
639 121159.79
640 121320.96
641 121557.95
642 121204.14
643 121405.84
644 121738.91
645 121011.02
646 121898.89
647 120916.13
648 121851.92
649 121402.98
650 121390.10
651 121279.00
652 121304.04
653 121372.94
654 120897.05
655 121289.01
656 121227.98
657 121009.83
658 121040.11
659 121553.90
660 121416.09
661 121387.00
662 121365.07
663 121238.95
664 121393.92
665 121349.10
666 121374.13
667 120888.95
668 121181.01
669 121315.96
670 120920.90
671 121484.04
672 121627.09
673 121398.93
674 121271.85
675 120959.04
676 120852.95
677 121530.06
678 121181.96
679 121428.97
680 121729.85
681 120950.94
682 121517.90
683 121209.86
684 120837.93
685 121749.88
686 121489.05
687 121510.03
688 121385.81
689 121145.01
690 121362.92
691 121276.14
692 121261.12
693 121018.89
694 120950.94
695 120884.90
696 121184.83
697 120787.86
698 121335.98
699 121004.10
700 121646.88
701 121300.94
702 121332.17
703 121760.85
704 121202.95
705 121100.19
706 120908.98
707 121032.95
708 121060.13
709 121805.91
710 121138.10
711 121611.12
712 121175.05
713 121251.11
714 120851.99
715 121120.93
716 121032.95
717 121654.99
718 121422.05
719 121730.09
720 121258.97
721 121214.87
722 121668.10
723 121690.03
724 121254.92
725 120954.99
726 121476.89
727 121171.00
728 121256.11
729 121133.09
730 120733.98
731 121331.21
732 121166.94
733 121478.80
734 121106.86
735 121618.99
736 121386.05
737 121163.13
738 120785.00
739 120843.89
740 121055.84
741 121542.93
742 121815.92
743 121231.08
744 121123.08
745 121542.93
746 121253.01
747 120872.02
748 121377.94
749 121285.92
750 121040.82
751 121171.00
752 121160.98
753 121147.16
754 121599.91
755 121484.04
756 121084.21
757 121016.03
758 121085.88
759 121228.93
760 121386.05
761 121213.20
762 121087.07
763 121340.04
764 120978.12
765 121204.14
766 121643.78
767 121300.94
768 121031.05
769 121012.21
770 121576.07
771 121452.81
772 120817.90
773 121392.01
774 121081.11
775 121322.15
776 121392.01
777 120969.06
778 121477.13
779 121286.87
780 121639.97
781 120876.07
782 120939.97
783 121373.89
784 121327.88
785 121183.87
786 121368.17
787 121430.87
788 121366.98
789 121548.89
790 120898.01
791 121424.91
792 121491.91
793 121330.02
794 121589.90
795 120986.94
796 121353.86
797 120854.14
798 121177.91
799 121135.00
800 120680.09
801 121530.06
802 120903.97
803 120932.82
804 121397.97
805 121503.11
806 121124.98
807 121519.09
808 121140.00
809 121346.95
810 121433.02
811 120909.93
812 120997.91
813 121254.92
814 121030.09
815 121088.98
816 121638.06
817 121150.97
818 121381.04
819 121041.06
820 121514.08
821 121296.88
822 121409.89
823 121129.04
824 121485.95
825 121268.99
826 121200.08
827 121829.99
828 121659.04
829 121340.04
830 121382.00
831 120999.10
832 120996.95
833 121443.03
834 121231.08
835 121567.01
836 121535.06
837 121434.93
838 121451.85
839 121469.02
840 120931.86
841 121419.19
842 121568.20
843 120895.15
844 121428.01
845 121240.85
846 121117.12
847 121489.05
848 120939.97
849 120990.99
850 121736.05
851 121066.09
852 120867.97
853 121130.94
854 121306.90
855 120913.03
856 121081.11
857 120755.91
858 121125.94
859 121601.10
860 120847.94
861 121610.88
862 121577.98
863 121319.06
864 121322.15
865 121343.85
866 120955.94
867 121201.99
868 120999.81
869 121161.94
870 121675.97
871 121117.12
872 121505.02
873 121038.20
874 121062.99
875 121304.99
876 121659.99
877 121625.90
878 121014.12
879 121252.06
880 121260.17
881 121412.99
882 121552.94
883 121263.03
884 121364.83
885 121369.12
886 121334.79
887 121210.10
888 121234.89
889 120963.81
890 121304.04
891 121297.12
892 121153.83
893 121567.01
894 121232.99
895 121549.13
896 121560.81
897 121621.85
898 121510.03
899 121657.13
900 121150.02
901 121104.96
902 121484.04
903 121005.77
904 121015.07
905 120922.09
906 120914.94
907 121460.91
908 121146.20
909 121213.91
910 121010.07
911 121049.88
912 121402.98
913 121150.02
914 121266.84
915 121194.84
916 121542.93
917 121268.03
918 121035.81
919 121429.92
920 121150.97
921 121335.03
922 121267.08
923 120957.14
924 120876.07
925 120803.83
926 121371.03
927 120872.02
928 121211.05
929 121096.13
930 121022.94
931 121722.94
932 120873.93
933 121413.95
934 121235.13
935 121366.98
936 120955.94
937 121679.07
938 121001.01
939 121438.03
940 120781.90
941 121226.07
942 121106.86
943 121114.02
944 121194.12
945 121041.06
946 121138.10
947 121488.09
948 121100.90
949 121099.95
950 120995.04
951 121334.08
952 121437.07
953 120809.79
954 121192.93
955 121303.08
956 120984.79
957 121158.12
958 121187.93
959 121256.83
960 121368.89
961 121803.05
962 121443.99
963 121222.97
964 121080.88
965 121727.94
966 121041.06
967 121539.83
968 121473.79
969 121201.04
970 121401.07
971 121353.15
972 121490.96
973 121224.88
974 121402.03
975 121221.78
976 120986.22
977 120852.95
978 121465.92
979 121251.11
980 121217.01
981 121057.99
982 120991.95
983 120991.95
984 121380.09
985 121752.02
986 121253.97
987 121222.02
988 121356.01
989 121506.93
990 121428.97
991 121120.93
992 121384.86
993 121552.94
994 120926.14
995 121592.04
996 120949.98
997 121552.94
998 121593.00
999 121045.11
1000 121190.79
1001 121090.17
1002 121280.91
1003 121350.05
1004 121432.07
1005 121271.13
1006 121469.97
1007 121176.00
1008 121476.89
1009 120881.08
1010 120826.96
1011 121042.01
1012 121557.00
1013 121666.19
1014 120780.94
1015 121079.92
1016 120907.78
1017 121184.83
1018 121011.97
1019 120904.92
1020 120902.06
1021 120591.88
1022 121146.92
1023 120720.86
1024 120757.10
1025 121101.86
1026 120801.93
1027 121014.12
1028 120732.07
1029 121155.98
1030 121097.09
1031 121280.19
1032 121243.95
1033 120884.18
1034 120909.21
1035 120741.13
1036 120861.05
1037 121152.88
1038 120908.98
1039 121265.89
1040 120753.05
1041 121021.99
1042 121044.16
1043 120933.06
1044 121313.10
1045 120825.05
1046 121135.95
1047 120886.80
1048 121118.07
1049 121010.07
1050 121460.91
1051 121459.96
1052 120732.07
1053 120711.80
1054 121412.99
1055 121127.84
1056 121168.85
1057 120722.06
1058 121040.11
1059 120828.87
1060 120831.01
1061 120800.97
1062 121298.79
1063 121191.02
1064 120729.92
1065 120944.98
1066 120996.00
1067 120975.02
1068 121250.15
1069 120819.09
1070 120972.16
1071 121104.96
1072 120957.14
1073 120700.84
1074 121213.20
1075 120904.92
1076 120899.92
1077 120887.04
1078 120960.00
1079 120925.19
1080 120983.12
1081 120857.00
1082 120954.99
1083 120756.15
1084 120889.19
1085 120786.19
1086 120779.99
1087 121073.01
1088 120849.13
1089 120897.05
1090 120944.02
1091 120995.04
1092 120810.03
1093 120866.06
1094 120880.84
1095 120968.10
1096 120915.89
1097 120908.02
1098 120939.02
1099 120917.08
1100 120952.13
1101 120949.03
1102 120901.11
1103 120932.82
1104 120939.97
1105 120950.22
1106 120900.15
1107 120921.85
1108 120931.86
1109 120939.97
1110 120941.16
1111 120947.84
1112 120929.96
1113 120959.04
1114 120951.89
1115 120938.06
1116 120861.05
1117 120949.98
1118 120875.84
1119 120951.89
1120 120949.98
1121 120886.80
1122 120944.02
1123 120917.08
1124 120951.89
1125 120941.88
1126 120970.01
1127 120958.81
1128 120929.00
1129 120897.05
1130 120963.10
1131 120947.12
1132 120904.92
1133 120975.02
1134 120941.88
1135 120913.03
1136 120923.04
1137 120927.81
1138 120945.93
1139 120941.16
1140 120877.98
1141 120900.87
1142 120966.91
1143 120969.06
1144 120913.03
1145 120984.08
1146 120943.07
1147 120920.90
1148 120960.00
1149 120925.90
1150 120917.08
1151 120964.05
1152 120934.96
1153 120909.93
1154 120954.04
1155 120967.15
1156 120898.01
1157 120913.98
1158 120962.86
1159 120959.04
1160 120904.92
1161 120940.92
1162 120933.06
1163 120950.94
1164 120939.97
1165 120952.84
1166 120951.18
1167 120935.92
1168 120974.06
1169 120958.09
1170 120918.99
1171 120963.10
1172 120924.95
1173 120913.98
1174 120939.97
1175 120982.17
1176 120914.94
1177 120895.15
1178 120970.01
1179 120953.08
1180 120887.04
1181 120939.97
1182 120939.02
1183 120951.89
1184 120944.02
1185 120960.95
1186 120970.01
1187 120970.01
1188 120911.84
1189 120912.08
1190 120969.06
1191 120952.13
1192 120954.04
1193 120970.01
1194 120935.92
1195 120948.08
1196 120921.13
1197 120943.07
1198 120965.00
1199 120967.15
