1200
0 121314.05
1 120922.80
2 121001.96
3 121007.92
4 121018.89
5 121002.91
6 121003.15
7 121018.89
8 121022.94
9 121037.96
10 121022.94
11 121027.95
12 121026.99
13 120989.08
14 121018.89
15 121026.04
16 121024.13
17 121017.93
18 121016.03
19 121001.96
20 121022.94
21 121023.89
22 121026.99
23 121006.01
24 121025.80
25 121027.95
26 121003.87
27 121019.12
28 121024.85
29 121011.02
30 121023.89
31 121025.09
32 121062.04
33 121089.94
34 121120.21
35 121122.12
36 121145.01
37 121106.86
38 121088.98
39 121124.03
40 121124.03
41 121160.03
42 121107.82
43 121109.96
44 121114.97
45 121110.92
46 121109.01
47 121119.98
48 121149.78
49 121104.96
50 121109.96
51 121118.07
52 121071.82
53 121104.00
54 121117.83
55 121127.13
56 121124.98
57 121109.01
58 121104.00
59 121121.88
60 121055.84
61 121125.94
62 121127.13
63 121105.91
64 121129.04
65 121115.92
66 121117.12
67 121120.93
68 121055.13
69 121119.98
70 121124.98
71 121104.96
72 121038.20
73 121084.93
74 121102.81
75 121114.97
76 121114.97
77 121125.94
78 121126.17
79 121131.18
80 121120.93
81 121122.84
82 121128.80
83 121128.08
84 121130.94
85 121126.17
86 121129.04
87 121127.13
88 121117.83
89 121123.08
90 121043.92
91 121040.11
92 121121.88
93 120957.85
94 121082.07
95 121056.08
96 120973.11
97 121033.91
98 121099.00
99 121059.18
100 121037.96
101 121459.96
102 121649.03
103 121289.01
104 121857.88
105 121900.08
106 122652.05
107 122493.03
108 123199.94
109 122464.90
110 123099.09
111 123781.92
112 123853.92
113 123547.08
114 124046.80
115 127496.00
116 122324.23
117 123198.99
118 123955.97
119 123721.12
120 122962.95
121 124974.01
122 125788.93
123 126517.06
124 126325.13
125 126231.91
126 126093.86
127 125863.08
128 128275.87
129 125808.00
130 126317.02
131 128476.14
132 125418.90
133 123669.86
134 126113.18
135 125181.91
136 126595.02
137 125748.16
138 126421.93
139 127437.83
140 127671.96
141 125946.04
142 125137.09
143 128463.03
144 126554.97
145 127697.94
146 125683.07
147 126259.09
148 125416.04
149 125463.96
150 125407.93
151 125288.96
152 126991.99
153 125062.94
154 125887.87
155 124129.77
156 125047.92
157 123316.05
158 124264.00
159 124694.11
160 124650.00
161 125267.98
162 125125.17
163 124973.06
164 125754.12
165 124072.79
166 125700.00
167 124551.06
168 128144.98
169 125633.00
170 124934.20
171 124279.98
172 124896.05
173 124990.94
174 125084.88
175 125514.98
176 124640.94
177 125488.04
178 123667.96
179 125139.95
180 124240.88
181 126603.84
182 125766.04
183 124509.10
184 123723.03
185 123576.16
186 126602.89
187 125539.06
188 124717.95
189 125345.95
190 125895.98
191 125201.94
192 125061.04
193 126484.87
194 124294.04
195 124989.03
196 124935.87
197 125542.16
198 124181.99
199 126144.89
200 124686.96
201 124439.00
202 125147.10
203 125736.95
204 123205.18
205 125715.02
206 124533.89
207 125447.99
208 127163.17
209 124629.02
210 125167.85
211 126713.04
212 124257.09
213 124528.17
214 124953.03
215 125702.14
216 126070.98
217 126838.92
218 126626.97
219 126587.87
220 124068.98
221 123181.10
222 124035.12
223 125041.01
224 124506.95
225 124448.06
226 123611.93
227 127134.08
228 125540.02
229 127324.10
230 125406.03
231 123718.02
232 125356.20
233 124459.03
234 125806.09
235 125043.87
236 124769.93
237 124755.86
238 125581.03
239 125508.07
240 127101.90
241 125398.16
242 124598.98
243 124564.89
244 125280.14
245 124350.07
246 124932.05
247 123486.04
248 124094.01
249 127035.86
250 125295.88
251 126785.04
252 124227.05
253 125341.89
254 125087.02
255 125733.14
256 124181.03
257 124037.98
258 123775.01
259 125267.98
260 125875.00
261 125875.95
262 125023.13
263 125731.95
264 125911.00
265 126278.88
266 123961.21
267 123794.08
268 125243.90
269 125972.03
270 124689.10
271 124861.96
272 123873.00
273 123855.11
274 123837.95
275 126852.99
276 125926.97
277 124254.94
278 124073.98
279 125689.03
280 124742.03
281 126543.05
282 125566.01
283 123847.01
284 125336.17
285 125144.00
286 124115.94
287 124971.87
288 124613.05
289 124641.90
290 124171.02
291 126935.01
292 123288.87
293 123319.15
294 124097.11
295 125614.88
296 124637.13
297 125114.92
298 125216.01
299 124819.04
300 124125.00
301 124704.84
302 125375.03
303 123809.81
304 124504.09
305 125118.02
306 124231.10
307 126389.98
308 123039.96
309 124617.82
310 124475.96
311 125201.94
312 125099.90
313 125306.13
314 124122.14
315 124187.95
316 124896.05
317 125717.88
318 126691.10
319 124638.08
320 124392.03
321 123897.08
322 124258.04
323 124273.06
324 124993.09
325 123984.81
326 125503.06
327 125589.85
328 123757.12
329 124473.09
330 125015.97
331 124812.84
332 123126.98
333 125379.09
334 125366.93
335 124406.10
336 125223.16
337 126633.17
338 124870.06
339 123236.18
340 124025.11
341 124863.86
342 124464.04
343 123895.88
344 125394.82
345 125133.99
346 124364.14
347 124974.01
348 125843.05
349 125154.97
350 127259.97
351 125130.18
352 124480.96
353 124612.09
354 125288.96
355 124701.98
356 125257.02
357 125370.98
358 126096.01
359 124551.06
360 125032.90
361 124197.96
362 123360.16
363 123607.87
364 125185.01
365 124405.86
366 123595.95
367 125306.13
368 123739.96
369 124060.87
370 123432.16
371 124676.94
372 124730.11
373 124588.01
374 124960.90
375 125055.07
376 124207.02
377 124594.93
378 124856.00
379 123440.98
380 124894.86
381 124556.06
382 124624.97
383 123811.01
384 124553.92
385 124848.13
386 124726.06
387 124113.80
388 124217.99
389 124619.96
390 124731.06
391 124222.04
392 123970.03
393 124377.01
394 124944.93
395 123996.02
396 124997.14
397 124131.20
398 124547.00
399 124299.05
400 124710.08
401 124080.90
402 124061.82
403 124259.00
404 123741.87
405 124345.06
406 123959.06
407 124168.87
408 124238.01
409 124126.20
410 124018.91
411 125247.00
412 124958.99
413 123170.85
414 122966.05
415 124612.81
416 125049.11
417 124367.95
418 123494.15
419 125240.09
420 124557.02
421 125181.91
422 123687.98
423 124332.19
424 124857.90
425 124051.09
426 123487.00
427 125104.90
428 123152.97
429 123692.99
430 124242.07
431 123576.88
432 124693.87
433 124207.02
434 124210.83
435 124402.05
436 123950.96
437 123798.13
438 123584.03
439 124644.04
440 124566.08
441 124400.14
442 124565.84
443 124485.97
444 124588.97
445 124521.02
446 125081.06
447 124237.06
448 124191.05
449 123994.11
450 124194.15
451 123870.13
452 123993.16
453 123034.00
454 124163.87
455 124850.03
456 124605.89
457 124649.05
458 123385.91
459 124045.13
460 124408.96
461 124346.02
462 123974.08
463 124391.08
464 124310.02
465 124697.92
466 124485.02
467 124402.05
468 124137.16
469 124387.98
470 124348.88
471 124402.05
472 124277.11
473 123936.89
474 123605.97
475 123939.04
476 125109.20
477 124226.09
478 124164.82
479 123731.85
480 124463.08
481 124522.21
482 124576.09
483 123879.91
484 125103.00
485 124259.95
486 124367.00
487 124229.91
488 124372.01
489 124125.00
490 124217.03
491 123760.94
492 123941.90
493 124793.05
494 123687.03
495 124607.09
496 124259.00
497 124351.98
498 124139.79
499 124887.94
500 124166.01
501 123956.92
502 124479.06
503 124613.05
504 124121.90
505 123881.10
506 124006.99
507 124613.05
508 124181.99
509 124884.13
510 124972.11
511 124407.05
512 124619.01
513 123683.21
514 124549.87
515 125221.97
516 124140.98
517 124566.08
518 123316.05
519 124133.11
520 124270.92
521 125236.99
522 124185.09
523 124026.06
524 125025.99
525 124294.04
526 123450.04
527 124996.90
528 123990.06
529 124004.84
530 124670.98
531 123594.05
532 125010.97
533 123611.93
534 125015.02
535 125308.04
536 125282.05
537 124821.90
538 124369.86
539 125150.92
540 124295.95
541 123943.09
542 124242.07
543 124910.12
544 125006.91
545 124679.09
546 124862.91
547 125112.06
548 123707.06
549 123797.18
550 123917.10
551 124815.94
552 125295.16
553 124554.87
554 124709.13
555 123932.84
556 124105.22
557 124181.03
558 124449.97
559 124027.01
560 121617.08
561 121127.13
562 120884.90
563 121418.95
564 121468.07
565 120718.00
566 121075.87
567 120862.01
568 121026.04
569 121048.93
570 121052.03
571 120944.02
572 120881.08
573 120791.91
574 120904.92
575 120733.02
576 120723.01
577 121026.99
578 120941.16
579 120943.07
580 120805.98
581 120925.90
582 120860.10
583 120692.97
584 121030.09
585 120968.10
586 120863.91
587 121034.86
588 120975.02
589 121130.94
590 120999.10
591 120939.02
592 121142.15
593 121571.06
594 120644.09
595 120919.94
596 120800.97
597 120872.97
598 120936.87
599 121068.00
600 121104.96
601 120728.97
602 121299.98
603 120908.98
604 120619.06
605 120960.95
606 120771.17
607 120954.99
608 121014.12
609 120826.01
610 121690.99
611 121220.11
612 121243.95
613 120973.11
614 121019.12
615 120810.03
616 120841.98
617 121827.84
618 121033.19
619 120849.13
620 120895.86
621 120797.87
622 120882.99
623 120656.97
624 120888.95
625 120899.92
626 120918.04
627 120820.05
628 120990.04
629 120795.01
630 121142.86
631 121206.05
632 120694.16
633 121207.95
634 120996.00
635 120709.90
636 120925.90
637 121102.09
638 120937.11
639 120810.03
640 120869.87
641 120940.92
642 120937.11
643 120739.94
644 121210.10
645 121154.07
646 120693.92
647 120661.97
648 121075.87
649 121376.04
650 120872.97
651 120960.00
652 120939.97
653 120857.00
654 121049.88
655 121098.04
656 121162.89
657 120712.04
658 121021.03
659 121026.99
660 121080.16
661 120814.09
662 120932.82
663 121022.94
664 120697.02
665 120731.12
666 120810.03
667 120972.16
668 120841.03
669 121479.99
670 120753.05
671 120994.09
672 120853.19
673 120779.04
674 121078.97
675 120676.99
676 120985.03
677 120774.03
678 121412.99
679 121396.06
680 120943.07
681 121450.90
682 120998.14
683 121589.90
684 121079.92
685 121057.03
686 120931.15
687 120906.83
688 120974.06
689 120810.03
690 121007.92
691 120931.86
692 120914.94
693 121223.21
694 121054.89
695 120854.85
696 121191.02
697 121198.89
698 120880.13
699 121021.99
700 120711.09
701 121149.06
702 120972.16
703 120997.91
704 121031.05
705 121103.05
706 121291.16
707 121132.14
708 121294.02
709 120800.02
710 120739.94
711 121160.03
712 121140.96
713 121133.09
714 121027.95
715 120794.06
716 121005.06
717 121073.01
718 120871.07
719 120908.02
720 121045.83
721 120891.09
722 121119.98
723 120884.18
724 120846.03
725 121068.00
726 120699.17
727 121126.89
728 120929.00
729 120914.94
730 120915.89
731 120953.08
732 120828.87
733 120979.07
734 120815.99
735 121241.09
736 120984.08
737 121073.96
738 121787.79
739 120985.98
740 120834.83
741 120813.13
742 120830.06
743 120840.79
744 120712.04
745 121024.13
746 121001.01
747 120832.92
748 121196.03
749 120867.97
750 120728.02
751 120983.84
752 120884.90
753 120735.88
754 120923.04
755 120990.99
756 120967.15
757 120986.94
758 120927.10
759 120849.13
760 120970.01
761 120640.04
762 121123.08
763 121222.97
764 120938.78
765 120804.07
766 121044.87
767 120980.98
768 120806.93
769 120715.86
770 120841.98
771 120893.96
772 120923.04
773 121045.11
774 120883.94
775 121114.97
776 121111.15
777 120932.10
778 120901.82
779 121160.98
780 120880.84
781 121160.98
782 121139.05
783 120846.99
784 121033.91
785 121102.09
786 120874.88
787 120882.03
788 120871.07
789 121075.87
790 121300.94
791 120767.83
792 120815.99
793 121320.96
794 121129.04
795 121047.02
796 121087.07
797 120805.98
798 120754.96
799 121397.97
800 120690.82
801 121171.95
802 120975.02
803 120868.92
804 120799.06
805 120728.02
806 121030.09
807 120895.86
808 120741.13
809 120929.96
810 120800.97
811 120987.18
812 120766.88
813 121056.08
814 121320.01
815 121135.00
816 121051.79
817 120749.00
818 120997.19
819 121031.05
820 120872.97
821 121613.03
822 121052.98
823 120630.98
824 120779.99
825 120939.97
826 120946.17
827 120910.88
828 121052.98
829 120963.10
830 121240.14
831 121017.93
832 120812.18
833 120895.86
834 121233.94
835 121057.03
836 120898.01
837 121253.01
838 120661.97
839 120669.84
840 120833.87
841 121011.02
842 120999.10
843 121304.99
844 121061.80
845 120789.05
846 121315.00
847 121135.00
848 120862.01
849 120821.00
850 120852.95
851 121675.01
852 121139.05
853 120887.99
854 120973.83
855 120783.09
856 120851.99
857 120858.91
858 121143.10
859 120750.19
860 120728.02
861 120924.00
862 120758.06
863 120692.01
864 121376.99
865 120826.96
866 120741.84
867 121150.97
868 120807.17
869 120970.96
870 120744.94
871 120869.16
872 121144.06
873 120911.84
874 120718.00
875 121397.97
876 120881.08
877 120653.15
878 120951.89
879 121129.04
880 121490.96
881 120892.05
882 120997.91
883 120924.00
884 121033.91
885 120997.19
886 120767.83
887 120684.86
888 120822.19
889 120941.88
890 121737.96
891 121003.15
892 121421.81
893 120792.87
894 120962.86
895 120962.14
896 121057.99
897 120927.10
898 121148.11
899 120818.85
900 120782.85
901 121299.03
902 120822.91
903 120746.85
904 121012.93
905 120949.98
906 121277.09
907 120860.10
908 121115.92
909 120812.18
910 120948.79
911 120897.05
912 120891.09
913 120835.07
914 121294.98
915 120895.86
916 120797.87
917 121059.89
918 120887.04
919 121327.16
920 121118.78
921 120806.93
922 120920.90
923 120764.02
924 120682.00
925 120851.04
926 121067.05
927 121021.03
928 121350.05
929 120680.09
930 121222.97
931 121072.05
932 121164.80
933 121124.03
934 121299.03
935 120682.95
936 120867.01
937 120684.15
938 120860.82
939 120838.17
940 120812.89
941 120851.04
942 120836.02
943 121330.02
944 120753.05
945 121272.09
946 120857.95
947 120730.88
948 120857.00
949 120995.04
950 120881.08
951 120745.18
952 120943.07
953 120969.06
954 120857.00
955 120936.16
956 120949.98
957 120836.97
958 120954.04
959 120959.04
960 120802.88
961 120947.12
962 120961.90
963 120954.04
964 120943.07
965 120964.05
966 120933.06
967 120949.98
968 120961.90
969 120954.99
970 120951.89
971 120968.10
972 120954.99
973 120955.94
974 120950.94
975 120965.00
976 120947.12
977 120947.12
978 120952.84
979 120948.08
980 120911.12
981 120918.99
982 120948.08
983 120965.00
984 120947.84
985 120939.97
986 120939.97
987 120958.81
988 120947.12
989 120942.83
990 120949.98
991 120965.00
992 120930.91
993 120949.98
994 121105.91
995 120958.09
996 120943.07
997 120887.04
998 120985.03
999 120960.00
1000 120897.05
1001 120956.90
1002 120975.02
1003 120960.95
1004 120961.90
1005 120960.95
1006 120965.96
1007 120877.03
1008 120968.82
1009 120949.03
1010 120970.96
1011 120885.13
1012 120960.00
1013 120959.04
1014 120959.04
1015 120946.88
1016 120949.03
1017 120948.08
1018 120980.98
1019 120940.92
1020 120953.08
1021 120810.03
1022 120971.92
1023 120936.87
1024 120938.06
1025 120935.20
1026 120964.05
1027 120990.04
1028 120958.81
1029 120933.06
1030 120952.13
1031 120936.87
1032 120939.97
1033 120935.92
1034 120927.10
1035 120909.93
1036 120962.14
1037 120958.81
1038 120960.95
1039 120960.95
1040 120919.94
1041 120962.14
1042 120956.90
1043 120969.06
1044 120948.08
1045 120890.14
1046 120960.00
1047 120954.99
1048 120955.94
1049 120961.90
1050 120954.04
1051 120967.86
1052 120961.90
1053 120961.90
1054 120970.01
1055 120970.01
1056 120970.01
1057 120962.86
1058 120968.10
1059 120954.99
1060 120958.81
1061 120968.10
1062 120957.14
1063 120934.01
1064 120949.03
1065 120927.10
1066 120960.95
1067 120922.09
1068 120939.97
1069 120949.03
1070 120960.95
1071 120939.97
1072 120949.03
1073 120918.04
1074 121048.93
1075 120898.96
1076 120949.98
1077 120962.86
1078 120967.15
1079 120930.19
1080 120971.92
1081 120895.15
1082 120935.92
1083 120949.98
1084 120965.96
1085 120854.85
1086 120969.06
1087 120965.00
1088 120954.99
1089 120968.10
1090 120954.99
1091 120968.10
1092 120966.91
1093 120949.03
1094 120971.92
1095 120868.92
1096 120954.99
1097 120975.02
1098 120962.86
1099 120949.98
1100 120944.98
1101 120924.95
1102 120956.90
1103 120878.93
1104 120945.93
1105 120949.98
1106 120970.01
1107 120949.98
1108 120941.16
1109 120960.95
1110 120958.09
1111 120960.95
1112 120952.84
1113 121037.01
1114 120951.18
1115 120916.13
1116 120948.08
1117 121000.05
1118 120970.96
1119 120929.00
1120 120954.99
1121 120980.98
1122 120965.00
1123 120942.83
1124 120950.94
1125 120895.15
1126 120964.05
1127 120964.05
1128 120963.10
1129 120991.95
1130 120961.90
1131 120939.97
1132 120970.96
1133 120970.96
1134 120968.10
1135 120965.00
1136 120965.00
1137 120944.02
1138 120960.00
1139 120942.83
1140 120959.04
1141 120990.99
1142 120949.03
1143 120959.04
1144 120957.14
1145 120893.00
1146 120958.09
1147 120959.04
1148 120952.84
1149 120960.00
1150 120945.93
1151 120950.94
1152 120948.08
1153 120954.04
1154 120911.12
1155 120934.01
1156 120953.08
1157 120969.06
1158 120959.04
1159 120949.98
1160 120855.09
1161 120970.01
1162 120938.06
1163 120971.92
1164 120968.10
1165 120907.07
1166 120944.02
1167 120970.01
1168 120965.96
1169 120963.10
1170 120965.00
1171 120959.04
1172 120966.91
1173 120963.10
1174 120962.86
1175 120954.04
1176 120972.16
1177 120962.86
1178 120965.00
1179 120964.05
1180 120924.00
1181 120970.01
1182 120964.05
1183 120951.89
1184 120977.16
1185 120893.96
1186 121040.82
1187 120951.89
1188 120975.97
1189 120965.96
1190 120956.90
1191 120963.81
1192 120965.96
1193 120985.03
1194 120872.97
1195 120939.02
1196 120962.14
1197 120960.95
1198 120949.03
1199 120950.94
