1200
0 121202.95
1 121040.11
2 120954.99
3 120981.93
4 121032.95
5 121011.02
6 121036.05
7 121021.99
8 121010.07
9 121047.97
10 121026.04
11 120990.04
12 120946.88
13 121019.84
14 121006.97
15 121023.89
16 121029.14
17 121018.17
18 121029.14
19 121029.85
20 121047.97
21 120943.07
22 120979.07
23 120976.92
24 121036.05
25 121027.95
26 121038.91
27 121037.01
28 121021.03
29 121032.00
30 121035.81
31 120982.17
32 120947.12
33 121016.98
34 121030.09
35 121035.10
36 121026.99
37 120967.15
38 121033.91
39 121041.06
40 120985.98
41 120984.08
42 121007.92
43 120998.14
44 121042.97
45 121011.97
46 121015.79
47 121024.13
48 120987.89
49 121031.05
50 121046.07
51 121026.04
52 120965.00
53 121034.15
54 121036.05
55 120973.83
56 120984.79
57 121031.05
58 121011.02
59 121035.10
60 121035.10
61 121036.05
62 121034.86
63 121001.01
64 121011.97
65 121016.03
66 121026.99
67 121025.09
68 121037.96
69 121044.87
70 121017.93
71 121013.16
72 120990.99
73 121017.93
74 121025.09
75 120915.89
76 120950.94
77 121029.14
78 121040.11
79 121042.97
80 120976.92
81 121014.83
82 121047.02
83 120992.90
84 121029.14
85 121008.87
86 121027.95
87 121026.99
88 121042.01
89 121037.96
90 120985.98
91 120982.17
92 120966.91
93 121006.97
94 120939.97
95 120938.06
96 121000.05
97 120827.91
98 120884.18
99 121020.08
100 121078.01
101 121055.13
102 120901.11
103 120897.05
104 121521.95
105 121269.94
106 121258.97
107 124752.04
108 121123.08
109 122076.99
110 124470.00
111 122915.98
112 122933.86
113 125907.90
114 124337.91
115 124490.98
116 123546.84
117 123461.96
118 122689.01
119 122531.89
120 124187.95
121 124042.99
122 124686.96
123 127269.98
124 127320.05
125 125751.97
126 126508.95
127 125544.07
128 126309.87
129 125362.87
130 126321.08
131 126123.19
132 127100.94
133 126886.84
134 127661.94
135 125177.15
136 125612.02
137 126528.98
138 125705.96
139 125633.00
140 125837.80
141 125656.13
142 127608.06
143 125983.00
144 127425.91
145 127318.14
146 124841.93
147 125993.01
148 126734.97
149 125510.93
150 125648.98
151 127057.08
152 126252.89
153 127032.04
154 126590.97
155 124578.95
156 125586.03
157 125303.03
158 126919.03
159 124459.98
160 125204.09
161 125255.11
162 125305.89
163 125327.83
164 123784.07
165 126106.98
166 125244.14
167 126307.96
168 124545.10
169 125355.01
170 124140.02
171 125696.90
172 124611.14
173 124529.12
174 125267.98
175 125339.03
176 125691.89
177 126261.00
178 124720.10
179 124819.99
180 125620.13
181 125468.97
182 124506.95
183 127727.99
184 123169.18
185 124866.96
186 124592.07
187 124818.80
188 123760.94
189 126158.95
190 126286.98
191 124404.91
192 124614.00
193 123751.88
194 123642.92
195 124575.14
196 124266.15
197 125975.13
198 126064.06
199 125974.89
200 124279.98
201 124480.01
202 125280.86
203 123488.19
204 123893.98
205 124502.90
206 125316.14
207 123626.95
208 124483.11
209 125011.92
210 125746.01
211 125213.86
212 124150.99
213 125267.03
214 125154.02
215 124991.18
216 126614.09
217 125978.95
218 125331.88
219 124398.95
220 124162.91
221 125111.10
222 124949.93
223 125078.92
224 125692.13
225 127352.95
226 126487.02
227 126611.95
228 125700.00
229 127218.01
230 126337.05
231 127105.00
232 126315.12
233 128166.91
234 124689.10
235 126266.96
236 126343.97
237 125122.07
238 125782.97
239 126460.08
240 125608.92
241 125664.00
242 126358.99
243 126502.99
244 126361.13
245 123399.97
246 124102.12
247 127156.02
248 124121.90
249 124801.87
250 124726.06
251 124787.09
252 125550.99
253 124860.05
254 126528.02
255 124611.14
256 125302.08
257 123858.93
258 125984.91
259 124447.11
260 123629.81
261 124500.99
262 126860.86
263 124358.89
264 126772.88
265 125190.97
266 125024.08
267 124248.03
268 125071.05
269 123420.95
270 124996.19
271 126702.07
272 126760.01
273 125036.95
274 125064.13
275 124873.16
276 124964.95
277 123438.84
278 124224.90
279 125141.14
280 123286.01
281 124859.09
282 125816.11
283 125092.98
284 125021.93
285 125019.07
286 123431.21
287 124135.97
288 125196.93
289 124237.06
290 123763.08
291 125356.91
292 126322.03
293 126370.91
294 124675.04
295 125570.06
296 125586.99
297 123729.94
298 123896.84
299 123919.96
300 124625.92
301 124480.01
302 125397.92
303 125161.89
304 124412.06
305 122960.09
306 122969.87
307 125367.88
308 125239.13
309 124458.07
310 123497.96
311 124398.95
312 125060.08
313 123595.95
314 125931.98
315 126262.19
316 125103.00
317 125048.88
318 124127.15
319 124715.81
320 126387.83
321 124936.10
322 125832.08
323 124810.93
324 126688.00
325 124682.90
326 125545.98
327 125684.98
328 124640.94
329 124584.91
330 126224.04
331 126124.14
332 125518.08
333 124547.00
334 124552.01
335 124469.04
336 124504.09
337 125139.95
338 125491.86
339 125231.03
340 126020.19
341 124430.89
342 125262.98
343 123597.86
344 124054.91
345 124897.00
346 125001.91
347 124910.83
348 125665.90
349 124845.03
350 125764.13
351 125825.17
352 124109.03
353 124150.04
354 124195.81
355 126286.03
356 124130.01
357 124812.84
358 124755.86
359 123986.01
360 124631.88
361 124697.92
362 124445.20
363 125015.97
364 123196.84
365 124515.06
366 123717.07
367 124086.14
368 124482.87
369 123830.08
370 124335.05
371 125067.00
372 124790.91
373 125181.91
374 124629.97
375 124676.94
376 124731.06
377 123816.01
378 123193.98
379 123328.92
380 123909.00
381 124305.96
382 124854.80
383 124956.13
384 123125.79
385 124276.16
386 124931.81
387 123591.18
388 123900.89
389 123810.05
390 123967.89
391 124677.90
392 125319.00
393 122982.98
394 124048.95
395 124704.84
396 125099.90
397 125259.16
398 124336.96
399 123351.10
400 124239.92
401 123800.99
402 123873.00
403 124094.96
404 124575.85
405 123992.92
406 124905.82
407 123842.00
408 124157.91
409 123361.11
410 124417.07
411 123592.85
412 124367.00
413 124503.85
414 125033.14
415 123813.15
416 124494.79
417 124984.03
418 125415.09
419 123553.99
420 124020.10
421 124033.93
422 124322.89
423 124207.02
424 123843.91
425 124559.88
426 124644.99
427 124414.92
428 124225.85
429 124208.93
430 124622.11
431 124144.08
432 123956.20
433 124086.14
434 123488.90
435 124542.95
436 124956.13
437 123775.01
438 124432.09
439 124623.78
440 123848.20
441 124367.00
442 124034.88
443 123883.01
444 124664.07
445 124421.83
446 124767.78
447 124452.11
448 124866.01
449 124362.95
450 124053.96
451 124222.04
452 124108.08
453 123752.12
454 124128.10
455 123512.98
456 123960.97
457 124141.93
458 124949.93
459 125027.89
460 124199.87
461 125573.16
462 124351.98
463 123265.03
464 123708.01
465 124024.15
466 123817.92
467 125355.01
468 124403.95
469 123895.88
470 124917.98
471 124897.00
472 124202.97
473 124574.90
474 124428.99
475 124164.82
476 124754.91
477 123995.07
478 124192.95
479 124063.97
480 124696.02
481 125060.08
482 124228.00
483 124854.09
484 123240.95
485 123348.95
486 123636.96
487 123157.02
488 124257.09
489 124799.97
490 124788.05
491 124062.06
492 125427.01
493 124451.16
494 123199.22
495 123480.08
496 124005.08
497 124572.99
498 124161.96
499 124531.98
500 124881.03
501 125279.90
502 124884.13
503 124890.80
504 124385.12
505 124454.98
506 124274.02
507 124198.91
508 124093.06
509 123999.12
510 124245.17
511 124462.13
512 125050.07
513 124178.17
514 123969.08
515 123054.03
516 123938.08
517 122672.08
518 123864.89
519 124202.97
520 123979.81
521 124825.00
522 124665.98
523 124476.91
524 124665.02
525 124809.03
526 124201.06
527 123262.88
528 123008.01
529 124537.94
530 124127.15
531 124211.07
532 124268.05
533 124313.12
534 124568.94
535 125205.99
536 124284.03
537 123195.89
538 124935.87
539 123832.23
540 123187.07
541 124488.12
542 124326.94
543 124503.85
544 124400.85
545 125369.07
546 124401.09
547 124015.09
548 123542.07
549 124009.13
550 124275.92
551 124700.07
552 124949.93
553 124107.12
554 124501.94
555 125015.97
556 124139.07
557 124027.01
558 124481.92
559 123430.97
560 123741.87
561 123888.02
562 121446.85
563 121191.98
564 121267.08
565 120877.98
566 120845.08
567 121798.99
568 120763.06
569 120728.02
570 120882.99
571 120898.01
572 120800.97
573 120980.98
574 120987.89
575 121153.12
576 121252.06
577 120958.09
578 121260.88
579 121029.85
580 121198.89
581 120810.03
582 121179.10
583 121143.82
584 121007.20
585 121479.03
586 120720.15
587 121113.06
588 120685.10
589 121051.07
590 121279.95
591 121009.83
592 121586.08
593 120771.88
594 121407.03
595 120765.92
596 121221.78
597 121265.89
598 120898.01
599 120805.03
600 121063.95
601 120916.13
602 120994.09
603 120764.02
604 120924.95
605 121206.05
606 121317.15
607 120885.13
608 120671.99
609 121407.03
610 120873.93
611 120866.06
612 121598.01
613 121095.18
614 120975.97
615 121032.95
616 120580.91
617 121188.16
618 120854.14
619 120688.92
620 121180.06
621 120898.96
622 121013.88
623 120702.03
624 120716.81
625 120896.82
626 120831.97
627 121458.05
628 121033.91
629 120728.02
630 121197.22
631 120860.10
632 120836.97
633 121164.08
634 120980.98
635 120852.95
636 120852.95
637 120788.81
638 121029.14
639 120804.07
640 121102.09
641 121004.10
642 120749.00
643 121196.03
644 120982.17
645 120676.04
646 120887.04
647 120802.88
648 121156.93
649 121046.78
650 120717.05
651 121073.01
652 120782.85
653 120862.96
654 121278.05
655 121046.78
656 121151.21
657 120947.84
658 121058.94
659 120980.98
660 121191.98
661 120751.86
662 121137.86
663 120834.11
664 121129.99
665 120669.13
666 120807.17
667 121078.97
668 120893.00
669 121052.03
670 120885.13
671 120918.99
672 120934.01
673 120949.98
674 121049.17
675 120903.97
676 120963.10
677 120744.94
678 120669.13
679 121138.10
680 120890.86
681 120833.16
682 120996.00
683 120883.94
684 120676.99
685 120836.97
686 120909.93
687 120889.90
688 120997.91
689 120805.98
690 121196.99
691 120853.90
692 120902.06
693 120735.88
694 121141.91
695 120917.08
696 120813.13
697 121231.08
698 120885.13
699 120876.07
700 120939.02
701 121115.92
702 120853.90
703 120821.95
704 120764.02
705 121019.12
706 121418.95
707 120682.00
708 120990.99
709 121102.81
710 120884.18
711 120749.00
712 121285.92
713 120903.97
714 121202.95
715 120955.94
716 121267.08
717 121043.92
718 120891.09
719 121030.09
720 121755.12
721 121179.10
722 120971.92
723 120849.13
724 120976.92
725 120880.84
726 121018.89
727 121209.86
728 121110.92
729 121337.89
730 120762.83
731 121185.78
732 120837.21
733 120866.06
734 121428.01
735 120764.02
736 121150.97
737 120827.91
738 120859.15
739 120882.99
740 120982.89
741 120737.08
742 121112.82
743 120901.82
744 120787.86
745 120896.82
746 121269.23
747 121412.99
748 121350.05
749 121160.98
750 121078.01
751 120861.05
752 120983.12
753 121212.01
754 121129.99
755 120844.84
756 121073.01
757 120828.87
758 120906.83
759 120641.95
760 121242.05
761 120620.01
762 120901.82
763 120924.00
764 120889.90
765 120944.02
766 120707.04
767 121095.90
768 121026.99
769 121120.93
770 121054.17
771 120841.03
772 121139.05
773 121145.96
774 120973.11
775 121140.00
776 121340.04
777 120915.17
778 121010.07
779 121197.94
780 120858.19
781 120868.21
782 121062.99
783 121142.86
784 121016.98
785 121089.22
786 120937.11
787 121031.05
788 121113.06
789 120888.95
790 120947.12
791 121052.03
792 120967.86
793 121019.12
794 120761.16
795 121001.01
796 121007.20
797 121059.89
798 120984.08
799 121130.23
800 120933.06
801 121155.02
802 121192.93
803 120851.04
804 120907.07
805 120821.95
806 121130.94
807 121144.06
808 121157.17
809 121223.93
810 121400.12
811 120863.91
812 120893.00
813 121440.89
814 120946.88
815 121273.99
816 120819.09
817 120928.05
818 121049.88
819 120924.95
820 120923.04
821 121124.98
822 120815.04
823 121094.94
824 120875.12
825 121320.96
826 120854.85
827 121074.20
828 121110.92
829 121155.98
830 120975.02
831 120792.15
832 121001.96
833 121034.15
834 120765.92
835 121030.09
836 120980.02
837 120909.21
838 120831.97
839 120939.97
840 121384.86
841 120819.09
842 120726.11
843 121108.06
844 121163.13
845 120903.97
846 120846.03
847 121268.03
848 120739.94
849 120841.98
850 121654.99
851 121021.99
852 120996.00
853 120830.06
854 120961.90
855 121203.90
856 120886.09
857 121006.97
858 120735.88
859 120928.05
860 120979.79
861 120988.13
862 120972.87
863 120681.05
864 121001.01
865 121100.90
866 120962.14
867 120785.00
868 120785.95
869 120767.83
870 120903.97
871 120735.88
872 120887.99
873 120713.95
874 120702.98
875 121039.87
876 120811.94
877 120675.80
878 121019.84
879 120925.90
880 120918.04
881 121382.95
882 121301.17
883 120875.12
884 120769.98
885 120831.01
886 120831.01
887 120886.09
888 120800.02
889 120960.00
890 120675.09
891 121339.08
892 121024.85
893 120800.02
894 121337.89
895 120712.04
896 121021.99
897 120908.98
898 120646.95
899 120790.96
900 120934.01
901 121059.89
902 121368.89
903 121223.93
904 121032.95
905 121099.00
906 121537.92
907 121178.15
908 121026.99
909 121068.95
910 120736.12
911 121010.07
912 120731.83
913 121067.05
914 120763.06
915 121051.07
916 121133.09
917 121053.93
918 121055.13
919 121205.09
920 120932.10
921 121045.11
922 120666.03
923 121335.03
924 121189.12
925 121148.11
926 121032.00
927 121189.83
928 120707.99
929 121163.13
930 120779.99
931 120752.10
932 120845.79
933 121237.04
934 120854.85
935 120826.96
936 120904.92
937 120795.01
938 121142.15
939 121046.07
940 120802.16
941 121166.94
942 120794.06
943 120795.97
944 120950.94
945 121311.90
946 120987.89
947 120748.04
948 121135.00
949 120800.97
950 120904.92
951 120917.08
952 121039.87
953 121057.99
954 121018.89
955 121008.16
956 120965.96
957 121037.96
958 121057.03
959 121048.93
960 121038.20
961 121066.09
962 121057.99
963 120982.17
964 121012.93
965 121043.92
966 121037.01
967 120993.14
968 121052.98
969 121066.81
970 121068.00
971 121009.83
972 121018.17
973 121060.85
974 121045.11
975 121002.91
976 121054.89
977 120951.18
978 121020.08
979 121058.94
980 121059.89
981 121037.01
982 121018.89
983 121060.13
984 121057.99
985 121047.97
986 121040.11
987 120990.04
988 121042.97
989 121060.13
990 121033.91
991 121063.95
992 121030.09
993 121000.05
994 121059.89
995 121036.05
996 121009.11
997 121051.07
998 121042.01
999 120965.00
1000 121053.93
1001 121049.17
1002 121016.98
1003 121034.86
1004 121051.07
1005 121063.95
1006 121070.86
1007 120992.18
1008 121041.06
1009 121020.08
1010 121045.11
1011 121079.92
1012 121033.91
1013 120990.99
1014 121055.13
1015 121057.99
1016 121069.91
1017 121065.86
1018 121016.98
1019 121019.12
1020 121056.08
1021 121047.02
1022 121021.99
1023 121027.23
1024 121040.11
1025 121050.12
1026 121061.09
1027 121069.91
1028 121011.97
1029 121073.01
1030 121047.97
1031 121048.93
1032 121060.13
1033 121059.89
1034 120955.94
1035 121067.05
1036 121062.04
1037 121011.02
1038 121038.91
1039 121045.11
1040 121064.90
1041 121067.05
1042 121017.93
1043 121033.19
1044 120983.84
1045 121066.09
1046 121035.10
1047 120972.16
1048 121052.98
1049 121010.07
1050 121059.89
1051 121055.13
1052 121065.86
1053 121062.99
1054 121042.01
1055 121038.20
1056 120985.03
1057 121042.01
1058 121062.99
1059 121009.11
1060 121007.92
1061 121050.83
1062 121044.87
1063 121037.96
1064 121031.05
1065 121050.83
1066 121043.92
1067 120977.88
1068 121063.95
1069 121047.02
1070 121047.97
1071 121065.86
1072 121060.85
1073 121040.11
1074 121001.01
1075 121052.03
1076 121066.09
1077 121037.01
1078 121022.94
1079 120957.85
1080 120801.21
1081 120903.97
1082 120963.10
1083 120949.98
1084 120903.02
1085 120936.16
1086 120938.06
1087 120956.18
1088 120960.95
1089 120908.98
1090 120908.02
1091 120934.96
1092 120931.86
1093 120953.08
1094 120934.96
1095 120867.97
1096 120952.13
1097 120963.10
1098 120933.06
1099 120882.99
1100 120949.98
1101 120867.01
1102 120911.12
1103 120913.03
1104 120938.06
1105 120944.98
1106 120874.88
1107 120888.95
1108 120962.14
1109 120929.00
1110 120913.03
1111 120972.16
1112 120946.88
1113 120915.17
1114 120926.86
1115 120877.98
1116 120960.00
1117 120987.18
1118 120868.92
1119 120923.04
1120 120939.02
1121 120951.18
1122 120911.12
1123 120967.86
1124 121016.98
1125 120912.08
1126 120934.96
1127 120947.12
1128 120946.88
1129 120944.98
1130 120950.94
1131 120900.15
1132 120956.90
1133 120925.90
1134 120960.00
1135 120947.84
1136 120960.95
1137 120963.10
1138 120898.96
1139 120962.86
1140 120950.94
1141 120936.16
1142 120923.04
1143 120960.95
1144 120936.87
1145 120936.16
1146 120945.93
1147 120882.03
1148 120929.96
1149 120949.98
1150 120913.03
1151 120964.05
1152 120960.00
1153 120911.12
1154 120900.87
1155 120934.96
1156 120932.10
1157 120951.18
1158 121000.05
1159 120944.98
1160 120898.01
1161 120950.94
1162 120927.10
1163 120959.04
1164 120945.93
1165 120895.86
1166 120904.92
1167 120860.10
1168 120956.18
1169 120924.00
1170 120934.01
1171 120934.96
1172 120944.98
1173 120954.04
1174 120892.05
1175 120937.11
1176 120960.00
1177 120952.84
1178 120912.08
1179 120897.05
1180 120942.12
1181 120968.10
1182 120921.13
1183 120916.13
1184 120937.82
1185 120942.83
1186 120882.99
1187 120882.03
1188 120944.02
1189 120957.14
1190 120965.96
1191 120906.11
1192 120906.83
1193 120970.96
1194 120968.82
1195 120982.17
1196 120915.89
1197 120921.13
1198 120934.96
1199 120996.00
