1200
0 121240.85
1 121102.09
2 121116.16
3 121093.99
4 121115.21
5 121126.89
6 121114.97
7 121119.02
8 121119.98
9 121123.79
10 121114.97
11 121118.07
12 121108.06
13 121104.00
14 121103.05
15 121114.02
16 121055.13
17 121109.96
18 121084.93
19 121125.94
20 121079.92
21 121101.86
22 121113.06
23 121066.81
24 121099.95
25 121099.00
26 121095.18
27 121109.96
28 121029.85
29 121093.99
30 121132.85
31 121136.19
32 121123.08
33 121088.98
34 121069.91
35 121104.96
36 121122.84
37 121120.93
38 121111.87
39 121150.02
40 121078.01
41 121111.87
42 121110.92
43 121093.03
44 121087.07
45 121100.19
46 121110.92
47 121133.09
48 121124.98
49 121124.03
50 121119.98
51 121132.14
52 121113.06
53 121042.01
54 121115.92
55 121115.92
56 121123.08
57 121116.88
58 121119.98
59 121135.95
60 121128.08
61 121120.21
62 120997.91
63 121102.09
64 121111.87
65 121122.12
66 121117.12
67 121139.05
68 121114.02
69 121117.12
70 121114.97
71 121132.85
72 121115.92
73 121101.14
74 121089.94
75 121100.19
76 121103.05
77 121095.90
78 121102.09
79 121135.00
80 121099.95
81 121104.00
82 121093.99
83 121115.92
84 121089.94
85 121095.18
86 121123.79
87 121113.06
88 121128.08
89 121109.96
90 121123.08
91 121121.88
92 121113.06
93 121105.91
94 121027.95
95 121108.06
96 121029.85
97 121043.92
98 121067.05
99 121021.03
100 120977.16
101 121029.14
102 121078.01
103 122351.88
104 120817.90
105 121413.95
106 121336.94
107 122356.89
108 121169.09
109 123678.92
110 122832.06
111 121908.90
112 124233.01
113 122450.11
114 124928.00
115 123130.08
116 123878.00
117 123614.07
118 125312.81
119 124938.96
120 125646.11
121 125859.02
122 125648.98
123 127097.85
124 125373.84
125 125505.92
126 126089.10
127 126034.98
128 126703.98
129 125108.00
130 126995.09
131 126690.86
132 125014.07
133 124849.08
134 126534.94
135 125648.02
136 124799.97
137 125879.05
138 125254.15
139 125202.18
140 126406.91
141 126034.02
142 124532.94
143 125079.87
144 126771.93
145 126754.05
146 126150.13
147 126061.92
148 125844.96
149 125169.99
150 125762.94
151 126786.95
152 126031.88
153 124387.03
154 124978.78
155 124698.88
156 124830.01
157 124202.97
158 125585.79
159 124884.84
160 125044.11
161 123960.97
162 124972.11
163 123945.95
164 123643.16
165 126270.06
166 123930.93
167 124843.12
168 123855.83
169 124832.15
170 124131.92
171 124823.09
172 124222.04
173 124394.89
174 123521.09
175 123358.01
176 123328.92
177 125617.03
178 123425.96
179 125070.10
180 125098.94
181 124506.00
182 124196.05
183 123437.88
184 125843.05
185 125143.05
186 124242.78
187 126634.12
188 125810.15
189 124377.97
190 124277.11
191 124128.10
192 123656.03
193 123214.96
194 124799.01
195 124859.81
196 123257.16
197 124090.91
198 124418.02
199 122781.99
200 124161.96
201 123444.08
202 124215.84
203 123203.04
204 123348.00
205 124972.82
206 124150.04
207 124313.83
208 125965.12
209 123929.02
210 123963.12
211 124148.13
212 124681.95
213 123168.95
214 124707.94
215 123863.94
216 123865.84
217 124462.84
218 125681.88
219 123813.87
220 124775.89
221 123847.01
222 123754.02
223 124887.94
224 124753.00
225 124176.03
226 124853.13
227 124043.94
228 124070.88
229 123274.09
230 123385.91
231 125853.06
232 124255.18
233 123337.98
234 123958.11
235 126237.15
236 124829.05
237 125444.17
238 124207.97
239 123040.91
240 123317.00
241 123121.98
242 124869.11
243 123048.07
244 125667.81
245 123960.97
246 124951.84
247 123296.02
248 124817.85
249 126258.85
250 125607.97
251 124426.84
252 124486.21
253 125460.86
254 123863.22
255 124599.93
256 126451.97
257 124963.05
258 125705.00
259 124639.99
260 125596.05
261 124025.82
262 123996.97
263 123897.79
264 124673.84
265 124293.09
266 126425.03
267 125823.97
268 123292.21
269 123112.92
270 124064.92
271 123187.07
272 123638.87
273 125354.05
274 124433.99
275 124341.01
276 123538.02
277 123525.14
278 123651.03
279 123445.99
280 124453.07
281 123456.00
282 124424.22
283 123641.01
284 124583.96
285 125606.06
286 124445.20
287 124655.01
288 124088.05
289 123634.10
290 124162.20
291 124385.12
292 124928.00
293 123191.12
294 125601.05
295 124878.88
296 124137.88
297 124067.07
298 124768.02
299 124763.97
300 125494.00
301 125687.84
302 124758.01
303 124700.07
304 123426.91
305 124930.14
306 124794.96
307 124223.95
308 123122.93
309 123293.88
310 123186.83
311 123898.98
312 125569.11
313 124814.03
314 125790.12
315 126533.99
316 123996.97
317 123322.01
318 124958.99
319 124350.07
320 123889.92
321 125396.01
322 124529.12
323 124751.09
324 123923.06
325 123587.85
326 123935.94
327 124418.02
328 124567.99
329 124516.01
330 123538.97
331 123610.97
332 123436.93
333 123394.01
334 124361.99
335 124270.92
336 124151.95
337 123311.04
338 123162.98
339 125749.11
340 125530.96
341 124502.90
342 123639.82
343 123774.05
344 123523.95
345 123286.01
346 123245.00
347 123448.13
348 123353.00
349 123931.88
350 124820.95
351 123734.95
352 123308.90
353 124018.91
354 125695.94
355 126174.93
356 123019.93
357 123732.09
358 124388.93
359 124207.97
360 123262.88
361 122787.95
362 122958.18
363 123606.92
364 123326.06
365 123568.06
366 123368.98
367 123252.87
368 123389.01
369 123775.01
370 123893.02
371 123761.18
372 123400.93
373 123145.10
374 123492.00
375 123425.01
376 123197.08
377 123330.12
378 123128.89
379 123208.05
380 123151.06
381 124348.88
382 123800.99
383 123095.99
384 123163.94
385 124147.89
386 122814.89
387 123741.15
388 123033.05
389 123329.88
390 122914.79
391 123510.84
392 123374.94
393 123290.78
394 123733.04
395 123353.96
396 123381.14
397 123743.06
398 123642.92
399 123673.92
400 123306.04
401 123897.08
402 123556.85
403 124297.86
404 123131.04
405 123414.99
406 122900.01
407 123394.97
408 123723.98
409 122894.05
410 123672.01
411 123759.98
412 123586.89
413 123673.92
414 124629.97
415 123651.03
416 123035.91
417 122990.13
418 123379.95
419 123219.01
420 123275.04
421 123213.05
422 123411.89
423 123441.93
424 123066.90
425 123852.01
426 123495.10
427 124170.06
428 123603.82
429 124058.01
430 123925.92
431 122646.09
432 124320.03
433 123122.22
434 123296.98
435 122954.85
436 123559.95
437 123471.98
438 123312.95
439 122926.00
440 123216.87
441 123810.05
442 124161.96
443 123784.07
444 123507.02
445 123596.19
446 122878.07
447 122926.00
448 123917.10
449 122920.04
450 123415.95
451 123259.07
452 123624.09
453 123525.86
454 123473.88
455 123271.94
456 123929.98
457 124399.90
458 123512.98
459 123883.01
460 123668.91
461 124014.14
462 122704.03
463 123199.94
464 123234.03
465 123087.88
466 123133.90
467 123618.13
468 123188.02
469 123683.93
470 123282.91
471 123927.83
472 124270.92
473 123127.94
474 123688.94
475 123970.03
476 123348.00
477 123686.79
478 123022.79
479 123301.98
480 123800.99
481 123880.86
482 123035.91
483 123101.00
484 122859.95
485 123426.91
486 123028.04
487 124121.90
488 124113.80
489 123888.97
490 123495.10
491 123319.86
492 123573.78
493 123312.00
494 123562.10
495 123756.89
496 123265.98
497 123064.99
498 123643.16
499 123321.06
500 123546.84
501 123712.78
502 123010.87
503 123229.98
504 123666.05
505 123846.05
506 124118.09
507 122809.17
508 123526.10
509 123646.02
510 123522.04
511 123395.92
512 123785.02
513 124116.90
514 123454.09
515 123759.03
516 124177.93
517 124050.86
518 123287.92
519 124138.12
520 123580.93
521 123252.87
522 122954.13
523 123168.95
524 123624.09
525 123857.98
526 123843.91
527 123528.96
528 124302.86
529 123611.21
530 124228.00
531 123270.99
532 123256.92
533 123812.91
534 123600.01
535 123008.97
536 123440.03
537 123440.03
538 123674.87
539 123496.06
540 123924.97
541 123770.00
542 123838.19
543 123493.91
544 123898.03
545 124328.85
546 124566.08
547 124523.88
548 124468.80
549 124239.92
550 124207.97
551 124736.07
552 124206.07
553 124309.06
554 124638.08
555 124920.13
556 123800.99
557 123857.02
558 124256.85
559 123718.98
560 123989.11
561 125126.84
562 121164.08
563 121227.03
564 121056.08
565 120929.96
566 121073.01
567 121416.09
568 121160.98
569 121186.97
570 121105.91
571 121168.85
572 121013.16
573 121208.91
574 121078.97
575 120831.01
576 121295.93
577 120974.06
578 121410.85
579 121432.07
580 121406.08
581 121228.93
582 120790.96
583 120909.93
584 121087.07
585 121182.92
586 121095.18
587 121099.00
588 121596.10
589 121134.04
590 120932.82
591 121251.82
592 121001.01
593 121223.93
594 120978.12
595 121111.87
596 120870.11
597 121140.00
598 120818.14
599 120961.90
600 121095.90
601 121351.00
602 120809.08
603 121334.08
604 120960.95
605 121150.97
606 121082.07
607 120907.07
608 121171.00
609 120972.87
610 121159.08
611 120960.95
612 120741.84
613 120849.85
614 121358.16
615 121177.91
616 120760.92
617 120992.90
618 121130.94
619 120976.21
620 121129.99
621 121073.96
622 121186.02
623 121140.96
624 121335.98
625 120867.01
626 121246.10
627 121041.06
628 120749.00
629 120823.86
630 121006.01
631 120934.96
632 121042.97
633 121315.96
634 120733.98
635 120844.13
636 121200.80
637 120844.13
638 120862.96
639 121142.15
640 121165.04
641 120839.83
642 121362.92
643 120980.98
644 121160.98
645 121268.03
646 120906.83
647 120940.92
648 121571.06
649 120978.12
650 120880.84
651 120993.85
652 121469.02
653 121114.02
654 120921.85
655 120899.92
656 121056.08
657 121113.78
658 120764.02
659 120968.10
660 120896.10
661 120997.19
662 121119.98
663 120923.04
664 120730.88
665 120944.02
666 121139.05
667 120953.08
668 120970.01
669 120881.08
670 121204.85
671 120866.06
672 121122.84
673 121264.93
674 120851.04
675 121031.05
676 120926.86
677 121227.03
678 121524.10
679 120836.02
680 120899.20
681 121176.96
682 120989.08
683 121188.88
684 121112.82
685 121013.88
686 120872.97
687 121154.79
688 120921.85
689 121123.08
690 121094.94
691 121099.00
692 120873.21
693 120795.97
694 120682.00
695 121323.11
696 121181.96
697 120839.12
698 120885.85
699 121120.93
700 120869.87
701 121255.87
702 121268.99
703 120964.05
704 120969.06
705 121120.93
706 121007.92
707 121160.98
708 121203.90
709 120934.01
710 121044.16
711 120792.87
712 120990.04
713 121273.04
714 121127.13
715 121159.08
716 120907.07
717 120960.00
718 121081.11
719 121635.91
720 121088.03
721 121005.06
722 121100.90
723 120553.97
724 120908.02
725 121281.15
726 120908.98
727 120965.00
728 120907.78
729 121011.02
730 121608.02
731 121078.97
732 120934.96
733 120672.94
734 121259.93
735 120651.96
736 121140.00
737 120899.92
738 121021.03
739 121183.16
740 121210.10
741 120989.08
742 120954.99
743 120934.96
744 120954.99
745 120698.93
746 120877.03
747 121125.94
748 120909.93
749 120999.10
750 121094.94
751 121135.00
752 121044.16
753 121107.82
754 121129.04
755 120923.04
756 121185.06
757 121096.13
758 120877.98
759 121335.98
760 120805.03
761 121092.08
762 120899.92
763 120832.92
764 121030.09
765 121392.01
766 121150.97
767 121140.96
768 121131.90
769 121256.11
770 120823.14
771 121025.80
772 120754.00
773 121100.19
774 121002.91
775 121048.93
776 121191.98
777 120970.01
778 121088.98
779 120666.98
780 121217.97
781 120799.06
782 120779.99
783 121016.03
784 121030.09
785 120855.09
786 120851.99
787 121183.87
788 121278.05
789 121385.10
790 121251.11
791 120785.95
792 121304.99
793 120856.05
794 121036.05
795 120818.85
796 121032.00
797 120782.14
798 120925.90
799 121121.17
800 120919.94
801 120902.06
802 121249.91
803 120890.14
804 120945.93
805 121094.94
806 121603.01
807 121187.93
808 121090.89
809 120725.15
810 120909.93
811 121047.97
812 120826.01
813 120869.87
814 120871.07
815 121146.92
816 121389.87
817 121042.01
818 120669.13
819 120864.87
820 120674.85
821 121057.99
822 121108.06
823 120987.89
824 120722.06
825 120699.17
826 121323.11
827 121047.97
828 121350.05
829 121464.01
830 121069.91
831 121927.02
832 120927.10
833 121482.13
834 121016.98
835 120990.99
836 120964.05
837 120827.20
838 120987.89
839 120980.98
840 121572.02
841 121083.97
842 120824.81
843 120689.15
844 121066.81
845 121263.98
846 121278.05
847 120764.02
848 121524.10
849 121026.99
850 121363.88
851 121257.07
852 121188.16
853 120819.09
854 120880.84
855 120879.89
856 121171.00
857 121068.95
858 120996.95
859 121102.09
860 120960.95
861 120874.17
862 120898.96
863 121231.08
864 121041.06
865 121099.00
866 121135.95
867 121218.92
868 121633.05
869 121506.93
870 120894.91
871 120736.12
872 120766.88
873 120768.07
874 120942.83
875 121080.88
876 121061.09
877 120887.99
878 121155.02
879 120947.12
880 120873.21
881 121188.88
882 120707.99
883 121198.18
884 120814.80
885 120770.93
886 120785.00
887 120876.07
888 121109.96
889 120822.91
890 121059.89
891 120982.89
892 120916.84
893 121326.92
894 120780.94
895 120870.11
896 121228.93
897 120744.94
898 120969.06
899 121260.88
900 121475.93
901 120885.85
902 120709.18
903 121047.97
904 120877.98
905 120859.86
906 121226.07
907 121422.05
908 121156.93
909 121129.99
910 120938.06
911 121146.20
912 121147.16
913 121038.91
914 120896.10
915 120925.90
916 121390.10
917 121068.95
918 121116.88
919 121244.91
920 121532.92
921 121058.94
922 121114.02
923 120849.85
924 121176.96
925 121181.01
926 121443.03
927 120857.00
928 120978.83
929 121057.99
930 121005.06
931 120944.02
932 121335.98
933 121061.80
934 120836.97
935 121295.93
936 120706.80
937 120961.90
938 121068.95
939 120983.12
940 121291.88
941 121057.99
942 121068.00
943 120824.10
944 120818.14
945 120856.05
946 120944.02
947 120953.08
948 120778.08
949 120764.02
950 121009.11
951 120960.00
952 120965.00
953 120951.89
954 120954.99
955 120950.94
956 120944.98
957 120944.98
958 120796.92
959 120950.94
960 120944.02
961 120954.04
962 120946.88
963 120962.86
964 120961.90
965 120949.03
966 120951.89
967 120957.14
968 120950.22
969 120960.95
970 120948.08
971 120956.90
972 120959.04
973 120960.00
974 120950.94
975 120950.94
976 120948.08
977 120960.00
978 120950.94
979 120946.17
980 120956.90
981 120951.18
982 120959.04
983 120958.81
984 120999.10
985 120953.08
986 120953.80
987 120959.04
988 120968.10
989 120954.04
990 120953.08
991 120965.00
992 120977.16
993 120947.84
994 120950.94
995 120876.79
996 120950.94
997 120938.06
998 120872.02
999 120950.94
1000 120856.05
1001 120946.17
1002 120954.99
1003 120948.08
1004 120944.02
1005 120947.12
1006 120942.12
1007 120943.07
1008 120966.91
1009 120954.04
1010 120939.97
1011 120936.16
1012 120960.95
1013 120950.94
1014 120936.16
1015 120951.89
1016 120949.03
1017 120950.94
1018 120945.93
1019 120934.01
1020 120969.06
1021 120968.10
1022 120947.12
1023 120959.04
1024 120963.10
1025 120954.04
1026 120948.08
1027 120972.87
1028 120965.96
1029 120952.13
1030 120950.94
1031 120950.94
1032 120947.12
1033 120957.85
1034 120963.10
1035 120952.13
1036 120957.85
1037 121032.00
1038 120954.04
1039 120910.88
1040 120951.18
1041 120946.88
1042 120942.12
1043 120969.06
1044 120971.92
1045 120939.97
1046 120939.02
1047 120957.85
1048 120950.94
1049 120941.16
1050 120935.92
1051 120964.05
1052 120933.06
1053 120954.04
1054 120953.08
1055 120975.97
1056 120950.94
1057 120939.02
1058 120934.01
1059 120943.07
1060 120929.00
1061 120934.96
1062 120932.10
1063 120905.88
1064 120949.03
1065 120952.13
1066 120955.23
1067 120963.81
1068 120944.98
1069 120960.95
1070 120945.93
1071 120949.03
1072 120954.99
1073 120960.00
1074 120951.89
1075 120954.04
1076 120954.04
1077 120933.06
1078 120880.13
1079 120890.14
1080 120965.00
1081 120955.94
1082 120949.03
1083 120985.98
1084 120954.99
1085 120951.89
1086 120953.08
1087 120973.11
1088 120960.00
1089 120951.89
1090 120949.98
1091 120967.15
1092 120963.81
1093 120950.94
1094 120944.02
1095 120957.85
1096 120954.04
1097 120937.11
1098 120942.12
1099 120916.84
1100 120959.04
1101 120948.08
1102 120929.00
1103 120878.93
1104 120959.04
1105 120935.92
1106 120934.01
1107 120934.96
1108 120949.03
1109 120930.91
1110 120940.92
1111 120949.03
1112 120869.87
1113 120928.05
1114 120936.16
1115 120928.05
1116 120957.85
1117 120921.13
1118 120930.91
1119 120939.02
1120 120953.08
1121 120939.97
1122 120943.07
1123 120905.16
1124 120959.04
1125 120927.10
1126 120960.00
1127 120959.04
1128 120956.90
1129 120925.90
1130 120888.95
1131 120886.80
1132 120960.00
1133 120949.98
1134 120956.90
1135 120960.00
1136 120960.00
1137 120959.04
1138 120955.94
1139 120929.00
1140 120948.08
1141 120960.00
1142 120961.19
1143 120867.01
1144 120952.13
1145 120938.06
1146 120985.98
1147 120948.08
1148 120941.16
1149 120969.06
1150 120955.94
1151 120945.22
1152 120945.93
1153 120948.08
1154 120966.91
1155 120959.04
1156 120934.96
1157 120939.97
1158 120941.16
1159 120912.08
1160 120934.01
1161 120934.96
1162 120973.11
1163 120793.10
1164 120944.02
1165 120939.97
1166 120989.08
1167 120964.05
1168 120936.87
1169 120931.15
1170 120967.15
1171 120962.14
1172 120918.04
1173 120944.02
1174 120964.05
1175 120946.88
1176 120939.02
1177 120943.07
1178 120950.94
1179 120916.13
1180 120949.03
1181 120949.98
1182 120988.13
1183 120881.08
1184 120944.02
1185 120947.84
1186 120972.87
1187 120970.96
1188 120949.03
1189 120957.85
1190 120960.95
1191 120949.03
1192 120956.90
1193 120954.04
1194 120980.98
1195 120975.97
1196 120968.82
1197 120951.18
1198 120888.95
1199 120792.15
