1200
0 121142.15
1 121048.93
2 121026.04
3 120960.95
4 120965.00
5 120998.14
6 120978.83
7 121006.97
8 121026.04
9 121027.95
10 121011.97
11 121031.05
12 121006.01
13 121035.10
14 121010.07
15 121028.90
16 121002.91
17 121006.97
18 121003.87
19 121027.95
20 121007.92
21 121042.97
22 121028.90
23 120975.02
24 121037.01
25 121029.14
26 121037.01
27 120976.92
28 120939.02
29 121022.94
30 121023.89
31 121028.18
32 120960.95
33 121077.06
34 121026.99
35 120985.98
36 121037.01
37 121042.01
38 121031.05
39 121004.10
40 121035.81
41 121047.97
42 121037.01
43 121026.99
44 121037.01
45 121028.90
46 121041.06
47 121044.16
48 121015.07
49 121006.01
50 121021.99
51 121026.04
52 121005.06
53 121022.94
54 121005.06
55 121081.11
56 120996.00
57 121005.06
58 121021.03
59 121050.83
60 121014.12
61 121016.98
62 121021.99
63 121026.99
64 121021.03
65 121024.85
66 121025.09
67 121029.14
68 121005.06
69 121009.11
70 121021.99
71 121037.96
72 120955.94
73 121025.09
74 121015.79
75 121018.89
76 121043.21
77 121022.94
78 121032.95
79 121006.01
80 121025.09
81 121032.95
82 121043.92
83 120960.00
84 121037.96
85 121016.03
86 121005.06
87 121021.99
88 121026.99
89 121026.04
90 121025.09
91 121032.95
92 120966.91
93 120865.82
94 120965.00
95 120960.95
96 120810.03
97 120912.08
98 121026.99
99 120966.91
100 120944.98
101 120962.14
102 120874.88
103 120904.92
104 120908.98
105 121164.08
106 121548.89
107 121294.02
108 120908.02
109 120826.01
110 120834.83
111 121096.13
112 121078.01
113 120917.08
114 121119.02
115 120854.14
116 121394.16
117 120866.06
118 121198.18
119 121402.03
120 121813.06
121 121407.03
122 120956.90
123 121178.15
124 121145.96
125 121699.09
126 121020.08
127 120887.04
128 120885.13
129 120977.88
130 121407.99
131 120843.89
132 120768.07
133 121420.86
134 121302.13
135 120980.02
136 121309.04
137 121954.20
138 121825.93
139 121444.94
140 121577.02
141 121813.06
142 120908.02
143 121542.93
144 120976.92
145 121271.85
146 121058.94
147 121230.84
148 121477.13
149 122236.01
150 120872.02
151 121060.13
152 121816.16
153 122305.15
154 121451.85
155 121284.96
156 121262.07
157 121886.97
158 121002.20
159 121021.03
160 121684.07
161 121654.03
162 120848.89
163 121314.05
164 121402.98
165 121147.87
166 120762.11
167 121344.09
168 121470.93
169 121532.20
170 122155.90
171 120865.11
172 121440.89
173 121279.95
174 121278.05
175 121350.05
176 121160.98
177 120975.02
178 120820.05
179 120940.92
180 121263.03
181 120963.10
182 120981.93
183 120932.10
184 121019.84
185 121133.09
186 121135.95
187 121327.88
188 120877.03
189 120903.02
190 121651.89
191 120867.01
192 122076.99
193 121634.96
194 121477.13
195 121251.82
196 121388.91
197 120889.19
198 121336.94
199 122199.77
200 121664.05
201 121809.01
202 121032.00
203 121093.03
204 121198.89
205 120930.91
206 121773.96
207 120940.92
208 121012.93
209 121550.08
210 120873.93
211 120912.08
212 120792.87
213 121392.01
214 122542.86
215 121092.08
216 122354.98
217 121001.96
218 121539.83
219 121858.84
220 121719.12
221 121309.04
222 121030.09
223 121340.99
224 121340.99
225 121633.05
226 120890.86
227 121661.90
228 120903.97
229 121477.13
230 120873.93
231 120888.95
232 121221.07
233 121296.17
234 122235.06
235 121424.20
236 121932.03
237 120845.08
238 121026.99
239 121098.04
240 120913.03
241 121572.02
242 121508.84
243 122196.91
244 121078.97
245 121315.00
246 122252.94
247 121146.92
248 121138.81
249 121038.91
250 121692.90
251 120894.19
252 121596.10
253 121584.89
254 121217.97
255 121603.01
256 121005.06
257 121886.01
258 122049.81
259 121135.95
260 120825.05
261 121018.17
262 121433.97
263 121804.95
264 121560.10
265 120923.04
266 120791.91
267 120993.85
268 121214.15
269 121454.95
270 120937.82
271 121797.08
272 120869.16
273 121022.94
274 121161.94
275 121316.91
276 122587.92
277 121657.13
278 122102.02
279 122020.01
280 121147.16
281 120906.11
282 121296.88
283 121815.92
284 121561.05
285 121274.95
286 120909.93
287 121622.09
288 121515.04
289 122300.86
290 121371.98
291 121092.08
292 121958.97
293 121201.04
294 121243.00
295 120734.93
296 121817.83
297 120817.18
298 121253.97
299 121649.98
300 121125.94
301 121037.01
302 122066.02
303 121731.04
304 120800.97
305 120978.12
306 121351.00
307 121441.84
308 121670.96
309 121165.04
310 120918.99
311 121243.00
312 121418.00
313 121158.84
314 121099.95
315 121509.08
316 121701.00
317 120901.82
318 121201.04
319 120877.98
320 121114.02
321 120983.84
322 121573.93
323 120861.05
324 121170.04
325 122108.94
326 121876.00
327 121600.87
328 121860.98
329 121999.03
330 120884.90
331 121720.08
332 121403.93
333 120924.95
334 121525.05
335 121382.95
336 121016.98
337 121097.09
338 121121.17
339 121495.01
340 120848.89
341 121448.99
342 120882.03
343 120806.93
344 120960.00
345 120769.02
346 120885.85
347 121471.88
348 121378.18
349 120833.16
350 121234.89
351 121096.85
352 122672.08
353 120937.11
354 121242.05
355 121495.01
356 120989.08
357 121335.03
358 120898.01
359 120855.09
360 120841.98
361 121196.03
362 121088.98
363 120949.98
364 120872.97
365 120991.95
366 120921.85
367 120958.81
368 121057.99
369 121033.91
370 120795.01
371 121236.09
372 121654.99
373 120882.99
374 121011.02
375 121012.21
376 120821.00
377 122015.00
378 121527.91
379 121042.01
380 120904.92
381 121098.04
382 121302.13
383 121073.96
384 121055.13
385 121007.92
386 121202.95
387 120945.93
388 121008.87
389 121391.06
390 120957.85
391 120905.16
392 120981.93
393 121033.91
394 121340.04
395 120939.97
396 121118.07
397 121066.81
398 120991.95
399 121076.11
400 121240.14
401 121351.00
402 121119.02
403 121381.04
404 121196.99
405 121356.96
406 121142.86
407 121008.87
408 120939.02
409 120904.92
410 121093.99
411 121298.07
412 120978.12
413 120985.98
414 121073.01
415 121457.82
416 120954.04
417 121244.19
418 121139.05
419 121014.12
420 120942.12
421 121321.92
422 120898.96
423 121627.09
424 121366.02
425 120893.00
426 121325.02
427 121036.05
428 121316.91
429 121017.93
430 121416.09
431 120954.99
432 121054.89
433 121188.88
434 120970.96
435 121393.20
436 121484.04
437 120970.96
438 120768.07
439 120929.96
440 121665.00
441 121109.96
442 121273.04
443 121234.89
444 120755.91
445 121007.20
446 121062.99
447 121239.90
448 120883.94
449 120718.00
450 121521.00
451 120851.04
452 121346.00
453 121050.83
454 121065.14
455 121297.84
456 120972.16
457 121052.03
458 120954.99
459 121235.85
460 120930.91
461 120952.13
462 121223.93
463 121244.19
464 121353.86
465 121168.85
466 120949.98
467 121032.00
468 121179.10
469 121670.96
470 120868.92
471 120777.13
472 121489.05
473 121119.02
474 121325.97
475 121142.86
476 121253.01
477 121453.05
478 120836.97
479 121644.02
480 121114.97
481 121694.09
482 120810.03
483 121472.12
484 121186.02
485 121139.05
486 121428.97
487 121165.99
488 121566.06
489 121456.86
490 121387.96
491 121519.80
492 122101.07
493 121614.93
494 121325.02
495 121437.07
496 121202.95
497 121289.97
498 121174.10
499 121212.01
500 121258.97
501 121343.14
502 121078.01
503 121724.13
504 121157.17
505 121641.87
506 121519.80
507 121327.16
508 121522.90
509 121119.02
510 121095.18
511 121788.98
512 121823.07
513 121586.08
514 121037.96
515 121279.00
516 121466.16
517 121339.08
518 121782.06
519 121286.87
520 121732.95
521 121102.81
522 121621.13
523 121413.95
524 121156.93
525 121663.09
526 121577.02
527 120994.09
528 121410.13
529 121614.93
530 121736.05
531 121082.07
532 121385.10
533 121219.87
534 121546.03
535 121028.18
536 121150.97
537 121902.94
538 121265.89
539 121760.13
540 120953.08
541 121459.96
542 121201.99
543 121027.95
544 121649.03
545 121174.10
546 121281.86
547 121114.02
548 121100.90
549 121109.01
550 121144.06
551 121675.01
552 121699.09
553 121581.08
554 121471.88
555 121402.98
556 121618.99
557 121608.97
558 121371.03
559 121310.95
560 121356.96
561 121454.00
562 121397.02
563 120903.97
564 121441.84
565 121430.87
566 121363.16
567 121415.14
568 121376.04
569 121454.00
570 121184.11
571 121304.04
572 121840.00
573 121220.11
574 121019.12
575 121379.14
576 121505.98
577 121353.15
578 121433.02
579 121616.13
580 121113.06
581 120902.06
582 121294.98
583 121378.18
584 121337.18
585 120859.15
586 121316.91
587 121263.03
588 121184.83
589 121387.00
590 121145.01
591 121147.87
592 121124.03
593 121842.15
594 121306.90
595 121592.04
596 120830.06
597 121383.19
598 121625.19
599 121069.19
600 121362.92
601 121390.10
602 121502.88
603 121549.84
604 120989.08
605 120920.18
606 121392.97
607 121600.87
608 121157.17
609 121143.10
610 121423.01
611 121325.02
612 121603.97
613 121506.93
614 121182.20
615 121554.14
616 121593.00
617 120935.92
618 121005.06
619 121618.03
620 120892.05
621 121106.15
622 121009.11
623 120934.96
624 121723.89
625 121266.13
626 121066.81
627 121473.07
628 121490.96
629 121145.96
630 121383.19
631 121585.13
632 121414.90
633 121418.95
634 121246.10
635 121196.03
636 121517.90
637 121604.92
638 121337.18
639 122164.01
640 121609.93
641 121561.05
642 120905.88
643 121603.97
644 121173.14
645 120779.99
646 121289.01
647 121152.88
648 121680.97
649 121055.13
650 121321.20
651 121636.87
652 121649.98
653 121807.10
654 120970.01
655 121130.94
656 121696.00
657 121191.98
658 121471.17
659 121317.15
660 121461.87
661 121040.11
662 121394.87
663 121640.92
664 121204.85
665 121523.86
666 121930.84
667 120960.00
668 120936.87
669 121577.98
670 121521.95
671 121325.97
672 120752.10
673 120958.09
674 121573.93
675 121083.02
676 121315.96
677 121711.97
678 120924.95
679 121250.87
680 121315.00
681 121378.90
682 121648.07
683 121924.88
684 121120.93
685 121619.94
686 121234.18
687 121237.99
688 121451.85
689 121335.98
690 121278.05
691 120851.99
692 121424.91
693 121656.89
694 121811.87
695 121027.95
696 121453.05
697 121450.19
698 121423.96
699 120955.94
700 121603.01
701 121044.87
702 121579.17
703 121311.90
704 121549.13
705 121213.91
706 121089.94
707 121099.95
708 120714.90
709 121296.17
710 121492.15
711 121889.83
712 121279.95
713 121196.03
714 121328.12
715 121505.98
716 121423.01
717 121140.00
718 121671.92
719 121449.95
720 121124.98
721 121259.93
722 121460.20
723 120853.90
724 121203.90
725 121434.93
726 121469.02
727 121726.99
728 121350.05
729 121819.97
730 121032.00
731 121243.95
732 121337.89
733 121541.02
734 121236.80
735 121479.03
736 121730.09
737 120708.94
738 121346.00
739 121011.02
740 121310.95
741 121501.92
742 121392.01
743 121365.07
744 121630.91
745 121164.08
746 121298.07
747 121514.08
748 121242.05
749 121151.92
750 121155.98
751 121106.86
752 121500.02
753 121113.06
754 121471.17
755 121642.11
756 120975.97
757 121335.98
758 121166.94
759 121455.91
760 121150.97
761 121580.84
762 121147.87
763 121507.88
764 121694.09
765 121669.05
766 122065.07
767 120969.06
768 121253.97
769 121087.79
770 121258.02
771 121512.89
772 121272.09
773 121256.83
774 121310.00
775 121068.00
776 121377.94
777 121263.98
778 121174.10
779 121062.99
780 121609.93
781 121701.96
782 121260.17
783 121657.13
784 121299.03
785 121258.02
786 121059.89
787 121466.88
788 121032.95
789 121230.13
790 121315.96
791 121397.02
792 121181.96
793 121164.08
794 121456.15
795 121639.97
796 121390.82
797 121011.97
798 121355.06
799 121205.09
800 121024.85
801 121382.00
802 121438.03
803 121239.90
804 121808.05
805 120985.98
806 121542.93
807 121352.20
808 121255.87
809 121491.91
810 121441.84
811 121322.87
812 121881.96
813 121104.96
814 121724.84
815 121416.81
816 121368.17
817 121533.16
818 121550.08
819 121338.84
820 121436.12
821 121242.05
822 121453.05
823 121582.98
824 121257.07
825 121287.11
826 121358.16
827 120864.15
828 121111.87
829 121585.85
830 120859.86
831 121435.88
832 121269.94
833 121394.87
834 121700.05
835 121396.06
836 121430.87
837 121649.03
838 120848.89
839 121387.00
840 121731.04
841 121314.05
842 121175.05
843 121514.08
844 121465.92
845 121236.09
846 121343.85
847 121611.83
848 121033.19
849 121273.04
850 121371.98
851 121698.14
852 121109.01
853 121222.97
854 121469.97
855 121523.14
856 121038.20
857 121141.91
858 121237.04
859 121165.99
860 121392.01
861 121058.94
862 121327.88
863 121328.12
864 121540.07
865 121370.79
866 121023.18
867 121191.02
868 121126.89
869 121562.96
870 121165.04
871 121236.09
872 121222.97
873 121528.15
874 121819.02
875 121393.20
876 121439.93
877 121317.15
878 122020.01
879 121851.21
880 121160.98
881 120999.10
882 121046.07
883 121629.00
884 121196.03
885 121192.22
886 121651.89
887 121594.91
888 121688.13
889 121283.77
890 121471.17
891 121521.00
892 121240.85
893 121503.11
894 121153.83
895 121053.93
896 120939.02
897 121308.80
898 121649.98
899 121551.99
900 121016.98
901 121542.93
902 121128.08
903 121636.87
904 121151.92
905 121039.15
906 121205.09
907 121272.09
908 121478.08
909 121156.22
910 121252.06
911 121535.06
912 121310.00
913 121243.00
914 120797.16
915 121551.04
916 121438.98
917 121124.03
918 121295.93
919 121454.95
920 121182.92
921 121304.99
922 121330.98
923 121580.12
924 121469.02
925 122113.94
926 122133.97
927 121542.93
928 121253.97
929 121090.89
930 121288.06
931 121043.21
932 121308.80
933 121747.02
934 121160.03
935 121081.11
936 121469.02
937 121096.13
938 121616.13
939 121312.14
940 121551.99
941 121281.15
942 121467.11
943 121909.14
944 121340.99
945 121169.09
946 120908.98
947 121593.95
948 121324.06
949 121072.05
950 121463.06
951 121598.01
952 121682.88
953 121494.05
954 120844.13
955 121014.12
956 121511.94
957 120999.10
958 121474.98
959 121110.92
960 121397.97
961 121639.97
962 121192.93
963 120893.00
964 121569.16
965 121352.20
966 121680.02
967 121234.18
968 121169.09
969 121479.99
970 121371.03
971 121304.99
972 121254.92
973 121891.98
974 121865.03
975 121593.00
976 121435.17
977 120939.97
978 121243.00
979 121412.04
980 121757.98
981 120958.81
982 121072.05
983 121624.95
984 121464.01
985 121331.93
986 121227.03
987 121320.01
988 121145.96
989 120820.05
990 120836.97
991 121083.02
992 121536.02
993 121620.18
994 121387.96
995 121415.85
996 121598.96
997 121114.97
998 120993.14
999 120857.00
1000 121260.17
1001 120787.14
1002 121524.10
1003 121102.09
1004 120903.97
1005 121075.15
1006 121294.02
1007 120811.94
1008 121246.10
1009 121160.98
1010 120790.96
1011 121350.05
1012 120728.02
1013 121053.93
1014 121228.93
1015 120905.88
1016 121269.94
1017 121379.14
1018 121026.04
1019 121136.90
1020 120779.99
1021 121773.96
1022 120868.21
1023 120887.99
1024 121721.03
1025 121346.95
1026 121048.93
1027 120921.85
1028 121143.10
1029 120785.95
1030 120831.01
1031 121573.93
1032 121345.04
1033 120893.96
1034 121434.93
1035 120913.03
1036 121084.21
1037 120934.01
1038 120894.91
1039 121047.97
1040 121037.01
1041 121067.05
1042 121031.05
1043 120976.92
1044 121652.13
1045 121280.91
1046 120978.12
1047 121094.94
1048 121223.93
1049 121202.95
1050 120986.94
1051 121306.90
1052 121083.97
1053 120991.95
1054 121280.19
1055 121125.94
1056 120666.98
1057 120666.03
1058 120817.18
1059 121212.96
1060 120903.02
1061 121026.04
1062 120734.93
1063 120917.80
1064 120948.08
1065 120828.87
1066 120934.01
1067 120839.12
1068 120898.96
1069 120821.00
1070 120767.12
1071 121334.79
1072 121228.93
1073 120748.04
1074 121279.00
1075 121159.08
1076 120904.92
1077 120877.98
1078 120905.88
1079 120998.86
1080 120982.89
1081 121011.02
1082 121009.11
1083 120951.18
1084 120998.86
1085 121015.07
1086 121026.04
1087 121010.07
1088 121016.03
1089 120990.99
1090 121004.10
1091 121018.89
1092 121015.07
1093 121021.99
1094 121003.87
1095 121002.91
1096 121014.12
1097 121007.92
1098 121015.07
1099 120978.83
1100 120991.95
1101 121011.97
1102 121024.13
1103 121006.97
1104 120991.95
1105 121011.02
1106 121012.21
1107 120991.95
1108 121019.12
1109 120979.07
1110 120979.07
1111 121007.92
1112 120958.09
1113 121016.98
1114 121025.09
1115 120991.95
1116 121004.10
1117 121008.87
1118 121019.84
1119 121013.16
1120 120991.95
1121 121016.98
1122 121009.11
1123 120965.00
1124 121013.16
1125 121008.16
1126 121052.98
1127 121008.87
1128 121018.89
1129 121006.01
1130 121002.91
1131 121012.93
1132 120959.04
1133 120998.14
1134 121001.01
1135 120995.04
1136 121008.16
1137 121011.02
1138 121012.93
1139 121002.91
1140 121007.92
1141 121013.88
1142 121006.97
1143 120922.09
1144 120990.04
1145 120988.13
1146 121000.05
1147 121016.03
1148 121019.12
1149 121015.07
1150 121004.10
1151 121011.97
1152 120965.00
1153 121024.85
1154 121013.16
1155 121021.03
1156 120995.04
1157 121003.15
1158 121016.98
1159 121016.98
1160 121011.02
1161 121022.94
1162 121003.87
1163 120947.84
1164 121011.97
1165 121020.08
1166 121022.94
1167 120989.08
1168 120999.10
1169 121020.79
1170 120972.16
1171 121001.01
1172 121007.92
1173 121004.10
1174 121019.12
1175 121026.99
1176 120991.95
1177 120918.99
1178 121016.98
1179 121017.22
1180 121017.93
1181 121001.96
1182 121006.97
1183 120996.95
1184 121046.78
1185 121006.01
1186 121009.11
1187 120998.86
1188 120997.19
1189 120993.85
1190 120966.91
1191 121009.83
1192 121014.12
1193 120982.89
1194 120991.95
1195 121021.03
1196 121019.12
1197 121021.99
1198 121018.89
1199 121080.16
