1200
0 121247.05
1 121158.12
2 121135.00
3 121107.10
4 121079.92
5 121121.17
6 121132.85
7 121124.98
8 121149.06
9 121142.15
10 121138.81
11 121143.10
12 121148.11
13 121073.96
14 121114.02
15 121124.98
16 121129.99
17 121127.13
18 121121.88
19 121136.90
20 121188.88
21 121147.87
22 121101.86
23 121121.17
24 121129.99
25 121135.95
26 121133.09
27 121135.95
28 121139.05
29 121135.00
30 121144.06
31 121138.10
32 121059.89
33 121114.02
34 121136.90
35 121128.08
36 121048.93
37 121128.08
38 121129.04
39 121130.94
40 121133.09
41 121139.05
42 121132.85
43 120928.05
44 121129.99
45 121121.17
46 121138.81
47 121107.82
48 121068.00
49 121129.04
50 121059.89
51 121136.90
52 121124.98
53 121136.90
54 121097.09
55 121139.05
56 121107.10
57 121136.90
58 121062.99
59 121096.85
60 121141.20
61 121110.20
62 121088.03
63 121076.11
64 121146.92
65 121136.90
66 121109.96
67 121103.05
68 121124.98
69 121129.99
70 121140.00
71 121150.02
72 121051.07
73 121083.97
74 121086.84
75 121123.08
76 121130.94
77 121136.90
78 121082.07
79 121124.03
80 121140.00
81 121056.08
82 121109.96
83 121134.04
84 121124.98
85 121131.90
86 121127.13
87 121135.00
88 121131.18
89 121098.04
90 121112.11
91 121129.04
92 121129.04
93 121140.96
94 121096.13
95 121144.06
96 120990.04
97 121038.91
98 121042.97
99 120981.93
100 120973.11
101 120958.09
102 120912.08
103 122584.10
104 121732.00
105 122482.06
106 121299.03
107 122638.94
108 121064.90
109 121744.16
110 123201.13
111 122258.19
112 122187.85
113 123863.94
114 124760.15
115 123794.79
116 125298.02
117 125447.03
118 125133.99
119 123562.10
120 123751.88
121 123694.90
122 125219.11
123 123952.87
124 124490.98
125 125237.94
126 124625.92
127 126341.10
128 124773.03
129 125439.17
130 125329.97
131 125399.83
132 125348.09
133 125356.91
134 125349.04
135 126008.99
136 125362.87
137 126003.98
138 125248.91
139 124717.95
140 124737.98
141 124534.13
142 125268.94
143 127506.02
144 125045.06
145 126224.99
146 126909.97
147 125936.99
148 127460.96
149 124853.85
150 125898.12
151 126656.06
152 124860.05
153 124886.99
154 125642.06
155 125735.04
156 126433.13
157 125529.05
158 125437.97
159 124051.09
160 124828.10
161 126266.00
162 125401.97
163 125370.98
164 124432.09
165 125494.00
166 125634.91
167 124511.00
168 126938.82
169 126021.15
170 124394.89
171 126028.06
172 127033.95
173 124454.02
174 124238.97
175 125034.81
176 124215.84
177 124100.92
178 126596.93
179 123195.17
180 123297.93
181 124930.14
182 124248.03
183 125027.89
184 125991.11
185 126039.98
186 124948.98
187 126762.87
188 124154.09
189 124035.84
190 123837.95
191 124598.98
192 123630.05
193 124752.04
194 124613.05
195 126046.18
196 125339.98
197 124061.11
198 125479.22
199 124598.03
200 124540.09
201 126063.11
202 124683.86
203 122952.94
204 124568.94
205 124397.04
206 125316.86
207 124520.06
208 124377.01
209 124269.96
210 124737.98
211 124930.86
212 127544.16
213 123883.01
214 123992.20
215 124784.95
216 123994.11
217 124717.00
218 124585.15
219 124599.93
220 126921.89
221 124356.03
222 126219.99
223 123638.15
224 123574.97
225 123464.11
226 124239.92
227 123482.94
228 124868.87
229 123378.04
230 123905.90
231 124703.17
232 124872.92
233 124673.84
234 125566.96
235 124935.87
236 123960.97
237 124815.94
238 124622.11
239 124699.12
240 125021.93
241 124953.99
242 124089.00
243 125000.00
244 124084.00
245 124984.98
246 124195.10
247 124190.09
248 123448.13
249 123656.03
250 124326.94
251 123584.03
252 123558.04
253 125109.91
254 125018.12
255 124872.92
256 123488.19
257 124264.00
258 122540.00
259 124255.18
260 124132.16
261 124289.04
262 123979.09
263 124233.96
264 123718.02
265 125202.89
266 123697.04
267 125029.09
268 124269.96
269 124929.90
270 124754.91
271 124362.95
272 123389.01
273 123656.03
274 125279.90
275 126034.02
276 123584.03
277 123716.83
278 124422.07
279 123874.19
280 124975.92
281 122899.06
282 124391.08
283 124078.04
284 123359.92
285 124186.99
286 124354.12
287 125153.06
288 124912.98
289 124186.99
290 124876.98
291 124197.96
292 123133.90
293 123068.09
294 123152.97
295 123806.00
296 124504.09
297 125571.01
298 124982.12
299 123675.11
300 125153.06
301 123553.04
302 124484.06
303 123646.02
304 125360.01
305 123723.03
306 123923.06
307 124526.98
308 124754.91
309 124496.94
310 123688.94
311 123601.91
312 123732.09
313 123965.02
314 125195.98
315 125206.95
316 124350.07
317 124683.86
318 123802.19
319 124819.04
320 124675.04
321 124698.16
322 124550.82
323 123718.98
324 125321.15
325 125321.87
326 124598.98
327 123573.06
328 125251.05
329 125304.94
330 125264.17
331 124356.03
332 124603.99
333 124495.03
334 125171.90
335 123503.21
336 123636.01
337 124586.11
338 125293.02
339 123394.97
340 124160.05
341 124344.11
342 123969.08
343 124010.09
344 123954.06
345 123962.16
346 124790.91
347 123912.10
348 123430.97
349 123474.84
350 124876.02
351 123489.86
352 124406.10
353 124379.16
354 126934.05
355 123673.92
356 123720.88
357 125156.16
358 124457.84
359 123459.82
360 123513.94
361 123462.92
362 123569.97
363 123754.02
364 123836.99
365 123498.92
366 122850.89
367 123031.85
368 123244.05
369 123236.89
370 123388.05
371 123884.92
372 123352.05
373 123878.96
374 123790.98
375 123991.97
376 123320.10
377 123690.84
378 123368.98
379 123329.88
380 123132.94
381 123295.07
382 123749.02
383 124163.87
384 124120.00
385 124161.96
386 124078.04
387 123995.07
388 123439.07
389 123292.92
390 123184.92
391 123347.04
392 123903.99
393 123622.89
394 123363.97
395 124138.12
396 123687.98
397 124284.03
398 123649.84
399 122869.97
400 123578.07
401 122879.03
402 123110.06
403 123214.96
404 123322.96
405 123856.07
406 124191.05
407 123884.92
408 123358.01
409 123854.88
410 123449.09
411 123894.93
412 123177.77
413 123030.19
414 123692.04
415 123455.05
416 123698.00
417 123797.89
418 123169.90
419 124005.08
420 123537.06
421 123071.91
422 123306.04
423 123844.86
424 123207.09
425 123262.17
426 123129.13
427 123929.98
428 123797.89
429 124212.98
430 123939.99
431 123763.80
432 122708.08
433 124298.10
434 123147.01
435 123539.92
436 122999.91
437 123775.96
438 123655.08
439 123427.15
440 123734.00
441 124491.93
442 123524.90
443 124007.94
444 123370.17
445 123376.13
446 123671.05
447 122582.20
448 123400.93
449 123607.87
450 123597.86
451 123719.93
452 123761.89
453 124381.07
454 123507.02
455 123528.00
456 123769.04
457 124021.05
458 123234.99
459 123641.01
460 123719.93
461 123680.11
462 123773.81
463 123524.90
464 124015.09
465 123887.06
466 123753.07
467 123334.88
468 123334.88
469 123757.12
470 123570.92
471 123543.02
472 123789.07
473 123795.03
474 123356.10
475 122827.05
476 123502.02
477 123887.06
478 123301.98
479 123084.07
480 123356.10
481 123158.93
482 123840.09
483 123934.03
484 123905.90
485 124232.05
486 123823.88
487 124326.94
488 123396.87
489 123249.05
490 123203.04
491 123237.85
492 123420.00
493 123590.95
494 124055.86
495 123905.90
496 123989.11
497 123806.95
498 123955.01
499 123827.93
500 123713.97
501 123728.99
502 123388.05
503 123068.09
504 123282.91
505 123504.88
506 123566.15
507 123661.04
508 123775.01
509 124190.09
510 123517.04
511 123903.99
512 123288.87
513 123188.02
514 123294.12
515 123284.82
516 124142.17
517 123860.12
518 123800.99
519 123415.95
520 123150.11
521 123181.10
522 122982.03
523 123263.12
524 123564.96
525 123582.12
526 123161.08
527 123764.04
528 123819.83
529 123969.08
530 123895.88
531 123520.85
532 123147.01
533 123420.95
534 123481.99
535 123866.08
536 124001.98
537 122148.99
538 123866.08
539 124612.09
540 125037.91
541 124307.16
542 123327.02
543 124026.06
544 124227.05
545 124550.10
546 124729.16
547 124615.91
548 124633.07
549 124430.89
550 123681.07
551 124073.03
552 124057.05
553 123883.01
554 124169.11
555 124561.07
556 124391.08
557 122956.04
558 123253.82
559 122467.99
560 122734.07
561 123057.13
562 122964.86
563 121042.97
564 121515.04
565 120939.02
566 120803.12
567 121129.04
568 120946.88
569 121041.06
570 121079.92
571 120926.86
572 121160.03
573 120833.87
574 121165.99
575 121302.13
576 120960.95
577 121128.08
578 120817.18
579 120791.91
580 120692.01
581 120731.12
582 121062.99
583 120954.99
584 120739.94
585 121043.92
586 120681.05
587 120666.03
588 120787.86
589 121203.90
590 120723.01
591 120934.96
592 120846.99
593 121383.91
594 120948.79
595 120894.91
596 120628.83
597 120894.91
598 121104.96
599 121044.87
600 120782.85
601 120856.05
602 120908.02
603 120767.12
604 120893.96
605 120928.05
606 120758.77
607 120782.85
608 121040.11
609 121057.03
610 120720.15
611 121196.03
612 120764.02
613 120835.07
614 121068.00
615 121197.94
616 120712.04
617 120643.14
618 121165.99
619 120846.99
620 120767.83
621 120819.09
622 121041.06
623 121145.96
624 121083.97
625 120790.00
626 120820.05
627 120913.03
628 120805.98
629 121048.93
630 120769.98
631 120853.90
632 120934.96
633 121092.08
634 120939.02
635 120970.96
636 120946.88
637 120969.06
638 120717.05
639 120987.89
640 120824.81
641 120795.97
642 120820.05
643 121039.87
644 121289.97
645 121183.87
646 121188.88
647 121061.09
648 121364.12
649 121909.86
650 121026.99
651 120929.00
652 121089.94
653 121274.95
654 121009.11
655 121053.22
656 121080.16
657 121017.93
658 121108.06
659 121050.83
660 120675.09
661 120804.07
662 120957.14
663 120774.98
664 121083.97
665 120879.17
666 120887.99
667 120846.99
668 121122.12
669 120795.97
670 120749.00
671 121218.92
672 121049.17
673 120815.04
674 120728.97
675 121027.95
676 121279.00
677 120732.78
678 120976.92
679 120908.98
680 121210.81
681 121072.05
682 120861.05
683 121008.16
684 120831.97
685 120726.11
686 120649.10
687 121368.89
688 120896.82
689 121089.94
690 120944.02
691 120915.89
692 120779.04
693 121001.01
694 120760.92
695 121116.88
696 120823.14
697 120971.20
698 121096.13
699 120790.96
700 120998.86
701 121036.05
702 120929.96
703 120693.92
704 120882.03
705 121407.03
706 120962.86
707 120723.96
708 120852.95
709 120764.02
710 120770.93
711 120902.06
712 120838.17
713 121367.22
714 121326.92
715 121239.90
716 121315.96
717 121258.02
718 121046.07
719 121149.06
720 120862.96
721 120996.95
722 121055.13
723 120921.85
724 120796.92
725 120985.03
726 120853.90
727 120913.03
728 120821.95
729 120913.98
730 120887.04
731 121289.01
732 121236.80
733 120893.00
734 121007.92
735 121055.84
736 120854.85
737 120867.97
738 120760.20
739 120980.98
740 120801.93
741 120792.87
742 120915.89
743 120962.86
744 120950.94
745 121797.08
746 120733.98
747 120922.09
748 121114.02
749 121007.92
750 120903.97
751 121088.98
752 120755.91
753 120852.95
754 121434.93
755 120893.96
756 121644.97
757 120814.09
758 120982.89
759 120885.13
760 120861.05
761 120729.21
762 121115.92
763 121136.90
764 120919.94
765 121282.10
766 120945.93
767 121366.98
768 120863.20
769 121828.79
770 120960.00
771 120809.08
772 121238.95
773 121570.83
774 121202.95
775 120882.99
776 121205.09
777 120871.07
778 121105.91
779 120794.06
780 121394.16
781 121075.87
782 120970.96
783 120908.02
784 121037.96
785 121261.84
786 120781.90
787 120918.04
788 121521.95
789 120806.93
790 120979.07
791 120901.11
792 121139.05
793 121105.91
794 120775.94
795 120747.09
796 120800.97
797 120927.81
798 120854.85
799 121384.86
800 121200.08
801 121117.12
802 120983.12
803 120980.02
804 121829.03
805 120998.86
806 121163.85
807 120771.88
808 121045.83
809 120821.95
810 120862.01
811 120733.02
812 121053.93
813 121038.20
814 121241.09
815 121105.91
816 121108.06
817 120711.80
818 120816.23
819 121191.98
820 121412.99
821 120847.94
822 120717.05
823 121132.85
824 121077.06
825 120992.90
826 120937.82
827 121136.90
828 121652.84
829 121361.97
830 120890.14
831 121252.06
832 121265.89
833 120920.90
834 120933.06
835 120895.86
836 120763.06
837 120887.99
838 120823.86
839 121213.91
840 120914.94
841 120852.95
842 121024.85
843 121202.95
844 120971.92
845 121309.04
846 121237.04
847 120839.12
848 121312.86
849 120883.94
850 121427.77
851 120778.08
852 120889.19
853 121171.95
854 121132.85
855 121181.96
856 121057.03
857 120861.05
858 120981.93
859 120955.94
860 120836.97
861 120857.00
862 120875.12
863 121122.84
864 120847.94
865 120981.93
866 120991.95
867 121022.94
868 120677.95
869 120941.16
870 120746.85
871 120723.01
872 121078.01
873 121129.04
874 120945.93
875 121119.98
876 121077.06
877 120756.15
878 120812.89
879 121048.93
880 120932.82
881 120936.87
882 120893.00
883 120772.12
884 120912.08
885 120903.97
886 121403.93
887 120800.97
888 120858.91
889 120985.03
890 120944.02
891 120974.06
892 120988.13
893 121251.82
894 121196.03
895 121310.95
896 120838.88
897 120974.06
898 120872.97
899 120828.87
900 121111.15
901 120870.83
902 120815.04
903 120720.86
904 120794.06
905 121001.96
906 121140.00
907 120844.84
908 121026.04
909 120840.07
910 120801.93
911 120929.96
912 121150.02
913 121066.09
914 120738.98
915 121083.97
916 120970.01
917 120898.01
918 120898.96
919 120874.88
920 120758.06
921 120953.08
922 120976.92
923 120945.93
924 120848.89
925 120818.14
926 121032.00
927 120866.06
928 120882.03
929 120933.06
930 121076.11
931 120651.96
932 121260.17
933 120702.03
934 120845.08
935 121503.11
936 120960.00
937 120948.08
938 120959.04
939 120929.96
940 120935.20
941 120728.97
942 121068.95
943 120947.84
944 120861.05
945 120964.05
946 120954.99
947 120986.94
948 120671.03
949 120821.00
950 121023.89
951 120951.18
952 121057.99
953 121042.01
954 121047.97
955 121040.82
956 121052.98
957 121020.08
958 120939.02
959 121053.93
960 121060.13
961 121046.07
962 121052.03
963 121040.11
964 121046.07
965 121041.06
966 121042.01
967 120938.06
968 121039.87
969 121001.96
970 121039.87
971 121043.92
972 121101.86
973 121037.96
974 121057.03
975 121035.81
976 121050.12
977 121009.83
978 121043.21
979 121052.03
980 121051.07
981 121048.93
982 121041.06
983 121083.02
984 121038.91
985 121035.10
986 121035.10
987 121044.87
988 121042.97
989 121049.88
990 121040.11
991 120937.82
992 121060.13
993 121043.92
994 121037.96
995 121043.92
996 121051.07
997 121044.87
998 121046.07
999 121048.93
1000 121039.15
1001 121042.97
1002 121039.87
1003 121032.95
1004 121042.97
1005 121059.89
1006 121043.92
1007 121073.01
1008 120996.00
1009 121056.08
1010 121070.86
1011 121147.87
1012 121114.97
1013 121092.08
1014 121102.09
1015 121103.05
1016 121096.13
1017 121078.01
1018 121091.84
1019 121106.86
1020 121099.95
1021 121119.02
1022 121168.14
1023 121112.11
1024 121067.05
1025 121108.06
1026 121135.00
1027 121051.07
1028 121090.89
1029 121120.93
1030 121004.10
1031 121060.13
1032 121113.06
1033 120950.94
1034 121104.96
1035 121105.91
1036 121104.96
1037 121085.17
1038 121093.03
1039 121103.05
1040 121088.03
1041 121094.94
1042 121169.09
1043 121098.04
1044 121111.15
1045 121099.00
1046 121109.01
1047 121026.99
1048 121004.82
1049 121114.97
1050 121086.84
1051 121104.00
1052 121093.99
1053 121067.05
1054 121113.06
1055 121121.17
1056 121123.79
1057 121090.89
1058 121119.02
1059 121129.04
1060 121117.83
1061 121071.10
1062 121119.02
1063 121119.98
1064 121125.94
1065 121115.21
1066 121120.93
1067 121046.07
1068 121110.20
1069 121114.97
1070 121121.88
1071 121111.87
1072 121119.98
1073 121112.11
1074 121114.97
1075 121114.02
1076 121118.07
1077 121077.06
1078 121114.97
1079 121114.02
1080 121114.02
1081 121121.88
1082 121127.84
1083 121115.92
1084 121093.99
1085 121137.86
1086 121113.06
1087 121001.01
1088 121110.92
1089 121127.13
1090 121110.20
1091 121124.98
1092 121127.13
1093 121114.97
1094 121107.10
1095 121104.96
1096 121078.01
1097 121061.09
1098 121087.07
1099 121129.99
1100 121087.07
1101 121086.12
1102 121092.08
1103 121094.94
1104 121115.92
1105 121098.04
1106 121109.96
1107 121099.00
1108 121115.92
1109 121102.09
1110 121100.90
1111 121135.00
1112 121107.82
1113 121092.08
1114 121108.06
1115 121133.09
1116 121104.96
1117 121083.02
1118 121104.00
1119 121114.97
1120 121098.04
1121 121099.95
1122 121091.84
1123 121099.00
1124 121094.94
1125 121095.90
1126 121129.99
1127 121042.97
1128 121115.92
1129 121113.06
1130 121107.10
1131 121114.97
1132 121101.86
1133 121098.04
1134 121104.96
1135 121103.05
1136 121099.95
1137 121066.09
1138 121101.14
1139 121098.04
1140 121097.80
1141 121105.91
1142 121104.00
1143 121099.00
1144 121099.00
1145 121093.99
1146 121095.90
1147 121036.05
1148 121099.00
1149 121110.92
1150 120964.05
1151 121109.01
1152 121107.10
1153 121064.19
1154 121121.88
1155 121098.04
1156 121113.06
1157 121068.00
1158 121104.96
1159 121108.06
1160 121092.08
1161 121096.13
1162 121119.98
1163 121104.00
1164 121104.96
1165 121090.17
1166 121114.02
1167 121115.92
1168 121065.86
1169 121113.06
1170 121115.92
1171 121127.84
1172 121091.13
1173 121070.15
1174 121096.13
1175 121096.13
1176 121093.03
1177 121070.86
1178 121096.85
1179 121111.87
1180 121110.92
1181 121107.10
1182 121100.19
1183 121097.80
1184 121099.95
1185 121089.94
1186 121104.00
1187 121053.93
1188 121101.86
1189 121107.82
1190 121099.00
1191 121144.06
1192 121103.05
1193 121060.13
1194 121092.08
1195 121120.93
1196 121128.08
1197 121027.23
1198 121109.96
1199 121120.93
