1200
0 121274.95
1 121003.87
2 121038.91
3 121020.08
4 120981.93
5 121035.10
6 121021.99
7 121006.97
8 121026.99
9 120976.92
10 121022.94
11 120934.96
12 121003.15
13 121016.03
14 121001.01
15 121010.07
16 121023.89
17 121023.89
18 120951.89
19 121025.09
20 121013.88
21 120981.93
22 121006.97
23 121023.89
24 121016.03
25 121014.83
26 120991.95
27 121029.14
28 121008.16
29 121026.99
30 120952.84
31 120990.99
32 121006.01
33 121013.88
34 121009.11
35 121024.13
36 121023.89
37 121011.02
38 121010.07
39 121026.04
40 121023.89
41 121021.03
42 121034.15
43 121006.01
44 121012.93
45 121015.07
46 121026.99
47 121004.10
48 121025.09
49 121026.99
50 120990.99
51 120996.95
52 121012.93
53 121026.04
54 121026.99
55 121024.13
56 121027.95
57 121001.96
58 120936.16
59 121014.12
60 121026.99
61 120951.18
62 121042.01
63 121005.06
64 121007.92
65 121003.87
66 121040.11
67 120987.89
68 121021.03
69 121021.99
70 121029.85
71 121007.92
72 120862.96
73 120949.98
74 120949.98
75 120965.96
76 120961.90
77 120965.00
78 120940.21
79 120984.08
80 120970.01
81 120951.18
82 120963.10
83 120960.00
84 120934.96
85 120956.18
86 120946.17
87 120912.08
88 120950.94
89 120962.86
90 120967.86
91 120945.22
92 120897.05
93 120950.94
94 120960.95
95 120965.00
96 120985.03
97 120908.98
98 120993.14
99 120867.01
100 121083.02
101 120867.97
102 120934.01
103 121438.03
104 120945.93
105 121068.00
106 121918.92
107 122001.89
108 122760.06
109 121752.02
110 123377.08
111 121639.01
112 123310.09
113 122534.04
114 123326.06
115 123141.05
116 123089.79
117 124851.23
118 122125.86
119 124078.99
120 123040.91
121 122884.04
122 123688.94
123 122703.08
124 123358.01
125 122519.97
126 124094.96
127 122387.89
128 123260.97
129 123205.90
130 123022.08
131 123099.09
132 122752.19
133 122763.87
134 124546.05
135 122664.93
136 123528.00
137 123438.84
138 123239.04
139 123208.05
140 124038.93
141 123015.88
142 122411.01
143 124819.99
144 123003.01
145 123660.80
146 121932.98
147 124433.99
148 122668.03
149 122416.97
150 123315.10
151 122628.93
152 123147.01
153 125455.14
154 122784.85
155 122906.92
156 123635.05
157 123656.99
158 122679.95
159 123696.09
160 122339.01
161 122376.20
162 122894.05
163 123202.09
164 123171.09
165 122225.05
166 122719.05
167 122122.05
168 122212.17
169 124171.97
170 123574.02
171 123233.08
172 122617.01
173 124637.13
174 123734.00
175 125042.92
176 123502.02
177 124930.14
178 122411.97
179 123895.17
180 122932.20
181 123821.97
182 123165.85
183 122884.99
184 123631.00
185 123484.85
186 122593.88
187 122557.88
188 125027.18
189 123442.89
190 123425.96
191 123168.95
192 123728.99
193 123754.02
194 123658.90
195 123608.11
196 124208.21
197 123147.96
198 122952.94
199 122897.86
200 122765.06
201 122514.01
202 122420.79
203 122456.07
204 122387.17
205 122333.05
206 123075.96
207 122680.90
208 123580.93
209 122614.86
210 123413.09
211 123386.86
212 123322.96
213 122493.03
214 123213.05
215 122238.87
216 123664.14
217 122224.09
218 122662.07
219 122899.06
220 122704.98
221 122678.04
222 123362.06
223 122649.91
224 123203.04
225 124856.95
226 124655.01
227 123203.99
228 123147.96
229 122256.99
230 122409.11
231 122244.12
232 122187.85
233 122283.94
234 123003.96
235 124114.04
236 122350.93
237 122340.92
238 122421.98
239 123963.83
240 123089.08
241 123432.87
242 122442.96
243 125380.99
244 123654.84
245 123993.87
246 123757.12
247 123624.09
248 122905.02
249 123440.03
250 124283.08
251 123339.89
252 123489.86
253 122600.08
254 124029.16
255 123882.06
256 122136.12
257 121941.09
258 123957.87
259 123561.86
260 123571.87
261 124360.80
262 125175.00
263 123007.77
264 122827.05
265 122868.06
266 122915.03
267 123508.93
268 122792.01
269 123568.06
270 122600.08
271 122699.02
272 124179.12
273 122524.98
274 122365.00
275 123356.10
276 122412.92
277 122478.96
278 122488.98
279 122401.95
280 123903.04
281 123144.87
282 123954.06
283 124552.01
284 123790.03
285 122884.99
286 124873.88
287 124497.18
288 122867.82
289 122920.04
290 122639.89
291 125803.95
292 123351.10
293 122699.98
294 123315.10
295 123335.84
296 122781.04
297 122528.08
298 124109.98
299 123209.00
300 125061.99
301 122262.95
302 122345.92
303 124338.15
304 122728.82
305 122796.06
306 122620.82
307 123382.09
308 123416.90
309 124028.92
310 124224.90
311 123231.17
312 122139.93
313 124526.98
314 122046.95
315 122777.94
316 122776.03
317 122910.02
318 122678.04
319 122752.90
320 123678.92
321 122690.20
322 123507.02
323 122708.80
324 122793.91
325 123312.95
326 123296.02
327 122339.01
328 123173.95
329 121993.06
330 123051.17
331 122845.89
332 123950.96
333 123974.08
334 124618.05
335 123706.82
336 124532.94
337 123371.12
338 122909.07
339 122817.04
340 122610.09
341 124860.76
342 124114.04
343 123111.01
344 124939.92
345 123996.02
346 125491.86
347 123070.00
348 123873.00
349 122915.98
350 123749.02
351 122097.02
352 122876.88
353 122860.91
354 122636.08
355 124238.97
356 122745.04
357 122529.98
358 123317.00
359 122755.05
360 122013.09
361 122156.86
362 122189.04
363 122239.83
364 122308.02
365 122560.98
366 122190.95
367 122262.00
368 122509.00
369 122301.82
370 122843.98
371 123124.84
372 122698.07
373 122336.86
374 122576.00
375 123592.14
376 122006.18
377 122477.05
378 122480.15
379 122590.07
380 122869.97
381 122438.91
382 122416.97
383 122241.97
384 122674.94
385 122135.16
386 122786.05
387 122601.99
388 122576.00
389 122095.11
390 122421.98
391 122502.09
392 122797.01
393 122150.90
394 122478.96
395 122633.93
396 122590.07
397 122394.08
398 122267.01
399 122277.98
400 122572.90
401 122597.93
402 122399.09
403 122486.11
404 122322.08
405 122819.90
406 122669.94
407 122426.99
408 123226.17
409 122733.12
410 122585.06
411 122716.19
412 122572.90
413 122332.10
414 122483.97
415 122283.94
416 122106.08
417 122639.18
418 123041.15
419 122365.95
420 122926.00
421 122488.98
422 122420.07
423 122234.82
424 122781.04
425 122586.97
426 122462.03
427 123296.02
428 122820.14
429 122151.14
430 122898.10
431 122498.04
432 122262.00
433 122050.05
434 122107.98
435 122682.09
436 122555.97
437 122700.93
438 122977.02
439 122521.16
440 122435.09
441 122701.88
442 122545.00
443 122219.09
444 122269.15
445 122011.18
446 122363.09
447 122390.99
448 122253.89
449 122874.98
450 123166.08
451 122509.96
452 122639.89
453 122879.98
454 122220.99
455 122373.10
456 122093.20
457 122515.20
458 122115.14
459 122732.88
460 122843.98
461 122584.10
462 122484.92
463 122483.02
464 122069.84
465 122617.01
466 122473.00
467 122488.98
468 122207.16
469 122779.85
470 122396.95
471 122622.97
472 123001.81
473 122498.99
474 122826.10
475 122601.03
476 122051.00
477 122600.79
478 122331.14
479 122390.03
480 122380.97
481 122728.11
482 122491.84
483 122293.95
484 122097.02
485 121979.95
486 122478.01
487 122450.83
488 122006.89
489 122110.84
490 122411.97
491 122320.89
492 122617.01
493 122186.90
494 122480.87
495 122303.01
496 122639.18
497 122905.97
498 122361.18
499 122831.82
500 123332.98
501 121959.92
502 122255.09
503 122592.93
504 122517.82
505 122218.13
506 122822.05
507 122405.05
508 122537.85
509 122586.01
510 122660.16
511 122716.19
512 122275.83
513 122219.09
514 122359.99
515 122637.03
516 122543.10
517 122222.90
518 122838.97
519 122895.00
520 122635.13
521 122482.78
522 122330.90
523 122904.06
524 122176.17
525 122259.86
526 122012.14
527 122216.94
528 122334.00
529 122329.95
530 122417.93
531 122528.08
532 122344.02
533 122436.05
534 122801.07
535 122498.99
536 122504.00
537 122497.08
538 122560.98
539 122556.92
540 122563.84
541 122308.02
542 122422.93
543 122928.86
544 122601.99
545 122279.88
546 122352.12
547 122817.04
548 122467.04
549 122300.86
550 123106.00
551 123131.04
552 122879.03
553 123242.86
554 122448.92
555 122136.83
556 122456.07
557 122545.00
558 122493.98
559 122510.91
560 122143.03
561 122621.06
562 122787.00
563 120923.04
564 121137.14
565 121025.09
566 120955.94
567 121256.83
568 120819.09
569 120863.91
570 120958.81
571 121562.00
572 120695.11
573 121120.93
574 121039.87
575 120915.17
576 120845.08
577 121152.16
578 121232.99
579 120732.07
580 121153.83
581 121063.95
582 120970.96
583 120986.94
584 121028.90
585 120774.98
586 121078.01
587 121035.10
588 121090.17
589 121142.15
590 121080.16
591 120848.18
592 121026.04
593 120893.00
594 121025.09
595 121116.16
596 121301.17
597 121010.07
598 121013.88
599 121212.01
600 120956.90
601 120987.89
602 121291.88
603 121258.02
604 121039.87
605 121206.05
606 121297.12
607 120942.12
608 120913.98
609 121003.87
610 121315.00
611 120824.10
612 120754.00
613 120798.83
614 121021.03
615 121090.89
616 121008.87
617 120674.85
618 121061.80
619 121029.85
620 121013.88
621 121001.96
622 120894.91
623 121129.99
624 121272.09
625 121102.09
626 120851.99
627 121188.16
628 121196.99
629 121039.87
630 120975.02
631 121191.02
632 121513.84
633 120898.96
634 121013.16
635 121078.01
636 121137.86
637 121090.17
638 121322.15
639 120810.99
640 120647.91
641 120757.82
642 120803.12
643 121304.04
644 121048.93
645 120975.97
646 120776.89
647 121266.13
648 121095.90
649 120999.10
650 120810.99
651 120842.93
652 121033.91
653 121649.03
654 120805.03
655 120821.00
656 121082.07
657 120978.83
658 121120.93
659 120907.07
660 120828.15
661 120769.98
662 120913.98
663 120922.09
664 120983.84
665 121157.88
666 121186.97
667 121418.00
668 120978.12
669 120764.97
670 121001.96
671 121271.85
672 121050.83
673 121034.86
674 120929.96
675 121165.04
676 121099.00
677 121037.96
678 121699.09
679 121125.94
680 121069.91
681 121083.02
682 121003.87
683 120885.85
684 121113.06
685 121114.97
686 121272.09
687 121232.99
688 120880.13
689 120985.98
690 121171.00
691 120935.20
692 120710.85
693 120912.08
694 120960.00
695 120883.94
696 120908.98
697 121052.03
698 120889.90
699 121245.15
700 121053.93
701 120943.07
702 121099.00
703 121362.92
704 120776.89
705 121105.19
706 121158.84
707 121821.17
708 120995.04
709 121009.11
710 121268.99
711 121157.88
712 121023.89
713 120947.12
714 121423.96
715 120960.00
716 121247.05
717 120990.04
718 120985.98
719 121068.00
720 120893.96
721 121284.01
722 121561.05
723 121222.02
724 121131.90
725 121007.92
726 121449.95
727 120961.90
728 121006.01
729 121045.83
730 121047.97
731 121147.87
732 120787.86
733 121221.07
734 121150.97
735 120912.08
736 120712.04
737 121057.03
738 120901.82
739 120852.95
740 120856.05
741 120994.81
742 120915.89
743 120946.88
744 121217.01
745 121310.95
746 121014.83
747 121237.04
748 120985.03
749 120782.85
750 120837.93
751 120840.07
752 120908.98
753 121051.07
754 121002.91
755 121080.88
756 121130.94
757 120942.12
758 121163.85
759 121093.99
760 121029.85
761 121198.89
762 121154.07
763 120773.79
764 121110.20
765 121341.94
766 120989.08
767 120972.16
768 120935.92
769 121494.05
770 121026.04
771 121006.01
772 121115.92
773 120860.82
774 121212.01
775 121208.19
776 120790.96
777 121066.09
778 121279.00
779 120792.87
780 120644.09
781 121486.19
782 120974.06
783 120924.00
784 120942.83
785 120995.04
786 120799.06
787 120795.97
788 120985.98
789 120928.05
790 121113.06
791 121002.20
792 121267.80
793 120919.94
794 121092.80
795 121402.03
796 120965.00
797 121103.05
798 120819.09
799 120964.05
800 121183.16
801 120857.95
802 121292.11
803 120863.91
804 121156.93
805 121098.04
806 120992.90
807 121020.08
808 120864.87
809 120841.98
810 121152.16
811 121016.03
812 120811.94
813 120902.06
814 120927.10
815 120923.04
816 120966.91
817 121208.91
818 120823.86
819 121284.96
820 120817.90
821 121114.97
822 121237.99
823 121072.05
824 120831.97
825 121327.16
826 121741.06
827 120895.15
828 120898.96
829 121128.08
830 120973.11
831 120939.97
832 121034.15
833 121059.18
834 120847.23
835 120865.11
836 120959.04
837 120950.94
838 121119.98
839 121079.92
840 121284.01
841 120792.15
842 121106.15
843 121003.15
844 120959.04
845 121057.99
846 121150.02
847 120965.00
848 121000.05
849 120875.12
850 120793.10
851 120957.14
852 121079.92
853 121253.97
854 120963.10
855 120908.98
856 120712.04
857 121124.03
858 121371.03
859 120918.99
860 120877.98
861 121224.16
862 121187.93
863 121008.87
864 120925.90
865 121102.09
866 121032.00
867 120950.94
868 121098.04
869 121173.14
870 120779.99
871 121232.99
872 120850.09
873 120823.14
874 120867.97
875 121166.94
876 120870.83
877 120824.10
878 121197.94
879 121367.93
880 120755.91
881 121083.97
882 120876.07
883 121231.08
884 120899.92
885 120940.92
886 121197.94
887 121227.98
888 120898.01
889 121037.96
890 121248.01
891 120978.12
892 121115.92
893 121056.08
894 120972.16
895 121083.02
896 120691.06
897 121207.95
898 120934.01
899 121237.99
900 120877.98
901 120887.04
902 121042.97
903 120832.92
904 120830.06
905 121105.91
906 121036.05
907 120931.15
908 120986.94
909 120879.17
910 120862.96
911 120836.02
912 121047.02
913 120875.12
914 121011.97
915 120924.95
916 121107.10
917 120935.92
918 121315.96
919 120922.09
920 120735.17
921 121243.95
922 120940.21
923 121235.13
924 121160.98
925 120798.11
926 121397.02
927 120954.04
928 120767.12
929 121620.89
930 121068.00
931 120988.13
932 121099.95
933 120951.18
934 121112.11
935 120898.96
936 120910.17
937 121173.86
938 120870.11
939 121006.97
940 120806.93
941 121363.16
942 121153.83
943 120943.07
944 121043.92
945 120839.83
946 121256.83
947 120805.98
948 120854.14
949 120932.10
950 121021.03
951 121119.02
952 121124.98
953 121138.10
954 121137.86
955 121131.18
956 121117.12
957 121135.95
958 121139.05
959 121120.93
960 121134.04
961 121140.00
962 121135.00
963 121130.94
964 121119.02
965 121115.92
966 120975.02
967 121134.04
968 121063.95
969 121140.96
970 121161.94
971 121110.92
972 121126.89
973 121135.00
974 121135.00
975 121117.12
976 121139.05
977 121119.98
978 121121.88
979 121093.03
980 121133.09
981 121129.99
982 121024.85
983 121132.85
984 121062.99
985 121144.06
986 121061.80
987 121176.96
988 121117.83
989 121131.18
990 121132.14
991 121092.08
992 121095.90
993 121119.98
994 121129.04
995 121129.99
996 121135.95
997 121131.90
998 121139.05
999 121122.84
1000 121125.22
1001 121131.90
1002 121140.00
1003 121135.00
1004 121135.00
1005 121119.02
1006 121047.97
1007 121136.90
1008 121142.86
1009 121135.95
1010 121143.82
1011 121098.04
1012 121128.08
1013 121145.01
1014 121177.91
1015 121140.96
1016 121129.04
1017 121145.96
1018 121114.02
1019 121083.97
1020 121134.04
1021 121145.96
1022 121145.96
1023 121145.96
1024 121021.99
1025 121105.91
1026 121127.13
1027 121149.78
1028 121131.18
1029 121137.14
1030 121135.95
1031 121089.94
1032 121119.02
1033 121145.96
1034 121132.14
1035 121114.97
1036 121130.94
1037 121140.00
1038 121129.04
1039 121109.96
1040 121140.96
1041 121129.04
1042 121118.07
1043 121130.94
1044 121149.06
1045 121144.06
1046 121076.11
1047 121115.21
1048 121114.02
1049 121123.08
1050 121136.90
1051 121131.90
1052 121144.06
1053 121145.96
1054 121095.90
1055 121126.89
1056 121137.14
1057 121132.14
1058 121135.95
1059 121114.97
1060 121131.90
1061 121111.15
1062 121127.13
1063 121129.04
1064 121136.19
1065 121133.09
1066 121073.01
1067 121120.21
1068 121130.94
1069 121120.93
1070 121132.14
1071 121133.09
1072 121119.02
1073 121124.03
1074 121042.97
1075 121189.83
1076 121190.07
1077 121138.10
1078 121137.86
1079 121096.13
1080 121140.96
1081 121136.19
1082 121173.14
1083 121107.10
1084 121103.05
1085 121135.95
1086 121131.90
1087 121139.05
1088 121088.03
1089 121112.11
1090 121141.20
1091 121116.16
1092 121133.09
1093 121129.99
1094 121140.00
1095 121123.08
1096 121129.99
1097 121148.82
1098 121150.02
1099 121149.06
1100 121141.91
1101 121151.92
1102 121137.86
1103 121130.94
1104 121147.87
1105 121112.11
1106 121051.07
1107 121129.99
1108 121139.05
1109 121151.92
1110 121128.08
1111 121125.94
1112 121134.04
1113 121146.20
1114 121129.99
1115 121136.90
1116 121135.00
1117 121151.92
1118 121141.91
1119 121140.96
1120 121153.12
1121 121154.07
1122 121131.90
1123 121135.95
1124 121139.05
1125 121149.78
1126 121065.86
1127 121124.98
1128 121134.04
1129 121150.02
1130 121145.01
1131 121129.99
1132 121104.00
1133 121143.82
1134 121143.10
1135 121138.10
1136 121136.90
1137 121147.16
1138 121132.14
1139 121135.95
1140 121138.10
1141 121140.00
1142 121131.90
1143 121113.06
1144 121133.09
1145 121118.07
1146 121067.05
1147 121131.90
1148 121142.86
1149 121142.86
1150 121139.05
1151 121136.90
1152 121136.19
1153 121130.94
1154 121146.92
1155 121140.96
1156 121082.07
1157 121132.85
1158 121135.00
1159 121140.00
1160 121145.01
1161 121136.19
1162 121143.10
1163 121145.96
1164 121129.04
1165 121138.81
1166 121052.03
1167 121133.80
1168 121180.06
1169 121143.10
1170 121145.01
1171 121130.94
1172 121100.90
1173 121144.06
1174 121140.00
1175 121140.00
1176 121130.94
1177 121133.80
1178 121143.10
1179 121140.00
1180 121150.97
1181 121131.90
1182 121130.94
1183 121129.99
1184 121136.90
1185 121063.95
1186 120941.16
1187 121123.08
1188 121129.99
1189 121119.98
1190 121122.84
1191 121129.04
1192 121121.17
1193 121119.02
1194 121139.05
1195 121126.89
1196 121171.95
1197 121115.21
1198 121036.05
1199 121088.98
