350
0 121206.05
1 121171.95
2 121143.82
3 121196.03
4 121203.90
5 121183.87
6 121191.02
7 121198.89
8 121204.14
9 121184.11
10 121180.06
11 121208.91
12 121141.20
13 121181.96
14 121186.97
15 121173.86
16 121201.99
17 121181.96
18 121191.02
19 121192.93
20 121114.97
21 121114.02
22 121106.86
23 121099.95
24 121165.99
25 120979.07
26 121181.01
27 121149.06
28 121189.12
29 121176.00
30 121186.02
31 121187.93
32 121189.12
33 121202.95
34 121208.91
35 121202.95
36 121188.88
37 121204.85
38 121181.96
39 121188.16
40 121187.93
41 121183.16
42 121181.96
43 121189.12
44 121181.01
45 121206.05
46 121190.07
47 121189.12
48 121180.06
49 121182.92
50 121181.01
51 121181.01
52 121147.16
53 121191.02
54 121209.14
55 121132.85
56 121178.15
57 121143.82
58 121189.12
59 121186.97
60 121189.12
61 121176.00
62 121176.00
63 121172.90
64 121186.97
65 121183.87
66 121189.12
67 121207.95
68 121188.16
69 121187.93
70 121190.07
71 121188.16
72 121145.01
73 121181.96
74 121181.96
75 121176.00
76 121190.07
77 121205.09
78 121180.06
79 121181.01
80 121201.04
81 121179.10
82 121182.92
83 121188.88
84 121187.21
85 121189.12
86 121190.07
87 121201.99
88 121204.14
89 121186.97
90 121183.87
91 121176.00
92 121176.00
93 121181.96
94 121179.10
95 121183.87
96 121179.10
97 121137.86
98 121212.01
99 121212.96
100 121182.92
101 121123.08
102 121180.06
103 121179.10
104 121190.07
105 121187.93
106 121183.87
107 121198.18
108 121186.97
109 121191.02
110 121184.83
111 121187.93
112 121135.00
113 121179.82
114 121196.03
115 121184.83
116 121185.06
117 121188.88
118 121186.02
119 121183.87
120 121184.83
121 121188.88
122 121160.03
123 121176.00
124 121186.02
125 121186.02
126 121188.88
127 121207.00
128 121189.83
129 121181.96
130 121178.87
131 121181.01
132 121135.95
133 121201.99
134 121186.97
135 121187.93
136 121186.97
137 121186.02
138 121181.01
139 121184.11
140 121186.02
141 121188.88
142 121178.15
143 121179.10
144 121198.89
145 121212.01
146 121224.88
147 121186.97
148 121186.02
149 121184.11
150 121191.02
151 121191.02
152 121166.94
153 121171.95
154 121191.02
155 121180.06
156 121184.83
157 121204.14
158 121187.93
159 121186.02
160 121176.96
161 121186.97
162 121184.11
163 121187.93
164 121186.97
165 121189.83
166 121186.02
167 121184.83
168 121187.21
169 121178.87
170 121196.03
171 121197.94
172 121140.96
173 121170.04
174 121218.92
175 121186.02
176 121186.02
177 121176.96
178 121212.01
179 121103.05
180 121171.00
181 121012.21
182 121182.92
183 121155.98
184 121126.89
185 121179.82
186 121181.96
187 121189.12
188 121186.97
189 121190.07
190 121177.91
191 121201.04
192 121140.00
193 121146.92
194 121147.87
195 121176.96
196 121204.85
197 121181.96
198 121182.92
199 121181.96
200 121186.97
201 121185.78
202 121188.16
203 121184.83
204 121181.01
205 121181.96
206 121205.81
207 121173.86
208 121182.92
209 121196.03
210 121201.99
211 121226.07
212 121177.91
213 121181.96
214 121228.93
215 121208.91
216 121189.83
217 121182.92
218 121206.05
219 121202.23
220 121140.96
221 121183.87
222 121154.07
223 121191.02
224 121192.93
225 121185.06
226 121183.87
227 121136.90
228 121183.16
229 121186.02
230 121184.83
231 121212.01
232 121154.79
233 121176.96
234 121171.95
235 121181.96
236 121187.93
237 121181.01
238 121192.93
239 121168.85
240 121188.16
241 121186.97
242 121184.11
243 121187.93
244 121192.93
245 121183.87
246 121184.11
247 121180.06
248 121183.16
249 121183.87
250 121185.06
251 121185.06
252 121141.91
253 121190.07
254 121181.96
255 121187.93
256 121188.16
257 121181.01
258 121186.02
259 121178.87
260 121194.84
261 121174.10
262 121175.05
263 121177.91
264 121115.92
265 121200.08
266 121194.84
267 121177.20
268 121190.07
269 121159.08
270 121186.02
271 121187.93
272 121123.08
273 121130.94
274 121188.88
275 121195.08
276 121180.77
277 121184.11
278 121186.02
279 121184.11
280 121183.87
281 121187.93
282 121171.95
283 121187.93
284 121180.06
285 121182.92
286 121207.95
287 121207.00
288 121223.93
289 121181.96
290 121206.05
291 121186.97
292 121169.09
293 121187.93
294 121182.92
295 121186.97
296 121186.97
297 121185.06
298 121186.02
299 121181.96
300 121177.20
301 121086.84
302 121189.12
303 121152.88
304 121209.14
305 121196.03
306 121177.91
307 121172.90
308 121135.23
309 121184.83
310 121171.95
311 121186.02
312 121160.98
313 121184.11
314 121187.93
315 121183.16
316 121186.97
317 121174.10
318 121181.01
319 121185.06
320 121223.93
321 121180.06
322 121183.87
323 121185.06
324 121185.06
325 121181.01
326 121187.21
327 121186.02
328 121184.11
329 121181.96
330 121209.14
331 121181.01
332 121186.02
333 121186.02
334 121184.83
335 121189.12
336 121180.06
337 121180.06
338 121164.80
339 121190.07
340 121182.92
341 121186.02
342 121124.03
343 121194.84
344 121145.96
345 121181.96
346 121182.92
347 121162.89
348 121189.12
349 121145.01
