350
0 121316.91
1 121193.89
2 121099.95
3 121150.97
4 121160.98
5 121173.14
6 121177.20
7 121124.98
8 121174.10
9 121207.95
10 121190.79
11 121209.14
12 121132.14
13 121134.04
14 120924.95
15 121104.00
16 121120.93
17 121099.95
18 121176.00
19 121206.05
20 121145.96
21 121072.05
22 121190.07
23 121191.98
24 121144.06
25 121150.97
26 121096.85
27 121181.96
28 121198.89
29 121103.05
30 121117.12
31 121165.99
32 121210.10
33 121120.93
34 121133.09
35 121205.09
36 121192.93
37 121135.23
38 121187.93
39 121182.92
40 121154.07
41 121153.12
42 121184.11
43 121193.89
44 121178.87
45 121148.11
46 121151.21
47 121179.10
48 121172.19
49 121174.10
50 121201.99
51 121173.14
52 121140.00
53 121168.85
54 121180.06
55 121190.79
56 121135.95
57 121126.89
58 121133.09
59 121174.10
60 121178.87
61 121170.04
62 121141.91
63 121198.89
64 121189.12
65 121155.98
66 121148.11
67 121187.93
68 121177.91
69 121214.15
70 121173.86
71 121134.04
72 121205.09
73 121188.88
74 121142.86
75 121149.06
76 121181.01
77 121182.20
78 121140.00
79 121183.16
80 121176.00
81 121140.96
82 121176.96
83 121176.96
84 121176.96
85 121140.00
86 121199.13
87 121179.82
88 121152.16
89 121192.93
90 121177.91
91 121161.94
92 121159.79
93 121150.02
94 120935.20
95 121121.17
96 121099.00
97 121114.02
98 121183.16
99 121217.01
100 121211.05
101 121154.07
102 121151.92
103 121183.16
104 121190.79
105 121144.06
106 121150.97
107 121176.96
108 121184.11
109 121328.12
110 121138.10
111 121199.85
112 121217.97
113 121133.09
114 121150.02
115 121171.00
116 121176.96
117 121166.94
118 121071.10
119 121198.89
120 121181.01
121 121157.88
122 121181.01
123 121189.12
124 121176.96
125 121147.87
126 121215.11
127 121176.00
128 121140.00
129 121168.14
130 121201.99
131 121143.10
132 121153.12
133 121176.96
134 121184.11
135 121176.00
136 121159.08
137 121171.95
138 121078.01
139 121112.11
140 121194.12
141 121191.02
142 121180.06
143 121171.95
144 121171.95
145 121196.03
146 121096.85
147 121147.16
148 121187.93
149 121176.00
150 121075.87
151 121170.04
152 121177.91
153 121141.91
154 121156.93
155 121182.92
156 121186.97
157 121207.00
158 121150.97
159 121155.02
160 121180.06
161 121191.02
162 121206.05
163 121143.10
164 121155.02
165 121177.91
166 121190.79
167 121176.00
168 121143.10
169 121196.03
170 121145.96
171 121157.17
172 121164.08
173 121036.05
174 121122.84
175 121114.02
176 121116.16
177 121205.09
178 121181.01
179 121146.20
180 121175.05
181 121177.91
182 121172.90
183 121210.81
184 121166.94
185 121159.08
186 121199.13
187 121201.99
188 121155.02
189 121186.97
190 121168.14
191 121147.87
192 121113.06
193 121241.09
194 121191.02
195 121173.86
196 121149.06
197 121176.96
198 121181.96
199 121148.11
200 121135.00
201 121191.98
202 121179.10
203 121147.16
204 121175.05
205 121177.91
206 121205.09
207 121173.14
208 121150.97
209 121186.02
210 121181.96
211 121150.02
212 121150.97
213 121191.98
214 121196.99
215 121146.92
216 121152.16
217 121186.02
218 121176.96
219 121212.01
220 121171.00
221 121156.93
222 121140.00
223 121185.78
224 121185.06
225 121079.92
226 121158.12
227 121155.02
228 121027.95
229 121210.10
230 121097.09
231 121100.90
232 121187.21
233 121198.18
234 121179.10
235 121190.79
236 121128.08
237 121154.07
238 121177.91
239 121184.11
240 121171.00
241 121175.05
242 121190.07
243 121200.08
244 121135.00
245 121156.93
246 121176.00
247 121187.93
248 121173.14
249 121153.12
250 121150.97
251 121187.93
252 121199.13
253 120966.91
254 121078.97
255 121093.99
256 121116.88
257 121199.85
258 121185.06
259 121145.01
260 121176.00
261 121172.90
262 121209.14
263 121141.91
264 121152.88
265 121181.96
266 121253.01
267 121142.15
268 121059.89
269 121181.01
270 121187.93
271 121186.97
272 121109.01
273 121142.15
274 121194.12
275 121174.81
276 121129.99
277 121212.01
278 121180.06
279 121157.17
280 121135.00
281 121189.83
282 121177.20
283 121147.87
284 121169.09
285 121191.02
286 121130.23
287 121152.16
288 121175.05
289 121186.02
290 121075.15
291 121141.20
292 121164.08
293 121194.12
294 121196.03
295 121154.79
296 121150.02
297 121194.12
298 121084.93
299 121145.01
300 121194.12
301 121181.01
302 121150.02
303 121176.96
304 121184.11
305 121140.00
306 121140.96
307 121177.20
308 121172.90
309 121052.98
310 121176.96
311 121196.99
312 121189.83
313 121197.94
314 121170.04
315 121186.02
316 121174.81
317 121151.92
318 121252.06
319 121191.02
320 121184.83
321 121154.07
322 121117.12
323 121186.02
324 121191.02
325 121144.06
326 121155.98
327 121180.06
328 121191.98
329 121141.20
330 121150.02
331 121199.13
332 121122.84
333 121070.15
334 121095.90
335 121123.08
336 121114.97
337 121198.89
338 121176.00
339 121152.88
340 121193.89
341 121189.12
342 121154.07
343 121153.12
344 121181.96
345 121186.02
346 121179.82
347 121141.91
348 121129.99
349 121184.11
