250
0 122251.03
1 122156.86
2 122118.00
3 122116.09
4 122114.90
5 122116.09
6 122174.98
7 122113.94
8 122123.00
9 122058.87
10 122121.81
11 122109.17
12 122126.82
13 122119.90
14 122140.17
15 122125.15
16 122007.85
17 122121.10
18 122138.02
19 122060.06
20 122107.98
21 122105.12
22 122109.89
23 122120.86
24 122112.04
25 122123.00
26 122166.87
27 122085.09
28 122083.90
29 122113.94
30 122124.91
31 122142.08
32 122121.81
33 122128.01
34 122123.00
35 122156.14
36 122125.15
37 122104.88
38 122107.98
39 122112.04
40 122124.91
41 122107.03
42 122122.05
43 122091.05
44 122103.21
45 122106.08
46 122005.94
47 122126.10
48 122130.87
49 122108.94
50 122107.03
51 122123.00
52 122126.10
53 122120.86
54 122123.96
55 122097.97
56 121973.99
57 122032.88
58 122124.20
59 122128.01
60 122121.81
61 122138.02
62 122101.07
63 122104.88
64 122107.03
65 122121.10
66 122123.00
67 122121.10
68 122126.10
69 122089.86
70 122102.02
71 122072.94
72 122124.91
73 122127.06
74 122145.18
75 122124.20
76 122019.05
77 122123.96
78 122138.98
79 122108.94
80 122106.08
81 122123.00
82 122129.20
83 122122.05
84 122074.13
85 122110.13
86 122108.94
87 122140.88
88 122116.09
89 121984.00
90 122125.86
91 122137.07
92 122125.86
93 122101.78
94 122108.22
95 122120.86
96 122051.95
97 122126.82
98 122108.94
99 122113.94
100 122010.95
101 122106.08
102 122091.05
103 122108.94
104 122139.93
105 122120.86
106 122124.91
107 122131.11
108 122107.98
109 122115.14
110 122107.98
111 122125.86
112 122126.10
113 122122.05
114 122119.19
115 122107.98
116 122029.07
117 122119.90
118 122121.81
119 122125.86
120 122112.04
121 122140.17
122 122123.00
123 122112.99
124 122100.83
125 122110.13
126 122119.90
127 122107.98
128 122118.95
129 122128.01
130 122128.01
131 122111.08
132 122109.17
133 122112.04
134 122137.07
135 122121.10
136 122031.93
137 122111.08
138 122122.05
139 122119.90
140 122116.09
141 122126.10
142 122098.92
143 122126.10
144 122111.08
145 122106.08
146 122081.04
147 122119.19
148 122124.91
149 122125.15
150 122127.06
151 122144.94
152 122124.91
153 122124.91
154 122106.08
155 122148.99
156 122100.11
157 122109.89
158 122127.06
159 122125.15
160 122123.96
161 122113.23
162 122102.02
163 122116.09
164 122190.95
165 122123.00
166 122126.10
167 122122.05
168 122123.00
169 122102.02
170 122106.79
171 122124.91
172 122125.86
173 122127.06
174 122107.03
175 122110.84
176 122051.95
177 122122.05
178 122122.05
179 122111.08
180 122087.00
181 122094.87
182 122103.93
183 122138.98
184 122081.04
185 122126.10
186 122141.84
187 122123.00
188 122120.86
189 122114.90
190 122116.09
191 122088.91
192 122109.89
193 122140.17
194 122129.92
195 122125.86
196 121989.01
197 122109.17
198 122115.85
199 122122.05
200 122124.91
201 122123.00
202 122142.79
203 122140.88
204 122109.17
205 122112.04
206 122128.01
207 122157.81
208 122122.05
209 122128.01
210 122157.10
211 122097.02
212 122159.00
213 122125.15
214 122101.78
215 122124.91
216 122057.20
217 122127.06
218 122116.09
219 122128.01
220 122118.00
221 122061.97
222 122066.02
223 122109.17
224 122105.12
225 122148.99
226 122121.10
227 122109.17
228 122123.00
229 122144.22
230 122103.93
231 122107.98
232 122107.98
233 122123.00
234 122125.15
235 122118.00
236 122046.95
237 122118.95
238 122127.06
239 122104.88
240 122125.15
241 122121.10
242 122139.93
243 122121.10
244 122102.98
245 122109.89
246 122112.04
247 122123.96
248 122086.05
249 122123.96
