100
0 122506.14
1 122278.93
2 122356.89
3 122358.08
4 122332.81
5 122327.09
6 122319.94
7 122297.05
8 122364.04
9 122313.98
10 122331.86
11 122318.98
12 122320.89
13 122298.96
14 122377.16
15 122349.02
16 122317.79
17 122341.87
18 122365.00
19 122156.86
20 122339.96
21 122257.95
22 122310.16
23 122296.09
24 122313.02
25 122233.87
26 122303.01
27 122300.86
28 122298.00
29 122334.00
30 122313.98
31 122312.07
32 122320.89
33 122310.88
34 122309.21
35 122340.92
36 122318.03
37 122315.88
38 122313.02
39 122314.21
40 122308.02
41 122306.11
42 122297.05
43 122334.96
44 122314.93
45 122315.17
46 122322.08
47 122348.07
48 122322.08
49 122282.98
50 122296.09
51 122346.88
52 122334.00
53 122319.94
54 122311.12
55 122308.02
56 122307.06
57 122303.01
58 122301.10
59 122334.96
60 122317.08
61 122306.11
62 122297.05
63 122327.80
64 122316.12
65 122307.06
66 122300.15
67 122365.95
68 122337.10
69 122344.02
70 122329.00
71 122308.02
72 122290.85
73 122359.99
74 122327.09
75 122317.08
76 122334.00
77 122210.98
78 122312.07
79 122302.06
80 122298.00
81 122300.15
82 122298.00
83 122287.99
84 122323.99
85 122313.98
86 122293.95
87 122388.84
88 122359.99
89 122330.90
90 122302.06
91 122299.91
92 122334.00
93 122312.07
94 122299.91
95 122297.05
96 122291.09
97 122358.08
98 122329.00
99 122316.84
