700
0 121262.07
1 121152.88
2 121124.03
3 121119.02
4 121137.14
5 121140.00
6 121110.20
7 121131.90
8 121121.17
9 121028.90
10 121124.98
11 121135.95
12 121088.03
13 121186.02
14 121136.90
15 121083.97
16 121127.13
17 121140.96
18 121124.03
19 121130.94
20 121140.00
21 121124.98
22 121091.84
23 121119.98
24 121121.17
25 121126.17
26 121135.00
27 121118.07
28 121140.96
29 121119.98
30 121146.92
31 121163.13
32 121094.94
33 121146.92
34 121125.94
35 121103.05
36 121124.98
37 121140.00
38 121114.02
39 121129.99
40 121036.77
41 121128.08
42 121146.92
43 121144.06
44 121134.04
45 121126.89
46 121130.94
47 121155.98
48 121114.97
49 121138.10
50 121118.07
51 121118.07
52 121125.94
53 121160.98
54 121118.07
55 121147.16
56 121123.79
57 121114.02
58 121119.98
59 121140.96
60 121062.99
61 121135.95
62 121142.15
63 121049.17
64 121133.09
65 121121.17
66 121122.12
67 121114.97
68 121104.00
69 121140.96
70 121119.02
71 121114.97
72 121092.80
73 121081.11
74 121123.08
75 121149.06
76 121114.02
77 121135.00
78 121122.12
79 121129.04
80 121113.06
81 121124.98
82 121129.04
83 121124.03
84 121129.99
85 121127.13
86 121137.14
87 121011.97
88 121049.88
89 120984.08
90 121015.07
91 121039.87
92 121002.20
93 121035.10
94 121024.13
95 121027.95
96 120861.05
97 120956.90
98 120939.02
99 121060.13
100 120900.87
101 120998.14
102 121841.91
103 121053.93
104 120898.01
105 120903.02
106 121981.86
107 121646.17
108 121424.91
109 121368.17
110 122027.16
111 122073.17
112 122774.84
113 123476.03
114 122715.00
115 123500.11
116 122017.86
117 123618.13
118 122725.96
119 121919.16
120 122916.94
121 122027.87
122 122499.94
123 123440.98
124 124332.90
125 124325.99
126 123453.14
127 123528.00
128 123460.05
129 122622.97
130 122648.95
131 122521.88
132 123018.98
133 123124.12
134 123035.91
135 123587.85
136 122828.96
137 122654.91
138 122668.03
139 123553.99
140 122627.02
141 122380.02
142 123610.97
143 125180.96
144 122984.89
145 121877.91
146 121932.98
147 122773.17
148 123512.98
149 125139.95
150 122576.95
151 122660.16
152 123607.87
153 122709.04
154 123748.06
155 123722.08
156 123616.93
157 123740.91
158 123750.21
159 122885.94
160 122428.89
161 123009.92
162 124059.92
163 123816.97
164 123878.00
165 123862.03
166 123130.08
167 122313.98
168 124135.97
169 122298.96
170 122531.89
171 123156.07
172 123889.92
173 122972.01
174 123039.96
175 122192.14
176 122222.90
177 123839.14
178 123867.99
179 123014.93
180 121844.05
181 123825.07
182 123909.00
183 122758.87
184 123357.06
185 124142.17
186 122553.11
187 122282.98
188 122365.95
189 122313.98
190 122315.88
191 123939.99
192 122437.00
193 123825.07
194 122900.01
195 123051.17
196 122954.13
197 122755.05
198 125157.12
199 123406.17
200 124758.96
201 124138.83
202 122254.85
203 123116.02
204 122648.95
205 122709.99
206 122691.87
207 121865.03
208 123483.18
209 122715.00
210 123052.84
211 122312.07
212 122210.03
213 123042.11
214 124013.90
215 122287.99
216 123017.07
217 123085.02
218 122982.03
219 122936.01
220 123085.02
221 122977.97
222 122992.99
223 123344.90
224 121870.99
225 120939.97
226 120691.06
227 121958.97
228 123784.07
229 120956.18
230 122247.93
231 122122.05
232 121227.03
233 122075.80
234 122127.77
235 121011.02
236 120898.96
237 121484.04
238 121130.94
239 121777.06
240 122118.95
241 122848.99
242 121818.07
243 122222.19
244 121884.82
245 121746.06
246 121979.95
247 121938.94
248 121984.00
249 121116.88
250 121032.00
251 121850.01
252 122004.03
253 122559.07
254 120928.05
255 121658.09
256 121433.02
257 122257.95
258 121223.93
259 120884.90
260 121622.09
261 121626.14
262 122457.98
263 121487.14
264 122159.00
265 121510.98
266 122407.91
267 122189.04
268 121060.85
269 121428.01
270 122112.99
271 120901.11
272 121078.97
273 121079.92
274 123496.06
275 120867.01
276 120869.87
277 122735.98
278 121150.02
279 121353.86
280 121300.94
281 121248.96
282 120900.87
283 122140.88
284 122174.98
285 121883.15
286 121726.04
287 121574.88
288 121149.06
289 122049.09
290 121126.17
291 121737.96
292 121989.97
293 121840.00
294 121032.00
295 121287.11
296 122555.02
297 121614.93
298 121521.00
299 120767.12
300 121633.05
301 121849.06
302 120993.85
303 121057.99
304 122591.02
305 120903.02
306 120851.99
307 120795.01
308 122407.91
309 120826.96
310 121185.06
311 121994.02
312 121992.11
313 121147.87
314 121174.10
315 120961.90
316 121395.83
317 123337.98
318 122176.17
319 122656.11
320 121676.92
321 121514.08
322 120979.07
323 123064.04
324 122102.98
325 121412.04
326 121951.10
327 121091.84
328 121114.97
329 122287.03
330 121352.91
331 122169.97
332 122236.01
333 122238.87
334 121477.84
335 122184.99
336 121943.95
337 121870.04
338 121917.96
339 121861.93
340 122247.93
341 122130.87
342 122231.96
343 120811.94
344 121149.06
345 121159.79
346 121098.04
347 121408.94
348 121371.98
349 120977.16
350 122082.23
351 120896.82
352 121827.84
353 122210.98
354 120880.13
355 121672.15
356 121886.01
357 120991.95
358 121708.87
359 121010.07
360 121059.89
361 121024.85
362 120763.06
363 120935.92
364 120781.90
365 121106.15
366 121116.16
367 120785.95
368 120920.90
369 120867.97
370 120927.10
371 120779.04
372 121096.13
373 120955.94
374 120933.06
375 121016.98
376 121133.09
377 121140.96
378 121289.01
379 121242.05
380 120963.10
381 120769.98
382 120991.95
383 120908.98
384 120776.89
385 120685.10
386 120909.93
387 120838.17
388 121098.04
389 120898.96
390 120957.14
391 121167.90
392 120962.86
393 121047.97
394 120968.10
395 120884.90
396 121037.01
397 120917.08
398 121104.96
399 121262.07
400 121098.04
401 120842.93
402 121265.89
403 120904.92
404 120986.94
405 121258.97
406 120935.92
407 121037.01
408 121280.19
409 120957.14
410 121037.96
411 120705.84
412 120985.03
413 121052.03
414 120787.14
415 121104.00
416 121190.07
417 120742.08
418 121337.89
419 121243.95
420 120867.97
421 121093.99
422 121274.95
423 120873.93
424 121204.14
425 120828.15
426 120954.99
427 121162.18
428 120831.01
429 120882.03
430 121222.02
431 120893.00
432 120965.00
433 121203.90
434 120867.01
435 120951.89
436 121297.84
437 120931.86
438 121135.95
439 121374.85
440 120877.03
441 121109.01
442 120780.94
443 120970.01
444 121102.09
445 120761.87
446 121037.96
447 121145.96
448 120801.21
449 121104.00
450 121165.99
451 120825.05
452 121119.02
453 120813.13
454 120918.99
455 121219.87
456 120862.96
457 121088.98
458 121116.16
459 120928.05
460 121026.99
461 121247.05
462 120918.04
463 120913.03
464 121225.83
465 120956.90
466 121013.88
467 120690.11
468 121001.96
469 121025.09
470 120703.94
471 121068.95
472 121072.05
473 120688.92
474 120998.86
475 121089.22
476 120829.11
477 121088.98
478 121184.11
479 120825.05
480 121100.90
481 121325.97
482 121000.05
483 121049.88
484 121040.11
485 121005.06
486 121032.00
487 121014.83
488 121097.80
489 120940.92
490 120991.95
491 121043.92
492 121043.92
493 121035.10
494 121037.01
495 121027.95
496 121025.80
497 121019.84
498 121018.17
499 121060.13
500 120992.90
501 120957.14
502 121047.02
503 121052.98
504 121034.15
505 121032.00
506 120939.02
507 121026.04
508 121035.81
509 121031.05
510 121018.89
511 121021.99
512 120930.91
513 121029.14
514 120978.83
515 120999.10
516 121016.03
517 120993.14
518 121026.04
519 121032.00
520 121003.15
521 121037.96
522 121045.11
523 121006.01
524 121037.96
525 121038.91
526 121029.85
527 121018.17
528 121018.17
529 121025.09
530 121018.89
531 121028.90
532 121054.89
533 121028.90
534 121010.07
535 120954.04
536 121045.11
537 121013.16
538 121019.84
539 121037.96
540 120995.04
541 120961.90
542 121011.02
543 121032.00
544 121014.12
545 121042.01
546 121025.80
547 121036.77
548 121060.13
549 121032.95
550 121013.88
551 121026.04
552 121013.16
553 121022.22
554 120990.04
555 121016.03
556 120941.88
557 121021.03
558 120960.00
559 121087.07
560 121033.91
561 120957.85
562 121030.09
563 121034.86
564 121023.89
565 121028.90
566 121032.95
567 121020.79
568 121138.81
569 121023.18
570 120967.15
571 121016.03
572 121005.06
573 121022.94
574 121023.89
575 121033.91
576 121016.03
577 120963.10
578 121045.11
579 121024.13
580 120993.85
581 121062.04
582 121041.06
583 121021.99
584 121038.91
585 121014.83
586 121023.18
587 121016.03
588 121032.95
589 121043.92
590 121022.94
591 121038.91
592 121059.89
593 121035.81
594 121015.79
595 121024.13
596 121009.11
597 121016.98
598 121035.10
599 121040.82
600 120987.89
601 120965.96
602 121027.23
603 121058.94
604 121026.04
605 121047.97
606 121017.93
607 121036.05
608 121045.11
609 121032.95
610 120959.04
611 121019.84
612 121023.89
613 121014.83
614 121052.98
615 121029.14
616 121038.91
617 121026.04
618 121027.95
619 121050.12
620 121001.01
621 120969.06
622 121045.83
623 121048.21
624 121037.01
625 121073.01
626 121032.00
627 120988.13
628 121030.81
629 121042.97
630 121078.97
631 121041.06
632 120983.12
633 121032.00
634 121038.91
635 121016.03
636 121038.91
637 121017.93
638 120955.94
639 121022.22
640 121017.22
641 121042.01
642 120963.10
643 121039.87
644 121028.18
645 121029.85
646 121021.99
647 121042.97
648 121024.85
649 121029.14
650 121026.99
651 121029.85
652 120973.83
653 121017.22
654 121043.21
655 121043.92
656 121027.95
657 121024.13
658 121030.09
659 121019.12
660 120995.04
661 120971.92
662 121027.95
663 121047.97
664 121026.04
665 121000.05
666 121032.95
667 121041.06
668 121026.04
669 121036.05
670 121022.94
671 121030.09
672 121029.85
673 121027.95
674 121058.23
675 121031.05
676 121043.92
677 121017.93
678 121032.00
679 121016.03
680 120997.91
681 120957.85
682 121045.83
683 121032.00
684 121035.10
685 121040.11
686 121031.05
687 121035.81
688 121024.85
689 121023.89
690 121016.98
691 121038.91
692 121007.92
693 120957.85
694 121042.97
695 121032.95
696 121031.05
697 121029.85
698 121023.89
699 121021.03
