550
0 121171.00
1 121057.99
2 120878.93
3 121032.95
4 121053.93
5 121059.18
6 121018.89
7 121052.98
8 121062.99
9 121083.02
10 121050.83
11 121015.07
12 121060.85
13 121078.97
14 121024.85
15 121042.97
16 121061.80
17 120990.04
18 121050.12
19 120976.92
20 121056.08
21 121001.01
22 121057.03
23 121070.86
24 121078.97
25 121068.95
26 121021.99
27 121070.15
28 121063.95
29 121069.91
30 121065.86
31 121072.05
32 121063.95
33 121045.11
34 121016.03
35 121032.00
36 121038.20
37 121062.99
38 121052.03
39 120969.77
40 121052.03
41 121001.01
42 121052.03
43 120929.00
44 121055.84
45 121038.91
46 121059.89
47 121067.05
48 121043.92
49 121067.05
50 121047.97
51 121062.99
52 121032.95
53 121065.14
54 121019.12
55 121065.14
56 121047.97
57 121068.00
58 121066.09
59 121023.89
60 121050.12
61 121050.83
62 121054.17
63 121039.87
64 121060.13
65 121062.99
66 121107.82
67 121061.09
68 121026.04
69 121047.97
70 121059.18
71 121055.13
72 121061.09
73 121057.03
74 121036.05
75 121061.09
76 121049.88
77 121110.92
78 121047.02
79 121026.99
80 121044.87
81 120994.09
82 121047.97
83 121047.97
84 121052.03
85 121089.94
86 121057.99
87 121013.88
88 121065.86
89 121063.95
90 121049.88
91 121073.01
92 121051.07
93 121059.89
94 121068.00
95 121041.06
96 120980.98
97 121106.86
98 121057.03
99 121065.86
100 121048.93
101 121045.83
102 121031.05
103 121085.88
104 121489.05
105 121121.88
106 121107.10
107 120954.99
108 121127.13
109 121124.98
110 120985.98
111 121021.03
112 121478.08
113 121124.98
114 121423.96
115 121122.12
116 121132.85
117 121037.96
118 121078.97
119 121176.96
120 121135.95
121 121067.05
122 121066.09
123 120926.14
124 120908.98
125 121119.02
126 120893.96
127 121030.81
128 121078.01
129 121479.03
130 121123.08
131 121619.94
132 121127.13
133 121463.06
134 121087.07
135 121025.09
136 121206.05
137 121132.14
138 121106.86
139 121034.15
140 121088.03
141 121549.84
142 121103.05
143 120924.00
144 121054.17
145 120877.98
146 120827.91
147 121088.98
148 120926.86
149 121126.89
150 121097.09
151 121057.99
152 121062.04
153 120939.02
154 121086.84
155 120925.90
156 121090.17
157 121128.80
158 121053.93
159 121122.12
160 121350.05
161 121037.01
162 121566.06
163 120903.97
164 121106.86
165 121588.23
166 121125.94
167 121427.06
168 121112.11
169 121105.91
170 121066.81
171 121104.00
172 120903.02
173 121042.01
174 121510.98
175 121167.18
176 121196.03
177 121011.02
178 121128.08
179 121001.01
180 121037.96
181 120982.17
182 121259.93
183 120941.88
184 121062.04
185 120985.98
186 121145.01
187 122163.06
188 121101.14
189 121526.96
190 121117.12
191 120801.93
192 121440.89
193 121061.09
194 121052.03
195 120967.15
196 121109.01
197 121009.11
198 121134.04
199 120971.92
200 121125.94
201 121207.00
202 121088.03
203 121113.06
204 121614.93
205 121148.11
206 121276.86
207 120949.98
208 121130.94
209 121392.97
210 121088.03
211 121042.01
212 121007.92
213 120970.96
214 120998.86
215 121381.04
216 120836.02
217 120996.95
218 120960.00
219 121047.02
220 121187.93
221 121114.02
222 121091.84
223 121052.98
224 121158.12
225 121288.06
226 121095.90
227 121000.05
228 121356.01
229 121136.90
230 121158.12
231 120887.99
232 121526.96
233 121501.92
234 121044.87
235 120889.90
236 120980.98
237 120826.96
238 121271.85
239 121036.05
240 120860.10
241 121258.97
242 120818.85
243 120835.07
244 121414.90
245 121740.10
246 121091.13
247 120943.07
248 120972.16
249 121899.84
250 121577.98
251 121156.93
252 120687.01
253 120954.04
254 121155.98
255 121223.21
256 120872.97
257 120756.15
258 121150.97
259 121319.06
260 121083.97
261 120870.11
262 121188.16
263 121614.93
264 121377.94
265 121363.88
266 121050.12
267 120910.88
268 120834.11
269 121506.93
270 121455.91
271 121256.11
272 120754.00
273 120867.01
274 120814.09
275 120844.13
276 120732.78
277 120807.17
278 121006.01
279 121119.98
280 120881.08
281 120833.16
282 120904.92
283 121548.89
284 120805.98
285 120893.00
286 120918.04
287 121042.97
288 120722.06
289 121464.97
290 120828.87
291 121754.17
292 121620.89
293 120989.08
294 121175.05
295 120994.09
296 121083.02
297 121137.86
298 121452.09
299 121351.96
300 121060.13
301 121434.93
302 120939.97
303 121248.01
304 121313.10
305 120856.05
306 121248.96
307 121804.00
308 120976.21
309 121352.91
310 121433.97
311 120805.03
312 120799.06
313 120940.92
314 121377.94
315 121165.04
316 120935.92
317 121371.98
318 121498.11
319 120893.00
320 121654.99
321 120832.92
322 120782.14
323 120817.90
324 121179.10
325 120934.01
326 120813.13
327 121087.79
328 121454.00
329 121502.88
330 121137.14
331 121178.15
332 120750.90
333 120836.02
334 120743.99
335 120922.80
336 121207.00
337 120840.79
338 121464.97
339 121657.13
340 120831.97
341 121202.95
342 121062.04
343 121118.07
344 121457.10
345 121634.01
346 121310.00
347 121023.89
348 121054.89
349 120965.96
350 120839.83
351 120806.93
352 121056.08
353 121349.10
354 120833.87
355 120846.03
356 121634.01
357 120777.85
358 121222.97
359 120762.83
360 120996.95
361 120844.13
362 120751.86
363 121166.94
364 121149.06
365 120970.01
366 121353.86
367 120897.05
368 120947.12
369 120892.05
370 120857.95
371 120692.97
372 120972.87
373 120952.13
374 121014.83
375 121289.01
376 121174.10
377 121469.97
378 121047.02
379 121366.02
380 121135.95
381 121014.12
382 120801.93
383 120947.84
384 120934.96
385 121057.03
386 120973.83
387 121050.83
388 120896.10
389 120977.16
390 120910.88
391 120924.00
392 121224.88
393 121040.11
394 120862.96
395 120800.02
396 120898.96
397 120928.05
398 120924.95
399 120898.01
400 120955.94
401 120990.99
402 120974.06
403 121225.12
404 120795.01
405 120834.83
406 120905.16
407 120939.97
408 121007.92
409 121028.90
410 121021.03
411 120749.95
412 120975.02
413 120793.10
414 120966.91
415 121004.10
416 120973.11
417 120974.06
418 121102.09
419 121094.94
420 121167.90
421 120927.81
422 120904.21
423 121292.11
424 121406.08
425 121002.91
426 120996.95
427 120870.11
428 121015.07
429 121044.87
430 120968.82
431 120933.06
432 121046.07
433 121080.16
434 120719.91
435 120835.07
436 121120.93
437 121078.01
438 120817.90
439 120773.79
440 120888.95
441 120896.10
442 120851.04
443 120960.95
444 120970.96
445 120913.03
446 120955.23
447 120974.06
448 120726.82
449 121060.85
450 121246.81
451 121341.94
452 120890.14
453 120910.88
454 121147.16
455 121045.11
456 120720.86
457 121093.03
458 120802.88
459 121094.94
460 121145.96
461 120977.88
462 120882.03
463 120790.96
464 121062.99
465 120852.95
466 121027.95
467 120726.82
468 120959.04
469 120862.96
470 121130.94
471 120952.13
472 120813.85
473 120882.99
474 120855.09
475 121262.07
476 120990.04
477 121018.89
478 121050.12
479 121198.89
480 120870.83
481 120915.89
482 120918.99
483 120684.86
484 121151.92
485 120893.00
486 120901.11
487 120958.81
488 121153.83
489 120769.02
490 121065.86
491 120888.95
492 121187.93
493 120842.22
494 121097.80
495 121145.96
496 121415.85
497 121574.16
498 120780.94
499 120815.99
500 121095.90
501 121075.15
502 120863.91
503 120771.17
504 120852.95
505 120892.05
506 121097.09
507 121325.02
508 121229.89
509 121223.93
510 121178.15
511 120756.86
512 121435.88
513 121144.06
514 121210.10
515 120754.96
516 121302.84
517 120970.96
518 120819.81
519 121297.12
520 121506.93
521 121481.18
522 121284.96
523 121231.08
524 121378.90
525 120971.92
526 120846.99
527 121114.02
528 120774.03
529 121368.17
530 121182.92
531 121026.99
532 120821.95
533 121253.97
534 121113.06
535 120810.99
536 120871.07
537 121462.11
538 121394.87
539 120949.98
540 121109.01
541 121260.88
542 121506.93
543 122022.15
544 120937.11
545 120990.04
546 121667.86
547 121181.96
548 121255.87
549 121250.15
