550
0 121423.96
1 121212.01
2 121181.96
3 121204.14
4 121192.93
5 121156.93
6 121125.94
7 121195.08
8 121202.95
9 121149.06
10 121201.04
11 121146.92
12 121178.15
13 121180.06
14 121219.16
15 121199.13
16 121177.91
17 121201.04
18 121207.00
19 121201.99
20 121166.94
21 121189.12
22 121194.84
23 121197.94
24 121221.07
25 121170.04
26 121171.00
27 121114.97
28 121193.17
29 121140.00
30 121225.83
31 121201.04
32 121212.01
33 121184.11
34 121232.03
35 121204.14
36 121204.85
37 121222.02
38 121193.89
39 121201.04
40 121186.02
41 121181.01
42 121196.03
43 121204.14
44 121209.86
45 121168.14
46 121101.14
47 121170.04
48 121181.96
49 121192.22
50 121209.14
51 121167.90
52 121180.06
53 121199.85
54 121189.12
55 121180.06
56 121188.88
57 121222.97
58 121190.07
59 121204.85
60 121208.91
61 121188.88
62 121183.16
63 121200.08
64 121207.00
65 121193.17
66 121205.09
67 121186.97
68 121186.97
69 121108.06
70 121199.13
71 121197.94
72 121199.85
73 121198.18
74 121180.06
75 121196.99
76 121221.07
77 121207.95
78 121090.89
79 121207.00
80 121154.07
81 121180.06
82 121175.05
83 121193.89
84 121205.09
85 121175.05
86 121205.81
87 121177.91
88 121181.96
89 121119.98
90 121191.98
91 121207.00
92 121205.09
93 121173.86
94 121201.99
95 121210.81
96 121064.19
97 121103.05
98 121238.95
99 121232.99
100 121082.07
101 121108.06
102 121218.92
103 121151.92
104 121210.10
105 120918.04
106 121172.90
107 120986.94
108 121201.04
109 121155.02
110 121165.04
111 121198.18
112 121075.87
113 121180.06
114 121203.90
115 121089.94
116 121175.77
117 121073.01
118 121116.88
119 121302.13
120 120997.91
121 121166.94
122 121041.06
123 121137.86
124 121334.79
125 121159.08
126 121142.86
127 120983.12
128 121014.12
129 121180.06
130 120898.96
131 121124.98
132 120902.06
133 121224.16
134 121237.99
135 121123.08
136 120982.89
137 121135.00
138 121186.97
139 121029.85
140 121140.00
141 121281.15
142 121221.07
143 121103.05
144 121079.92
145 121091.84
146 121072.05
147 121657.85
148 120965.00
149 121071.10
150 121206.05
151 121298.07
152 121137.14
153 120933.06
154 121217.97
155 121042.01
156 120964.05
157 121004.10
158 121764.90
159 121399.88
160 121021.99
161 120863.91
162 121068.00
163 121082.78
164 121490.96
165 121237.04
166 121181.01
167 121173.14
168 121121.88
169 121025.80
170 121113.06
171 121062.04
172 120961.19
173 121136.19
174 121137.14
175 121047.02
176 121013.88
177 121016.03
178 121138.81
179 121186.97
180 121483.80
181 121150.97
182 121124.98
183 121195.08
184 121047.02
185 120954.04
186 121115.21
187 122196.91
188 121129.04
189 121043.92
190 121182.92
191 121090.17
192 120970.01
193 120984.08
194 120983.12
195 121217.97
196 120975.02
197 121054.17
198 121166.94
199 121058.94
200 121021.03
201 121088.98
202 120925.90
203 121068.00
204 121033.19
205 121164.08
206 121093.99
207 121082.07
208 121012.93
209 121116.88
210 120909.93
211 121301.89
212 120969.06
213 120956.90
214 120896.82
215 121065.14
216 121295.93
217 121721.03
218 121034.86
219 121074.20
220 121067.05
221 121594.91
222 121253.97
223 121248.01
224 121050.12
225 120899.92
226 120983.12
227 121068.00
228 121324.06
229 121341.94
230 121056.08
231 121002.91
232 120975.97
233 121464.01
234 121659.99
235 121299.98
236 121004.10
237 121093.03
238 121604.92
239 120988.85
240 121145.96
241 121372.94
242 120943.07
243 121314.05
244 120969.06
245 121119.98
246 120881.08
247 121454.95
248 120936.87
249 120866.78
250 121329.07
251 122185.95
252 121140.00
253 120934.01
254 120870.83
255 123636.01
256 121339.80
257 120797.16
258 120923.04
259 121376.99
260 121307.85
261 120924.00
262 121524.81
263 121228.93
264 121010.07
265 120918.99
266 120753.05
267 121435.17
268 121492.15
269 120913.03
270 120949.98
271 120934.96
272 121261.12
273 121055.84
274 120980.98
275 121265.89
276 121031.05
277 121078.01
278 121616.13
279 121126.17
280 121393.92
281 121351.00
282 121340.04
283 120815.04
284 121518.14
285 121031.05
286 120755.91
287 120872.97
288 121130.94
289 120810.99
290 120882.99
291 122235.06
292 120897.05
293 120875.12
294 121831.89
295 120965.96
296 120934.96
297 121165.99
298 121160.98
299 121207.95
300 120852.95
301 121729.14
302 121201.04
303 120831.01
304 121320.96
305 121379.14
306 121397.02
307 121453.05
308 120941.88
309 120732.07
310 120840.07
311 121016.98
312 121328.83
313 121943.00
314 121284.96
315 121404.17
316 120854.14
317 120931.15
318 121048.21
319 120939.97
320 120852.95
321 120881.08
322 121471.17
323 120993.14
324 121416.09
325 121340.99
326 120895.15
327 121763.94
328 121067.05
329 121310.00
330 121026.99
331 121251.82
332 121135.95
333 121459.96
334 121068.95
335 121004.10
336 121102.09
337 121297.12
338 121285.92
339 120857.00
340 120838.17
341 121533.16
342 121387.96
343 121282.82
344 121266.13
345 121207.00
346 121063.23
347 120934.96
348 120916.13
349 121594.91
350 120869.87
351 120923.04
352 120800.02
353 121372.94
354 121572.97
355 120841.98
356 120870.11
357 120915.17
358 121107.10
359 120968.10
360 121327.88
361 120724.20
362 121046.07
363 121205.09
364 121103.05
365 120812.89
366 120953.08
367 121035.10
368 120839.12
369 120864.87
370 120917.08
371 120809.08
372 121042.01
373 121258.02
374 120917.80
375 120827.20
376 120964.05
377 120912.08
378 120887.04
379 120887.99
380 120873.93
381 121257.07
382 120800.02
383 120831.01
384 120898.96
385 121121.17
386 120916.13
387 120865.11
388 120785.95
389 120916.84
390 120911.84
391 120872.97
392 120910.17
393 121542.22
394 121006.97
395 121135.95
396 121063.95
397 121225.12
398 121032.95
399 121593.95
400 121049.88
401 120861.05
402 120928.05
403 120970.96
404 121021.03
405 121060.85
406 121008.16
407 120790.00
408 120759.01
409 121159.08
410 120705.84
411 120818.85
412 120849.85
413 120895.86
414 121052.03
415 120920.18
416 120902.06
417 120939.97
418 120803.12
419 121011.97
420 120834.11
421 120873.93
422 120959.04
423 120990.99
424 120847.94
425 120805.03
426 120855.09
427 121037.01
428 121172.90
429 120945.93
430 120799.06
431 120924.23
432 120867.97
433 121066.81
434 121127.13
435 120981.93
436 120928.05
437 120994.09
438 120973.11
439 120954.04
440 120938.06
441 120878.93
442 121284.01
443 121070.15
444 121228.93
445 120749.00
446 121082.07
447 120874.17
448 120766.88
449 120888.95
450 121006.97
451 121051.07
452 121329.07
453 120874.88
454 120897.05
455 120929.00
456 121008.87
457 120997.91
458 121034.15
459 121045.11
460 120918.99
461 120966.20
462 120898.96
463 121332.88
464 121066.81
465 120899.92
466 121036.05
467 120962.14
468 120954.99
469 121150.97
470 120809.08
471 121325.97
472 121135.00
473 120809.08
474 120972.87
475 121020.08
476 120911.12
477 120736.84
478 121222.02
479 121150.02
480 120933.06
481 121172.90
482 120845.79
483 120970.96
484 120836.02
485 120969.06
486 121137.86
487 121044.16
488 120751.14
489 121196.03
490 120911.12
491 121237.99
492 120921.85
493 121079.92
494 120780.94
495 120837.21
496 120905.88
497 121092.08
498 121303.08
499 121143.10
500 120924.00
501 121247.05
502 120902.06
503 121222.02
504 121083.02
505 120774.98
506 121589.90
507 120819.09
508 120851.04
509 121416.09
510 121186.97
511 120975.97
512 121254.92
513 121107.10
514 121253.01
515 120969.06
516 120867.01
517 120984.08
518 121016.98
519 120953.80
520 121151.21
521 121279.95
522 121386.05
523 121115.21
524 120873.93
525 121317.86
526 121165.99
527 120830.06
528 121365.07
529 120702.03
530 121100.90
531 121062.99
532 121239.90
533 121155.02
534 120741.13
535 121127.13
536 120981.93
537 121660.95
538 121080.16
539 121253.97
540 121481.18
541 120682.95
542 120939.97
543 120769.98
544 121670.01
545 121409.89
546 120844.84
547 120900.87
548 121278.05
549 121341.94
