700
0 121186.97
1 121083.97
2 121008.87
3 121064.90
4 121006.97
5 120952.84
6 121058.94
7 121054.89
8 121062.99
9 121086.12
10 121068.00
11 121073.01
12 121064.90
13 121068.95
14 121062.99
15 121062.99
16 121001.96
17 121055.13
18 121055.13
19 121066.09
20 121049.88
21 121048.93
22 121052.98
23 121066.09
24 121047.02
25 121035.81
26 121051.07
27 121061.09
28 121048.93
29 121055.13
30 120990.99
31 121072.05
32 121047.97
33 121047.02
34 121050.83
35 121057.99
36 121006.97
37 121076.11
38 121072.05
39 121056.08
40 121062.99
41 121102.09
42 121068.95
43 121062.04
44 121047.97
45 121089.94
46 121064.19
47 121063.95
48 121052.03
49 121073.01
50 121061.09
51 121066.81
52 121064.90
53 121068.00
54 121055.84
55 121065.14
56 120973.11
57 121060.85
58 121072.05
59 121054.17
60 121084.93
61 121067.05
62 121068.95
63 121056.08
64 121053.93
65 121047.02
66 121065.86
67 121052.03
68 121045.83
69 121058.94
70 121062.99
71 121047.97
72 121047.02
73 121065.14
74 121016.98
75 121062.04
76 121062.04
77 121052.98
78 121063.95
79 121061.09
80 121063.95
81 121062.99
82 121063.95
83 121065.86
84 121062.99
85 121046.07
86 121068.95
87 121062.04
88 121070.86
89 121061.80
90 121058.94
91 121057.03
92 121057.03
93 120925.90
94 121076.82
95 121030.09
96 120924.00
97 121024.13
98 121109.96
99 121041.06
100 121004.82
101 121054.17
102 121021.99
103 120996.95
104 121073.01
105 120971.92
106 120817.90
107 120857.00
108 121505.98
109 122111.08
110 121298.79
111 121922.02
112 121858.12
113 123475.07
114 122683.05
115 123044.97
116 125477.08
117 124445.92
118 123248.10
119 123283.15
120 122952.94
121 123905.18
122 122890.00
123 122098.92
124 122766.97
125 123692.99
126 124181.03
127 122436.05
128 122504.00
129 123374.94
130 124205.11
131 123245.95
132 123083.11
133 122643.95
134 121943.00
135 122258.90
136 122603.89
137 123312.00
138 122596.03
139 122348.07
140 122643.95
141 122257.95
142 123767.14
143 123438.12
144 123367.07
145 123017.07
146 124508.14
147 122313.98
148 122951.98
149 123775.96
150 123835.09
151 122798.92
152 122457.98
153 123209.00
154 123202.09
155 123625.99
156 122764.83
157 122586.97
158 123131.99
159 123058.08
160 123126.03
161 123637.91
162 123292.92
163 123317.96
164 123206.14
165 122302.06
166 123873.00
167 122956.99
168 122336.86
169 123475.79
170 124225.85
171 122565.03
172 122449.16
173 123468.88
174 123446.23
175 124304.06
176 123524.90
177 123451.95
178 123521.80
179 122632.03
180 123183.01
181 123322.96
182 122438.19
183 123533.96
184 123883.96
185 123877.05
186 123600.01
187 123018.03
188 122694.97
189 122776.03
190 123789.07
191 124361.99
192 123018.03
193 122706.89
194 123507.98
195 123455.05
196 123225.93
197 123707.06
198 123689.89
199 122674.94
200 123109.82
201 124593.97
202 122763.87
203 122540.00
204 122822.05
205 122688.06
206 124981.88
207 122330.19
208 123939.99
209 123875.86
210 123098.85
211 124011.99
212 122548.82
213 124372.96
214 125288.96
215 123193.03
216 123997.93
217 124012.95
218 123378.04
219 122979.16
220 124454.02
221 123693.94
222 122861.86
223 123606.20
224 122174.02
225 121189.12
226 122308.02
227 122252.94
228 122210.98
229 121279.00
230 121042.97
231 120939.97
232 121752.02
233 121899.13
234 121644.02
235 121658.09
236 122498.04
237 122356.89
238 122241.02
239 121871.95
240 123587.13
241 121361.97
242 122921.94
243 121730.09
244 120834.11
245 121001.96
246 121744.16
247 121938.94
248 121142.15
249 121621.85
250 121249.91
251 121023.89
252 121213.20
253 121196.99
254 122011.90
255 120986.94
256 122112.99
257 121950.15
258 121151.92
259 122437.00
260 121659.04
261 122143.03
262 122165.92
263 122936.01
264 121274.95
265 121172.90
266 120967.15
267 121006.01
268 122373.82
269 121539.12
270 121593.95
271 122504.00
272 121304.99
273 121514.08
274 122284.89
275 121493.10
276 121300.94
277 121402.03
278 122077.94
279 121099.95
280 121283.05
281 121070.86
282 121980.91
283 121220.11
284 123666.05
285 121423.96
286 121473.07
287 122339.01
288 121458.05
289 121809.01
290 121174.10
291 121670.01
292 120863.91
293 121682.88
294 123270.03
295 122286.80
296 122458.93
297 121422.05
298 122823.00
299 122102.98
300 122226.95
301 121997.12
302 121191.98
303 121435.88
304 122327.09
305 122059.82
306 122055.05
307 122115.85
308 121217.01
309 121958.97
310 121085.17
311 121049.88
312 122004.99
313 121941.80
314 122087.00
315 121059.89
316 122178.08
317 121451.85
318 121395.83
319 121454.00
320 121428.01
321 121351.00
322 121288.06
323 122313.98
324 122403.86
325 121737.00
326 122059.82
327 121051.07
328 121068.95
329 121124.03
330 120936.16
331 121450.19
332 121893.88
333 121979.00
334 121860.98
335 121719.12
336 122622.97
337 121613.98
338 122006.18
339 122148.04
340 121195.08
341 121192.93
342 121619.94
343 122370.00
344 121317.86
345 123408.08
346 122542.14
347 121607.07
348 121104.00
349 121007.92
350 121356.96
351 120849.85
352 121806.14
353 121964.93
354 121513.84
355 121988.06
356 120891.81
357 121804.00
358 121814.97
359 120920.90
360 121176.96
361 120970.01
362 121274.95
363 121170.04
364 121032.00
365 121169.09
366 121037.01
367 120888.95
368 121312.14
369 121186.02
370 121085.88
371 121177.91
372 120848.89
373 121237.04
374 121088.98
375 121047.97
376 120824.81
377 121173.86
378 120960.00
379 121092.08
380 121062.99
381 121030.81
382 121284.01
383 120982.89
384 120949.03
385 121005.06
386 121280.91
387 121087.07
388 121191.02
389 121145.96
390 121088.98
391 121307.13
392 121115.92
393 121109.96
394 120827.91
395 121129.99
396 121644.02
397 120826.01
398 120755.91
399 121083.02
400 121145.01
401 120821.95
402 121038.91
403 121250.87
404 120918.99
405 121104.00
406 121272.09
407 120965.00
408 121178.15
409 120943.07
410 121150.02
411 121223.93
412 120850.09
413 121288.06
414 121411.09
415 121020.79
416 121124.03
417 120898.96
418 121122.84
419 121217.01
420 120871.07
421 121137.14
422 121302.84
423 120892.05
424 121145.01
425 120813.85
426 120996.95
427 121156.93
428 120917.08
429 121074.91
430 121191.98
431 121062.04
432 121145.96
433 120799.06
434 121014.83
435 121212.01
436 120860.10
437 121124.03
438 121315.96
439 120849.13
440 121038.91
441 120922.09
442 120998.14
443 121258.02
444 120918.99
445 121016.03
446 121316.91
447 120981.93
448 121060.13
449 120760.92
450 121089.94
451 121171.95
452 121032.95
453 121093.03
454 121233.94
455 120831.97
456 121077.06
457 121279.95
458 121006.01
459 121299.98
460 120794.06
461 121009.11
462 121180.06
463 120932.10
464 121060.13
465 121349.81
466 120961.90
467 121232.03
468 120877.03
469 121158.12
470 121198.18
471 120881.08
472 121125.94
473 121262.07
474 121015.07
475 121212.01
476 120796.92
477 121033.91
478 121182.92
479 120942.12
480 121313.10
481 121025.09
482 121011.97
483 120966.91
484 121012.93
485 120991.95
486 121015.07
487 121059.89
488 121026.04
489 121016.98
490 120996.00
491 121014.83
492 121021.99
493 121018.89
494 120981.93
495 120991.95
496 120949.98
497 120999.10
498 121153.12
499 121011.02
500 120986.94
501 121016.03
502 121009.11
503 121002.91
504 121018.89
505 121006.01
506 121018.89
507 121016.98
508 120989.08
509 121016.03
510 121001.01
511 121017.93
512 121013.88
513 121023.89
514 120977.88
515 121037.01
516 121001.96
517 120933.06
518 121002.20
519 121021.99
520 121010.07
521 121064.90
522 121017.93
523 121037.01
524 121026.99
525 120970.01
526 121001.96
527 121010.07
528 120996.95
529 121017.93
530 121010.07
531 120993.85
532 121016.03
533 121009.11
534 120946.17
535 121017.22
536 120937.11
537 121026.99
538 121026.04
539 120993.85
540 120997.91
541 121008.87
542 121062.99
543 121024.13
544 121008.87
545 121028.90
546 121006.97
547 120961.90
548 121011.02
549 121014.12
550 121022.94
551 121026.04
552 120995.04
553 121001.01
554 120979.79
555 121023.89
556 121027.95
557 120934.01
558 120963.10
559 121001.01
560 121021.99
561 121021.03
562 120996.00
563 121026.99
564 121006.01
565 120998.86
566 121014.83
567 121010.07
568 121018.17
569 121016.98
570 120995.04
571 121023.89
572 120913.03
573 121021.99
574 120994.09
575 121005.06
576 120940.92
577 121005.06
578 121042.01
579 121015.07
580 120946.17
581 121020.08
582 121023.18
583 121026.99
584 121009.83
585 120994.81
586 120989.80
587 121008.87
588 121003.87
589 121017.93
590 121052.03
591 121025.09
592 120970.01
593 120998.86
594 120979.07
595 120992.90
596 120946.88
597 121003.87
598 121013.88
599 121007.92
600 121015.07
601 121065.86
602 121024.13
603 120984.08
604 121019.12
605 120980.98
606 121024.85
607 121025.09
608 120954.99
609 120999.10
610 121009.83
611 121005.06
612 121071.10
613 121010.07
614 120985.03
615 121017.93
616 120922.09
617 121026.99
618 121021.99
619 121003.15
620 120988.13
621 120982.17
622 121005.77
623 120929.00
624 121035.10
625 120984.08
626 120969.06
627 121008.87
628 120994.81
629 121014.83
630 121006.97
631 121028.90
632 120964.05
633 121001.96
634 120975.97
635 121015.07
636 121029.14
637 121014.83
638 120936.87
639 121021.03
640 121006.01
641 121034.15
642 121018.17
643 120963.81
644 120983.84
645 121016.98
646 120990.99
647 121096.13
648 121001.96
649 121012.93
650 121007.92
651 121017.93
652 121017.22
653 121017.93
654 120982.89
655 121042.01
656 120944.98
657 120988.85
658 121011.97
659 121018.89
660 121021.03
661 121030.09
662 121031.05
663 121006.97
664 121039.15
665 121011.97
666 120966.91
667 121021.99
668 121026.99
669 120961.19
670 120993.85
671 121016.03
672 121010.07
673 121025.09
674 120971.92
675 121023.89
676 121026.04
677 120959.04
678 121024.13
679 121003.15
680 120983.12
681 121009.83
682 120997.19
683 121019.12
684 121010.07
685 121018.89
686 121014.83
687 121028.90
688 121022.94
689 121002.91
690 121027.95
691 121016.98
692 121002.91
693 121032.95
694 120978.83
695 120990.99
696 120850.09
697 120879.89
698 121026.99
699 121000.05
