550
0 121313.81
1 121201.04
2 121174.10
3 121130.94
4 121089.94
5 121167.90
6 121165.99
7 121173.14
8 121080.16
9 121205.09
10 121180.06
11 121195.08
12 121181.01
13 121160.98
14 121169.09
15 121155.98
16 121201.04
17 121170.04
18 121184.83
19 121135.00
20 121174.10
21 121176.00
22 121144.06
23 121145.96
24 121186.02
25 121184.11
26 121175.05
27 121190.07
28 121064.90
29 121160.03
30 121127.13
31 121167.18
32 121191.02
33 121166.94
34 121180.06
35 121073.01
36 121158.84
37 121164.80
38 121202.95
39 121133.09
40 121191.98
41 121160.03
42 121177.91
43 121163.13
44 121182.92
45 121165.99
46 121174.10
47 121165.99
48 121184.83
49 121200.08
50 121110.20
51 121189.12
52 121186.02
53 121171.00
54 121169.09
55 121161.94
56 121164.08
57 121169.09
58 121143.10
59 121145.96
60 121166.94
61 121190.07
62 121172.90
63 121172.90
64 121163.85
65 121164.08
66 121198.89
67 121165.04
68 121181.96
69 121189.12
70 121165.04
71 121176.96
72 121191.02
73 121167.90
74 121171.95
75 121152.16
76 121182.92
77 121184.83
78 121181.96
79 121139.05
80 121163.13
81 121191.98
82 121180.06
83 121171.00
84 121169.81
85 121167.90
86 121171.95
87 121175.05
88 121171.00
89 121165.99
90 121083.97
91 121163.13
92 121179.10
93 121186.97
94 121175.05
95 121175.05
96 121046.07
97 121076.82
98 121199.13
99 121226.07
100 121008.16
101 121185.06
102 121084.93
103 121176.96
104 121187.93
105 120903.97
106 121182.92
107 121351.96
108 121133.09
109 121103.05
110 121057.99
111 121212.01
112 121402.98
113 121059.18
114 121142.86
115 120980.98
116 121186.02
117 121670.01
118 121071.10
119 121096.85
120 120943.78
121 121205.09
122 121648.07
123 121252.06
124 121087.07
125 121068.00
126 121135.00
127 122300.86
128 121239.90
129 121392.97
130 121058.94
131 121163.13
132 121170.04
133 120877.98
134 121845.96
135 121231.08
136 121195.08
137 121670.96
138 121120.93
139 121604.92
140 121976.85
141 121146.92
142 121150.97
143 121184.83
144 122372.15
145 121233.94
146 121484.04
147 121094.94
148 121310.00
149 121451.85
150 121220.83
151 122075.08
152 121188.88
153 121052.03
154 121821.88
155 121152.88
156 121768.95
157 121255.87
158 120998.14
159 121204.14
160 121262.07
161 121006.01
162 121171.00
163 120965.00
164 121159.08
165 121208.91
166 121143.10
167 121181.96
168 121051.07
169 121237.99
170 121159.08
171 121212.01
172 121091.13
173 120986.94
174 121181.96
175 121659.04
176 121150.02
177 121131.90
178 121109.01
179 121124.98
180 121101.14
181 121124.03
182 121057.99
183 121435.17
184 121081.83
185 121078.97
186 121067.05
187 121870.99
188 121025.09
189 121080.88
190 122218.85
191 121178.87
192 121199.13
193 121078.01
194 121598.96
195 120989.08
196 121043.92
197 121459.96
198 121238.95
199 121136.90
200 121177.91
201 121123.08
202 121747.02
203 121191.02
204 121042.01
205 121119.02
206 121140.00
207 121133.09
208 121461.15
209 120968.10
210 121003.15
211 121079.21
212 121365.07
213 121119.02
214 121814.01
215 120944.98
216 121273.99
217 121268.99
218 121132.14
219 121270.18
220 121153.83
221 121069.91
222 121119.02
223 121598.01
224 121670.01
225 121100.90
226 121602.06
227 121501.92
228 121057.99
229 122040.03
230 121128.08
231 121977.81
232 121181.96
233 121544.84
234 121087.07
235 121684.07
236 122318.98
237 121181.96
238 120928.05
239 120999.10
240 121124.98
241 120996.00
242 121154.07
243 121106.86
244 120895.15
245 121344.09
246 121684.07
247 121049.17
248 121603.01
249 121062.99
250 121307.13
251 121148.11
252 120871.78
253 120993.14
254 120921.13
255 121572.97
256 121665.00
257 122082.95
258 121281.86
259 121031.05
260 121294.02
261 121192.93
262 120872.97
263 121394.87
264 121073.96
265 121688.13
266 121305.94
267 121510.98
268 121302.84
269 120980.98
270 121057.99
271 121484.99
272 121376.99
273 120917.80
274 121354.10
275 120877.03
276 121150.97
277 121040.82
278 121891.02
279 121018.89
280 120857.00
281 121556.04
282 121297.84
283 122556.92
284 121577.02
285 121310.95
286 120862.96
287 120985.98
288 121196.99
289 121080.88
290 121795.18
291 121135.95
292 121213.20
293 120898.01
294 121368.17
295 120883.94
296 121670.01
297 120907.78
298 121392.01
299 121000.05
300 121011.97
301 121546.98
302 120913.98
303 121089.94
304 121334.08
305 121385.10
306 121022.94
307 121412.99
308 120965.00
309 120864.15
310 121690.99
311 121652.84
312 121533.87
313 121418.95
314 121917.01
315 121063.95
316 121649.98
317 121356.96
318 121155.98
319 121697.90
320 121634.01
321 120870.11
322 121387.00
323 121930.84
324 120929.96
325 121139.05
326 121897.94
327 120865.11
328 121006.01
329 121279.00
330 121729.14
331 121882.92
332 122251.99
333 121090.89
334 120865.11
335 120948.08
336 121633.05
337 121044.16
338 120926.86
339 121440.17
340 122208.83
341 121128.08
342 121588.95
343 121536.02
344 120922.09
345 121747.97
346 121175.05
347 120908.02
348 121634.01
349 121718.17
350 121016.03
351 121497.15
352 121038.91
353 121530.06
354 121373.89
355 121099.00
356 121257.07
357 121996.16
358 121182.92
359 120867.01
360 121574.88
361 121058.94
362 120973.83
363 120985.98
364 121098.04
365 120883.94
366 120974.06
367 120872.97
368 121123.08
369 120913.03
370 120929.96
371 121433.97
372 121078.01
373 120893.96
374 121051.07
375 121207.00
376 120953.80
377 120951.18
378 121124.98
379 121016.98
380 121200.08
381 121121.88
382 121507.88
383 120899.92
384 121243.95
385 121339.08
386 120997.91
387 121459.01
388 121028.90
389 120907.07
390 121099.00
391 121047.02
392 121208.91
393 121469.02
394 121182.92
395 120829.11
396 120991.95
397 120835.07
398 121320.01
399 121138.10
400 121233.94
401 121126.89
402 121042.97
403 121041.06
404 121356.01
405 121126.89
406 120993.14
407 120995.04
408 121001.96
409 121024.85
410 121274.95
411 120995.04
412 120995.04
413 121092.08
414 121253.01
415 121214.87
416 121239.90
417 121189.12
418 121154.07
419 121108.06
420 121101.86
421 120970.96
422 121317.86
423 121541.02
424 121608.97
425 121130.94
426 120898.96
427 121128.08
428 121204.14
429 121146.92
430 121093.03
431 120882.03
432 121281.15
433 121091.84
434 121399.88
435 121032.00
436 121057.99
437 120810.03
438 121402.98
439 121409.89
440 120785.00
441 121015.07
442 120996.00
443 121021.03
444 121137.86
445 121176.00
446 121420.15
447 121044.16
448 120836.97
449 120860.10
450 120942.83
451 121628.05
452 121232.99
453 120790.00
454 121502.88
455 121125.94
456 121244.91
457 121021.99
458 120991.95
459 121145.96
460 121157.88
461 121016.03
462 121020.08
463 121043.92
464 121124.98
465 120866.06
466 121512.89
467 121698.86
468 121426.11
469 121163.85
470 121016.98
471 121023.18
472 121232.99
473 121266.13
474 120912.79
475 121308.09
476 120909.93
477 120882.03
478 120934.96
479 121017.93
480 121125.22
481 121230.13
482 120903.97
483 120993.14
484 121117.12
485 121657.85
486 120929.00
487 121418.95
488 120948.08
489 120924.00
490 121690.03
491 120984.08
492 121496.92
493 121321.20
494 121452.09
495 121243.00
496 121342.90
497 121802.09
498 121711.02
499 120951.89
500 121582.98
501 121020.08
502 121526.96
503 120943.07
504 121706.96
505 121463.06
506 121099.95
507 120956.18
508 121198.18
509 121409.89
510 121680.02
511 121019.84
512 122078.18
513 121235.13
514 121684.79
515 121318.10
516 121263.03
517 121400.12
518 120840.07
519 121603.97
520 120972.87
521 121852.87
522 121397.97
523 120939.97
524 121542.22
525 121172.90
526 121646.17
527 121467.11
528 121037.96
529 121424.91
530 121541.98
531 121660.95
532 121578.22
533 121404.89
534 121615.89
535 121775.15
536 121166.94
537 121455.19
538 121294.98
539 121721.03
540 120910.88
541 121164.08
542 121093.03
543 121699.09
544 121402.98
545 121331.93
546 121124.98
547 121380.09
548 121191.02
549 121362.92
