700
0 121212.01
1 120975.02
2 120938.06
3 120928.05
4 120918.04
5 120960.00
6 120938.06
7 120903.97
8 120972.87
9 120982.89
10 120967.15
11 120967.86
12 120988.13
13 120966.20
14 120963.10
15 120965.00
16 120898.01
17 120966.91
18 120890.86
19 120965.00
20 120996.00
21 120966.91
22 120960.95
23 120957.14
24 120987.18
25 120954.99
26 120930.91
27 120891.81
28 120986.94
29 120949.98
30 120964.05
31 120945.93
32 120876.07
33 120944.98
34 120926.14
35 120948.08
36 120968.82
37 120945.93
38 120950.94
39 120942.12
40 120967.15
41 120947.84
42 120951.18
43 120919.94
44 120980.98
45 120942.12
46 120938.06
47 120879.89
48 120973.11
49 120966.20
50 121054.89
51 120960.00
52 120960.00
53 120962.86
54 120963.10
55 120962.14
56 120970.96
57 120937.11
58 120911.84
59 120959.04
60 120955.94
61 120956.90
62 120959.04
63 120956.18
64 121008.87
65 120949.03
66 120938.06
67 120849.85
68 120969.06
69 120939.02
70 120953.08
71 120955.94
72 120957.14
73 120943.07
74 120954.04
75 120927.81
76 120971.92
77 120957.85
78 120990.99
79 120956.18
80 120964.05
81 120965.00
82 120963.10
83 120905.88
84 120961.90
85 120940.92
86 120927.10
87 120975.97
88 120954.04
89 120965.00
90 120961.90
91 120986.94
92 120965.00
93 120835.07
94 121029.14
95 121037.01
96 120868.92
97 120942.12
98 120845.08
99 120954.04
100 120970.01
101 120929.00
102 120985.98
103 120948.08
104 120986.94
105 120954.04
106 122398.85
107 120944.98
108 122390.99
109 120853.90
110 121191.98
111 122395.99
112 121717.93
113 123414.04
114 122964.86
115 123173.95
116 123201.85
117 122385.03
118 124006.99
119 123270.03
120 122186.90
121 123150.11
122 124843.12
123 122463.94
124 123063.09
125 123909.95
126 122724.06
127 122055.05
128 122198.10
129 123022.08
130 123553.99
131 122735.02
132 123469.11
133 122760.06
134 122734.07
135 122504.00
136 122209.79
137 123690.84
138 123443.13
139 123353.00
140 123137.00
141 123090.03
142 122899.06
143 122496.84
144 123256.92
145 124784.95
146 122047.90
147 124361.04
148 123339.89
149 123278.14
150 124167.92
151 123895.88
152 122519.02
153 122519.97
154 123663.19
155 123544.93
156 122569.08
157 122620.11
158 123441.93
159 122473.00
160 123984.81
161 122961.04
162 122904.06
163 121917.01
164 122598.89
165 122637.03
166 122325.90
167 123807.91
168 121989.97
169 122692.82
170 122506.14
171 124826.91
172 122982.03
173 123149.87
174 122397.90
175 122900.96
176 122673.99
177 123159.17
178 123569.01
179 123428.82
180 123407.13
181 123405.93
182 122447.01
183 122900.01
184 123757.84
185 121985.91
186 122344.02
187 123610.02
188 122851.85
189 122985.84
190 123092.89
191 123919.96
192 121962.79
193 123457.19
194 123226.88
195 123179.91
196 123376.85
197 122567.18
198 122415.07
199 123628.85
200 123498.92
201 122545.96
202 123501.06
203 123468.88
204 123214.01
205 122451.78
206 123878.00
207 123169.90
208 123414.99
209 123593.09
210 123364.93
211 123214.01
212 122515.92
213 123301.98
214 123379.95
215 123005.87
216 123734.00
217 123482.94
218 122664.93
219 124091.86
220 123456.00
221 122202.87
222 123312.95
223 122936.01
224 122792.01
225 121220.11
226 121235.85
227 120993.14
228 122669.94
229 121620.18
230 123087.17
231 121625.90
232 122614.15
233 121994.97
234 121736.05
235 121588.95
236 122390.99
237 121381.04
238 121094.94
239 121671.92
240 121761.08
241 121633.05
242 121532.20
243 121469.97
244 121266.13
245 121094.94
246 121066.09
247 122479.92
248 122528.08
249 121412.99
250 122138.02
251 121291.16
252 121074.91
253 121725.08
254 121710.06
255 121794.94
256 121815.92
257 121703.15
258 122493.98
259 121961.12
260 121801.14
261 121614.22
262 122254.13
263 121458.05
264 121407.99
265 121484.04
266 122358.08
267 122320.89
268 121025.09
269 122030.02
270 121900.08
271 122418.17
272 122464.90
273 122352.12
274 122174.02
275 122042.18
276 122186.90
277 122093.92
278 121982.10
279 121770.14
280 121555.09
281 121299.98
282 122413.16
283 121501.92
284 122845.89
285 121475.93
286 121415.14
287 122018.10
288 120923.04
289 121016.03
290 120911.84
291 121967.08
292 122009.99
293 121805.91
294 121653.08
295 121521.95
296 122004.03
297 120895.15
298 122143.03
299 122070.79
300 121829.99
301 121697.90
302 121163.85
303 122519.97
304 122189.04
305 123827.93
306 121196.03
307 121849.06
308 122128.96
309 123050.93
310 121227.03
311 122405.05
312 122394.08
313 123059.99
314 120905.88
315 122022.87
316 122050.05
317 121017.22
318 121779.92
319 121910.81
320 122364.04
321 121442.08
322 122602.94
323 121508.84
324 123044.01
325 122201.92
326 121194.12
327 121094.94
328 120954.99
329 121673.11
330 122365.95
331 121364.83
332 121273.04
333 123183.97
334 121443.99
335 121051.07
336 121551.04
337 122249.84
338 122156.86
339 122548.10
340 121329.07
341 121785.88
342 120960.00
343 120951.89
344 121623.99
345 121788.98
346 122351.88
347 121448.99
348 122023.11
349 121033.91
350 121332.88
351 122095.82
352 121794.94
353 122524.02
354 121507.88
355 122244.12
356 121923.21
357 122049.09
358 121856.21
359 120903.97
360 120968.10
361 120920.90
362 120956.90
363 120946.88
364 120949.98
365 121218.92
366 120853.90
367 121161.94
368 120965.00
369 121064.90
370 120967.86
371 120981.93
372 120800.97
373 121130.94
374 120934.96
375 121058.94
376 121039.87
377 120851.04
378 121119.02
379 121182.92
380 120905.16
381 121128.80
382 120891.09
383 121141.91
384 121006.01
385 120887.04
386 120985.98
387 120978.12
388 121471.88
389 120944.98
390 121092.08
391 121114.97
392 121569.16
393 121343.85
394 121170.04
395 120950.94
396 121119.98
397 121296.17
398 120867.01
399 121067.05
400 121177.91
401 120928.05
402 120866.06
403 120921.85
404 121134.04
405 121189.83
406 120864.15
407 120884.90
408 120977.16
409 121155.02
410 121220.83
411 120795.97
412 120987.18
413 121068.95
414 121131.18
415 120900.87
416 120829.11
417 121044.16
418 121115.92
419 121198.18
420 120781.90
421 121006.01
422 121107.82
423 121199.13
424 121402.03
425 120954.99
426 120955.94
427 121129.99
428 121321.92
429 120774.98
430 120939.02
431 121027.95
432 121130.94
433 120799.06
434 120805.03
435 121013.88
436 121093.03
437 121313.10
438 120770.93
439 120798.83
440 121062.99
441 121057.03
442 121407.03
443 120893.96
444 120953.08
445 121093.03
446 121084.93
447 120790.00
448 120935.92
449 120991.95
450 121159.79
451 120765.92
452 120790.96
453 121001.01
454 120970.01
455 121221.07
456 120799.78
457 120748.04
458 121028.18
459 121109.96
460 121216.06
461 120944.98
462 120981.93
463 121165.04
464 120759.01
465 120691.06
466 121089.94
467 121045.83
468 121184.11
469 120792.87
470 120859.15
471 121135.95
472 121187.93
473 121330.02
474 120827.91
475 120870.11
476 121137.14
477 120939.02
478 121146.20
479 120990.04
480 121036.05
481 121129.04
482 121160.03
483 121139.05
484 121105.19
485 121140.00
486 121168.14
487 121136.19
488 121129.04
489 121125.94
490 121157.17
491 121052.03
492 121035.81
493 121020.08
494 121158.12
495 121111.15
496 121136.90
497 121135.00
498 121144.06
499 121132.14
500 121121.88
501 121122.12
502 121141.20
503 121134.04
504 121097.09
505 121125.94
506 121139.05
507 121127.13
508 121123.08
509 121119.98
510 121133.80
511 121120.93
512 121082.07
513 121148.11
514 121141.20
515 121145.96
516 121113.06
517 121120.93
518 121138.10
519 121119.98
520 121127.84
521 121127.13
522 121145.01
523 121135.00
524 121106.86
525 121146.92
526 121028.90
527 121139.05
528 121097.80
529 121139.05
530 121139.05
531 121140.00
532 121068.00
533 121134.04
534 121144.06
535 121149.78
536 121138.10
537 121136.90
538 121140.00
539 121129.99
540 121125.94
541 121158.12
542 121145.01
543 121140.00
544 121093.03
545 121150.97
546 121132.14
547 121130.94
548 121141.20
549 121145.01
550 121140.00
551 121129.04
552 121067.05
553 121137.14
554 121129.04
555 121125.94
556 121129.99
557 121122.12
558 121147.87
559 121117.83
560 121052.98
561 121116.88
562 121129.04
563 121134.04
564 121105.91
565 121172.90
566 121145.96
567 121101.86
568 121144.06
569 121162.18
570 121140.00
571 121128.08
572 121058.94
573 121166.94
574 121145.96
575 121131.90
576 121095.90
577 121183.87
578 121124.98
579 121143.10
580 121108.06
581 121150.02
582 121139.05
583 121142.15
584 121099.95
585 121157.88
586 121145.96
587 121129.04
588 121138.10
589 121163.13
590 121140.00
591 121139.05
592 121129.99
593 121140.00
594 121129.04
595 121100.90
596 121123.08
597 121140.00
598 121121.17
599 121124.03
600 121120.93
601 121132.85
602 121126.17
603 121129.99
604 121114.97
605 121140.00
606 121046.07
607 121126.89
608 121125.94
609 121140.00
610 121107.10
611 121099.95
612 121004.10
613 121124.03
614 121129.04
615 121124.98
616 121100.90
617 121143.82
618 121123.08
619 121070.86
620 121112.82
621 121140.96
622 121140.96
623 121144.06
624 121135.00
625 121141.91
626 121135.00
627 121143.10
628 121140.00
629 121139.05
630 121137.86
631 121138.10
632 121116.16
633 121142.86
634 121141.91
635 121145.96
636 121133.09
637 121145.01
638 121137.14
639 121131.90
640 121153.12
641 121139.05
642 121138.10
643 121145.96
644 121145.01
645 121140.00
646 121140.00
647 121140.00
648 121146.92
649 121145.96
650 121140.00
651 121140.96
652 121144.06
653 121136.90
654 121140.00
655 121136.90
656 121129.99
657 121104.96
658 121128.08
659 121119.98
660 121160.03
661 121139.05
662 121124.98
663 121123.08
664 121143.10
665 121141.91
666 121126.89
667 121132.14
668 121135.00
669 121147.87
670 121071.10
671 121136.90
672 121085.17
673 121144.06
674 121144.06
675 121139.05
676 121156.93
677 121136.90
678 121143.10
679 121140.00
680 121154.07
681 121134.04
682 121146.92
683 121139.05
684 121144.06
685 121140.00
686 121137.86
687 121138.10
688 121134.04
689 121137.14
690 121140.00
691 121135.00
692 121138.81
693 121131.90
694 121128.08
695 121127.13
696 121145.01
697 121116.88
698 121113.06
699 121124.03
