700
0 121241.09
1 121124.98
2 121108.06
3 121033.91
4 121026.04
5 121114.97
6 121103.05
7 121121.88
8 121106.15
9 121116.16
10 121099.00
11 121118.07
12 121109.96
13 121120.93
14 121099.95
15 121119.98
16 121108.06
17 121113.06
18 121103.05
19 121116.88
20 121110.92
21 121124.98
22 121111.15
23 121056.80
24 121110.92
25 121109.96
26 121111.87
27 121120.21
28 121119.02
29 121118.07
30 121124.98
31 121130.94
32 121092.08
33 121100.90
34 121111.87
35 121097.80
36 121103.05
37 121049.17
38 121107.10
39 121123.08
40 121006.97
41 121071.10
42 121113.06
43 121038.91
44 121115.92
45 121083.02
46 121123.08
47 121123.08
48 121105.91
49 121122.84
50 121101.14
51 121119.98
52 121099.00
53 121140.96
54 121083.02
55 121047.97
56 121091.84
57 121124.98
58 121104.96
59 121123.08
60 121108.06
61 121124.98
62 121119.02
63 121027.95
64 121117.83
65 121127.84
66 121121.17
67 121124.03
68 121129.04
69 121109.01
70 121008.87
71 121119.02
72 121109.96
73 121076.11
74 121084.93
75 121092.08
76 121102.81
77 121119.02
78 121117.12
79 121113.06
80 121122.12
81 121120.93
82 121126.17
83 121150.97
84 121125.94
85 121078.97
86 121058.94
87 120996.00
88 121124.03
89 121111.15
90 121109.96
91 121119.02
92 121116.88
93 121121.17
94 121127.84
95 121119.98
96 121027.95
97 121053.93
98 121062.99
99 121126.89
100 121107.10
101 121104.96
102 120887.04
103 121058.94
104 120885.85
105 121081.83
106 121299.03
107 121034.86
108 122319.94
109 121515.04
110 122715.00
111 121995.93
112 122826.10
113 123627.19
114 123446.94
115 122672.08
116 123431.92
117 124606.13
118 124356.03
119 124802.83
120 124647.86
121 124833.82
122 124866.96
123 124460.22
124 123994.83
125 124624.01
126 123259.07
127 125058.17
128 124270.20
129 124917.98
130 125007.15
131 124408.96
132 124928.00
133 125458.00
134 124876.98
135 125462.06
136 125533.10
137 124200.11
138 125080.82
139 125905.04
140 125436.07
141 125411.03
142 124083.04
143 124103.07
144 124850.03
145 124115.94
146 125792.03
147 125629.90
148 125387.91
149 125411.99
150 125337.12
151 126209.02
152 125968.93
153 125859.98
154 124894.86
155 125259.16
156 125825.88
157 125310.90
158 125025.03
159 124974.01
160 125050.07
161 124341.96
162 124813.08
163 123723.98
164 125530.00
165 125525.95
166 125185.01
167 124845.98
168 127388.00
169 126593.11
170 124666.93
171 124039.17
172 124881.98
173 125319.00
174 124073.03
175 124144.79
176 125621.08
177 125430.11
178 124743.94
179 124700.07
180 124660.97
181 124559.16
182 124526.98
183 124588.01
184 126082.90
185 124548.91
186 125020.03
187 123747.11
188 125383.85
189 124811.17
190 124132.16
191 123725.18
192 124686.96
193 125605.82
194 124898.20
195 125427.01
196 123626.95
197 125490.19
198 125310.90
199 123508.93
200 124572.99
201 126910.92
202 125402.21
203 124645.95
204 123644.11
205 125099.90
206 125779.87
207 123968.12
208 124800.92
209 124114.99
210 124876.02
211 124671.94
212 123857.02
213 124251.13
214 124925.14
215 124985.93
216 124681.00
217 124908.92
218 124034.17
219 124207.97
220 125147.82
221 125416.04
222 124099.97
223 125577.93
224 122470.14
225 120936.87
226 122043.13
227 121953.01
228 121105.19
229 121962.07
230 120927.10
231 122454.88
232 121457.10
233 122741.94
234 122103.93
235 122081.04
236 120985.98
237 123214.01
238 121586.08
239 122365.00
240 121078.01
241 122828.01
242 121217.97
243 122009.99
244 122811.79
245 122056.96
246 121001.01
247 121729.85
248 120862.01
249 120846.99
250 121972.08
251 122154.95
252 122284.89
253 121361.97
254 121384.86
255 121931.79
256 121090.89
257 121185.06
258 122731.21
259 121175.05
260 122062.92
261 122853.99
262 121036.05
263 122688.06
264 123352.05
265 121564.15
266 121613.98
267 120949.03
268 122225.05
269 122140.88
270 120976.92
271 122181.18
272 121610.88
273 122134.92
274 121012.21
275 121733.90
276 121811.15
277 122505.90
278 122313.02
279 121378.90
280 121395.11
281 123057.84
282 122817.99
283 123445.99
284 121117.83
285 121220.11
286 121944.90
287 122100.83
288 122262.00
289 122345.92
290 122493.98
291 121735.10
292 122344.02
293 122382.16
294 121422.05
295 120943.07
296 122354.03
297 121477.13
298 122573.14
299 122598.17
300 120825.05
301 120928.05
302 121881.01
303 121041.06
304 123568.06
305 121737.96
306 121725.08
307 121825.93
308 122444.15
309 121645.21
310 121609.93
311 121344.09
312 121405.12
313 121403.93
314 121230.13
315 121953.96
316 121167.90
317 120967.86
318 121790.89
319 120980.02
320 120983.12
321 122392.89
322 122423.89
323 121706.96
324 120887.99
325 121609.93
326 120910.17
327 120848.89
328 121814.97
329 120929.96
330 121418.00
331 121904.13
332 121050.83
333 121587.04
334 122007.85
335 122713.09
336 121084.93
337 121079.92
338 121140.00
339 121061.80
340 121847.87
341 121952.06
342 120907.07
343 120932.82
344 121006.01
345 121702.91
346 121637.11
347 121053.22
348 120998.86
349 121078.01
350 121681.93
351 121666.91
352 120929.00
353 121622.09
354 120913.03
355 121028.90
356 120987.89
357 121729.14
358 121034.86
359 120878.93
360 120978.12
361 120916.13
362 120872.97
363 120852.95
364 120864.15
365 120912.08
366 121253.01
367 120909.93
368 121386.05
369 120878.93
370 120916.13
371 120832.92
372 121079.92
373 121321.92
374 120873.93
375 121297.84
376 120888.95
377 121109.01
378 121256.11
379 121172.90
380 120930.19
381 121308.09
382 121139.05
383 121213.20
384 121097.09
385 121549.84
386 120961.90
387 121195.08
388 121256.83
389 121139.05
390 120950.94
391 120967.15
392 121310.95
393 121037.96
394 120960.00
395 121350.05
396 121171.95
397 121201.99
398 121024.13
399 121297.12
400 121227.98
401 121130.94
402 121385.81
403 120998.14
404 121246.10
405 121321.20
406 121107.10
407 121190.07
408 120914.94
409 121083.02
410 121356.01
411 120944.02
412 121208.91
413 121297.84
414 121011.02
415 121106.86
416 121378.90
417 121118.07
418 121328.83
419 121016.03
420 121014.83
421 121124.98
422 120877.03
423 121191.98
424 121479.03
425 120827.20
426 121227.03
427 120913.98
428 121438.03
429 121311.19
430 120861.05
431 121205.09
432 121388.91
433 121053.22
434 121039.15
435 120940.92
436 120964.05
437 121308.80
438 121007.92
439 121060.13
440 121387.96
441 120968.82
442 121263.98
443 121213.91
444 121092.08
445 121176.00
446 120898.01
447 121012.93
448 121237.04
449 121035.10
450 121191.02
451 121423.96
452 120990.04
453 120949.98
454 121323.11
455 120837.93
456 121204.85
457 121004.10
458 120901.11
459 121330.98
460 121245.86
461 121224.16
462 121445.18
463 121093.03
464 121222.02
465 121438.98
466 120950.94
467 121242.05
468 120796.92
469 121137.86
470 121349.10
471 120987.89
472 121276.14
473 121539.12
474 121068.00
475 121082.07
476 121062.04
477 121275.90
478 120902.06
479 121042.01
480 121497.87
481 121102.09
482 121043.92
483 121100.19
484 121075.87
485 121115.92
486 121105.91
487 121109.01
488 121156.93
489 121112.82
490 121114.97
491 121087.79
492 121037.96
493 121105.19
494 121151.92
495 121107.10
496 121083.02
497 121083.02
498 121073.96
499 121101.86
500 121144.06
501 121104.96
502 121076.82
503 121110.92
504 121073.01
505 121108.06
506 121117.12
507 121110.20
508 121103.05
509 121111.87
510 121110.20
511 121107.10
512 121031.05
513 121073.96
514 121088.03
515 121094.94
516 121098.04
517 121083.02
518 121083.02
519 121110.92
520 121099.95
521 121117.12
522 121100.19
523 121130.94
524 121070.86
525 121101.14
526 121072.05
527 121094.94
528 121109.01
529 121118.78
530 121113.06
531 121099.95
532 121048.93
533 121101.86
534 121135.00
535 121104.00
536 121119.98
537 121114.02
538 121124.98
539 121112.82
540 121129.04
541 121110.92
542 121100.90
543 121116.16
544 121072.05
545 121119.02
546 121095.90
547 121119.02
548 121102.09
549 121119.02
550 121109.01
551 121133.09
552 121047.02
553 121114.02
554 121100.19
555 121084.93
556 121103.05
557 121154.07
558 121114.02
559 121077.06
560 121087.07
561 121104.96
562 121017.93
563 121078.97
564 121084.93
565 121126.89
566 121107.10
567 121091.84
568 121124.03
569 121104.96
570 121109.96
571 121107.10
572 121038.91
573 121117.83
574 121148.11
575 121047.97
576 121069.91
577 121106.86
578 121119.02
579 121109.96
580 121119.02
581 121108.06
582 121118.07
583 121013.16
584 121081.11
585 121120.93
586 121090.89
587 121119.02
588 121110.92
589 121120.93
590 121109.96
591 121123.79
592 121041.06
593 121130.94
594 121129.04
595 121127.13
596 121193.89
597 121123.08
598 121078.97
599 121001.01
600 121119.98
601 121155.98
602 121136.90
603 121100.19
604 121076.11
605 121102.81
606 121119.98
607 121119.98
608 121127.13
609 121124.03
610 121124.03
611 121124.03
612 121107.10
613 121125.94
614 121068.00
615 121123.08
616 121080.88
617 121124.03
618 121109.01
619 121124.98
620 121107.10
621 121098.04
622 121110.92
623 121101.14
624 121123.08
625 121114.02
626 121056.08
627 121119.98
628 121121.88
629 121057.03
630 121126.17
631 121123.08
632 121034.86
633 121122.84
634 121101.14
635 121119.02
636 121145.01
637 121123.08
638 121073.01
639 121121.17
640 121119.02
641 121118.07
642 121119.98
643 121040.82
644 121048.93
645 121119.98
646 121111.15
647 121037.96
648 121114.97
649 121109.96
650 121123.08
651 121115.21
652 121047.02
653 121122.12
654 121090.89
655 121122.12
656 121051.07
657 121119.98
658 121088.98
659 121117.12
660 121104.96
661 121117.12
662 121108.06
663 121118.07
664 121114.02
665 121081.11
666 121044.87
667 121106.15
668 121102.09
669 121112.11
670 121119.02
671 121114.97
672 121047.97
673 121112.11
674 121123.08
675 121114.97
676 121107.10
677 121120.93
678 121121.88
679 121102.09
680 121122.12
681 121085.88
682 121124.03
683 120997.91
684 121011.97
685 121110.92
686 121100.19
687 121130.94
688 121104.96
689 121100.90
690 121103.05
691 121118.07
692 121121.88
693 121108.06
694 121126.17
695 121119.02
696 121124.03
697 121120.93
698 121037.01
699 121119.02
