700
0 121273.99
1 121160.98
2 121160.98
3 121099.95
4 121087.07
5 121119.98
6 121062.99
7 121127.13
8 121129.99
9 121133.09
10 121125.94
11 121139.05
12 121130.94
13 121129.99
14 121145.96
15 121140.96
16 121143.10
17 121094.94
18 121137.86
19 121122.12
20 121156.22
21 121141.91
22 121083.97
23 121068.95
24 121129.04
25 121144.06
26 121119.02
27 121119.98
28 121123.08
29 121077.06
30 121126.17
31 121156.93
32 121135.00
33 121086.12
34 121068.00
35 121136.90
36 121093.03
37 121171.95
38 121073.01
39 121147.16
40 121068.00
41 121145.01
42 121109.01
43 121138.10
44 121120.93
45 121061.09
46 121123.08
47 121138.81
48 121129.04
49 121146.92
50 121114.02
51 121077.06
52 121127.13
53 121150.97
54 121135.95
55 121116.88
56 121144.06
57 121126.89
58 121111.87
59 121111.87
60 121119.98
61 121133.09
62 121129.04
63 121121.17
64 121132.14
65 121119.98
66 121133.09
67 121026.04
68 121129.99
69 121070.15
70 121148.11
71 121111.15
72 121128.08
73 121140.00
74 121126.17
75 121140.00
76 121135.00
77 121143.82
78 121139.05
79 121142.86
80 121145.01
81 121153.12
82 121145.01
83 121144.06
84 121148.11
85 120992.90
86 121148.11
87 121161.94
88 121143.10
89 121095.18
90 120929.00
91 121071.10
92 121043.92
93 121036.05
94 121084.21
95 120996.00
96 121045.11
97 121009.83
98 121013.88
99 121955.87
100 121100.19
101 121898.17
102 120908.02
103 122975.83
104 121536.97
105 121724.84
106 121906.04
107 121937.04
108 123504.88
109 121475.93
110 122283.94
111 123972.89
112 125717.16
113 126494.17
114 126541.14
115 124799.01
116 124774.93
117 126628.88
118 126439.09
119 128086.81
120 125361.92
121 126249.07
122 125463.01
123 127204.90
124 126279.12
125 126244.07
126 125387.19
127 126136.06
128 127019.88
129 126317.02
130 125403.17
131 125257.97
132 125921.01
133 125795.84
134 126542.09
135 125855.21
136 126259.80
137 126928.09
138 126178.98
139 126065.02
140 127648.12
141 126736.16
142 125915.05
143 126017.09
144 126477.00
145 125721.93
146 126462.22
147 125680.92
148 125739.10
149 125898.84
150 125695.94
151 125898.12
152 124952.08
153 126455.07
154 125711.92
155 128077.98
156 124199.87
157 125475.88
158 124938.96
159 124639.03
160 124938.01
161 125123.98
162 124017.00
163 127171.99
164 124760.15
165 125735.04
166 124938.96
167 125020.98
168 126538.99
169 125813.96
170 125694.04
171 124215.13
172 125705.96
173 125113.96
174 124331.00
175 124100.92
176 126415.97
177 124886.04
178 127614.97
179 125692.84
180 124069.93
181 124995.95
182 124760.87
183 125498.06
184 124574.90
185 124761.10
186 125453.00
187 125049.11
188 125669.96
189 127310.04
190 125556.95
191 125072.00
192 124109.03
193 126410.01
194 124633.07
195 125225.07
196 125308.04
197 124395.13
198 126639.84
199 124923.94
200 125178.81
201 124994.04
202 125514.98
203 124452.11
204 125678.06
205 125787.02
206 127357.01
207 124749.90
208 125743.15
209 124161.01
210 126257.18
211 126285.08
212 125412.94
213 124771.12
214 125651.84
215 125026.94
216 124017.95
217 126613.86
218 124030.83
219 126642.94
220 125844.96
221 125144.00
222 125185.01
223 127467.87
224 125952.96
225 124160.05
226 126734.97
227 125039.82
228 125797.03
229 126044.03
230 124853.13
231 124016.05
232 125757.93
233 127310.04
234 126571.18
235 125474.93
236 124589.92
237 125258.92
238 125247.00
239 126103.88
240 124763.01
241 124538.90
242 126325.85
243 123984.10
244 123663.90
245 124478.10
246 124655.96
247 124915.12
248 124799.97
249 124797.11
250 124011.99
251 124143.84
252 125113.96
253 125075.10
254 125841.86
255 125329.97
256 125550.99
257 125390.05
258 124938.96
259 121077.06
260 121148.11
261 121340.99
262 122943.88
263 122110.13
264 121855.02
265 122020.96
266 121182.92
267 121680.97
268 122150.90
269 121609.93
270 122124.91
271 121291.88
272 122885.94
273 122992.04
274 122855.19
275 122919.08
276 121006.01
277 121768.00
278 121922.97
279 121195.08
280 122828.96
281 121139.05
282 121562.00
283 122997.05
284 122395.99
285 122318.03
286 123080.97
287 120970.96
288 121885.06
289 122861.86
290 121979.00
291 120921.13
292 123137.00
293 123825.07
294 121284.96
295 121057.03
296 122386.93
297 122509.96
298 122469.90
299 122292.04
300 121522.90
301 121335.03
302 121407.03
303 122435.09
304 121129.99
305 122524.02
306 121703.86
307 122288.94
308 121284.96
309 122002.12
310 122112.04
311 121926.07
312 121958.02
313 121599.20
314 120918.04
315 121814.01
316 121964.93
317 121527.19
318 121611.83
319 120965.00
320 121515.04
321 121322.15
322 121196.03
323 122234.11
324 122021.91
325 122358.08
326 121134.04
327 121918.20
328 120970.96
329 122623.92
330 120959.04
331 121810.91
332 121500.02
333 121268.99
334 121434.93
335 121204.14
336 121121.88
337 121953.96
338 122709.04
339 121886.01
340 122092.01
341 121587.04
342 123409.03
343 121626.85
344 121700.05
345 123383.05
346 122421.03
347 121521.00
348 122112.04
349 122040.99
350 122873.07
351 122556.92
352 123529.91
353 121187.93
354 120940.92
355 121770.14
356 120887.04
357 120853.90
358 120930.91
359 120881.08
360 120989.08
361 120957.85
362 120945.93
363 120996.95
364 120819.81
365 120970.01
366 120993.14
367 121059.18
368 121008.16
369 121088.03
370 120975.02
371 121277.09
372 120809.08
373 120927.10
374 121252.06
375 120948.79
376 121245.86
377 121061.09
378 120914.94
379 121211.05
380 121089.94
381 121156.93
382 121134.04
383 121023.18
384 120837.93
385 120953.80
386 120878.93
387 120927.10
388 121032.95
389 120989.80
390 121212.96
391 121217.97
392 121040.11
393 121114.97
394 120924.95
395 120949.98
396 121150.97
397 120981.93
398 120988.13
399 121062.04
400 120934.96
401 120988.13
402 120851.99
403 120886.09
404 121041.06
405 120848.89
406 121155.98
407 121145.01
408 120774.03
409 121176.96
410 120843.89
411 120808.12
412 120933.06
413 120846.99
414 121037.01
415 120792.87
416 121258.02
417 120879.17
418 120942.12
419 121053.93
420 120744.94
421 121048.93
422 120912.08
423 121002.91
424 121268.99
425 121109.96
426 121322.15
427 120981.93
428 120970.96
429 121073.96
430 121028.18
431 121019.12
432 121299.03
433 120996.95
434 120985.03
435 120949.03
436 121221.07
437 121070.15
438 121124.03
439 121050.12
440 121027.95
441 120958.09
442 121004.10
443 120962.86
444 120912.79
445 120882.99
446 120913.98
447 121158.12
448 120838.17
449 120893.96
450 120984.08
451 120989.80
452 120985.03
453 120990.99
454 121171.95
455 120855.09
456 120836.97
457 120778.80
458 121001.01
459 120919.94
460 120851.04
461 121099.95
462 121137.86
463 120931.15
464 120749.95
465 121035.10
466 120834.83
467 120932.82
468 121055.13
469 120985.03
470 121178.87
471 121164.08
472 121087.07
473 121222.97
474 120895.15
475 121011.97
476 121016.03
477 121032.00
478 121041.06
479 121047.97
480 120785.95
481 120944.02
482 120939.97
483 120887.99
484 121120.21
485 121253.01
486 121031.05
487 120968.10
488 120889.90
489 120882.99
490 120867.01
491 120955.94
492 121082.07
493 120948.08
494 120990.04
495 120769.98
496 120879.89
497 120862.96
498 120816.95
499 120894.19
500 120904.92
501 120944.02
502 120948.08
503 120785.00
504 120814.09
505 120828.15
506 120832.20
507 120969.06
508 120896.82
509 120769.02
510 121034.86
511 121147.87
512 120837.93
513 120808.84
514 121037.96
515 120891.09
516 121073.96
517 121021.99
518 121088.03
519 121052.98
520 121087.07
521 120821.95
522 120949.03
523 120845.08
524 120903.97
525 120796.20
526 121153.12
527 121281.86
528 120991.95
529 121171.00
530 121211.05
531 121008.16
532 121069.91
533 120996.00
534 121069.91
535 120975.02
536 121313.10
537 120978.12
538 120951.89
539 120939.97
540 121147.16
541 120861.05
542 120809.79
543 120808.12
544 120953.08
545 121194.12
546 121072.05
547 121098.04
548 121065.14
549 120779.04
550 120985.98
551 120954.99
552 121109.96
553 120877.98
554 121011.02
555 121124.98
556 121140.00
557 121148.82
558 121140.96
559 121099.00
560 121129.99
561 121119.02
562 121101.14
563 121127.13
564 121146.92
565 121133.09
566 121109.96
567 121138.10
568 121115.92
569 121047.97
570 121119.02
571 121121.17
572 121124.03
573 121129.99
574 121134.04
575 121140.96
576 121133.09
577 121131.18
578 121134.04
579 121032.00
580 121138.10
581 121164.08
582 121138.10
583 121089.94
584 121140.96
585 121101.86
586 121147.87
587 121121.88
588 121140.00
589 121067.05
590 121106.86
591 121134.04
592 121155.98
593 121141.20
594 121082.07
595 121144.06
596 121138.81
597 121146.20
598 121127.84
599 121119.02
600 121135.00
601 121122.12
602 121141.91
603 121127.13
604 121076.11
605 121137.14
606 121135.95
607 121139.05
608 121142.15
609 121084.93
610 121142.15
611 121099.95
612 121135.95
613 121119.98
614 121137.86
615 121124.03
616 121102.81
617 121016.98
618 121115.92
619 121068.00
620 121119.02
621 121126.89
622 121145.01
623 121129.99
624 121116.16
625 121135.95
626 121133.80
627 121108.06
628 121137.86
629 121047.02
630 121037.01
631 121137.14
632 121139.05
633 121123.08
634 121062.99
635 121051.07
636 121140.00
637 121155.98
638 121134.04
639 121086.84
640 121130.94
641 121140.00
642 121061.09
643 121056.08
644 121108.06
645 121120.93
646 121129.04
647 121125.94
648 121131.90
649 121085.17
650 121128.08
651 121144.06
652 121136.90
653 121145.01
654 121145.01
655 121157.88
656 121147.16
657 121084.93
658 121078.01
659 121090.17
660 121084.93
661 121113.06
662 121129.04
663 121133.80
664 121128.08
665 121134.04
666 121199.13
667 121134.04
668 121100.90
669 121065.14
670 121140.96
671 121124.98
672 121124.98
673 121134.04
674 121109.01
675 121133.09
676 121111.15
677 121137.86
678 121117.83
679 121136.90
680 121124.98
681 121136.90
682 121126.17
683 121145.01
684 121138.10
685 121121.17
686 121102.09
687 121103.05
688 121083.02
689 121088.03
690 121124.98
691 121142.15
692 121116.16
693 121138.10
694 121119.02
695 121140.96
696 121125.94
697 121140.96
698 121123.08
699 121092.08
