700
0 121269.94
1 121169.09
2 121104.00
3 121145.01
4 121122.12
5 121145.01
6 121141.91
7 121112.11
8 121133.80
9 121115.92
10 121132.14
11 121132.14
12 121055.13
13 121132.14
14 121115.92
15 121137.86
16 121123.08
17 121119.02
18 121156.22
19 121105.91
20 121129.99
21 121124.03
22 121054.89
23 121092.08
24 121112.11
25 121135.95
26 121118.07
27 121132.85
28 121131.90
29 121139.05
30 121133.09
31 121133.80
32 121133.09
33 121133.09
34 121099.00
35 121140.96
36 121114.02
37 121026.04
38 121121.88
39 121144.06
40 121121.17
41 121140.96
42 121128.08
43 121107.82
44 121133.09
45 121127.84
46 121129.99
47 121145.01
48 121119.02
49 121146.92
50 121042.01
51 121078.01
52 121059.89
53 121138.10
54 121025.09
55 121147.16
56 121143.10
57 121117.12
58 121143.10
59 121119.02
60 121114.02
61 121124.98
62 121113.06
63 121074.91
64 121121.88
65 121095.90
66 121127.84
67 121115.21
68 121131.18
69 121133.09
70 121133.09
71 121057.03
72 121141.91
73 121129.04
74 121099.95
75 121123.79
76 121142.86
77 121117.12
78 121073.01
79 121122.12
80 121124.03
81 121129.04
82 121129.99
83 121114.02
84 121129.04
85 121132.14
86 121076.82
87 121136.90
88 121141.91
89 121130.94
90 121129.04
91 121139.05
92 121066.81
93 121134.04
94 121150.02
95 121047.02
96 120969.06
97 121042.97
98 121045.83
99 121073.01
100 121024.13
101 120975.97
102 121245.15
103 121115.21
104 120926.14
105 120941.16
106 121052.03
107 121191.98
108 121048.93
109 120845.08
110 121054.89
111 121009.11
112 120996.00
113 121042.97
114 120916.84
115 121207.00
116 120927.10
117 120978.12
118 121066.09
119 121176.00
120 121067.05
121 121004.10
122 121019.12
123 121072.05
124 122534.04
125 121064.19
126 121306.90
127 120860.82
128 120935.20
129 121179.82
130 121033.91
131 120965.96
132 120894.19
133 121006.01
134 120896.82
135 121002.91
136 121210.10
137 121060.85
138 120743.04
139 120886.80
140 121071.10
141 121454.95
142 121042.01
143 120810.03
144 121092.80
145 121121.88
146 121082.78
147 120940.92
148 120968.82
149 121105.19
150 120958.09
151 120942.83
152 120787.14
153 121221.07
154 120949.03
155 121446.13
156 120836.97
157 121016.03
158 120909.93
159 120990.99
160 121371.98
161 121013.16
162 121077.06
163 121036.05
164 121289.97
165 120666.98
166 120981.93
167 120929.96
168 120887.04
169 121169.09
170 121001.96
171 120988.85
172 121015.07
173 120947.12
174 120889.19
175 120788.10
176 121255.87
177 120825.05
178 120981.93
179 120922.09
180 121265.17
181 120924.95
182 120802.88
183 120877.98
184 121854.07
185 120922.09
186 121279.95
187 121346.95
188 120956.90
189 121181.96
190 120933.06
191 120857.95
192 122053.15
193 121903.90
194 121572.02
195 120883.94
196 121729.85
197 121536.97
198 121060.13
199 121004.10
200 120921.85
201 121055.84
202 121144.06
203 121483.09
204 121720.08
205 121061.09
206 122161.15
207 120951.18
208 121607.07
209 121928.93
210 121916.06
211 120939.97
212 121054.89
213 121274.95
214 121569.16
215 121417.05
216 121451.14
217 120938.06
218 121285.92
219 120999.81
220 121150.02
221 121105.91
222 120972.87
223 121736.76
224 121062.99
225 121783.97
226 121802.81
227 121706.01
228 120915.89
229 120936.87
230 120842.22
231 121304.04
232 120974.06
233 121143.10
234 120986.22
235 121379.85
236 121413.95
237 120926.86
238 121191.98
239 121920.82
240 120990.04
241 121012.93
242 121838.09
243 121917.96
244 120898.96
245 121560.10
246 120954.04
247 121101.86
248 121963.02
249 121775.15
250 121277.09
251 120964.05
252 121008.16
253 120964.05
254 121052.03
255 121422.05
256 120950.94
257 120924.00
258 120969.06
259 121074.91
260 121317.86
261 121973.99
262 121315.00
263 121037.01
264 121134.04
265 121558.90
266 121279.95
267 121397.02
268 120857.95
269 120893.96
270 121213.91
271 121052.03
272 121849.06
273 120985.98
274 120933.06
275 121850.01
276 121114.02
277 120906.83
278 121276.86
279 121538.88
280 120863.20
281 121620.89
282 122179.03
283 121016.03
284 120909.93
285 121093.03
286 121032.95
287 120934.96
288 121099.00
289 120888.95
290 121716.98
291 121322.87
292 120925.90
293 120936.16
294 121742.96
295 120906.83
296 121150.02
297 121032.95
298 121130.94
299 121303.08
300 121027.95
301 121129.99
302 121057.99
303 120923.04
304 120925.19
305 121017.93
306 120980.02
307 120872.02
308 121520.04
309 120857.95
310 121045.11
311 121324.06
312 120929.00
313 121592.04
314 120862.01
315 120788.10
316 121449.95
317 120798.11
318 121678.83
319 120787.14
320 121618.99
321 121258.02
322 120998.14
323 120895.86
324 121237.04
325 120893.00
326 121651.89
327 121561.05
328 121415.85
329 121151.92
330 121485.95
331 121016.03
332 121405.12
333 120829.11
334 120903.02
335 121387.96
336 121550.08
337 121370.08
338 121472.84
339 120966.91
340 122612.95
341 120968.82
342 121253.01
343 121216.06
344 121613.03
345 121419.91
346 121577.98
347 122030.02
348 121072.05
349 120954.04
350 121256.83
351 121284.96
352 121132.14
353 121022.94
354 121197.22
355 121790.89
356 120957.85
357 121207.95
358 120762.11
359 121018.17
360 121084.93
361 120875.12
362 121047.02
363 120855.81
364 120998.14
365 120929.00
366 121478.08
367 120869.87
368 120956.90
369 120870.11
370 120841.98
371 120920.18
372 120962.14
373 120676.99
374 120884.90
375 121073.01
376 121221.07
377 121185.06
378 121040.11
379 121085.88
380 121068.00
381 120969.06
382 120889.90
383 121127.13
384 121006.97
385 120861.77
386 121459.01
387 120959.04
388 121026.99
389 121058.94
390 121014.12
391 121026.04
392 120960.00
393 120771.17
394 120997.91
395 120924.00
396 121109.01
397 121201.04
398 121068.95
399 120970.01
400 121006.01
401 120885.13
402 121330.98
403 121748.92
404 121333.84
405 121422.05
406 120794.06
407 120873.93
408 120878.93
409 121051.07
410 120882.03
411 120915.89
412 120925.19
413 121056.08
414 121011.97
415 120985.03
416 121694.80
417 121549.84
418 121076.11
419 120909.21
420 121090.89
421 120866.06
422 121116.88
423 120928.05
424 120926.86
425 120952.13
426 121016.98
427 120888.95
428 121016.98
429 120919.94
430 120935.92
431 120946.17
432 121572.97
433 121273.99
434 120943.07
435 121160.03
436 120887.04
437 120913.03
438 121536.97
439 121294.02
440 120996.00
441 121626.85
442 120882.03
443 121086.84
444 121114.02
445 121081.11
446 120773.08
447 121562.96
448 121256.11
449 121450.90
450 121129.04
451 120862.96
452 121224.16
453 121654.99
454 121001.01
455 121448.04
456 121659.99
457 120985.98
458 121023.89
459 121037.01
460 121016.03
461 121062.04
462 121677.88
463 120975.97
464 121294.98
465 121341.94
466 121508.12
467 121487.14
468 121063.95
469 121104.00
470 121243.00
471 121248.96
472 121379.14
473 121129.04
474 121201.04
475 120936.16
476 120898.01
477 121351.00
478 121301.17
479 121451.85
480 120890.14
481 121063.95
482 121139.05
483 121378.90
484 121726.04
485 120877.03
486 121232.99
487 121614.93
488 121572.97
489 121612.07
490 120861.05
491 121502.16
492 121343.85
493 121101.86
494 121534.11
495 121661.90
496 121766.09
497 121893.88
498 121176.96
499 120964.05
500 121423.96
501 121165.04
502 121000.05
503 121083.02
504 121831.89
505 120783.81
506 120995.04
507 121533.87
508 121003.15
509 121478.08
510 121352.91
511 121241.09
512 121008.87
513 120903.02
514 121181.96
515 121354.10
516 121245.86
517 121446.85
518 121140.00
519 121739.86
520 121099.00
521 121727.94
522 121328.12
523 121802.09
524 120755.20
525 120985.98
526 121509.08
527 121282.10
528 121050.83
529 121381.04
530 121371.98
531 121196.03
532 121418.95
533 121093.99
534 120897.05
535 121639.97
536 121099.95
537 121171.95
538 120819.09
539 121832.85
540 121498.11
541 121620.89
542 121573.93
543 121330.02
544 121629.95
545 121508.12
546 121131.90
547 121369.12
548 121438.98
549 121114.02
550 120891.09
551 121050.83
552 121494.05
553 121115.21
554 120800.02
555 120964.05
556 121607.07
557 120918.99
558 121468.07
559 121186.02
560 121171.00
561 121824.03
562 121356.01
563 120980.98
564 121261.12
565 121179.10
566 120997.91
567 120917.08
568 120986.94
569 121079.92
570 121196.99
571 121156.93
572 121147.16
573 121314.05
574 121513.84
575 121300.94
576 121177.20
577 121474.03
578 121394.16
579 121741.06
580 121412.04
581 120730.16
582 121707.20
583 121093.03
584 121388.20
585 121326.92
586 121525.05
587 121757.03
588 121076.11
589 121046.78
590 121110.20
591 121302.13
592 121209.86
593 121474.03
594 120952.13
595 121326.92
596 120729.92
597 121150.97
598 120888.95
599 121355.06
600 121592.04
601 121229.17
602 121171.00
603 121322.87
604 120983.84
605 120767.12
606 121356.96
607 120841.98
608 121066.09
609 121248.96
610 120797.87
611 120836.02
612 120896.82
613 121063.95
614 120861.05
615 120950.94
616 120810.99
617 120887.99
618 120926.14
619 121057.03
620 120912.08
621 121162.18
622 120918.99
623 120938.06
624 120882.99
625 121114.97
626 121111.15
627 121152.16
628 120950.94
629 120952.13
630 121069.91
631 121150.02
632 120829.11
633 121181.01
634 121072.05
635 121057.99
636 120848.89
637 120757.10
638 120934.01
639 120939.97
640 121006.01
641 121021.99
642 120903.97
643 120931.86
644 120918.99
645 120982.17
646 120810.03
647 121335.98
648 121162.89
649 120947.12
650 121073.01
651 120887.99
652 120800.97
653 121140.00
654 121325.02
655 120855.09
656 120795.01
657 121407.03
658 120884.90
659 121083.02
660 120810.03
661 120803.83
662 121078.01
663 121063.95
664 120907.07
665 121133.09
666 121287.11
667 121165.99
668 121448.04
669 120858.91
670 120736.12
671 120970.01
672 121300.94
673 120934.01
674 120862.01
675 120882.03
676 121114.02
677 121085.88
678 120968.10
679 121019.84
680 121062.04
681 120881.80
682 120887.04
683 121230.84
684 121026.04
685 120779.04
686 120822.91
687 121120.93
688 121237.04
689 120811.94
690 120982.17
691 121407.99
692 121350.05
693 120916.84
694 120881.08
695 121155.02
696 120903.97
697 121091.84
698 121153.12
699 120894.19
