700
0 121351.96
1 121115.92
2 121112.11
3 121103.05
4 121124.98
5 121131.18
6 121122.12
7 121100.90
8 121105.91
9 121122.84
10 121081.11
11 121031.05
12 121119.02
13 121124.03
14 121123.08
15 121169.81
16 121117.83
17 121113.06
18 121125.22
19 121118.07
20 121099.00
21 121092.80
22 121116.16
23 121109.01
24 121120.93
25 121121.88
26 121109.96
27 121104.96
28 121123.08
29 121083.97
30 121038.91
31 121102.09
32 121119.02
33 121121.88
34 121107.10
35 121119.98
36 121134.04
37 121102.81
38 121100.90
39 121113.06
40 121118.07
41 121125.94
42 121099.00
43 121107.82
44 121104.96
45 121150.02
46 121122.12
47 121122.12
48 121123.08
49 121143.10
50 120983.12
51 121040.11
52 121116.88
53 121126.17
54 121124.03
55 121093.99
56 120983.12
57 121095.90
58 120949.03
59 121121.88
60 121025.09
61 121100.19
62 121112.11
63 121120.93
64 121117.83
65 121117.12
66 121099.00
67 121117.83
68 121113.06
69 121119.98
70 121045.11
71 121104.96
72 121078.97
73 121124.98
74 121110.92
75 121077.06
76 121109.96
77 121103.05
78 121114.97
79 121126.89
80 121128.08
81 121117.12
82 121105.91
83 121105.91
84 121119.98
85 121112.11
86 121125.94
87 121114.97
88 121101.86
89 121131.90
90 121068.95
91 121105.19
92 121071.10
93 121001.96
94 121076.82
95 121066.81
96 120976.92
97 120910.17
98 120927.81
99 121073.96
100 121002.20
101 121042.97
102 121058.94
103 121073.01
104 121063.95
105 121685.03
106 121060.85
107 120875.12
108 121032.95
109 121063.95
110 121039.87
111 120991.95
112 121031.05
113 120885.13
114 121105.91
115 120903.02
116 120953.08
117 121010.07
118 121472.84
119 121123.08
120 120889.90
121 121123.08
122 121253.01
123 121046.07
124 121066.09
125 120998.14
126 121167.90
127 122590.07
128 121016.98
129 121053.93
130 121356.96
131 121083.97
132 121150.97
133 121005.06
134 120873.93
135 121779.92
136 120960.00
137 120961.90
138 121125.22
139 120879.89
140 120960.00
141 120891.81
142 121044.16
143 121080.88
144 121274.95
145 121028.90
146 120956.90
147 121098.04
148 121077.06
149 121023.89
150 121126.89
151 120996.95
152 121100.90
153 120977.88
154 120928.05
155 121066.09
156 121341.94
157 120939.97
158 120864.15
159 121162.18
160 121119.02
161 121179.82
162 121071.82
163 120831.01
164 120986.94
165 121039.87
166 121064.19
167 121033.19
168 120889.19
169 120985.03
170 120924.00
171 121022.94
172 120843.89
173 121407.99
174 120904.21
175 121093.99
176 121757.03
177 121112.11
178 120970.01
179 121119.02
180 121073.01
181 121541.02
182 120998.86
183 120828.15
184 120963.10
185 120927.10
186 120799.06
187 120928.05
188 121415.14
189 121674.06
190 121041.06
191 120986.94
192 121123.08
193 121290.92
194 121077.06
195 120815.99
196 120948.08
197 121406.08
198 121293.07
199 120924.00
200 121252.06
201 121257.07
202 121064.90
203 120960.00
204 121232.99
205 121750.12
206 121115.92
207 121000.05
208 120980.02
209 121093.03
210 121959.92
211 121251.11
212 121532.20
213 121279.95
214 121454.95
215 120893.96
216 121002.91
217 120966.91
218 122061.01
219 120829.82
220 120990.04
221 120851.99
222 121392.97
223 121047.02
224 121273.04
225 121135.00
226 120947.84
227 121108.06
228 121057.99
229 121032.95
230 121713.88
231 122102.98
232 120946.88
233 120889.90
234 120846.03
235 121304.99
236 121814.97
237 120893.96
238 121227.98
239 122020.01
240 120976.92
241 120931.86
242 121983.05
243 121230.13
244 121703.15
245 121006.01
246 121648.07
247 121556.04
248 122099.88
249 121398.93
250 121018.89
251 121850.97
252 121714.83
253 121665.00
254 120982.89
255 120906.11
256 121296.88
257 120903.02
258 121569.16
259 121159.08
260 120970.96
261 121396.06
262 121361.02
263 121008.16
264 121685.98
265 120911.12
266 120976.92
267 121104.00
268 120908.02
269 121024.85
270 121107.82
271 122374.06
272 121056.08
273 121013.88
274 121040.82
275 120964.05
276 120934.01
277 121130.94
278 121020.08
279 121451.85
280 121168.14
281 121069.91
282 121618.03
283 121589.90
284 120809.08
285 120946.88
286 121833.09
287 120802.88
288 121685.03
289 121528.86
290 121354.10
291 120860.10
292 121052.98
293 120960.95
294 121648.07
295 121519.09
296 120867.01
297 121217.97
298 120921.85
299 121017.93
300 121318.10
301 121340.99
302 121648.07
303 120997.91
304 121177.91
305 120920.90
306 121279.95
307 120981.93
308 120933.06
309 120792.15
310 121648.79
311 122321.13
312 121191.02
313 121073.01
314 121629.00
315 121324.06
316 121906.04
317 120961.90
318 121979.00
319 121134.04
320 121083.02
321 121031.05
322 121229.17
323 121001.01
324 121726.99
325 120965.00
326 121381.04
327 121241.09
328 120926.14
329 120868.21
330 121319.06
331 121582.98
332 121015.07
333 121002.20
334 121895.07
335 121727.94
336 121755.12
337 121615.89
338 120961.90
339 121173.86
340 121901.99
341 121671.92
342 121595.86
343 121068.95
344 121197.94
345 121349.10
346 120738.98
347 121014.12
348 121256.11
349 121235.13
350 121919.87
351 121567.96
352 120705.84
353 122125.15
354 120873.93
355 121073.96
356 121460.91
357 120858.91
358 120954.04
359 120891.09
360 121505.02
361 120850.09
362 121154.07
363 121083.02
364 120975.02
365 121192.93
366 120777.13
367 120893.00
368 121193.89
369 121040.82
370 120733.02
371 120894.91
372 120764.97
373 120911.84
374 121027.95
375 120914.94
376 120975.02
377 120980.02
378 120826.96
379 121078.01
380 120943.78
381 121032.00
382 120918.99
383 121066.09
384 121553.90
385 120920.18
386 121237.99
387 120971.92
388 120915.89
389 120910.17
390 120974.06
391 120947.12
392 121067.05
393 120925.90
394 121058.94
395 120903.02
396 121073.01
397 120824.10
398 121006.97
399 120845.08
400 121398.93
401 120808.84
402 120989.08
403 120863.91
404 120982.17
405 120940.92
406 121174.10
407 120898.96
408 121265.89
409 120915.89
410 121351.00
411 121172.90
412 121320.01
413 121151.92
414 121044.87
415 121100.90
416 121129.04
417 121124.98
418 121055.13
419 120918.04
420 121031.05
421 120877.03
422 121017.93
423 120906.83
424 121032.00
425 120940.92
426 120765.92
427 121161.94
428 121175.05
429 120937.11
430 120755.91
431 120877.03
432 120978.83
433 121015.07
434 120826.96
435 121082.07
436 120868.92
437 120740.18
438 121366.98
439 121533.87
440 121302.13
441 120939.02
442 121251.82
443 121119.98
444 120810.99
445 120846.03
446 120658.16
447 121037.01
448 120883.94
449 121078.01
450 121120.93
451 120878.93
452 120992.18
453 121058.94
454 120976.92
455 120841.03
456 121123.08
457 121068.00
458 120844.84
459 121159.08
460 121175.05
461 120944.98
462 120941.88
463 120956.90
464 121028.90
465 120733.98
466 120764.97
467 121182.92
468 121025.80
469 121366.02
470 121305.94
471 121026.99
472 120723.01
473 121489.05
474 121204.85
475 120782.85
476 120990.99
477 120743.99
478 120952.84
479 121281.15
480 121104.96
481 121161.94
482 121303.08
483 120822.91
484 121084.93
485 121215.82
486 120832.92
487 121088.98
488 120805.03
489 121001.01
490 121283.05
491 121312.14
492 120846.99
493 121088.03
494 120810.99
495 120770.93
496 121608.97
497 121427.06
498 121388.20
499 121193.89
500 120949.98
501 121277.09
502 121107.10
503 121488.09
504 121401.07
505 120838.17
506 121376.04
507 120887.04
508 121197.94
509 121114.02
510 121416.09
511 120687.01
512 120773.08
513 121264.93
514 121041.06
515 120728.02
516 121083.02
517 121026.99
518 120821.00
519 121571.06
520 120944.02
521 120786.91
522 120805.98
523 121207.95
524 121608.97
525 121165.04
526 120846.99
527 121307.85
528 121339.80
529 121308.80
530 121448.04
531 121099.00
532 121375.08
533 121289.97
534 120983.12
535 121371.98
536 121000.05
537 121160.98
538 121031.05
539 121393.92
540 121899.84
541 121284.01
542 121303.08
543 121135.00
544 120701.07
545 121286.87
546 120933.06
547 121105.91
548 120864.87
549 121132.85
550 120931.15
551 120690.11
552 120805.03
553 120925.90
554 121416.09
555 121173.14
556 121288.06
557 121344.09
558 121821.88
559 120799.06
560 121088.03
561 121155.98
562 120841.98
563 120680.09
564 121593.95
565 121150.02
566 120988.13
567 121316.19
568 120907.07
569 121007.92
570 121350.05
571 121551.99
572 121126.89
573 120961.90
574 121258.97
575 121118.07
576 121011.97
577 121374.85
578 120805.98
579 121645.93
580 121338.13
581 121183.16
582 121020.08
583 120672.94
584 120971.92
585 121361.97
586 120769.98
587 120945.93
588 120903.97
589 121310.00
590 120872.97
591 120977.88
592 120544.91
593 121365.07
594 121217.01
595 121124.03
596 120980.02
597 121277.09
598 121498.82
599 121242.05
600 121011.02
601 120925.19
602 120923.04
603 121180.06
604 121017.93
605 121011.02
606 120980.02
607 121181.96
608 121133.09
609 121433.02
610 121158.84
611 121117.12
612 120841.03
613 120798.83
614 120857.00
615 120737.08
616 121080.88
617 121325.97
618 121102.09
619 121119.02
620 121019.12
621 120987.89
622 120677.95
623 120899.92
624 121155.02
625 120996.00
626 120798.83
627 120813.13
628 121454.00
629 120728.97
630 120981.93
631 120934.01
632 121382.95
633 120977.88
634 120997.91
635 121054.17
636 121218.92
637 121276.86
638 120970.01
639 121186.97
640 121006.97
641 121237.99
642 121113.06
643 121145.01
644 120929.96
645 121080.16
646 121356.01
647 120720.15
648 121020.08
649 121325.02
650 121162.18
651 121211.05
652 121176.00
653 120983.84
654 121003.15
655 120946.17
656 120965.00
657 120966.91
658 120844.84
659 120884.90
660 121035.81
661 120887.99
662 120973.11
663 120883.94
664 120771.88
665 120961.90
666 121076.82
667 120797.16
668 120802.88
669 121099.95
670 120854.14
671 121181.01
672 121135.95
673 121176.00
674 120903.02
675 120924.95
676 120799.06
677 120927.10
678 120854.85
679 121000.05
680 120887.04
681 121164.08
682 120878.93
683 121069.91
684 120764.02
685 120834.11
686 121128.08
687 120824.10
688 120819.81
689 120954.04
690 121155.02
691 120998.86
692 120843.17
693 120834.11
694 121087.79
695 120929.00
696 120960.00
697 121323.82
698 120837.93
699 121223.93
