700
0 121268.03
1 121136.90
2 121140.00
3 121074.91
4 121052.03
5 121109.96
6 121125.94
7 121118.07
8 121132.85
9 121124.03
10 121121.88
11 121098.04
12 121121.88
13 121101.14
14 121078.97
15 121109.01
16 121109.96
17 121104.00
18 121107.10
19 121116.88
20 121109.96
21 121023.18
22 121114.97
23 121122.12
24 121118.07
25 121124.03
26 121121.17
27 121124.03
28 121026.04
29 121089.94
30 121134.04
31 121112.11
32 121100.90
33 121119.98
34 121109.01
35 121122.12
36 121121.17
37 121109.01
38 121123.08
39 121119.98
40 121124.98
41 121119.98
42 121130.94
43 121124.98
44 121103.05
45 121124.03
46 121114.02
47 121111.15
48 121103.05
49 121122.12
50 121119.02
51 121097.09
52 121049.88
53 121117.12
54 121074.20
55 121124.03
56 121119.02
57 121037.01
58 121068.00
59 121143.10
60 121120.93
61 121077.06
62 121123.08
63 121105.91
64 121122.84
65 121026.99
66 121052.98
67 121120.93
68 121074.91
69 121120.93
70 121099.95
71 121067.05
72 121122.84
73 121121.88
74 121082.07
75 121123.79
76 121113.06
77 121020.08
78 121080.88
79 121134.04
80 121101.86
81 121081.83
82 121135.00
83 121104.96
84 121101.86
85 121119.02
86 121111.87
87 121050.12
88 121075.87
89 121111.15
90 121116.88
91 121113.06
92 121119.98
93 121119.98
94 121033.91
95 121063.95
96 120980.02
97 121018.17
98 121093.03
99 121187.93
100 121119.98
101 121104.00
102 121273.99
103 121140.00
104 121050.12
105 121011.97
106 121118.07
107 121018.89
108 121170.04
109 121021.03
110 121037.01
111 121117.12
112 121271.13
113 121109.01
114 121155.98
115 121172.90
116 121021.99
117 121316.91
118 121181.96
119 120996.95
120 121187.93
121 121079.92
122 121030.09
123 121291.16
124 121871.95
125 121102.81
126 121031.05
127 121162.89
128 121175.05
129 121950.15
130 121176.00
131 121696.95
132 121170.04
133 121118.07
134 120999.10
135 121160.98
136 121665.95
137 121171.00
138 120942.12
139 121089.22
140 121052.98
141 121104.00
142 121158.12
143 121084.93
144 121160.98
145 121093.99
146 122092.01
147 121161.94
148 121740.82
149 121139.76
150 121044.87
151 120958.09
152 121580.12
153 121229.89
154 121587.99
155 121138.10
156 121132.85
157 121162.89
158 121229.17
159 121178.87
160 121128.08
161 121172.90
162 121148.82
163 121583.94
164 121769.19
165 121083.97
166 121098.04
167 121149.06
168 121147.87
169 121090.89
170 121031.05
171 121184.11
172 121093.03
173 121175.77
174 121117.12
175 121346.00
176 121160.98
177 121279.95
178 121012.93
179 120918.04
180 121165.99
181 121075.87
182 121096.13
183 121260.88
184 121234.89
185 120998.14
186 121118.07
187 121001.96
188 121073.96
189 120989.08
190 121068.00
191 121068.95
192 121944.90
193 121620.18
194 121623.99
195 121087.79
196 121042.01
197 121173.86
198 121183.16
199 121836.90
200 121135.00
201 121078.97
202 121073.01
203 121203.18
204 121989.01
205 121544.84
206 122205.97
207 121162.18
208 120971.92
209 120975.97
210 121379.85
211 120887.99
212 121885.06
213 121830.94
214 121001.01
215 121034.15
216 121154.07
217 121174.81
218 120945.93
219 121155.98
220 121124.03
221 122111.08
222 122174.98
223 121507.17
224 120919.94
225 121083.97
226 121295.93
227 122222.90
228 121465.92
229 121070.86
230 121011.97
231 121931.08
232 121172.90
233 121128.80
234 121703.86
235 121622.09
236 121482.13
237 121022.94
238 122051.00
239 121214.87
240 121724.13
241 120829.11
242 121176.96
243 121246.10
244 121062.99
245 122804.16
246 120947.12
247 121080.88
248 121472.12
249 121345.04
250 121267.08
251 121779.92
252 120920.90
253 120975.97
254 121038.91
255 121062.04
256 121292.11
257 120874.17
258 121273.04
259 120915.89
260 121697.90
261 121737.00
262 121206.05
263 121015.07
264 120954.99
265 120972.16
266 121486.19
267 121057.03
268 122049.09
269 121006.01
270 121994.02
271 121474.98
272 120979.07
273 120981.22
274 121868.13
275 121848.11
276 121649.98
277 121506.93
278 121961.83
279 121599.91
280 121673.11
281 121055.84
282 121066.09
283 121035.81
284 121124.98
285 120953.08
286 121132.85
287 121477.84
288 120998.14
289 120854.85
290 121474.98
291 121581.79
292 121026.04
293 121146.92
294 121024.13
295 120980.98
296 121593.95
297 121766.09
298 121200.08
299 121160.03
300 121582.98
301 121741.06
302 121700.05
303 122001.17
304 120954.99
305 121163.13
306 120979.07
307 121346.00
308 121055.13
309 121271.13
310 121126.17
311 122161.15
312 121649.98
313 121831.89
314 121601.10
315 122050.05
316 120992.90
317 121191.98
318 121217.97
319 121246.81
320 121749.16
321 120875.84
322 121127.13
323 120894.19
324 121622.09
325 120954.99
326 121366.02
327 120909.93
328 121904.13
329 120928.05
330 121460.20
331 121299.03
332 121727.94
333 120763.06
334 121396.06
335 121482.85
336 121481.90
337 121490.00
338 121307.13
339 120985.98
340 121533.87
341 122467.99
342 121881.01
343 121651.89
344 121059.89
345 121273.04
346 120985.03
347 120935.92
348 121953.96
349 121969.94
350 121389.87
351 121356.96
352 121294.02
353 121097.09
354 121333.84
355 121562.96
356 121469.02
357 121390.10
358 121694.09
359 120776.89
360 121041.06
361 121015.07
362 120815.99
363 120926.86
364 120843.17
365 120903.02
366 120815.99
367 120851.04
368 121340.99
369 120980.98
370 120960.95
371 120767.12
372 121016.03
373 121348.86
374 120908.02
375 120943.78
376 120969.06
377 120940.92
378 121324.06
379 120880.13
380 120988.85
381 120967.86
382 120836.02
383 121278.05
384 120945.93
385 120996.00
386 121131.90
387 120898.01
388 120831.97
389 120862.01
390 120809.08
391 121015.79
392 121633.05
393 121098.04
394 120918.04
395 121095.90
396 121201.04
397 120970.01
398 120934.01
399 120822.91
400 120784.04
401 121162.89
402 120836.97
403 121076.82
404 120941.88
405 120965.00
406 121024.85
407 121251.11
408 121356.96
409 121621.13
410 120874.88
411 120834.11
412 120813.85
413 120980.02
414 121046.07
415 120912.08
416 121301.89
417 120855.09
418 121222.97
419 120982.89
420 121030.09
421 120856.05
422 120973.11
423 121716.02
424 120990.04
425 120882.03
426 120949.98
427 120930.19
428 120859.15
429 121323.11
430 121113.06
431 121646.88
432 120906.11
433 120888.95
434 121334.79
435 120811.94
436 120746.85
437 120808.12
438 121207.00
439 121366.02
440 120918.99
441 120717.05
442 121412.99
443 121181.96
444 121058.23
445 120801.93
446 121107.82
447 121442.08
448 121469.97
449 121416.09
450 120977.16
451 121580.12
452 121416.09
453 121251.82
454 120810.99
455 121379.14
456 120923.04
457 120789.05
458 120980.02
459 121734.86
460 121305.94
461 120677.95
462 121239.90
463 121088.03
464 121366.02
465 120796.92
466 120965.00
467 121366.02
468 121691.94
469 121330.02
470 121158.84
471 121195.08
472 121399.88
473 121430.16
474 120808.84
475 121320.96
476 121265.89
477 121243.00
478 120814.80
479 121261.84
480 121095.18
481 121394.87
482 121330.98
483 120708.94
484 121617.79
485 121500.02
486 121608.02
487 120834.11
488 121519.80
489 120924.00
490 121258.97
491 121629.00
492 121377.94
493 121502.88
494 121593.00
495 121385.10
496 121465.92
497 120985.03
498 121479.99
499 121417.05
500 121366.02
501 121322.87
502 121042.01
503 121407.99
504 121441.13
505 121237.99
506 121403.93
507 121213.91
508 121109.96
509 121514.08
510 121533.16
511 121750.12
512 121216.06
513 120991.95
514 121562.00
515 121212.01
516 121726.99
517 121325.02
518 121088.03
519 121776.82
520 121690.99
521 121519.09
522 121338.84
523 121165.99
524 121191.02
525 121014.12
526 121574.88
527 121351.96
528 120902.06
529 121301.89
530 121254.92
531 121894.12
532 121250.15
533 121399.88
534 121178.87
535 121293.07
536 121484.04
537 121476.17
538 121392.01
539 121012.93
540 121199.85
541 121542.93
542 121468.07
543 121581.08
544 121472.12
545 121223.93
546 121657.13
547 121495.01
548 120996.00
549 121645.93
550 122007.13
551 120944.98
552 121161.94
553 121541.02
554 121885.06
555 121477.13
556 121760.85
557 121234.18
558 121228.93
559 121058.94
560 121517.18
561 121104.96
562 120724.92
563 121418.00
564 121383.91
565 121150.02
566 121626.14
567 121443.03
568 121240.14
569 121676.92
570 121121.17
571 121637.11
572 121527.91
573 121270.90
574 121002.91
575 121518.85
576 121701.00
577 121433.97
578 121503.11
579 121285.20
580 121691.94
581 121186.02
582 120822.91
583 121422.05
584 121342.90
585 121423.96
586 121011.02
587 121386.05
588 120945.93
589 121178.87
590 121375.08
591 120821.95
592 121289.01
593 121087.79
594 121387.00
595 121364.12
596 121219.87
597 121057.99
598 121329.07
599 120699.88
600 120885.13
601 121147.16
602 120954.04
603 121119.02
604 121296.17
605 121284.96
606 120814.80
607 121133.09
608 121040.11
609 121191.02
610 121094.94
611 121510.03
612 121142.15
613 121482.13
614 120989.08
615 121058.94
616 120955.94
617 121335.98
618 121484.99
619 121248.01
620 121347.90
621 121185.06
622 121608.97
623 121217.01
624 121477.13
625 121653.08
626 121416.09
627 121267.08
628 121008.16
629 121335.98
630 121454.00
631 121561.05
632 121279.00
633 121364.12
634 121596.10
635 121411.09
636 120909.93
637 121035.10
638 121156.93
639 121289.97
640 121056.08
641 121293.07
642 121770.14
643 121022.94
644 121129.04
645 120915.17
646 120888.95
647 120918.04
648 120945.93
649 121573.93
650 120843.17
651 120810.99
652 121216.77
653 121024.85
654 120892.05
655 121025.09
656 120836.97
657 120996.95
658 121146.92
659 120952.84
660 121308.09
661 121490.00
662 121517.90
663 121185.06
664 121003.15
665 120809.08
666 121301.17
667 120840.07
668 120929.00
669 120922.09
670 121056.08
671 121389.87
672 120811.94
673 121116.16
674 120877.98
675 121531.96
676 121454.95
677 121609.93
678 120923.04
679 120825.05
680 120892.05
681 120968.10
682 121315.00
683 121001.96
684 121241.09
685 121491.91
686 121317.86
687 120737.08
688 120950.94
689 120948.08
690 121476.17
691 120907.07
692 121053.93
693 121433.02
694 121129.04
695 120789.05
696 120908.02
697 120832.92
698 120754.00
699 121166.23
