700
0 121171.95
1 121076.11
2 121054.17
3 121037.01
4 121058.94
5 121040.82
6 121046.07
7 121051.79
8 121053.93
9 121052.98
10 121024.13
11 121057.03
12 121062.99
13 121057.99
14 121029.85
15 121054.89
16 121063.95
17 121055.13
18 121058.94
19 120985.98
20 121062.04
21 121045.11
22 121020.79
23 121025.09
24 121045.11
25 121067.05
26 121052.98
27 121069.91
28 120962.14
29 121043.92
30 121082.07
31 121057.99
32 120928.05
33 120997.91
34 121068.00
35 121047.97
36 121072.05
37 121052.98
38 121011.97
39 121065.86
40 121058.94
41 121067.05
42 121062.04
43 121021.03
44 121066.09
45 121039.87
46 120980.02
47 121062.04
48 121067.05
49 121074.91
50 121003.87
51 121048.93
52 121072.05
53 121057.99
54 121034.86
55 121062.04
56 121053.93
57 121038.91
58 121057.03
59 121038.91
60 121057.99
61 121046.07
62 121034.15
63 121057.03
64 121041.77
65 121073.96
66 121073.01
67 121011.02
68 120998.86
69 121032.95
70 121073.96
71 121051.79
72 120994.09
73 121054.89
74 121030.09
75 121068.00
76 121042.01
77 121061.09
78 121046.07
79 121029.14
80 121050.12
81 121067.05
82 121054.17
83 121057.03
84 121051.07
85 121063.95
86 121055.13
87 121065.14
88 121055.84
89 121015.07
90 121047.97
91 121069.91
92 121064.19
93 121046.07
94 121072.05
95 121052.03
96 120996.00
97 120996.95
98 121042.97
99 121014.12
100 120991.95
101 121047.97
102 120931.15
103 121069.91
104 121059.89
105 121187.21
106 121028.90
107 121850.97
108 120985.98
109 121002.91
110 120984.08
111 121062.04
112 121868.85
113 121047.02
114 120916.13
115 120834.11
116 121091.84
117 121351.96
118 121006.01
119 121369.84
120 120687.01
121 120924.00
122 121040.82
123 121067.05
124 121397.02
125 121060.85
126 120975.97
127 120764.97
128 121088.03
129 121954.92
130 121052.03
131 121161.94
132 121010.07
133 121021.99
134 120731.83
135 120893.00
136 121285.92
137 121353.86
138 120894.91
139 121004.10
140 120975.97
141 121590.14
142 120991.95
143 120820.05
144 120914.94
145 121342.90
146 121384.14
147 120941.88
148 120775.94
149 120989.08
150 120861.05
151 121176.96
152 121032.00
153 120957.14
154 121031.05
155 121023.89
156 121588.95
157 121456.15
158 121479.03
159 120946.88
160 120868.92
161 120821.95
162 120981.22
163 121207.00
164 120979.07
165 121615.89
166 121049.17
167 120964.05
168 120870.11
169 121191.98
170 121831.18
171 121040.82
172 120950.94
173 121078.97
174 121275.90
175 121523.86
176 120918.99
177 121136.90
178 121684.07
179 120908.98
180 121272.09
181 121044.87
182 120882.03
183 120825.05
184 120939.02
185 121602.06
186 121063.95
187 120862.96
188 120857.00
189 120883.94
190 121393.92
191 120831.97
192 120754.96
193 121594.91
194 121306.90
195 121186.97
196 120909.93
197 121217.97
198 120999.10
199 121267.80
200 121341.94
201 120889.90
202 120963.10
203 121616.13
204 121304.04
205 120924.00
206 120758.06
207 120970.96
208 120985.03
209 121148.11
210 121057.03
211 120848.89
212 122146.84
213 120979.07
214 121068.95
215 121129.99
216 120921.85
217 120828.87
218 121304.99
219 120749.95
220 120854.14
221 120887.04
222 121287.82
223 121088.98
224 121142.15
225 120893.00
226 121195.08
227 121227.98
228 121212.01
229 121326.92
230 122363.09
231 121559.86
232 121414.18
233 120852.95
234 121082.07
235 120831.97
236 121369.12
237 120897.05
238 121111.87
239 121567.01
240 121005.06
241 120926.14
242 121294.02
243 121328.12
244 120792.87
245 120817.18
246 121936.08
247 120925.90
248 120864.87
249 121526.00
250 121422.05
251 120717.05
252 120785.95
253 121071.10
254 120841.03
255 120759.01
256 121551.04
257 120764.97
258 120703.94
259 120873.93
260 121382.00
261 121032.95
262 120851.99
263 120764.97
264 120815.99
265 120801.93
266 120814.09
267 121133.09
268 121802.09
269 121145.96
270 122117.04
271 121377.94
272 120853.90
273 121355.06
274 121173.14
275 120883.94
276 121431.83
277 121151.92
278 121872.90
279 120730.88
280 120749.95
281 121382.00
282 120824.10
283 121387.96
284 120894.19
285 120994.09
286 122622.97
287 121169.81
288 121811.15
289 120916.13
290 120844.13
291 121448.99
292 120944.98
293 120810.03
294 120795.97
295 120749.00
296 120795.01
297 121820.93
298 121424.20
299 121167.90
300 120973.11
301 121394.87
302 122143.03
303 121180.06
304 121366.98
305 121485.95
306 120778.08
307 120872.97
308 121831.89
309 121169.81
310 121304.04
311 120790.00
312 120856.05
313 120811.94
314 120782.14
315 120869.87
316 120942.12
317 121227.98
318 120897.05
319 120740.18
320 120846.99
321 120683.91
322 121032.00
323 121919.87
324 121536.02
325 121569.16
326 121499.06
327 121907.95
328 121109.96
329 120733.02
330 121168.85
331 120740.18
332 120896.82
333 121170.04
334 121120.93
335 120996.00
336 121376.99
337 121325.97
338 120731.12
339 120749.95
340 121562.96
341 120781.18
342 120829.11
343 121505.02
344 121299.98
345 121354.10
346 121032.95
347 121521.95
348 121343.14
349 121696.95
350 121085.17
351 121270.18
352 121290.92
353 121438.03
354 122281.79
355 121429.92
356 120945.93
357 120882.99
358 121846.91
359 120615.01
360 120780.94
361 120838.17
362 120737.08
363 120720.86
364 120805.03
365 120759.01
366 120856.05
367 120980.02
368 120669.84
369 120822.91
370 120846.99
371 120697.02
372 120841.98
373 120783.09
374 120838.88
375 120848.89
376 120980.98
377 120764.02
378 120967.86
379 121042.97
380 120897.05
381 120816.95
382 120912.08
383 120938.78
384 120868.92
385 120858.91
386 120942.12
387 120814.09
388 120749.95
389 120906.11
390 120849.13
391 121136.19
392 120818.85
393 120925.90
394 120858.91
395 120871.07
396 121034.86
397 120844.13
398 120839.83
399 121070.15
400 120742.80
401 120823.14
402 120935.92
403 120769.02
404 120787.86
405 121268.99
406 121190.07
407 120824.10
408 120752.10
409 121049.88
410 120871.07
411 121167.18
412 120808.12
413 121265.17
414 120870.11
415 121064.19
416 120975.97
417 120826.01
418 120857.95
419 121099.00
420 120758.06
421 121009.11
422 121083.02
423 120810.03
424 120865.11
425 120840.07
426 120910.88
427 120958.09
428 120979.07
429 120885.13
430 121104.00
431 121174.81
432 120955.94
433 120728.97
434 120875.12
435 121181.96
436 120777.85
437 120818.14
438 120745.90
439 121175.05
440 121095.90
441 120884.90
442 121106.15
443 120991.95
444 120901.11
445 120777.13
446 121026.99
447 120899.92
448 121449.95
449 120893.96
450 120938.06
451 120834.11
452 121034.86
453 120660.07
454 121512.89
455 120841.98
456 120764.02
457 121021.03
458 121024.13
459 121076.82
460 121144.06
461 121054.89
462 120975.02
463 121670.96
464 120649.81
465 121222.02
466 120687.96
467 121314.05
468 120926.14
469 120834.11
470 121006.01
471 120654.11
472 121000.05
473 120784.04
474 120646.95
475 121204.14
476 120810.99
477 121145.96
478 121252.06
479 120974.06
480 121392.01
481 121165.04
482 120729.92
483 121011.02
484 120859.86
485 121239.90
486 120770.93
487 120803.12
488 121180.77
489 121165.04
490 121108.06
491 121190.07
492 121338.13
493 121373.89
494 121370.79
495 121232.99
496 121436.83
497 121084.93
498 120772.84
499 121046.07
500 121628.05
501 121069.91
502 121193.89
503 121497.15
504 121579.17
505 121570.11
506 121608.02
507 121420.15
508 121519.09
509 121865.99
510 121311.90
511 120949.98
512 121310.00
513 121593.95
514 120854.14
515 121062.04
516 121082.07
517 120867.97
518 120792.15
519 121415.85
520 121303.08
521 121288.06
522 121139.05
523 120672.94
524 121217.97
525 121192.93
526 121412.04
527 121115.92
528 121035.10
529 120930.91
530 121011.97
531 120630.98
532 121414.90
533 120997.91
534 121117.12
535 120973.11
536 120715.14
537 121289.01
538 121017.93
539 121219.87
540 120992.18
541 120836.97
542 121156.93
543 121007.92
544 121354.10
545 121204.14
546 121259.93
547 121104.96
548 121399.88
549 121043.92
550 120998.86
551 121659.04
552 120911.84
553 120887.99
554 120787.14
555 120946.17
556 120989.08
557 121152.16
558 121380.09
559 120992.90
560 120716.09
561 121428.01
562 121087.07
563 120972.16
564 121011.97
565 120792.15
566 121114.02
567 121564.87
568 121487.14
569 121124.03
570 121077.06
571 121414.18
572 121187.93
573 121060.85
574 121135.95
575 121045.83
576 121180.06
577 121191.02
578 121153.12
579 120989.80
580 120999.10
581 120786.19
582 121234.89
583 120992.90
584 121348.86
585 121412.99
586 120941.16
587 121129.99
588 121350.05
589 120807.89
590 121470.93
591 121080.88
592 121417.05
593 121080.88
594 121279.00
595 120985.03
596 121335.98
597 121164.08
598 121142.86
599 120964.05
600 120822.91
601 121193.89
602 121173.14
603 120779.99
604 121093.03
605 120961.19
606 120690.82
607 121103.05
608 121005.06
609 121064.90
610 120921.85
611 120851.99
612 120949.03
613 120668.89
614 120789.05
615 121088.98
616 120975.02
617 121273.04
618 121170.04
619 120818.14
620 121488.09
621 121066.09
622 120755.20
623 120795.01
624 121037.96
625 121094.94
626 121104.96
627 121085.88
628 121231.08
629 121417.05
630 121681.93
631 121265.89
632 121109.01
633 121299.03
634 121057.03
635 121061.09
636 120836.02
637 121026.99
638 120988.85
639 121115.92
640 120913.03
641 120729.92
642 120767.12
643 120907.07
644 121033.91
645 120949.03
646 120719.91
647 121048.93
648 120756.86
649 120846.99
650 120919.94
651 120933.06
652 120677.95
653 120815.99
654 120985.98
655 120955.94
656 121124.03
657 120919.94
658 120953.08
659 120823.14
660 121491.19
661 120743.99
662 121202.95
663 121014.83
664 121087.07
665 121330.98
666 120885.85
667 120940.92
668 120895.86
669 120785.95
670 120951.89
671 121426.11
672 120849.85
673 121093.99
674 120918.04
675 120875.12
676 120872.97
677 120946.88
678 120706.08
679 120856.05
680 120825.05
681 120848.89
682 120951.18
683 120845.08
684 121239.90
685 120756.15
686 121115.92
687 121100.90
688 121011.02
689 120754.96
690 120952.13
691 121069.91
692 121181.01
693 121145.96
694 121092.08
695 121147.87
696 121124.98
697 121090.89
698 121123.08
699 121114.02
