700
0 121180.06
1 121078.97
2 121030.09
3 121041.06
4 121042.97
5 121043.21
6 121071.10
7 121037.96
8 121038.91
9 121072.05
10 121047.02
11 121025.80
12 121013.88
13 121032.95
14 121069.91
15 121051.07
16 121087.07
17 121070.86
18 120918.99
19 120924.95
20 120940.92
21 120982.17
22 120966.91
23 120960.00
24 120884.90
25 121076.11
26 121065.14
27 121064.90
28 121057.03
29 121039.87
30 121057.99
31 121064.90
32 121057.03
33 121062.99
34 121049.88
35 121066.09
36 121065.14
37 121094.94
38 121111.15
39 121113.78
40 121111.87
41 121109.96
42 121090.89
43 121107.10
44 121109.96
45 121060.13
46 121120.93
47 121093.03
48 121109.96
49 121104.96
50 121133.09
51 121146.92
52 121054.17
53 121126.89
54 121120.21
55 121136.90
56 121124.98
57 121121.88
58 121124.03
59 121123.79
60 121132.85
61 121118.07
62 121083.97
63 121124.03
64 121129.04
65 121055.13
66 121120.93
67 121125.94
68 121125.94
69 121109.96
70 121121.88
71 121129.04
72 121119.02
73 121114.97
74 121120.93
75 121141.20
76 121123.08
77 121120.93
78 121119.98
79 121127.84
80 121123.79
81 121109.96
82 121006.97
83 121125.94
84 121129.04
85 121119.02
86 121127.84
87 121138.10
88 121118.07
89 121108.06
90 121112.11
91 121132.14
92 121124.98
93 121011.02
94 121119.02
95 121138.10
96 121010.07
97 121014.12
98 121009.11
99 121037.96
100 121122.84
101 120878.93
102 120929.96
103 120902.06
104 121445.89
105 120971.92
106 120964.05
107 121454.00
108 120791.91
109 121162.18
110 122828.96
111 120880.13
112 123561.14
113 124357.94
114 125905.99
115 125379.09
116 124691.96
117 123831.99
118 123826.03
119 124690.06
120 126972.91
121 125020.03
122 125795.84
123 126096.01
124 125623.94
125 126043.80
126 127336.98
127 124777.08
128 125478.98
129 127160.07
130 125972.03
131 127331.02
132 126779.79
133 129065.99
134 125647.07
135 126606.94
136 126646.04
137 126302.96
138 126938.10
139 126206.87
140 124622.11
141 127837.90
142 126868.96
143 126769.07
144 126650.09
145 125337.84
146 127211.09
147 126268.86
148 126870.16
149 126551.87
150 126379.97
151 127148.15
152 127129.79
153 128335.00
154 125783.92
155 126592.16
156 127514.84
157 125715.02
158 126430.99
159 127280.95
160 124915.12
161 124756.81
162 124044.18
163 128142.83
164 124174.83
165 124980.93
166 125351.91
167 126580.00
168 126325.13
169 125622.03
170 126096.96
171 125271.08
172 125995.16
173 126014.95
174 125993.01
175 125725.03
176 124845.03
177 125622.99
178 126411.91
179 125346.90
180 126325.13
181 124579.91
182 126676.08
183 125789.17
184 125888.11
185 125118.02
186 125941.99
187 125767.95
188 125247.00
189 126060.96
190 126819.85
191 125970.13
192 125937.94
193 125732.90
194 126606.94
195 125411.03
196 125832.08
197 125326.16
198 126535.18
199 126542.09
200 126352.07
201 125517.85
202 125417.95
203 124572.04
204 125556.95
205 124420.17
206 126885.89
207 127177.00
208 125861.17
209 125271.08
210 126645.09
211 125990.15
212 126529.93
213 125341.89
214 125367.16
215 124679.09
216 126831.05
217 125068.90
218 128247.98
219 125458.96
220 125483.99
221 123899.94
222 125397.21
223 126265.05
224 125471.12
225 124552.01
226 125988.01
227 124718.90
228 126172.78
229 125248.91
230 125704.05
231 126441.96
232 125144.00
233 126441.00
234 125277.04
235 126139.16
236 126044.03
237 127285.00
238 126295.09
239 126694.92
240 125744.10
241 126436.00
242 125890.97
243 125153.06
244 126024.01
245 124990.94
246 124746.08
247 126306.06
248 125636.10
249 125061.04
250 126731.16
251 125866.17
252 126106.98
253 126872.06
254 126291.04
255 125527.14
256 125545.98
257 126209.02
258 125489.00
259 127871.04
260 126955.03
261 126438.86
262 125767.95
263 126535.18
264 125593.90
265 124466.18
266 124230.86
267 124973.06
268 124362.95
269 124082.09
270 124138.12
271 125879.05
272 124849.80
273 124888.90
274 124771.12
275 124758.96
276 123834.13
277 124295.00
278 125232.93
279 126666.07
280 121799.95
281 121708.15
282 121837.14
283 121724.13
284 121819.97
285 122202.87
286 122241.97
287 122032.88
288 122852.09
289 123604.06
290 121083.97
291 121810.91
292 121778.01
293 121678.11
294 121545.08
295 121688.13
296 121648.07
297 121696.00
298 121495.96
299 121535.06
300 121392.01
301 122998.00
302 121537.92
303 122195.01
304 122267.01
305 123924.02
306 122236.97
307 121970.89
308 121932.98
309 121397.97
310 122848.99
311 121289.01
312 122141.84
313 121177.91
314 122275.83
315 121368.89
316 122158.05
317 121070.86
318 121890.07
319 120991.95
320 122449.16
321 121821.88
322 121849.06
323 122477.05
324 121751.07
325 121992.11
326 121886.01
327 121894.12
328 121728.90
329 121884.11
330 122518.06
331 121518.14
332 121546.03
333 122570.04
334 121165.04
335 121926.78
336 121997.12
337 120913.98
338 121510.98
339 122267.01
340 122169.02
341 121248.01
342 121279.00
343 122879.03
344 121191.02
345 122728.82
346 123673.92
347 121429.92
348 122994.18
349 122091.05
350 122106.08
351 120975.02
352 122185.95
353 122210.03
354 122061.97
355 121299.98
356 121481.18
357 122145.89
358 122260.09
359 120963.10
360 120913.98
361 120960.95
362 121167.90
363 120976.21
364 120980.98
365 121017.93
366 120782.85
367 121019.84
368 121038.91
369 120926.14
370 120939.02
371 120984.08
372 120891.09
373 120817.90
374 120921.13
375 121147.16
376 121191.02
377 120868.92
378 120950.94
379 120849.85
380 121011.02
381 120841.03
382 120702.98
383 121220.11
384 121023.18
385 120903.02
386 121098.04
387 121010.07
388 120733.98
389 120872.97
390 120882.03
391 121038.91
392 120836.02
393 120981.22
394 121021.03
395 121011.02
396 120918.99
397 121026.04
398 121126.89
399 120913.03
400 120893.96
401 120937.11
402 120727.78
403 120808.84
404 120707.04
405 121093.99
406 120945.93
407 120846.03
408 120964.05
409 120994.09
410 120830.06
411 120776.18
412 121084.93
413 120795.01
414 120790.96
415 120859.15
416 121090.17
417 120702.98
418 120883.94
419 121099.00
420 121068.95
421 120777.13
422 120932.82
423 120949.03
424 120857.00
425 120756.15
426 120759.01
427 120846.03
428 120755.91
429 120865.11
430 120770.93
431 120857.95
432 121037.01
433 120790.96
434 120787.14
435 120848.18
436 120838.17
437 120732.07
438 120946.88
439 120845.79
440 120763.06
441 121072.05
442 121124.03
443 121011.97
444 120891.09
445 120954.04
446 120931.86
447 121089.94
448 121065.14
449 120788.10
450 120815.99
451 120787.86
452 120918.04
453 120827.20
454 120879.17
455 120938.06
456 121018.89
457 120772.12
458 120877.98
459 121073.01
460 120830.06
461 120820.05
462 120858.91
463 120864.87
464 120666.03
465 120825.77
466 120903.97
467 120773.08
468 120883.23
469 120769.02
470 120871.07
471 121295.93
472 121052.03
473 120980.98
474 120788.10
475 120811.94
476 120764.02
477 120702.03
478 120975.97
479 121066.81
480 120844.13
481 121341.94
482 120847.94
483 120837.93
484 120797.87
485 120971.92
486 121167.90
487 121036.05
488 120774.98
489 120749.00
490 120822.91
491 121063.95
492 121082.07
493 120738.03
494 120775.22
495 121052.03
496 120655.06
497 120887.99
498 120891.81
499 120987.18
500 120841.98
501 121054.17
502 120769.98
503 120678.90
504 120638.85
505 120859.15
506 121014.12
507 120851.99
508 120694.88
509 120958.09
510 121104.96
511 120993.14
512 120941.88
513 120940.92
514 120704.17
515 121125.94
516 120985.03
517 121092.08
518 121011.97
519 120924.95
520 121018.89
521 120717.05
522 120996.95
523 121038.91
524 120876.07
525 120884.18
526 120716.09
527 120749.00
528 120814.09
529 120987.18
530 120913.98
531 121081.11
532 120764.97
533 120735.17
534 121039.15
535 120778.08
536 120877.03
537 120911.12
538 120995.04
539 120751.86
540 120666.98
541 120876.07
542 120701.07
543 120732.07
544 120938.06
545 121099.00
546 120750.19
547 120832.20
548 120938.06
549 121108.06
550 120807.89
551 120715.14
552 121040.11
553 121120.93
554 121138.10
555 120886.09
556 120790.00
557 120872.97
558 120939.02
559 120866.06
560 120957.85
561 120915.17
562 120953.08
563 120954.04
564 120956.90
565 120951.89
566 120960.95
567 120954.04
568 120927.10
569 120955.94
570 120930.91
571 120951.18
572 120930.91
573 120951.89
574 120947.84
575 120953.08
576 120949.98
577 120950.94
578 120949.03
579 120860.82
580 120922.09
581 120912.08
582 120945.93
583 120985.98
584 120946.88
585 120918.04
586 121016.98
587 121011.02
588 121023.18
589 121018.17
590 121018.17
591 121015.07
592 121017.93
593 121018.89
594 121017.93
595 121024.85
596 121022.94
597 121017.93
598 121030.09
599 120956.90
600 121042.01
601 121001.01
602 120975.02
603 121029.14
604 121026.99
605 121032.00
606 121027.95
607 121035.81
608 121021.99
609 121042.01
610 121030.09
611 121039.15
612 121000.05
613 121042.97
614 121008.87
615 120949.03
616 121012.21
617 121031.05
618 121063.95
619 120943.07
620 120954.04
621 121007.20
622 121038.91
623 121021.99
624 121045.11
625 121015.79
626 121009.11
627 121019.12
628 121073.96
629 121022.94
630 121024.85
631 121026.99
632 121034.86
633 121029.85
634 120961.90
635 121034.15
636 121036.05
637 121032.95
638 121041.06
639 120965.96
640 121011.97
641 120998.14
642 121036.05
643 121020.08
644 121041.06
645 121051.07
646 121040.11
647 121032.00
648 121037.01
649 121035.81
650 121036.05
651 121001.01
652 121037.96
653 121074.91
654 121041.06
655 120975.02
656 121032.00
657 121031.05
658 121034.86
659 120936.87
660 121034.15
661 120990.99
662 121039.87
663 121012.93
664 121052.03
665 121013.16
666 120981.93
667 121047.97
668 121037.01
669 120980.02
670 121002.91
671 121005.06
672 121011.02
673 121025.09
674 121020.08
675 121027.95
676 121022.94
677 120922.80
678 121029.85
679 120967.15
680 121029.14
681 120989.08
682 121034.15
683 121022.94
684 121039.15
685 121026.04
686 121045.11
687 121037.01
688 120975.97
689 121042.01
690 121061.09
691 121045.11
692 121042.01
693 120971.92
694 121039.87
695 121026.99
696 121008.87
697 121002.91
698 121020.08
699 121022.94
