700
0 121425.15
1 121157.17
2 121154.79
3 121077.06
4 121088.03
5 121148.82
6 121165.99
7 121123.08
8 121091.84
9 121158.12
10 121139.05
11 121093.03
12 121038.91
13 121125.94
14 121140.96
15 121141.20
16 121140.00
17 121139.05
18 121135.00
19 121140.96
20 121118.07
21 121064.90
22 121093.03
23 121147.87
24 121122.12
25 121121.88
26 121133.09
27 121134.04
28 121155.98
29 121140.00
30 121125.22
31 121120.93
32 121057.03
33 121058.23
34 121144.06
35 121145.01
36 121136.19
37 121077.06
38 121071.82
39 121125.94
40 121052.98
41 121135.95
42 121100.19
43 121140.96
44 121135.00
45 121117.12
46 121061.09
47 121115.92
48 121119.02
49 121135.00
50 121142.15
51 121113.06
52 121158.12
53 121126.89
54 121098.04
55 121145.96
56 121119.98
57 121112.11
58 121049.88
59 121125.94
60 121142.86
61 121031.05
62 121070.86
63 121135.00
64 121133.09
65 121097.80
66 121089.94
67 121124.03
68 121140.00
69 121157.17
70 121086.84
71 121091.84
72 121127.13
73 121139.05
74 121119.02
75 121140.00
76 121130.94
77 121087.07
78 121109.01
79 121109.96
80 121062.99
81 121119.98
82 121098.04
83 121000.05
84 121118.07
85 121119.98
86 121124.98
87 121145.01
88 121030.09
89 121125.94
90 121139.05
91 121144.06
92 121076.11
93 121135.95
94 121155.02
95 121157.88
96 120988.13
97 120886.09
98 121026.04
99 121135.00
100 120841.03
101 121113.06
102 121075.15
103 121052.98
104 121143.10
105 121429.92
106 120950.94
107 121027.95
108 120937.11
109 121141.91
110 120984.08
111 121117.12
112 121346.95
113 120877.03
114 121069.91
115 121001.01
116 121098.04
117 121564.15
118 121050.83
119 121171.95
120 120893.00
121 121100.90
122 121160.03
123 121012.93
124 121001.01
125 121517.18
126 121121.88
127 121047.97
128 121122.12
129 120949.98
130 120947.84
131 121066.09
132 121075.15
133 121120.93
134 120978.83
135 121014.12
136 121042.01
137 121563.91
138 121024.85
139 121443.03
140 121140.96
141 121841.19
142 121101.14
143 121046.78
144 121038.91
145 121009.11
146 122100.83
147 121057.99
148 121220.83
149 121055.13
150 121063.23
151 121383.19
152 121045.83
153 121065.86
154 120927.10
155 121109.96
156 121157.88
157 121114.02
158 121929.88
159 121050.12
160 121020.08
161 121032.00
162 121118.07
163 121666.19
164 121012.93
165 121056.08
166 120925.19
167 121720.08
168 120959.04
169 120970.96
170 121042.01
171 121436.83
172 121073.96
173 121269.94
174 121752.02
175 122061.97
176 121005.06
177 121051.07
178 121816.87
179 121115.92
180 121546.98
181 120966.91
182 120967.15
183 121577.02
184 121073.96
185 121867.90
186 121196.99
187 121849.06
188 121058.94
189 120972.87
190 121297.84
191 121057.03
192 121412.04
193 121049.17
194 121149.06
195 121783.02
196 120910.17
197 121873.14
198 121045.11
199 121067.05
200 121315.00
201 120969.06
202 121001.96
203 121396.06
204 120962.86
205 120952.13
206 120945.93
207 121933.94
208 121824.03
209 121011.97
210 120966.91
211 121037.01
212 121548.89
213 121505.98
214 121199.13
215 120958.81
216 120855.09
217 121635.20
218 122045.04
219 121454.95
220 121159.08
221 121250.15
222 121025.09
223 120960.00
224 121155.02
225 122231.96
226 121439.93
227 120945.93
228 120977.16
229 121723.89
230 120933.06
231 120881.08
232 120998.14
233 121266.13
234 120802.16
235 120869.87
236 120962.86
237 120980.02
238 121000.05
239 120957.14
240 120876.07
241 120939.02
242 121286.87
243 121458.05
244 121042.97
245 121382.00
246 121273.99
247 121188.88
248 121011.97
249 121037.01
250 121732.00
251 121608.02
252 121486.19
253 121650.93
254 121068.95
255 121021.99
256 121338.84
257 120877.98
258 121208.91
259 121456.86
260 121232.99
261 120995.04
262 121919.87
263 121482.13
264 120843.89
265 121802.09
266 121087.07
267 120803.83
268 121291.16
269 121346.00
270 121365.79
271 122199.06
272 121010.07
273 120872.02
274 121407.03
275 121120.93
276 121595.86
277 121313.10
278 120936.87
279 121071.10
280 121202.95
281 121327.88
282 120827.91
283 121618.03
284 121698.86
285 121495.96
286 121057.03
287 121071.10
288 120731.83
289 121191.98
290 120973.11
291 120923.04
292 121007.92
293 120964.05
294 120862.01
295 121072.05
296 121496.92
297 121011.97
298 120877.98
299 120903.97
300 121048.93
301 121114.97
302 121193.17
303 121684.07
304 120991.95
305 121524.10
306 121399.88
307 121119.98
308 121880.05
309 121720.08
310 120879.17
311 121199.85
312 120829.11
313 121771.10
314 121419.91
315 120893.96
316 121555.09
317 120900.15
318 121352.91
319 120896.10
320 120939.97
321 121454.00
322 121365.07
323 120962.86
324 120886.80
325 121618.03
326 120909.93
327 120982.89
328 121167.18
329 121593.00
330 121162.89
331 121482.13
332 121227.98
333 121308.80
334 120966.91
335 122219.09
336 121050.12
337 121755.84
338 121606.11
339 120892.05
340 121304.04
341 121304.04
342 121504.07
343 121356.96
344 121254.92
345 120960.00
346 121281.86
347 121204.14
348 121178.15
349 121119.98
350 120862.01
351 120881.08
352 120924.95
353 121771.81
354 121745.11
355 121452.09
356 120997.91
357 121120.93
358 121010.07
359 120736.12
360 121019.12
361 120909.21
362 120938.06
363 120977.16
364 121127.84
365 121001.01
366 120967.15
367 120851.99
368 120780.94
369 120900.15
370 121161.94
371 121001.01
372 121457.10
373 121064.90
374 120944.02
375 121253.01
376 121130.94
377 121120.93
378 120975.97
379 121114.02
380 120867.97
381 121233.94
382 120803.12
383 120871.07
384 120975.02
385 121035.81
386 121415.85
387 121197.94
388 120809.08
389 121392.97
390 120964.05
391 121243.00
392 121147.87
393 120814.09
394 121280.19
395 120941.16
396 121210.10
397 121081.83
398 120845.08
399 120873.21
400 120914.94
401 120967.86
402 121037.01
403 121009.11
404 121287.82
405 121105.91
406 120921.13
407 120990.99
408 121165.04
409 120806.93
410 121697.90
411 121667.15
412 121068.00
413 120924.95
414 121454.95
415 121215.11
416 120728.02
417 121071.10
418 120871.07
419 120994.09
420 120752.10
421 121136.19
422 121629.95
423 121386.05
424 121312.14
425 120951.89
426 120872.02
427 121453.05
428 121084.93
429 121017.93
430 121388.91
431 121122.84
432 121008.16
433 120994.09
434 120867.01
435 121284.01
436 121129.04
437 120948.79
438 120882.03
439 121275.90
440 121663.09
441 120764.97
442 121583.94
443 121277.09
444 121440.17
445 120825.05
446 120920.18
447 121333.12
448 121515.04
449 120868.21
450 120891.81
451 121661.90
452 121595.14
453 121348.86
454 120922.09
455 121233.94
456 121078.01
457 121648.07
458 120810.99
459 121371.03
460 121717.93
461 121145.01
462 121433.97
463 121056.80
464 121196.99
465 121574.16
466 120837.21
467 120886.09
468 121452.81
469 120731.83
470 121143.82
471 121099.00
472 121646.17
473 121516.94
474 121435.88
475 120946.17
476 121325.02
477 121191.98
478 121325.97
479 121566.06
480 120944.98
481 121464.97
482 121761.80
483 121681.93
484 121865.99
485 121592.04
486 121446.13
487 121223.93
488 121050.12
489 120790.96
490 121138.10
491 121551.99
492 121523.86
493 121304.99
494 121268.99
495 121392.97
496 121582.03
497 121303.80
498 121405.12
499 121266.84
500 121263.03
501 121370.08
502 121593.95
503 121090.89
504 121342.90
505 121316.19
506 121099.95
507 121417.05
508 121650.93
509 121685.03
510 121782.06
511 121855.97
512 120988.85
513 121251.11
514 121764.90
515 121580.84
516 121032.00
517 121104.00
518 121536.97
519 121524.10
520 121000.05
521 121085.17
522 121331.93
523 121119.02
524 121759.89
525 121311.90
526 121442.79
527 121366.02
528 121169.09
529 121266.84
530 120818.14
531 121146.92
532 121463.06
533 120894.91
534 121573.93
535 121279.95
536 121171.95
537 121181.96
538 120952.13
539 121258.97
540 121013.16
541 121251.82
542 121094.94
543 121412.99
544 121610.16
545 120977.88
546 121484.04
547 121608.02
548 121340.04
549 121771.10
550 121111.87
551 121596.10
552 121202.95
553 121435.88
554 121283.05
555 121042.97
556 121290.92
557 121269.94
558 121237.04
559 121104.00
560 121471.88
561 121031.05
562 120896.82
563 121928.93
564 121136.90
565 120954.04
566 121468.07
567 121392.97
568 121150.02
569 121274.95
570 121343.85
571 121366.98
572 121666.91
573 121081.11
574 121587.99
575 121852.87
576 121510.03
577 121105.91
578 121464.01
579 120963.10
580 121344.09
581 121450.19
582 121593.00
583 121588.95
584 121409.89
585 121145.96
586 121397.97
587 121366.02
588 120942.12
589 121630.19
590 120896.10
591 120893.00
592 121557.95
593 122029.07
594 120821.95
595 121017.93
596 121087.07
597 121221.07
598 120923.04
599 121548.18
600 120809.79
601 121057.03
602 121083.02
603 120990.99
604 120785.95
605 121147.16
606 121204.14
607 121019.12
608 120811.94
609 121818.07
610 120904.92
611 121690.99
612 121094.94
613 120827.91
614 121429.92
615 120925.19
616 120772.84
617 121047.02
618 120934.01
619 121049.17
620 120961.90
621 121119.98
622 120938.06
623 120782.14
624 120859.15
625 121006.01
626 121243.95
627 120918.04
628 120783.09
629 120867.01
630 120723.01
631 120965.96
632 120790.00
633 120908.98
634 120871.07
635 120929.00
636 120758.06
637 120884.90
638 120986.94
639 120929.96
640 121093.99
641 120964.05
642 120846.99
643 120769.02
644 120965.96
645 120851.04
646 121160.03
647 120896.10
648 120887.99
649 120893.96
650 120854.85
651 120779.04
652 121009.83
653 121013.88
654 120891.09
655 121186.02
656 120870.83
657 121025.09
658 120764.02
659 120848.18
660 120932.10
661 120880.13
662 120845.08
663 121027.95
664 120908.98
665 120943.07
666 120953.80
667 120871.07
668 121038.91
669 121114.97
670 120973.11
671 120840.07
672 121057.03
673 120795.01
674 121052.98
675 120770.93
676 120967.86
677 120889.90
678 121380.09
679 121172.90
680 121292.11
681 121234.89
682 120847.94
683 121094.94
684 121078.97
685 120821.00
686 120872.02
687 120868.92
688 121268.99
689 120746.85
690 120845.08
691 121086.84
692 121211.05
693 120788.10
694 120892.05
695 121030.09
696 120970.01
697 121006.01
698 120944.98
699 121005.06
