700
0 121119.98
1 121039.87
2 120996.00
3 120962.86
4 121016.98
5 121020.08
6 121077.06
7 120935.92
8 120982.89
9 121027.95
10 121003.87
11 120998.14
12 121011.02
13 121003.15
14 121016.98
15 121021.99
16 121012.93
17 121011.97
18 120954.99
19 121013.88
20 121014.83
21 121000.05
22 121016.98
23 120981.93
24 121016.98
25 121017.93
26 120994.09
27 120994.09
28 120990.99
29 121001.01
30 120980.02
31 120965.96
32 120994.09
33 121006.97
34 120993.85
35 121011.02
36 121001.96
37 121015.07
38 120949.98
39 121015.07
40 121035.10
41 121017.93
42 121004.10
43 120981.93
44 121019.12
45 120996.95
46 121005.06
47 120995.04
48 120996.95
49 121012.93
50 121001.96
51 121052.98
52 121016.98
53 120918.99
54 121020.08
55 121035.10
56 120924.95
57 120937.11
58 120949.03
59 121005.06
60 121024.13
61 121006.01
62 121019.12
63 120982.17
64 121015.07
65 120986.94
66 121013.88
67 121016.03
68 121022.94
69 121019.84
70 121007.92
71 121021.03
72 120857.95
73 121001.96
74 120998.14
75 121003.87
76 121002.91
77 121008.87
78 120945.93
79 121009.11
80 121022.94
81 121007.92
82 121021.03
83 120974.06
84 121005.06
85 120945.93
86 121008.87
87 120996.00
88 121009.11
89 121003.87
90 120947.12
91 121011.97
92 120924.95
93 120917.08
94 121012.93
95 120993.85
96 120913.03
97 120893.00
98 120853.19
99 121037.96
100 120865.11
101 121006.97
102 121424.91
103 120970.96
104 121978.04
105 120991.95
106 122327.09
107 121398.93
108 122230.05
109 120863.91
110 124972.11
111 120801.93
112 121532.92
113 123205.18
114 122932.91
115 122207.88
116 122385.03
117 122993.95
118 123004.91
119 123029.95
120 122221.95
121 122624.16
122 123553.99
123 123687.03
124 123562.10
125 123449.80
126 123571.16
127 122917.18
128 123260.97
129 123062.13
130 123301.98
131 123180.87
132 124055.86
133 123836.04
134 124517.92
135 124570.85
136 122987.99
137 123474.84
138 123987.91
139 122388.12
140 124227.05
141 123157.02
142 123387.10
143 124717.00
144 124094.96
145 124248.98
146 123592.85
147 123857.98
148 122367.86
149 122980.12
150 122695.92
151 123038.05
152 122938.87
153 123884.92
154 123936.18
155 122541.90
156 123930.22
157 124452.83
158 122141.84
159 122359.99
160 123912.81
161 122593.88
162 123951.91
163 123064.04
164 123149.87
165 124150.04
166 124917.98
167 124030.83
168 124819.99
169 122599.12
170 124170.06
171 123264.07
172 123023.99
173 123168.95
174 123184.92
175 122330.90
176 122663.97
177 123510.12
178 122756.96
179 125258.92
180 122424.13
181 123965.02
182 123812.91
183 123276.95
184 123188.97
185 123232.84
186 123288.87
187 123401.88
188 123697.04
189 124474.05
190 123040.91
191 122636.08
192 122605.09
193 122852.09
194 123401.88
195 122954.85
196 123621.94
197 123537.06
198 123346.09
199 123191.12
200 123757.12
201 122756.00
202 122843.98
203 124017.95
204 122998.95
205 123229.98
206 124708.89
207 123203.04
208 123985.05
209 124976.16
210 124961.85
211 122654.91
212 123975.04
213 123019.93
214 124804.02
215 122240.07
216 123202.80
217 123400.93
218 123295.78
219 124275.92
220 122525.93
221 122762.92
222 123372.79
223 124830.96
224 122418.17
225 122290.13
226 123857.98
227 123131.04
228 123064.04
229 121907.95
230 123639.11
231 122992.99
232 125254.15
233 122658.01
234 123593.81
235 122933.86
236 124511.00
237 123134.14
238 123060.94
239 122925.04
240 123111.96
241 124058.01
242 123170.14
243 123160.84
244 122493.98
245 123836.04
246 122888.09
247 122100.11
248 122819.90
249 123037.10
250 124088.05
251 122323.99
252 122843.03
253 123151.06
254 123378.99
255 122560.02
256 123332.02
257 123397.83
258 123560.91
259 122701.88
260 122459.89
261 123989.82
262 123147.01
263 122382.16
264 123790.03
265 122129.92
266 124156.95
267 122570.04
268 122317.79
269 122857.09
270 124094.96
271 123285.06
272 122437.00
273 122370.96
274 123182.06
275 124315.02
276 123413.09
277 123353.96
278 123867.03
279 122266.05
280 122224.09
281 120870.11
282 121696.95
283 121644.97
284 120939.97
285 122434.85
286 121531.01
287 122195.96
288 121315.00
289 122853.04
290 121057.03
291 121521.95
292 121590.14
293 121595.14
294 120886.09
295 123243.09
296 122305.87
297 121564.15
298 121984.00
299 121323.11
300 121982.10
301 122807.03
302 122175.93
303 122087.00
304 122084.14
305 121990.20
306 121188.88
307 122743.13
308 122479.92
309 121464.97
310 121368.17
311 122154.00
312 121470.93
313 121035.10
314 122342.11
315 122344.02
316 122193.10
317 123022.08
318 121441.84
319 121644.97
320 120866.06
321 122037.89
322 120821.95
323 121541.98
324 122359.04
325 121038.91
326 121349.10
327 121427.06
328 122156.86
329 122177.84
330 122051.00
331 121789.22
332 121737.00
333 121001.96
334 120875.12
335 121521.95
336 120901.11
337 122488.02
338 121842.15
339 122465.13
340 121255.87
341 123806.95
342 122171.88
343 121211.05
344 122051.00
345 121961.12
346 121068.95
347 122022.15
348 121835.95
349 121705.77
350 121883.87
351 122689.96
352 120876.07
353 121204.85
354 122029.07
355 122054.82
356 122175.93
357 122030.97
358 121341.94
359 121193.17
360 121111.87
361 120954.99
362 120913.03
363 120880.84
364 120855.09
365 121152.88
366 120998.86
367 120833.16
368 120874.17
369 120799.06
370 120863.91
371 120946.88
372 121119.98
373 121154.07
374 120872.02
375 121259.93
376 121373.89
377 121071.82
378 121187.21
379 120918.99
380 121101.14
381 121290.92
382 121008.87
383 121059.89
384 121177.91
385 121242.05
386 120694.16
387 121093.03
388 121156.93
389 121016.98
390 121258.02
391 121101.14
392 121123.08
393 121243.00
394 120980.98
395 121263.03
396 121049.88
397 121095.90
398 121109.01
399 120894.91
400 121008.16
401 121132.14
402 121088.98
403 120988.13
404 120844.84
405 121115.92
406 121182.92
407 121099.95
408 121154.07
409 120983.84
410 121347.90
411 121352.20
412 121462.11
413 121468.07
414 121402.98
415 121056.08
416 121073.01
417 121350.05
418 120996.00
419 121159.08
420 121309.04
421 121088.98
422 120925.90
423 121283.77
424 121040.82
425 120952.84
426 121117.12
427 121132.14
428 120815.99
429 121085.17
430 120980.02
431 121401.07
432 121107.82
433 121234.18
434 121374.13
435 121120.93
436 121091.84
437 120858.91
438 121189.83
439 121082.07
440 121016.03
441 121009.11
442 120964.05
443 120935.92
444 120985.03
445 121252.78
446 121100.19
447 121380.09
448 120983.12
449 121285.20
450 121308.09
451 121217.01
452 121210.81
453 121305.94
454 121320.96
455 121116.16
456 120925.90
457 121065.86
458 121010.07
459 121304.04
460 120873.93
461 120860.10
462 121106.86
463 121249.91
464 121112.82
465 121341.94
466 121148.11
467 121181.01
468 121236.09
469 121018.89
470 121100.90
471 121402.03
472 121232.03
473 121279.95
474 121329.78
475 121112.11
476 121042.97
477 121155.02
478 121243.95
479 121042.01
480 121159.08
481 121130.94
482 121010.07
483 121026.04
484 121155.98
485 121401.07
486 121231.08
487 121204.85
488 121180.06
489 121086.12
490 121093.03
491 121140.00
492 121229.89
493 121044.16
494 121076.11
495 121375.08
496 121402.98
497 120905.88
498 121284.96
499 121330.98
500 121140.96
501 121105.91
502 121113.06
503 121161.94
504 121198.89
505 120871.07
506 121243.95
507 121064.90
508 120918.04
509 121072.05
510 121100.19
511 120956.18
512 121001.01
513 121310.95
514 121365.79
515 121143.10
516 121139.05
517 121221.07
518 121084.93
519 121160.98
520 121072.05
521 121246.10
522 121114.02
523 121211.05
524 121083.02
525 121093.99
526 121315.96
527 121222.97
528 120990.99
529 121001.01
530 121142.86
531 121149.06
532 121159.08
533 120970.96
534 120974.06
535 121366.98
536 121178.15
537 120948.08
538 121297.84
539 121136.19
540 121124.03
541 121232.03
542 121027.95
543 121160.03
544 121111.15
545 121402.98
546 121283.05
547 120977.88
548 121106.15
549 121363.16
550 121402.98
551 120960.95
552 121080.16
553 121458.05
554 121655.94
555 121169.81
556 121170.04
557 121104.96
558 121173.14
559 121119.02
560 121200.08
561 121150.02
562 121131.90
563 121164.08
564 121124.03
565 121187.93
566 121149.06
567 121176.96
568 121171.95
569 121178.15
570 121171.00
571 121181.01
572 121102.09
573 121151.92
574 121182.92
575 121091.84
576 121176.96
577 121195.08
578 121182.20
579 121097.09
580 121150.02
581 121178.87
582 121178.15
583 121173.14
584 121140.00
585 121181.01
586 121183.16
587 121150.02
588 121181.96
589 121160.98
590 121179.82
591 121167.18
592 121100.90
593 121163.85
594 121171.00
595 121163.85
596 121180.06
597 121174.81
598 121167.90
599 121133.09
600 121165.99
601 121160.03
602 121180.06
603 121170.04
604 121129.04
605 121179.10
606 121154.07
607 121195.08
608 121163.13
609 121123.08
610 121142.86
611 121148.82
612 121102.09
613 121169.09
614 121139.05
615 121171.95
616 121176.00
617 121073.01
618 121179.82
619 121072.05
620 121178.87
621 121167.90
622 121189.12
623 121176.96
624 121138.81
625 121092.08
626 121184.11
627 121187.93
628 121112.11
629 121187.93
630 121171.00
631 121156.93
632 121088.98
633 121170.04
634 121184.11
635 121171.95
636 121183.87
637 121171.00
638 121182.92
639 121174.10
640 121190.07
641 121185.06
642 121151.92
643 121150.02
644 121145.01
645 121174.81
646 121173.14
647 121181.96
648 121176.00
649 121097.09
650 121174.81
651 121168.14
652 121083.97
653 121167.90
654 121182.92
655 121174.10
656 121190.07
657 121171.95
658 121183.87
659 121101.86
660 121152.88
661 121201.99
662 121170.04
663 121187.93
664 121142.86
665 121186.02
666 121180.06
667 121177.91
668 121098.04
669 121181.01
670 121166.94
671 121104.96
672 121101.14
673 121194.84
674 121172.90
675 121130.94
676 121182.92
677 121154.07
678 121183.87
679 121181.01
680 121176.96
681 121183.87
682 121149.06
683 121155.98
684 121135.95
685 121201.04
686 121174.10
687 121128.08
688 121180.06
689 121172.90
690 121181.01
691 121176.96
692 121087.07
693 121181.96
694 121189.83
695 121183.16
696 121196.03
697 121183.87
698 121120.93
699 121129.04
