700
0 121132.14
1 121022.94
2 121019.12
3 121013.16
4 120996.00
5 120969.06
6 120971.20
7 121016.98
8 121006.01
9 121000.05
10 121013.16
11 121010.78
12 121011.97
13 121016.98
14 121020.08
15 120944.98
16 121024.85
17 121002.91
18 121022.94
19 121019.12
20 120954.99
21 121022.94
22 120996.95
23 121015.07
24 121014.12
25 120981.93
26 121014.12
27 121016.98
28 121019.12
29 121018.17
30 120924.00
31 120975.97
32 120997.91
33 121006.01
34 121006.01
35 121011.02
36 121008.16
37 121007.92
38 121012.93
39 121017.93
40 121006.01
41 121018.89
42 121011.02
43 120998.14
44 121011.97
45 121022.94
46 121010.07
47 121008.16
48 120979.07
49 121016.98
50 121005.06
51 120987.89
52 121009.83
53 121030.09
54 121014.12
55 121024.85
56 121021.03
57 120950.94
58 121026.04
59 121025.80
60 120947.12
61 121022.94
62 121000.05
63 120985.98
64 121007.92
65 120964.05
66 121002.91
67 121024.13
68 120949.03
69 120904.92
70 120918.99
71 120968.10
72 121014.12
73 121023.89
74 121004.82
75 121032.00
76 120942.12
77 121027.95
78 121008.87
79 120993.14
80 120864.15
81 121044.16
82 121013.88
83 121020.08
84 121019.12
85 120971.92
86 121015.07
87 121023.89
88 121011.02
89 120980.02
90 121016.03
91 121016.98
92 121016.03
93 120901.11
94 121026.04
95 120970.01
96 120911.12
97 120847.94
98 121004.82
99 121059.89
100 120950.94
101 120928.05
102 122516.87
103 120843.89
104 122117.04
105 120975.02
106 121298.07
107 121103.05
108 122234.11
109 121438.03
110 122993.95
111 123104.10
112 122894.05
113 123005.15
114 124333.14
115 123147.01
116 124439.95
117 122744.08
118 123216.87
119 124968.05
120 122736.93
121 123169.90
122 124867.92
123 124470.95
124 122132.78
125 122784.14
126 124622.11
127 121965.17
128 123803.14
129 123852.97
130 123713.97
131 123087.17
132 123568.06
133 123052.12
134 124416.83
135 123725.89
136 123729.94
137 122954.13
138 122976.06
139 122942.92
140 122540.00
141 123461.96
142 123439.07
143 123349.91
144 122435.09
145 123928.79
146 123799.09
147 123892.07
148 123746.87
149 122116.09
150 122870.92
151 122857.09
152 124529.84
153 123855.11
154 123885.15
155 122485.16
156 123492.96
157 125205.99
158 123554.94
159 123378.99
160 124164.10
161 122700.93
162 124071.12
163 122662.07
164 122838.97
165 122946.02
166 123766.90
167 123638.15
168 123249.05
169 123919.96
170 122158.05
171 122143.98
172 123186.83
173 122848.03
174 123582.12
175 124400.85
176 123691.08
177 122780.08
178 122820.14
179 123063.09
180 122354.98
181 123276.00
182 123381.85
183 124319.08
184 122568.13
185 122663.02
186 124009.13
187 123265.98
188 123471.02
189 123779.06
190 123066.90
191 122337.10
192 122225.05
193 122977.02
194 122174.02
195 123234.99
196 122311.83
197 122580.05
198 121882.92
199 124518.87
200 122906.21
201 122927.90
202 124056.10
203 123889.92
204 125576.97
205 123864.89
206 123614.07
207 123769.04
208 124190.09
209 124823.09
210 123109.10
211 123433.83
212 123173.00
213 122909.07
214 123617.89
215 122051.95
216 123640.06
217 122974.87
218 124220.13
219 124073.03
220 123292.92
221 124027.97
222 124058.01
223 123239.99
224 124897.96
225 122473.00
226 124263.05
227 123414.04
228 122799.87
229 123506.07
230 123234.03
231 123934.03
232 124764.20
233 124750.14
234 123200.89
235 124925.85
236 123360.87
237 123303.89
238 124879.84
239 122660.88
240 123617.17
241 123620.99
242 122936.01
243 123061.18
244 123709.92
245 123348.95
246 123721.12
247 124527.93
248 124194.15
249 123524.90
250 122104.17
251 122272.01
252 124129.06
253 122436.05
254 122561.93
255 123622.89
256 123165.13
257 122825.86
258 122751.95
259 122941.97
260 125226.97
261 123538.97
262 121320.96
263 121199.13
264 122061.97
265 122096.06
266 122030.02
267 121523.14
268 121593.00
269 122579.10
270 120776.89
271 120708.94
272 123319.86
273 121796.13
274 122093.92
275 121340.99
276 123051.17
277 121973.04
278 123501.06
279 121999.98
280 121356.01
281 121278.05
282 121943.95
283 121746.06
284 121183.87
285 121958.02
286 121389.87
287 121402.03
288 122183.08
289 121278.05
290 121492.86
291 121325.97
292 122356.89
293 121496.92
294 121842.15
295 121197.22
296 121527.91
297 122381.93
298 122373.82
299 121613.98
300 121514.08
301 122267.96
302 121119.98
303 121721.98
304 121520.04
305 123011.11
306 122896.91
307 122138.98
308 122857.09
309 122200.01
310 122028.83
311 121509.79
312 121387.00
313 121399.88
314 121285.92
315 122128.96
316 122071.03
317 121217.01
318 121979.00
319 121979.00
320 122823.95
321 122176.89
322 121684.07
323 121001.96
324 121896.98
325 121499.06
326 124305.01
327 121068.95
328 121834.04
329 121835.95
330 120833.16
331 120929.00
332 121282.10
333 121371.98
334 121965.89
335 122003.08
336 121968.03
337 121134.04
338 122177.84
339 121206.05
340 122815.85
341 122097.97
342 122801.07
343 122148.04
344 121335.03
345 120951.89
346 122236.01
347 121427.06
348 122545.96
349 122309.92
350 121641.16
351 121265.89
352 120923.04
353 122187.85
354 122167.83
355 122299.91
356 122893.81
357 121241.09
358 120921.13
359 120934.96
360 121024.13
361 121121.17
362 120952.13
363 120887.04
364 121005.06
365 121021.03
366 121178.87
367 120913.03
368 120827.91
369 120938.06
370 121180.06
371 121091.84
372 120943.07
373 120977.88
374 121115.92
375 121285.20
376 120918.04
377 121096.85
378 121101.14
379 120952.13
380 120767.12
381 121155.98
382 121003.15
383 120912.08
384 120888.95
385 121137.86
386 121122.12
387 120721.82
388 120917.08
389 120985.03
390 121182.92
391 121032.00
392 121130.94
393 120958.09
394 121014.83
395 120973.11
396 121072.05
397 120872.97
398 121017.93
399 121099.00
400 120867.01
401 121173.86
402 120765.92
403 121036.05
404 120969.77
405 120918.99
406 120884.18
407 120970.96
408 121110.92
409 121136.90
410 120975.02
411 120810.99
412 120919.94
413 120811.94
414 120855.09
415 121204.14
416 120914.94
417 120872.02
418 121231.08
419 121307.13
420 120862.96
421 120994.09
422 120949.03
423 120877.98
424 120939.02
425 121021.03
426 120997.91
427 121203.90
428 120952.84
429 120916.13
430 120841.98
431 120819.09
432 121135.95
433 120988.85
434 120942.83
435 121167.18
436 120872.97
437 121059.89
438 120876.07
439 120931.86
440 120924.95
441 120826.96
442 120887.04
443 120973.11
444 120911.84
445 120849.13
446 120826.96
447 120897.05
448 120985.03
449 121060.13
450 121022.94
451 120949.98
452 121116.88
453 120861.05
454 121037.01
455 121129.04
456 121043.21
457 120802.16
458 120975.97
459 121161.94
460 121145.01
461 120918.99
462 120948.08
463 121119.02
464 120870.83
465 120848.18
466 120791.91
467 121112.11
468 121169.09
469 120961.90
470 120829.82
471 121206.05
472 121019.12
473 121042.97
474 120875.84
475 121088.98
476 121067.05
477 121039.87
478 121156.93
479 120995.04
480 120983.84
481 121162.89
482 120844.13
483 120829.11
484 120808.84
485 121116.16
486 120929.96
487 120842.93
488 120929.96
489 121109.96
490 121130.94
491 120960.00
492 120980.98
493 120822.19
494 120898.01
495 120759.01
496 120949.98
497 121035.10
498 120858.91
499 121088.03
500 121107.10
501 121093.03
502 121163.13
503 121019.12
504 120847.94
505 120912.08
506 121175.77
507 120816.95
508 121097.09
509 121295.93
510 121052.03
511 120830.06
512 120822.91
513 121068.00
514 121109.96
515 120861.05
516 120945.93
517 121050.83
518 120768.79
519 120850.09
520 120970.96
521 121010.07
522 121128.08
523 120789.05
524 120956.18
525 121074.91
526 121181.96
527 121019.12
528 120938.06
529 120914.94
530 120777.13
531 120882.03
532 121119.98
533 120880.13
534 120929.00
535 121057.03
536 120996.00
537 121198.89
538 120970.01
539 121049.17
540 120848.89
541 120877.98
542 121412.99
543 120912.08
544 121172.90
545 120928.05
546 121057.99
547 121156.22
548 121148.11
549 120905.16
550 121045.83
551 121065.14
552 120954.99
553 120951.89
554 121227.98
555 121027.95
556 120994.09
557 121021.99
558 121001.01
559 120944.02
560 121011.97
561 121026.99
562 120944.02
563 121030.81
564 121027.23
565 121032.95
566 121027.95
567 120992.90
568 121027.95
569 121003.87
570 121029.85
571 121054.17
572 121037.96
573 120956.90
574 121001.01
575 121026.04
576 121018.89
577 121032.00
578 121021.99
579 121001.96
580 121029.85
581 121023.18
582 121037.96
583 121026.99
584 121046.07
585 121030.09
586 120976.92
587 120990.99
588 121032.00
589 121011.97
590 121020.08
591 121018.89
592 121023.18
593 120900.15
594 121021.99
595 121026.99
596 121024.85
597 121028.90
598 120986.94
599 120960.00
600 121022.94
601 121035.10
602 121025.09
603 120997.91
604 121001.01
605 121061.09
606 121098.04
607 120995.04
608 120970.96
609 121021.03
610 120970.96
611 121034.15
612 121042.01
613 120967.86
614 120987.18
615 121021.03
616 121093.03
617 121031.05
618 120984.08
619 120996.95
620 121014.83
621 120954.04
622 121083.97
623 121032.00
624 120999.10
625 121030.81
626 121021.03
627 120985.03
628 121016.98
629 121037.96
630 121003.87
631 121007.20
632 121016.98
633 120950.94
634 121021.99
635 121034.86
636 121025.80
637 121033.91
638 121073.01
639 121053.93
640 120970.01
641 120993.85
642 121031.05
643 121043.92
644 121031.05
645 120971.92
646 121034.86
647 120998.14
648 121036.05
649 121001.96
650 121069.19
651 121027.95
652 121018.89
653 121047.02
654 121013.16
655 121044.87
656 121026.04
657 120970.01
658 121032.00
659 121044.87
660 121038.20
661 121045.11
662 121044.87
663 121015.07
664 121019.84
665 121001.01
666 121025.80
667 120986.94
668 121028.90
669 121019.84
670 121001.96
671 121026.99
672 121016.03
673 120970.96
674 121025.09
675 121030.09
676 121032.00
677 121035.10
678 121030.09
679 121032.95
680 121029.85
681 121033.19
682 121032.95
683 121035.10
684 121036.05
685 121042.01
686 121022.94
687 121047.97
688 121029.14
689 121012.93
690 121033.91
691 121040.11
692 120980.98
693 121036.05
694 121030.81
695 121031.05
696 121033.91
697 121034.86
698 121036.05
699 121036.05
