1300
0 121401.07
1 121128.08
2 121107.82
3 121075.87
4 121124.98
5 121070.86
6 121109.01
7 121129.04
8 121114.97
9 121122.12
10 121100.90
11 121127.13
12 121078.01
13 121124.98
14 121124.98
15 121137.14
16 121121.88
17 121114.02
18 121120.93
19 121118.07
20 121125.94
21 121133.09
22 121099.95
23 121104.00
24 121104.96
25 121112.11
26 121106.86
27 121111.15
28 121110.92
29 121109.96
30 121114.02
31 121111.15
32 121075.87
33 121132.85
34 121115.21
35 120890.86
36 121008.87
37 121121.88
38 121123.08
39 121121.88
40 121171.00
41 121119.98
42 121071.10
43 121128.08
44 121139.05
45 121097.09
46 121124.98
47 121121.88
48 121110.20
49 121124.98
50 121113.06
51 121090.89
52 121078.97
53 121091.13
54 121117.12
55 121104.00
56 121123.08
57 121109.96
58 121083.97
59 121076.11
60 121118.07
61 121123.08
62 121124.03
63 121116.16
64 121122.12
65 121121.88
66 121122.84
67 121088.03
68 121049.88
69 121108.06
70 121101.86
71 121103.05
72 121054.89
73 121118.07
74 121115.92
75 121111.87
76 121119.98
77 121133.09
78 121122.12
79 121124.98
80 121119.98
81 121099.00
82 121122.12
83 121158.84
84 121120.21
85 121076.11
86 121118.07
87 121119.02
88 121121.88
89 121124.03
90 121118.07
91 121091.13
92 120989.08
93 121088.03
94 121036.05
95 121118.07
96 120961.19
97 120973.11
98 121048.93
99 121040.11
100 121076.11
101 121088.98
102 120932.82
103 120908.02
104 121116.88
105 122267.01
106 121217.97
107 121125.94
108 120869.16
109 121888.88
110 121271.85
111 120986.94
112 121073.01
113 121611.83
114 121943.95
115 121038.91
116 121166.94
117 122089.15
118 121218.92
119 120944.98
120 121673.11
121 121317.15
122 121355.06
123 121173.14
124 120981.93
125 121239.90
126 120974.06
127 121779.92
128 120909.93
129 121761.08
130 121289.01
131 120956.90
132 121264.93
133 121555.09
134 121335.98
135 121353.86
136 121103.05
137 121298.07
138 121065.86
139 121102.09
140 121287.11
141 120992.90
142 121546.98
143 121306.18
144 120824.81
145 120978.12
146 121577.02
147 121323.82
148 121282.10
149 121392.97
150 120934.01
151 121593.00
152 121373.89
153 120950.94
154 121950.15
155 121036.77
156 120876.07
157 121476.89
158 121662.86
159 121579.89
160 121618.99
161 121191.98
162 121137.14
163 121156.93
164 120851.99
165 121689.80
166 120968.10
167 121001.96
168 121932.98
169 120873.21
170 123022.08
171 121304.04
172 123173.00
173 121834.99
174 121937.99
175 121436.12
176 121320.01
177 121613.98
178 122146.84
179 121263.98
180 120781.90
181 121374.85
182 121342.18
183 121968.98
184 120893.00
185 121208.91
186 121056.08
187 120868.92
188 120987.89
189 120939.97
190 121083.97
191 121001.01
192 120782.14
193 122058.15
194 121187.93
195 120934.01
196 120744.94
197 122304.92
198 121243.95
199 122442.01
200 121305.94
201 122113.94
202 121125.94
203 121956.11
204 120882.99
205 122113.94
206 121190.07
207 121764.90
208 121853.11
209 122346.88
210 121458.05
211 121538.16
212 121418.95
213 121088.03
214 120920.18
215 120829.11
216 121443.99
217 122105.12
218 121829.03
219 121114.97
220 121530.06
221 120816.95
222 120913.98
223 122162.10
224 122261.05
225 120878.93
226 120866.06
227 121619.94
228 121473.07
229 120992.18
230 120949.03
231 121366.98
232 121442.08
233 121400.12
234 121273.04
235 121218.92
236 121142.86
237 121843.10
238 121632.10
239 121057.03
240 121315.00
241 121001.01
242 121493.10
243 121704.82
244 120993.85
245 120990.04
246 121016.98
247 121849.06
248 121349.10
249 121161.94
250 121811.87
251 121172.90
252 121559.14
253 122138.98
254 120954.99
255 121580.12
256 120937.82
257 121119.02
258 121374.85
259 120964.05
260 122600.08
261 121052.03
262 121083.97
263 121128.08
264 121225.83
265 121486.90
266 121451.14
267 121232.03
268 121620.89
269 121919.16
270 121586.80
271 120881.08
272 121245.15
273 120881.08
274 121799.95
275 120888.95
276 121704.10
277 121244.19
278 122302.06
279 121310.00
280 121208.91
281 121323.11
282 121205.09
283 122204.07
284 121264.93
285 121492.15
286 121073.96
287 121590.14
288 121037.01
289 121113.06
290 120849.13
291 121369.12
292 121247.05
293 121841.19
294 121870.04
295 121691.94
296 121413.95
297 120949.03
298 121370.08
299 120790.96
300 121062.04
301 121094.94
302 121209.86
303 121227.03
304 121545.08
305 121423.96
306 121210.10
307 121083.97
308 121209.86
309 121281.86
310 121884.82
311 121346.95
312 120931.86
313 120931.15
314 122221.95
315 121629.00
316 122143.98
317 120949.03
318 121042.01
319 121858.84
320 121591.09
321 122962.00
322 121199.13
323 121454.00
324 121001.96
325 121510.98
326 121099.95
327 120980.98
328 120849.85
329 121077.06
330 120939.02
331 120934.01
332 121337.89
333 121600.87
334 121049.17
335 121008.16
336 121749.16
337 121889.11
338 121023.18
339 121404.17
340 122286.08
341 120885.85
342 121213.91
343 121656.89
344 121680.97
345 120824.10
346 122024.06
347 120963.10
348 120939.97
349 122475.15
350 121454.95
351 122365.95
352 121557.95
353 120926.14
354 121775.87
355 121184.11
356 120947.12
357 120736.12
358 121402.03
359 122140.88
360 121034.15
361 121217.01
362 121219.87
363 121289.01
364 121005.06
365 120904.92
366 120982.89
367 120955.94
368 121006.97
369 120855.09
370 121176.00
371 120850.09
372 120844.84
373 120831.01
374 121015.79
375 120913.98
376 121207.00
377 121035.10
378 121308.09
379 120975.02
380 120951.89
381 120803.12
382 120946.88
383 120997.91
384 121101.86
385 121150.97
386 121165.04
387 120941.88
388 121018.89
389 121029.14
390 120867.97
391 121055.13
392 121263.98
393 121267.08
394 120834.11
395 121356.01
396 121415.85
397 121012.93
398 121173.14
399 120984.79
400 120942.12
401 120831.97
402 121313.81
403 120857.95
404 121150.02
405 121131.90
406 121791.12
407 120809.08
408 120980.02
409 121350.05
410 120929.00
411 121004.10
412 121032.00
413 121118.07
414 121805.91
415 121039.87
416 120914.94
417 120930.91
418 121139.05
419 120728.97
420 121587.99
421 121126.89
422 121365.07
423 120895.15
424 120959.04
425 121255.87
426 120709.90
427 120971.92
428 120929.00
429 121052.98
430 121117.12
431 120949.98
432 120953.08
433 121292.11
434 121161.94
435 120899.92
436 120795.97
437 120955.94
438 121403.93
439 121124.98
440 120698.93
441 120887.99
442 121522.90
443 121349.10
444 121037.96
445 121017.93
446 121045.83
447 121344.09
448 121071.10
449 121283.05
450 120984.08
451 120947.12
452 121088.98
453 120711.09
454 120970.96
455 121047.97
456 120903.97
457 120796.92
458 120872.97
459 121111.15
460 121255.16
461 121049.88
462 120925.90
463 121016.03
464 121332.88
465 121031.05
466 121110.20
467 121103.05
468 121532.92
469 120962.86
470 121583.94
471 121436.12
472 121122.84
473 121183.87
474 120971.92
475 121165.99
476 121088.98
477 120882.99
478 120903.97
479 121658.80
480 120831.01
481 120894.19
482 121232.99
483 121251.11
484 121144.06
485 120980.98
486 121263.03
487 120915.17
488 120921.13
489 121299.98
490 120762.11
491 121240.85
492 121203.18
493 121362.92
494 121412.04
495 121050.12
496 120809.79
497 120821.95
498 121118.07
499 120983.12
500 120996.00
501 121218.92
502 121150.97
503 121532.92
504 121176.00
505 121148.11
506 121117.12
507 121297.12
508 121269.94
509 121500.97
510 121205.09
511 121251.11
512 121200.08
513 121422.05
514 121201.04
515 121088.03
516 121290.92
517 121474.98
518 121265.89
519 121145.96
520 121528.15
521 121649.98
522 121113.06
523 121451.14
524 121431.11
525 120752.10
526 121183.16
527 121454.00
528 121073.01
529 120606.90
530 121046.07
531 121099.00
532 121453.05
533 120876.07
534 121477.84
535 120970.01
536 121113.06
537 121141.91
538 121165.04
539 121711.02
540 121644.97
541 121576.07
542 121298.07
543 121239.19
544 121452.81
545 121384.86
546 121574.16
547 121024.85
548 121281.15
549 120754.00
550 121709.82
551 121328.83
552 120963.10
553 121800.18
554 121598.96
555 121402.03
556 121371.98
557 121384.14
558 121219.87
559 121407.99
560 121338.84
561 121343.14
562 121236.09
563 121222.02
564 120833.16
565 121355.06
566 121155.98
567 121362.92
568 121027.95
569 121054.89
570 121074.91
571 121053.93
572 120988.85
573 121090.89
574 121356.01
575 121202.95
576 121567.96
577 121403.93
578 121798.04
579 121845.96
580 121515.99
581 121355.06
582 121912.96
583 121221.07
584 121207.00
585 121270.18
586 121065.86
587 121153.12
588 121479.99
589 121746.06
590 121309.04
591 121445.89
592 120882.03
593 121903.90
594 121345.04
595 121606.83
596 121212.96
597 121963.02
598 121052.03
599 120996.95
600 120960.00
601 121371.98
602 121443.99
603 121062.04
604 121147.87
605 120975.02
606 121814.01
607 121131.18
608 121590.85
609 120842.93
610 121518.14
611 121140.96
612 120849.13
613 121469.02
614 120844.13
615 121029.14
616 120890.14
617 121717.93
618 121024.13
619 121439.93
620 121210.81
621 122090.10
622 121149.06
623 121380.09
624 121012.93
625 121704.10
626 121184.83
627 121220.11
628 121001.96
629 121126.89
630 121199.85
631 121362.92
632 121344.09
633 121361.97
634 120882.99
635 121634.01
636 121214.15
637 121048.93
638 121032.95
639 121423.96
640 120997.91
641 121259.93
642 120840.07
643 120867.97
644 121402.98
645 120992.90
646 121247.05
647 121186.02
648 121175.05
649 121333.12
650 121267.08
651 121146.92
652 121067.05
653 121243.00
654 121319.06
655 120998.86
656 121821.17
657 121665.95
658 121279.95
659 121459.96
660 121324.06
661 120860.10
662 121209.14
663 121092.80
664 121423.01
665 121383.19
666 121219.87
667 121758.94
668 120794.06
669 121087.07
670 121060.85
671 121540.07
672 121176.00
673 121208.91
674 120665.79
675 121110.20
676 121241.09
677 121399.88
678 121320.96
679 121498.11
680 121506.93
681 121617.79
682 121309.04
683 120809.08
684 121030.09
685 121397.02
686 121478.08
687 121408.94
688 121402.03
689 120852.95
690 121040.11
691 121271.13
692 121500.02
693 121535.06
694 121341.94
695 121469.02
696 121489.05
697 121259.93
698 121132.14
699 121522.90
700 120984.79
701 121625.90
702 121567.01
703 121520.04
704 121061.09
705 120881.08
706 121262.07
707 120997.91
708 121385.81
709 121235.85
710 121269.94
711 121819.97
712 120857.00
713 121190.79
714 120979.07
715 121721.03
716 121079.92
717 121564.15
718 121097.09
719 121344.09
720 120821.00
721 121222.97
722 121294.02
723 120802.88
724 120889.19
725 121551.99
726 121386.05
727 121298.07
728 120803.12
729 121423.01
730 121369.12
731 121718.88
732 121506.93
733 121897.94
734 121078.97
735 121194.12
736 121138.10
737 121026.99
738 120996.95
739 120631.93
740 121636.87
741 121065.14
742 120979.07
743 121026.04
744 121993.78
745 121266.84
746 121205.81
747 121107.10
748 120970.01
749 121064.90
750 121252.06
751 120622.87
752 121511.94
753 121146.20
754 120888.95
755 121041.06
756 120812.89
757 121479.99
758 120934.96
759 120871.07
760 121353.15
761 121872.90
762 122161.87
763 120723.01
764 121185.06
765 120890.14
766 121500.02
767 121364.12
768 120850.09
769 121178.87
770 121159.08
771 121268.03
772 121432.07
773 120881.08
774 121157.88
775 121135.95
776 121458.05
777 121491.91
778 121025.09
779 121044.16
780 121435.88
781 121443.03
782 121326.92
783 121145.96
784 121293.07
785 121481.90
786 121315.00
787 121174.10
788 121204.14
789 121196.99
790 121454.00
791 121287.82
792 121059.89
793 121152.88
794 120952.13
795 121290.92
796 120882.03
797 121384.86
798 121328.12
799 121353.15
800 120807.89
801 121834.04
802 121785.88
803 121126.89
804 121340.99
805 121865.99
806 121467.83
807 121336.94
808 121406.79
809 120852.95
810 120984.08
811 121534.11
812 121129.99
813 121503.11
814 120974.06
815 121282.10
816 121523.14
817 121076.82
818 120959.04
819 120984.08
820 121665.95
821 121096.85
822 121475.93
823 121287.11
824 121336.94
825 121130.94
826 121140.00
827 121040.11
828 121083.97
829 120774.98
830 121296.17
831 121104.00
832 121042.97
833 121299.98
834 121402.03
835 120784.04
836 121296.88
837 121065.86
838 121727.94
839 121029.14
840 121331.93
841 121280.91
842 121128.08
843 120689.87
844 121649.98
845 121212.96
846 120862.01
847 121021.03
848 120930.91
849 121034.86
850 120992.90
851 121151.21
852 120878.93
853 121242.05
854 121268.03
855 120850.09
856 121238.95
857 120826.01
858 121057.03
859 121371.98
860 121421.81
861 121035.10
862 121553.90
863 121304.04
864 121381.04
865 121058.94
866 121298.79
867 121258.97
868 120996.95
869 121712.92
870 121120.93
871 121046.07
872 121185.06
873 120715.86
874 121153.12
875 121289.01
876 120767.83
877 120851.04
878 121073.96
879 121119.02
880 120920.90
881 121283.05
882 121335.98
883 121284.96
884 121682.17
885 121520.04
886 121557.00
887 121219.16
888 120896.10
889 120928.05
890 121184.83
891 121198.89
892 121219.87
893 121734.86
894 121159.08
895 121032.00
896 121444.94
897 121305.94
898 121102.81
899 121263.98
900 121032.00
901 121472.12
902 121110.92
903 121838.09
904 120740.18
905 120857.00
906 121135.00
907 121398.21
908 121126.89
909 121356.96
910 121294.02
911 120630.98
912 121060.13
913 120749.00
914 121238.95
915 120957.14
916 121001.01
917 121760.13
918 121186.97
919 120899.92
920 121214.87
921 121309.04
922 120943.78
923 121472.84
924 121303.08
925 121429.92
926 121114.02
927 121124.98
928 120800.02
929 121077.06
930 121500.97
931 121500.97
932 121551.99
933 121602.77
934 121491.91
935 121394.87
936 121187.93
937 121023.18
938 121097.09
939 120610.00
940 121068.00
941 121005.06
942 121276.14
943 121011.02
944 121518.14
945 121443.03
946 121344.09
947 121817.11
948 121378.18
949 121304.99
950 121400.83
951 121266.13
952 121471.88
953 120656.01
954 121201.99
955 121278.05
956 120938.06
957 121407.03
958 121261.12
959 121284.96
960 120906.11
961 121083.97
962 121099.95
963 121221.07
964 121634.01
965 121500.02
966 121258.02
967 121062.99
968 121241.09
969 121097.09
970 121466.16
971 120996.95
972 121437.07
973 121356.01
974 121120.93
975 120896.82
976 120810.03
977 121589.90
978 121685.03
979 121219.87
980 121235.13
981 121234.89
982 121634.96
983 121284.96
984 121822.83
985 121286.87
986 121361.02
987 121104.00
988 120857.00
989 121407.03
990 121662.86
991 121525.05
992 121187.93
993 121666.91
994 121266.13
995 121154.79
996 121411.09
997 121032.95
998 121257.07
999 121450.90
1000 120954.04
1001 120994.81
1002 121234.89
1003 120779.99
1004 121699.09
1005 120938.06
1006 121317.86
1007 121231.08
1008 121225.83
1009 121387.96
1010 121190.07
1011 121667.15
1012 121388.91
1013 121531.01
1014 121214.15
1015 121024.13
1016 121364.12
1017 121341.94
1018 121721.03
1019 121080.16
1020 120759.96
1021 121644.97
1022 121325.97
1023 121464.97
1024 121035.10
1025 121274.95
1026 121032.95
1027 121418.95
1028 121605.87
1029 121022.94
1030 121308.09
1031 121170.04
1032 121384.14
1033 121396.06
1034 121235.85
1035 120893.00
1036 121268.03
1037 120876.07
1038 121120.21
1039 121412.04
1040 121349.81
1041 121344.09
1042 121498.82
1043 121003.87
1044 121282.10
1045 120865.82
1046 120935.20
1047 121284.96
1048 120803.12
1049 121135.95
1050 121559.14
1051 121168.14
1052 121575.12
1053 120953.08
1054 120677.95
1055 120769.02
1056 121101.14
1057 120918.99
1058 121091.13
1059 120934.01
1060 121105.19
1061 120790.96
1062 121368.89
1063 120913.03
1064 120868.92
1065 121076.11
1066 121304.04
1067 121220.11
1068 121124.03
1069 121584.89
1070 120640.99
1071 121151.21
1072 121101.14
1073 121618.99
1074 120986.94
1075 121227.98
1076 121101.86
1077 120762.11
1078 121550.08
1079 121263.03
1080 121206.05
1081 121402.98
1082 120663.88
1083 121495.01
1084 120788.10
1085 121031.05
1086 121388.20
1087 121328.83
1088 121028.90
1089 120832.92
1090 121271.13
1091 121249.91
1092 121134.04
1093 121304.04
1094 121371.03
1095 121313.10
1096 120866.06
1097 121129.99
1098 121484.99
1099 121016.03
1100 121346.00
1101 120831.97
1102 120750.19
1103 121068.00
1104 120930.91
1105 120660.07
1106 120882.99
1107 120836.02
1108 120970.96
1109 120789.05
1110 120888.95
1111 121114.97
1112 121193.89
1113 121328.83
1114 121099.95
1115 121215.11
1116 121196.99
1117 120912.08
1118 120865.11
1119 120991.95
1120 120847.94
1121 120944.02
1122 120865.11
1123 120638.13
1124 121275.90
1125 121217.97
1126 120912.08
1127 120780.94
1128 121359.11
1129 120965.00
1130 120810.99
1131 121154.07
1132 121217.97
1133 121171.00
1134 121037.01
1135 121126.17
1136 120806.93
1137 121079.92
1138 120944.98
1139 120794.06
1140 120986.94
1141 121223.93
1142 120853.19
1143 120902.06
1144 120858.91
1145 121558.90
1146 120846.99
1147 121335.03
1148 120785.00
1149 120966.91
1150 121171.95
1151 120713.00
1152 120934.96
1153 121068.95
1154 121093.99
1155 120953.08
1156 121402.03
1157 120944.02
1158 121164.08
1159 120926.14
1160 121155.02
1161 121037.01
1162 120847.94
1163 120976.92
1164 121053.93
1165 120969.06
1166 120955.94
1167 120916.13
1168 120872.02
1169 120974.06
1170 120979.07
1171 120780.94
1172 120997.91
1173 120936.16
1174 120651.96
1175 120919.94
1176 120836.97
1177 120744.94
1178 120931.86
1179 120932.10
1180 120820.05
1181 121011.97
1182 121291.16
1183 121033.91
1184 120944.98
1185 121030.81
1186 121079.92
1187 120955.94
1188 121205.09
1189 120748.04
1190 121101.86
1191 121001.01
1192 121069.91
1193 120975.02
1194 121008.87
1195 121013.16
1196 121065.14
1197 121022.94
1198 121093.99
1199 121043.92
1200 121015.07
1201 120956.18
1202 121063.95
1203 121052.98
1204 120996.00
1205 121033.91
1206 121051.07
1207 121035.10
1208 121052.03
1209 121038.91
1210 121051.07
1211 121046.07
1212 121057.99
1213 121057.99
1214 121062.04
1215 120991.95
1216 121060.13
1217 120986.94
1218 121029.85
1219 121016.98
1220 121042.01
1221 121037.96
1222 121053.93
1223 121049.88
1224 120967.86
1225 121026.99
1226 121032.95
1227 121040.82
1228 121052.98
1229 121042.97
1230 121058.94
1231 121047.97
1232 121061.09
1233 121014.83
1234 121032.95
1235 121068.95
1236 121050.12
1237 121067.05
1238 121066.09
1239 121037.01
1240 121064.90
1241 120960.95
1242 121059.89
1243 121054.17
1244 120991.95
1245 121056.08
1246 121061.09
1247 121058.94
1248 121065.14
1249 121058.94
1250 121032.95
1251 121062.99
1252 121041.06
1253 121073.01
1254 121053.93
1255 121075.87
1256 121052.98
1257 121006.97
1258 121057.99
1259 120965.96
1260 121056.08
1261 121047.02
1262 121025.80
1263 121016.03
1264 120964.05
1265 121040.11
1266 121046.07
1267 121055.84
1268 121047.97
1269 121058.94
1270 121050.12
1271 121025.09
1272 121057.03
1273 121013.16
1274 120964.05
1275 121039.15
1276 121042.97
1277 121041.77
1278 121040.11
1279 121041.06
1280 121018.17
1281 121048.93
1282 121043.92
1283 121062.99
1284 120979.07
1285 120996.00
1286 121017.93
1287 121058.23
1288 121047.97
1289 121067.05
1290 121058.94
1291 121040.11
1292 121060.13
1293 121049.88
1294 121063.95
1295 121054.17
1296 121072.05
1297 121057.03
1298 121000.05
1299 121057.03
