1300
0 121147.16
1 121049.88
2 121024.85
3 120985.98
4 121037.01
5 121025.09
6 121013.16
7 121078.01
8 121042.01
9 121037.01
10 121027.95
11 120936.87
12 121036.05
13 121014.83
14 121034.15
15 121060.13
16 121033.91
17 121011.02
18 121033.91
19 121030.09
20 121016.03
21 121033.19
22 121024.13
23 120990.99
24 121026.99
25 121012.93
26 121030.09
27 121012.93
28 121003.15
29 121032.95
30 121010.07
31 121008.16
32 121015.07
33 121029.85
34 121018.17
35 121046.07
36 121026.04
37 121025.09
38 121031.05
39 120957.14
40 121039.15
41 121006.97
42 121035.10
43 121001.96
44 121036.05
45 121012.93
46 121051.07
47 121011.02
48 121021.99
49 121016.98
50 120953.08
51 121030.09
52 121021.03
53 121032.95
54 121035.10
55 121037.01
56 121034.15
57 121043.92
58 121037.96
59 121048.21
60 121027.95
61 120956.90
62 120949.98
63 120967.15
64 121026.99
65 121037.96
66 121031.05
67 120965.00
68 120996.95
69 121035.10
70 121041.06
71 121027.95
72 121045.11
73 121033.91
74 121046.07
75 121006.97
76 121045.11
77 121020.08
78 121011.02
79 121026.99
80 121019.12
81 121032.95
82 121037.01
83 120977.88
84 121006.97
85 121023.89
86 121026.99
87 121027.23
88 121025.09
89 120954.04
90 121026.99
91 121068.95
92 121026.99
93 121035.10
94 120921.13
95 121032.95
96 120925.90
97 120920.18
98 120872.97
99 120831.01
100 120862.01
101 120944.98
102 121062.04
103 121001.01
104 121904.13
105 122162.82
106 121226.07
107 122096.06
108 122671.84
109 121761.80
110 122513.06
111 123019.93
112 123062.85
113 124295.95
114 123414.99
115 123327.02
116 123354.91
117 123358.01
118 124622.82
119 123926.16
120 124774.93
121 122918.13
122 123666.05
123 121988.06
124 122663.97
125 125012.87
126 122504.00
127 123396.87
128 124519.11
129 123773.81
130 122954.13
131 122987.03
132 123479.84
133 124184.13
134 124207.02
135 123239.04
136 123946.19
137 122899.06
138 123537.06
139 124128.10
140 123538.97
141 122503.04
142 123172.04
143 123229.03
144 122869.01
145 123783.11
146 123573.06
147 122936.96
148 122582.91
149 123828.17
150 123131.99
151 122370.00
152 123650.79
153 122833.97
154 122651.10
155 122587.92
156 122431.99
157 123746.87
158 124563.93
159 125495.91
160 124259.00
161 122269.87
162 124511.00
163 123858.93
164 123221.16
165 125452.04
166 123713.97
167 123753.79
168 123690.84
169 123047.11
170 124623.06
171 123716.83
172 123883.96
173 123095.04
174 122823.95
175 122884.99
176 123825.07
177 123811.01
178 125094.18
179 125021.93
180 122808.93
181 123515.13
182 124361.99
183 123695.14
184 122817.99
185 122680.19
186 122733.12
187 122698.07
188 123511.79
189 122589.11
190 125426.05
191 123628.14
192 122950.08
193 123038.05
194 122792.96
195 123684.88
196 122737.88
197 123486.04
198 123698.00
199 122015.00
200 123559.00
201 122783.18
202 123633.86
203 123025.89
204 123834.85
205 123230.93
206 122844.93
207 122958.18
208 123045.21
209 123083.83
210 122779.85
211 123198.99
212 123925.92
213 124515.06
214 122973.92
215 122953.18
216 125190.02
217 124424.22
218 123619.08
219 123074.05
220 124418.97
221 123747.11
222 122313.02
223 123093.84
224 123847.96
225 122917.18
226 123526.10
227 123531.10
228 124166.01
229 123153.21
230 124883.17
231 123072.15
232 122740.03
233 124027.01
234 122953.89
235 123639.11
236 122872.11
237 122913.12
238 123484.85
239 122740.98
240 124012.95
241 123260.02
242 124783.99
243 123718.02
244 122883.80
245 123692.04
246 122951.98
247 124195.10
248 122600.08
249 124152.18
250 122567.18
251 123188.02
252 122944.12
253 123683.21
254 123402.83
255 123279.09
256 124041.08
257 123256.92
258 122859.95
259 123348.00
260 122682.09
261 123811.01
262 123788.12
263 122792.01
264 122824.91
265 124330.04
266 123594.05
267 123412.13
268 122498.99
269 123145.10
270 122982.98
271 123294.12
272 123854.88
273 122794.87
274 122856.14
275 122723.82
276 123675.82
277 124381.78
278 123741.87
279 123661.99
280 122167.11
281 123100.04
282 123156.07
283 124862.91
284 123043.06
285 124040.84
286 123203.04
287 122282.03
288 123116.97
289 123822.21
290 125324.96
291 123456.00
292 123404.98
293 122473.96
294 123448.13
295 125203.85
296 122414.11
297 123188.97
298 122596.98
299 123443.84
300 123605.97
301 123352.05
302 122414.83
303 122219.09
304 122324.23
305 123175.14
306 122322.08
307 123131.99
308 123749.02
309 123121.02
310 123354.20
311 123060.94
312 122991.09
313 125628.95
314 123919.96
315 122330.90
316 123193.03
317 123265.03
318 124046.09
319 123718.02
320 123228.07
321 123772.86
322 125190.02
323 123594.05
324 123381.85
325 124439.00
326 122742.89
327 123328.92
328 122487.07
329 122548.10
330 123258.11
331 123396.87
332 122668.03
333 123203.04
334 124094.01
335 124002.93
336 123026.13
337 123416.90
338 125684.02
339 122895.96
340 123000.86
341 122793.91
342 122939.11
343 122745.99
344 122915.98
345 123706.10
346 122535.94
347 124463.08
348 124294.04
349 123548.98
350 122917.18
351 121904.85
352 122599.12
353 123484.85
354 122544.05
355 123631.00
356 123574.02
357 123450.99
358 123476.03
359 122096.78
360 122435.81
361 121986.87
362 122598.89
363 123090.03
364 123217.82
365 122745.04
366 122492.07
367 122738.12
368 122515.92
369 122800.83
370 122524.02
371 122549.06
372 122254.85
373 122375.97
374 122026.92
375 122448.92
376 122185.95
377 122032.17
378 122272.97
379 122404.81
380 122479.92
381 122545.00
382 122688.06
383 123250.01
384 123096.23
385 122622.01
386 123549.94
387 121989.97
388 122388.12
389 122287.03
390 122941.97
391 122563.84
392 122800.83
393 123344.18
394 122873.07
395 122487.07
396 122570.04
397 122375.97
398 122411.97
399 122686.86
400 122529.98
401 122046.95
402 123489.86
403 122335.20
404 122101.07
405 122431.99
406 122025.97
407 122575.04
408 122491.12
409 122051.00
410 122575.04
411 122320.89
412 122393.13
413 122571.95
414 122396.95
415 122514.01
416 122939.83
417 122276.07
418 122648.00
419 122473.00
420 122467.04
421 122966.05
422 122535.94
423 123167.99
424 122338.06
425 123214.96
426 123194.93
427 122356.18
428 122678.04
429 122633.93
430 123095.99
431 122693.06
432 122344.97
433 122442.96
434 122318.03
435 122959.85
436 122286.08
437 122445.82
438 122845.17
439 122490.88
440 122392.89
441 122435.09
442 122493.98
443 122838.97
444 122887.85
445 122383.83
446 123193.03
447 122746.94
448 123146.06
449 122262.95
450 122334.00
451 122579.10
452 123090.98
453 122429.85
454 122467.99
455 122545.96
456 122236.97
457 122497.08
458 122029.07
459 122258.90
460 122644.19
461 122530.94
462 122596.98
463 122723.10
464 122183.80
465 122509.96
466 122308.02
467 122464.90
468 123379.95
469 122797.97
470 122394.08
471 122772.93
472 122148.04
473 122540.95
474 122483.02
475 122957.94
476 122447.01
477 123259.78
478 122090.10
479 122282.98
480 122599.84
481 121842.86
482 122550.96
483 122769.12
484 122288.94
485 122872.11
486 122100.83
487 122416.97
488 122420.79
489 122305.87
490 122936.96
491 122293.00
492 122468.95
493 123051.88
494 122419.12
495 122976.06
496 122564.08
497 121724.84
498 122681.86
499 122355.94
500 121967.79
501 122874.02
502 122601.03
503 122827.05
504 122494.94
505 123025.89
506 122467.04
507 122602.94
508 122982.03
509 122667.07
510 122378.83
511 122575.04
512 122977.97
513 122197.15
514 122794.87
515 123498.92
516 122880.22
517 122291.09
518 123116.02
519 123198.03
520 123070.96
521 122173.07
522 122298.96
523 122369.05
524 122470.86
525 122490.88
526 122781.04
527 122597.93
528 122019.05
529 122705.94
530 122652.05
531 122241.02
532 122210.03
533 122329.95
534 122398.85
535 122555.97
536 122848.99
537 122323.99
538 122535.94
539 122941.02
540 122504.95
541 122164.01
542 122452.02
543 122094.15
544 122566.94
545 122256.04
546 122613.91
547 122569.08
548 122681.86
549 122509.00
550 122884.99
551 122504.00
552 122350.93
553 122326.85
554 123075.96
555 122610.09
556 122807.03
557 122529.98
558 122444.15
559 122708.80
560 122365.95
561 122864.01
562 122524.98
563 122229.10
564 122084.86
565 123119.12
566 122450.11
567 122185.95
568 122619.15
569 122336.15
570 122778.89
571 122857.09
572 122921.94
573 122302.06
574 122435.09
575 123148.92
576 122342.11
577 122219.09
578 122146.84
579 122742.89
580 122303.01
581 122555.97
582 122339.01
583 122406.96
584 122175.22
585 122565.98
586 122633.93
587 122334.00
588 122441.05
589 122868.06
590 122364.04
591 122579.10
592 122450.11
593 122884.04
594 122308.97
595 122169.97
596 122391.94
597 122158.05
598 122609.14
599 122199.06
600 122496.13
601 122540.95
602 122374.06
603 122556.92
604 122380.97
605 122247.93
606 122406.96
607 122639.89
608 123196.13
609 121407.99
610 121444.94
611 121891.02
612 121201.04
613 122091.05
614 121020.08
615 120847.94
616 121519.09
617 122042.89
618 120898.01
619 121001.01
620 121052.03
621 121689.08
622 120738.98
623 120954.04
624 121020.08
625 121277.09
626 121292.11
627 121016.98
628 121307.85
629 120984.08
630 121069.91
631 120873.93
632 121636.87
633 121275.90
634 120995.04
635 121099.00
636 121230.13
637 121113.06
638 120893.96
639 120897.05
640 121430.16
641 120990.04
642 121029.14
643 120803.83
644 120902.06
645 120684.15
646 121165.99
647 120829.82
648 120831.97
649 120667.93
650 121012.93
651 120926.86
652 120917.08
653 121206.05
654 121322.87
655 121066.09
656 120839.83
657 120900.15
658 120734.93
659 120816.95
660 121129.99
661 120934.01
662 120718.00
663 121438.03
664 121207.95
665 120887.99
666 121069.91
667 120843.17
668 121129.04
669 121049.88
670 120841.98
671 121308.80
672 120925.90
673 120866.06
674 120743.04
675 121216.77
676 120746.14
677 120727.06
678 120961.90
679 121065.86
680 121145.96
681 121484.99
682 120761.87
683 121057.99
684 120872.97
685 121313.10
686 121316.91
687 120853.90
688 120903.02
689 121243.00
690 120878.93
691 120887.04
692 120983.84
693 121025.80
694 120985.03
695 120694.16
696 121067.05
697 120748.04
698 121169.81
699 121133.09
700 120826.01
701 121138.10
702 120802.16
703 120791.91
704 120987.18
705 121359.11
706 120916.13
707 120894.91
708 121480.94
709 120754.00
710 121163.85
711 121178.15
712 120691.06
713 121414.90
714 120906.83
715 121084.93
716 120939.97
717 120731.12
718 121273.04
719 120896.10
720 120915.89
721 121286.87
722 121078.01
723 120692.97
724 121060.85
725 120940.92
726 120898.96
727 121557.95
728 120729.92
729 120911.84
730 120732.07
731 121196.03
732 121068.00
733 121697.19
734 120800.02
735 121042.97
736 120763.06
737 120906.11
738 120781.18
739 120925.90
740 121095.18
741 120932.10
742 120757.10
743 121072.05
744 121087.07
745 121300.94
746 121169.09
747 120901.11
748 120924.95
749 120724.92
750 120579.96
751 121029.14
752 121251.82
753 120921.13
754 120854.14
755 121006.97
756 120982.89
757 120913.98
758 121351.00
759 120738.03
760 120812.89
761 120941.16
762 120975.02
763 121117.12
764 121070.86
765 120772.84
766 120965.96
767 121088.98
768 121119.98
769 120880.84
770 120640.99
771 120963.10
772 120929.96
773 121184.11
774 120802.88
775 121014.12
776 121523.14
777 121011.97
778 120754.96
779 120720.15
780 120885.85
781 121424.91
782 121310.00
783 120743.99
784 120898.96
785 120916.84
786 120850.80
787 120828.15
788 121066.09
789 120978.12
790 120905.16
791 120933.06
792 121633.05
793 120905.88
794 121338.13
795 121104.00
796 121114.02
797 120960.95
798 120981.93
799 120877.03
800 121022.22
801 121140.00
802 120721.82
803 120929.00
804 121012.93
805 120940.92
806 121268.99
807 120859.15
808 121152.88
809 121381.04
810 120715.14
811 121067.05
812 120849.13
813 121128.08
814 120919.94
815 121084.93
816 120960.00
817 121101.86
818 121176.00
819 121135.00
820 121210.10
821 121273.99
822 120898.96
823 121053.93
824 121015.07
825 121060.85
826 121087.07
827 120975.02
828 121247.05
829 121057.99
830 121090.89
831 121028.90
832 120787.86
833 121090.17
834 120980.98
835 121340.04
836 120770.93
837 121224.16
838 121001.96
839 120855.09
840 122076.03
841 121104.96
842 120890.14
843 121302.13
844 121575.12
845 121163.13
846 121035.10
847 121041.06
848 121255.87
849 120857.95
850 121359.11
851 121282.10
852 120930.91
853 120926.86
854 120949.98
855 120923.04
856 121098.04
857 120912.08
858 121061.09
859 121222.97
860 120722.06
861 120999.10
862 121116.16
863 121147.16
864 120782.85
865 121083.02
866 121302.13
867 120780.94
868 121587.99
869 121097.09
870 121279.00
871 121150.97
872 120954.99
873 121191.98
874 121109.96
875 121106.15
876 121244.91
877 120970.96
878 120821.95
879 121054.89
880 120787.86
881 120909.93
882 121145.01
883 121160.03
884 121062.99
885 121067.05
886 120898.01
887 121132.14
888 121114.97
889 121330.02
890 120960.95
891 121009.11
892 120833.16
893 121380.09
894 121131.18
895 120898.01
896 121235.13
897 121116.16
898 121290.92
899 121317.86
900 121825.93
901 120902.06
902 121161.22
903 121454.00
904 120906.83
905 121284.01
906 121186.02
907 120975.02
908 121094.94
909 121683.84
910 121191.98
911 121007.92
912 121412.04
913 120898.96
914 120928.05
915 121332.88
916 121080.88
917 121209.14
918 120962.86
919 120729.92
920 120970.01
921 120851.04
922 121152.16
923 121129.04
924 120769.98
925 121051.07
926 121002.91
927 120908.02
928 121005.06
929 121174.10
930 120854.14
931 121433.97
932 121108.06
933 121096.13
934 121145.96
935 120729.92
936 121048.93
937 120886.09
938 121197.94
939 121314.05
940 120916.84
941 121273.99
942 120790.00
943 120930.91
944 120866.06
945 121055.13
946 120759.01
947 121007.20
948 121067.05
949 121209.14
950 120867.01
951 121186.02
952 121125.94
953 120964.05
954 120956.90
955 120931.15
956 121089.94
957 121098.04
958 121581.08
959 121346.00
960 121088.03
961 121048.93
962 121184.83
963 121083.02
964 120951.89
965 121270.90
966 121109.96
967 121160.03
968 120970.01
969 121256.83
970 121057.99
971 120945.93
972 120823.14
973 121174.10
974 120997.91
975 121116.16
976 121323.11
977 121286.87
978 120795.01
979 121520.04
980 120860.10
981 121345.04
982 121059.18
983 121049.17
984 121428.97
985 120732.07
986 120738.98
987 120843.89
988 120931.15
989 121019.12
990 120913.03
991 121002.91
992 121335.03
993 121488.81
994 121068.00
995 120837.93
996 121163.13
997 120759.01
998 120822.91
999 121375.80
1000 120707.99
1001 121295.21
1002 121213.20
1003 120723.01
1004 120942.12
1005 120832.92
1006 121195.08
1007 120953.08
1008 120993.14
1009 121209.86
1010 120954.99
1011 120801.93
1012 120866.78
1013 121211.05
1014 121395.83
1015 121231.08
1016 120992.18
1017 121252.06
1018 121500.97
1019 120924.00
1020 120823.86
1021 121140.96
1022 120887.99
1023 120833.16
1024 121216.06
1025 121052.98
1026 121406.08
1027 120951.89
1028 120897.05
1029 120928.05
1030 121001.96
1031 121032.00
1032 121026.99
1033 120977.88
1034 121003.15
1035 121025.09
1036 121026.99
1037 120975.02
1038 121031.05
1039 121032.00
1040 120975.02
1041 120973.11
1042 121036.05
1043 121006.97
1044 120974.06
1045 121030.81
1046 121006.01
1047 120973.11
1048 120954.04
1049 120983.12
1050 121042.97
1051 121044.87
1052 120984.08
1053 120997.91
1054 121026.99
1055 121004.10
1056 121013.16
1057 120960.95
1058 121049.17
1059 121024.13
1060 121037.96
1061 121015.07
1062 121026.04
1063 121029.14
1064 121006.01
1065 121015.07
1066 121012.21
1067 121006.01
1068 120939.97
1069 121005.06
1070 121006.01
1071 120977.88
1072 121036.05
1073 121070.15
1074 121026.04
1075 120970.01
1076 121021.03
1077 121036.05
1078 121011.97
1079 121024.85
1080 121016.98
1081 121010.07
1082 121005.77
1083 121016.98
1084 121023.89
1085 121010.78
1086 121001.96
1087 121032.00
1088 121011.97
1089 120991.95
1090 121018.89
1091 121035.10
1092 121009.11
1093 121025.80
1094 120970.96
1095 120995.04
1096 121001.96
1097 121022.94
1098 121031.05
1099 121026.99
1100 121015.07
1101 121018.17
1102 121006.01
1103 121005.06
1104 121032.95
1105 121003.87
1106 121032.00
1107 120937.11
1108 120939.97
1109 121010.07
1110 121033.91
1111 121042.97
1112 121037.01
1113 121030.09
1114 121016.98
1115 121021.99
1116 121016.98
1117 121002.91
1118 121013.16
1119 121017.93
1120 121011.97
1121 121037.01
1122 121026.04
1123 121023.89
1124 120987.89
1125 121009.11
1126 121021.99
1127 121021.03
1128 120954.04
1129 120983.12
1130 121027.95
1131 121027.95
1132 121016.03
1133 121028.90
1134 121004.82
1135 121013.88
1136 120996.00
1137 121003.87
1138 121032.00
1139 121016.03
1140 121018.89
1141 121022.94
1142 121009.83
1143 121013.88
1144 121011.97
1145 121019.12
1146 121022.94
1147 120934.01
1148 120918.99
1149 121008.87
1150 121060.85
1151 121016.03
1152 121042.01
1153 121021.03
1154 121026.99
1155 121017.93
1156 120948.08
1157 121008.16
1158 121010.07
1159 121008.16
1160 121037.01
1161 121043.21
1162 121030.09
1163 121023.89
1164 121011.02
1165 121017.22
1166 121042.01
1167 121012.93
1168 120965.96
1169 120985.03
1170 121013.88
1171 121024.85
1172 121005.06
1173 121018.89
1174 121005.06
1175 121004.82
1176 121004.10
1177 120990.99
1178 120960.00
1179 121034.15
1180 121011.02
1181 120983.12
1182 121035.10
1183 121019.84
1184 121021.03
1185 121016.98
1186 121016.98
1187 120933.06
1188 120905.16
1189 121001.96
1190 121004.82
1191 120925.90
1192 121031.05
1193 120969.77
1194 121018.89
1195 121037.01
1196 120939.02
1197 121035.81
1198 121023.18
1199 121021.99
1200 121009.83
1201 121016.03
1202 121019.12
1203 120993.85
1204 121011.02
1205 121010.07
1206 121006.01
1207 121033.19
1208 120940.92
1209 120989.08
1210 121021.03
1211 121018.89
1212 121022.94
1213 121003.87
1214 120933.06
1215 121054.17
1216 121012.93
1217 121008.87
1218 120993.85
1219 121003.87
1220 120998.86
1221 121066.09
1222 120997.19
1223 120980.02
1224 121010.07
1225 121031.05
1226 121007.92
1227 120941.16
1228 120940.21
1229 121001.96
1230 121026.99
1231 121032.95
1232 121023.89
1233 120994.81
1234 121016.98
1235 121002.91
1236 120996.95
1237 121044.87
1238 121032.95
1239 121029.85
1240 121026.99
1241 121013.88
1242 121016.03
1243 121006.01
1244 121011.02
1245 121033.91
1246 121040.82
1247 121022.94
1248 120962.14
1249 121016.03
1250 121031.05
1251 121016.98
1252 121016.98
1253 121051.07
1254 121025.80
1255 121037.01
1256 120954.04
1257 121024.85
1258 121036.05
1259 121019.12
1260 121026.99
1261 121021.99
1262 121016.03
1263 121015.07
1264 121068.00
1265 121075.15
1266 121038.91
1267 120987.18
1268 120872.97
1269 120998.14
1270 121014.83
1271 121022.22
1272 121003.87
1273 121016.03
1274 121011.97
1275 121023.18
1276 121006.01
1277 121012.93
1278 121001.01
1279 121000.05
1280 121011.97
1281 121011.02
1282 121017.93
1283 121016.03
1284 121015.07
1285 121009.83
1286 121011.02
1287 121003.15
1288 120960.00
1289 120985.03
1290 121034.15
1291 120950.94
1292 121017.93
1293 121010.78
1294 121021.03
1295 121016.03
1296 121010.78
1297 121041.06
1298 121063.95
1299 120980.98
