1300
0 121248.01
1 121059.89
2 121014.12
3 120982.89
4 120964.05
5 120990.99
6 121001.01
7 121021.03
8 120985.98
9 121022.94
10 120993.85
11 120967.86
12 121021.03
13 120948.08
14 120965.00
15 121009.83
16 120985.98
17 121003.87
18 121020.08
19 120991.95
20 120963.81
21 120929.00
22 120997.91
23 121004.10
24 120987.18
25 120989.08
26 121003.87
27 121005.06
28 121027.95
29 120982.17
30 121048.93
31 121008.16
32 120888.95
33 120990.99
34 120994.09
35 121014.12
36 121028.90
37 120924.00
38 120977.16
39 120995.04
40 121001.01
41 120913.98
42 121025.80
43 121021.03
44 120966.91
45 120972.16
46 121007.92
47 121010.07
48 121086.12
49 120989.08
50 120965.96
51 121008.16
52 120973.11
53 120990.04
54 121026.99
55 121009.83
56 120963.10
57 120954.04
58 120985.98
59 121018.17
60 120887.99
61 120929.00
62 120986.94
63 121003.15
64 121011.97
65 120924.95
66 120998.14
67 120997.91
68 121008.87
69 120983.84
70 120955.94
71 121006.01
72 121016.98
73 120988.13
74 121024.13
75 121005.06
76 120960.95
77 120984.08
78 120985.98
79 120990.04
80 121009.11
81 120938.06
82 120996.00
83 121024.85
84 120982.89
85 120967.86
86 121004.82
87 121026.04
88 120952.84
89 120965.96
90 121001.01
91 121019.84
92 120965.96
93 120960.95
94 120929.96
95 120863.91
96 120905.88
97 120913.03
98 120875.12
99 120792.87
100 120965.00
101 120876.07
102 120926.86
103 121058.94
104 120943.07
105 120720.15
106 121546.98
107 120909.93
108 120893.96
109 121000.05
110 121109.96
111 120707.99
112 120908.02
113 121824.98
114 120926.86
115 121186.97
116 120862.01
117 121210.10
118 122533.08
119 121069.19
120 121125.94
121 121730.09
122 120910.88
123 120970.01
124 121024.13
125 120635.03
126 120810.03
127 121424.91
128 120746.14
129 120988.13
130 121186.97
131 121107.10
132 120965.00
133 121162.89
134 121604.92
135 120879.89
136 121121.88
137 120971.92
138 121467.11
139 121271.13
140 121854.07
141 121153.12
142 121097.80
143 120981.93
144 120882.03
145 121572.97
146 121418.95
147 121078.01
148 120831.97
149 121067.05
150 121792.79
151 120846.99
152 121531.01
153 120954.99
154 120938.06
155 120779.99
156 121752.98
157 121328.12
158 120805.98
159 121094.94
160 121047.97
161 120719.91
162 120819.09
163 121535.06
164 121294.98
165 121513.84
166 121001.01
167 120997.91
168 120850.80
169 121169.09
170 121538.16
171 120958.81
172 120826.01
173 121030.09
174 121207.95
175 121147.16
176 121843.81
177 121592.04
178 120954.99
179 121059.89
180 121237.99
181 121176.96
182 120795.01
183 120965.96
184 121459.96
185 121146.92
186 121185.78
187 121091.84
188 120992.90
189 121095.90
190 121476.89
191 121032.00
192 121649.03
193 121758.94
194 121717.93
195 121459.96
196 121371.03
197 121442.08
198 121327.88
199 121972.08
200 121217.01
201 120829.11
202 120805.98
203 121159.79
204 121117.12
205 121601.82
206 121443.03
207 122190.95
208 121323.11
209 121438.03
210 120980.02
211 120885.85
212 120783.09
213 121478.08
214 121526.00
215 121562.00
216 121328.83
217 121218.20
218 121293.07
219 121387.00
220 121834.99
221 121754.88
222 121230.84
223 121794.94
224 120924.00
225 120894.19
226 121215.82
227 121641.87
228 120797.87
229 121654.99
230 121304.99
231 122318.98
232 121207.00
233 120955.94
234 121009.83
235 121088.03
236 120980.98
237 121415.14
238 121037.96
239 121409.89
240 121166.94
241 121155.02
242 120869.87
243 121522.19
244 121767.04
245 121534.82
246 121035.10
247 120965.96
248 122460.13
249 121371.98
250 120713.95
251 120867.97
252 121567.01
253 121136.90
254 121191.02
255 121335.98
256 121149.06
257 121562.96
258 121639.01
259 121491.91
260 122344.02
261 121234.18
262 121280.91
263 122049.81
264 121906.04
265 122044.09
266 122451.07
267 122129.92
268 121226.79
269 121752.02
270 120841.03
271 121653.08
272 120963.10
273 120842.93
274 122035.98
275 121081.83
276 120986.94
277 120893.96
278 121145.96
279 121591.09
280 120971.20
281 121508.12
282 121560.81
283 120811.94
284 122261.05
285 121888.88
286 121033.91
287 121043.92
288 120948.08
289 120984.08
290 121181.96
291 121307.85
292 120998.14
293 121228.93
294 122529.98
295 120991.95
296 120832.92
297 121760.13
298 121294.02
299 122169.02
300 121335.98
301 121851.92
302 122038.13
303 121191.98
304 121679.07
305 121181.01
306 120950.94
307 121193.89
308 121541.98
309 121117.12
310 122856.86
311 121124.03
312 122473.00
313 120973.11
314 121583.94
315 120985.98
316 121355.06
317 122196.20
318 120800.97
319 122163.06
320 121135.95
321 121128.80
322 121088.03
323 120883.94
324 120903.97
325 121181.96
326 121408.94
327 120883.94
328 120992.18
329 121668.10
330 121049.17
331 120859.15
332 121490.00
333 121459.01
334 121725.08
335 121979.00
336 121099.95
337 121500.97
338 121124.98
339 121163.85
340 120827.20
341 121278.05
342 121119.98
343 121212.01
344 120719.91
345 120890.14
346 121191.98
347 121543.88
348 121088.03
349 120815.99
350 121534.11
351 120824.10
352 121325.97
353 121168.14
354 120906.11
355 123680.11
356 122032.88
357 121671.92
358 121463.06
359 120913.03
360 122107.03
361 120972.87
362 120951.89
363 121083.97
364 121041.06
365 120913.03
366 120910.88
367 120909.93
368 121150.97
369 120951.18
370 121124.98
371 120887.99
372 120943.07
373 120893.00
374 120954.99
375 120959.04
376 120893.96
377 120945.93
378 120837.93
379 120935.92
380 120887.04
381 120817.90
382 121088.03
383 121073.96
384 121474.03
385 120668.17
386 121130.94
387 120841.03
388 121079.92
389 120860.82
390 121063.95
391 120805.98
392 120933.77
393 120932.82
394 120925.19
395 120796.20
396 120838.88
397 120873.93
398 120994.09
399 120864.87
400 120759.01
401 121218.92
402 120934.96
403 120873.93
404 120855.09
405 121184.11
406 121117.12
407 120674.85
408 120985.03
409 120763.06
410 120937.11
411 121065.14
412 121055.13
413 120749.00
414 121059.89
415 120851.04
416 121221.07
417 120948.08
418 121078.97
419 120958.09
420 121089.94
421 121655.94
422 121244.91
423 121055.13
424 120849.13
425 121333.12
426 121026.99
427 120942.83
428 121021.03
429 121186.97
430 121145.01
431 121292.83
432 120917.08
433 120877.98
434 121382.95
435 121386.05
436 120944.02
437 120879.89
438 120901.11
439 121498.11
440 121236.09
441 120768.07
442 120935.92
443 121372.94
444 121037.01
445 120905.16
446 120911.12
447 120794.06
448 121058.94
449 121122.84
450 121440.89
451 121222.97
452 121395.83
453 121035.10
454 121000.05
455 120887.99
456 120928.05
457 121013.88
458 121116.88
459 120809.08
460 121125.94
461 120874.88
462 120817.90
463 121249.91
464 120911.84
465 121002.20
466 121083.97
467 121472.84
468 120964.05
469 121200.80
470 121078.97
471 121227.98
472 121116.88
473 120758.06
474 121062.99
475 121368.17
476 120811.94
477 121531.01
478 121047.02
479 121126.89
480 121350.05
481 121559.86
482 121134.04
483 121273.99
484 121747.02
485 121466.16
486 121196.99
487 121439.93
488 121214.87
489 121706.96
490 121270.90
491 121239.90
492 121263.03
493 121021.99
494 121499.06
495 120923.04
496 120898.96
497 121033.91
498 121629.95
499 121431.11
500 121402.98
501 120945.93
502 121330.98
503 120940.92
504 121026.99
505 121160.98
506 121052.98
507 120952.13
508 121379.14
509 121037.96
510 121596.10
511 120870.11
512 121593.00
513 120895.86
514 121196.03
515 121644.97
516 121042.01
517 121469.02
518 120949.03
519 121190.07
520 121412.99
521 121371.98
522 121603.01
523 121323.11
524 121536.02
525 121374.85
526 121305.23
527 121197.94
528 121586.80
529 120997.91
530 121149.06
531 121386.05
532 121387.00
533 121537.92
534 121282.10
535 121263.98
536 121422.05
537 121415.14
538 120785.00
539 121231.08
540 121661.90
541 121031.05
542 121547.94
543 121577.98
544 121500.02
545 121084.93
546 121174.81
547 121214.15
548 121010.07
549 120643.85
550 121398.21
551 120866.06
552 121339.08
553 121105.91
554 121345.04
555 121229.89
556 121226.07
557 120853.19
558 121469.97
559 121397.02
560 121152.16
561 121346.00
562 120970.96
563 121120.93
564 121009.11
565 121328.12
566 121370.79
567 120776.18
568 121018.17
569 121186.02
570 121081.11
571 121253.97
572 121422.05
573 120875.84
574 120959.04
575 121123.08
576 121057.99
577 121637.11
578 121219.87
579 121425.15
580 121417.05
581 120916.84
582 121279.95
583 121264.93
584 121081.11
585 121097.09
586 121250.15
587 120867.97
588 121597.05
589 121293.07
590 121188.16
591 121653.08
592 121289.01
593 121257.07
594 120768.79
595 121455.19
596 121318.82
597 121198.89
598 121294.98
599 121507.88
600 121324.06
601 121753.93
602 121256.11
603 120955.94
604 121108.06
605 121350.77
606 121052.98
607 121368.89
608 121537.92
609 121521.00
610 121263.98
611 121140.96
612 121639.97
613 121181.01
614 121488.09
615 121311.90
616 121252.06
617 120876.07
618 121186.02
619 121211.05
620 121197.94
621 121289.01
622 121208.91
623 121556.04
624 121232.03
625 121222.97
626 121876.00
627 120870.11
628 121515.99
629 120874.88
630 120815.04
631 121387.96
632 120674.85
633 121319.06
634 121220.11
635 121602.06
636 121274.95
637 121300.94
638 121099.00
639 120975.97
640 120935.92
641 121082.07
642 120851.04
643 120975.97
644 121047.02
645 120899.20
646 121083.02
647 121396.06
648 121113.06
649 121299.98
650 121582.03
651 121254.92
652 121225.12
653 121155.98
654 121243.95
655 121291.88
656 121602.06
657 121265.89
658 121192.93
659 121665.00
660 121332.17
661 121374.85
662 121587.04
663 120955.94
664 120912.08
665 121182.92
666 121019.12
667 121434.21
668 121347.90
669 121217.01
670 120927.10
671 121042.97
672 121143.82
673 121347.90
674 120819.09
675 121277.09
676 121200.08
677 121711.97
678 121434.93
679 121588.95
680 121140.96
681 120965.00
682 121197.94
683 120989.08
684 121615.89
685 121245.15
686 120985.98
687 121459.96
688 121284.96
689 121081.83
690 121095.18
691 121599.91
692 120994.09
693 121313.10
694 121172.90
695 121572.97
696 121615.89
697 120954.99
698 121208.91
699 121260.17
700 120584.01
701 120934.01
702 121401.07
703 121138.81
704 121027.95
705 121164.08
706 121176.96
707 121303.08
708 121203.90
709 121315.00
710 121349.10
711 121520.04
712 121414.90
713 121440.89
714 120735.88
715 121631.15
716 121989.01
717 121264.93
718 120995.04
719 120926.86
720 121507.88
721 121191.98
722 120973.83
723 121346.95
724 120951.89
725 121011.97
726 121751.07
727 121447.09
728 121237.99
729 120887.99
730 121151.92
731 121053.93
732 121057.99
733 121088.03
734 121032.95
735 121563.91
736 120954.99
737 121184.83
738 121676.92
739 121268.99
740 121384.14
741 120862.01
742 121441.13
743 120989.80
744 121413.95
745 121006.97
746 122009.99
747 120917.08
748 121186.97
749 121651.89
750 121339.08
751 121392.97
752 121052.98
753 120950.94
754 120925.90
755 120996.95
756 120829.11
757 120964.05
758 121103.05
759 121248.96
760 120979.07
761 121464.97
762 121256.11
763 121347.90
764 121418.95
765 121349.10
766 121398.93
767 120908.98
768 121091.84
769 121204.85
770 121571.06
771 121613.98
772 121483.09
773 120974.06
774 121675.01
775 121006.97
776 121504.07
777 121783.02
778 121627.09
779 121037.96
780 121423.01
781 121474.03
782 120954.04
783 120941.88
784 120963.10
785 120928.05
786 121040.11
787 121495.01
788 121364.12
789 121122.84
790 121204.85
791 121577.02
792 121829.99
793 121275.90
794 120957.85
795 121073.01
796 120904.92
797 121203.90
798 121056.80
799 121281.15
800 121073.01
801 121613.98
802 121345.04
803 121389.87
804 121393.92
805 121042.01
806 121138.10
807 121264.93
808 120889.90
809 121171.00
810 121105.91
811 121251.82
812 121593.95
813 121217.97
814 121110.92
815 121659.04
816 121335.03
817 121455.19
818 121298.07
819 121408.22
820 121048.93
821 121482.85
822 121637.11
823 121001.96
824 121315.00
825 121656.89
826 121328.12
827 121439.93
828 120912.08
829 121263.03
830 120952.13
831 121553.90
832 121303.08
833 121120.93
834 121501.92
835 121265.89
836 121500.97
837 120874.17
838 121222.97
839 121098.04
840 121088.98
841 121133.09
842 120970.01
843 120884.90
844 120625.02
845 121829.99
846 121369.12
847 121298.07
848 121150.02
849 121544.84
850 121428.01
851 121740.82
852 121543.88
853 121375.08
854 121243.95
855 121246.81
856 121195.08
857 122004.99
858 121605.16
859 121617.08
860 121270.18
861 121604.92
862 121333.84
863 121454.00
864 121311.90
865 121376.99
866 121095.18
867 121503.11
868 121098.04
869 121240.14
870 120841.03
871 121259.93
872 121084.93
873 121121.88
874 120933.06
875 120876.79
876 121311.90
877 121112.82
878 121217.97
879 120750.90
880 121079.92
881 120745.18
882 121857.88
883 121027.95
884 121365.07
885 121562.00
886 121342.90
887 120960.95
888 120816.95
889 121337.89
890 121210.81
891 121488.09
892 121262.07
893 121212.96
894 121207.00
895 121155.98
896 121591.81
897 121210.81
898 120783.81
899 121162.89
900 121362.92
901 121257.07
902 120743.04
903 121743.92
904 121246.10
905 121414.90
906 121068.00
907 121254.92
908 121567.96
909 121474.03
910 121588.95
911 120660.07
912 121478.08
913 121518.14
914 121578.93
915 121240.14
916 121078.01
917 121279.00
918 120697.02
919 120806.93
920 121356.01
921 121433.97
922 121293.07
923 121191.02
924 121256.11
925 121057.03
926 120851.99
927 121531.96
928 121927.02
929 121266.84
930 120912.08
931 121138.10
932 120945.22
933 121144.06
934 121493.10
935 121025.09
936 121237.99
937 121062.99
938 120924.00
939 121318.10
940 121484.99
941 121621.85
942 120985.03
943 121523.14
944 121478.08
945 121166.94
946 121078.01
947 121589.18
948 121285.20
949 121773.96
950 121309.04
951 121179.10
952 121329.07
953 121067.05
954 121233.94
955 121002.91
956 120954.99
957 120725.15
958 121232.03
959 121438.03
960 121356.01
961 121733.90
962 121006.97
963 121347.19
964 121369.12
965 121236.09
966 121386.05
967 121672.15
968 121362.92
969 121434.93
970 121082.07
971 121273.99
972 121104.96
973 121205.81
974 121549.13
975 121244.91
976 121266.13
977 120968.82
978 121181.96
979 121120.93
980 121246.10
981 121119.98
982 121711.97
983 121551.04
984 121545.08
985 121241.09
986 121167.90
987 121469.97
988 121492.86
989 121239.90
990 121099.00
991 121546.98
992 121148.11
993 120810.99
994 121557.00
995 121030.81
996 121196.03
997 121170.04
998 121087.79
999 121301.89
1000 121703.15
1001 120972.87
1002 121277.09
1003 121516.94
1004 120970.96
1005 121056.08
1006 121469.97
1007 121309.04
1008 120914.94
1009 121052.98
1010 121328.12
1011 121092.08
1012 121517.90
1013 120967.86
1014 121213.91
1015 121121.88
1016 121356.01
1017 120841.03
1018 121299.03
1019 121425.87
1020 121168.14
1021 121351.96
1022 121104.00
1023 121664.05
1024 121224.16
1025 121450.19
1026 121211.05
1027 121168.14
1028 121162.18
1029 121170.04
1030 121166.94
1031 121508.12
1032 121284.96
1033 121375.08
1034 121209.14
1035 120913.03
1036 120886.09
1037 121061.09
1038 120893.00
1039 121215.11
1040 121373.89
1041 121556.04
1042 121014.83
1043 121350.05
1044 120880.84
1045 121281.86
1046 120873.93
1047 121313.10
1048 121176.00
1049 121536.97
1050 121320.96
1051 121176.00
1052 121325.02
1053 121575.12
1054 121398.93
1055 121370.08
1056 121509.08
1057 120735.88
1058 121093.03
1059 121529.10
1060 120947.12
1061 121208.91
1062 121119.98
1063 121078.01
1064 121098.04
1065 121680.97
1066 121147.87
1067 121234.89
1068 121255.87
1069 121031.05
1070 121014.12
1071 121360.06
1072 121196.99
1073 121342.90
1074 121523.14
1075 121211.05
1076 121676.21
1077 121096.13
1078 121066.09
1079 120770.93
1080 120851.99
1081 120882.03
1082 120773.08
1083 121453.05
1084 121635.91
1085 120823.86
1086 120822.91
1087 120716.09
1088 121074.91
1089 121016.98
1090 120934.96
1091 121082.07
1092 120864.87
1093 120933.06
1094 121009.83
1095 121281.15
1096 120882.03
1097 121160.98
1098 120832.92
1099 121078.01
1100 121299.03
1101 121148.82
1102 120942.83
1103 121017.93
1104 121188.88
1105 121152.88
1106 120886.09
1107 121051.07
1108 121150.02
1109 121172.19
1110 121387.96
1111 120978.12
1112 121406.08
1113 120671.99
1114 120831.97
1115 120990.99
1116 120928.05
1117 120921.85
1118 120771.17
1119 121104.96
1120 121009.83
1121 121239.90
1122 120885.13
1123 121214.87
1124 121239.90
1125 120981.93
1126 121247.05
1127 120963.10
1128 121179.10
1129 120940.21
1130 121133.80
1131 121236.09
1132 120896.10
1133 120851.04
1134 121392.97
1135 120846.03
1136 120983.12
1137 120873.93
1138 121067.05
1139 121036.05
1140 120954.99
1141 120872.97
1142 121441.13
1143 121042.01
1144 120942.12
1145 121079.92
1146 121076.11
1147 120857.95
1148 120934.96
1149 121173.14
1150 120923.04
1151 120967.15
1152 121478.08
1153 120942.12
1154 120905.88
1155 121053.93
1156 121025.09
1157 121162.89
1158 121320.01
1159 120985.98
1160 120963.10
1161 120785.95
1162 120949.03
1163 120926.86
1164 121040.82
1165 120984.08
1166 121049.17
1167 120973.83
1168 120849.85
1169 120829.11
1170 120955.94
1171 120901.82
1172 120795.01
1173 120840.07
1174 120737.79
1175 121351.96
1176 120707.99
1177 120922.09
1178 120807.89
1179 121013.88
1180 120964.05
1181 121110.92
1182 120988.85
1183 120937.82
1184 121229.89
1185 120819.09
1186 121196.03
1187 120919.94
1188 121073.96
1189 121034.86
1190 120724.92
1191 120819.09
1192 121551.04
1193 120877.03
1194 120924.00
1195 120718.00
1196 120962.14
1197 120755.91
1198 120967.15
1199 121078.01
1200 120824.10
1201 120836.97
1202 120801.93
1203 120977.88
1204 121320.96
1205 120969.06
1206 120994.09
1207 120841.98
1208 120993.85
1209 121026.99
1210 120994.09
1211 121033.91
1212 120907.07
1213 120927.81
1214 121035.10
1215 120932.10
1216 121001.96
1217 120977.88
1218 121001.96
1219 120994.09
1220 121003.87
1221 120990.99
1222 121008.87
1223 120990.99
1224 121007.92
1225 121035.10
1226 120966.91
1227 120990.04
1228 120991.95
1229 120991.95
1230 120996.00
1231 120994.09
1232 120994.09
1233 120996.95
1234 120939.97
1235 121002.91
1236 120998.14
1237 121001.01
1238 121001.01
1239 120996.00
1240 120994.81
1241 120983.84
1242 120918.99
1243 121006.97
1244 120943.07
1245 120954.99
1246 120994.09
1247 120967.15
1248 120972.16
1249 121006.01
1250 120994.09
1251 120988.13
1252 121026.99
1253 120992.90
1254 120922.80
1255 120996.00
1256 121024.13
1257 120997.91
1258 121001.01
1259 120997.91
1260 121024.85
1261 120997.91
1262 120949.98
1263 121002.91
1264 121003.15
1265 121000.05
1266 121006.97
1267 121006.01
1268 121011.97
1269 120866.06
1270 121010.07
1271 121006.97
1272 121007.20
1273 120999.10
1274 120929.00
1275 121013.88
1276 120993.14
1277 121011.02
1278 120994.09
1279 121014.83
1280 120997.91
1281 121049.17
1282 121004.10
1283 120936.16
1284 121003.87
1285 121012.21
1286 121001.01
1287 120994.09
1288 121023.18
1289 120988.85
1290 120987.89
1291 120990.99
1292 121007.92
1293 120994.09
1294 120964.05
1295 120999.81
1296 121016.98
1297 121004.82
1298 121020.08
1299 120944.02
