1300
0 121153.12
1 121035.10
2 121034.15
3 120985.98
4 120990.04
5 121001.01
6 121001.96
7 121024.85
8 121028.18
9 121032.95
10 120983.84
11 120997.19
12 121016.98
13 121031.05
14 121024.13
15 121093.99
16 121010.07
17 120993.14
18 121036.05
19 121034.15
20 121036.05
21 120960.95
22 120999.10
23 121035.81
24 121013.16
25 121051.07
26 121026.99
27 120980.02
28 120901.82
29 121039.15
30 121047.97
31 121049.17
32 120986.94
33 120996.00
34 121009.83
35 121012.93
36 121023.18
37 121014.12
38 120981.93
39 121051.79
40 121032.95
41 120972.87
42 120985.03
43 121029.14
44 121006.97
45 121033.91
46 120974.06
47 120997.19
48 121002.91
49 121018.89
50 121028.90
51 121062.04
52 121029.14
53 120992.18
54 121033.91
55 121015.07
56 121045.11
57 121037.01
58 121012.93
59 121026.04
60 121033.91
61 120943.07
62 120996.00
63 121044.87
64 121016.03
65 120971.92
66 121013.16
67 121018.89
68 121035.10
69 121028.90
70 121047.97
71 121013.88
72 120990.04
73 121026.04
74 121012.93
75 121039.15
76 121032.00
77 120985.03
78 120954.99
79 121008.16
80 121035.10
81 120972.16
82 121045.11
83 121010.07
84 121006.97
85 121025.09
86 121017.93
87 121033.19
88 121016.98
89 121044.87
90 121030.09
91 120975.02
92 121038.91
93 121033.91
94 120894.91
95 121042.97
96 120946.88
97 120858.91
98 120898.01
99 120882.03
100 121042.97
101 120989.08
102 121012.93
103 120868.21
104 120924.00
105 121167.18
106 121856.93
107 120936.87
108 121854.07
109 121024.85
110 122644.19
111 123282.91
112 122540.00
113 124267.82
114 125622.03
115 124068.02
116 122452.02
117 123928.07
118 123430.97
119 122372.15
120 124123.10
121 124228.95
122 124134.06
123 122436.05
124 122651.10
125 123172.04
126 123170.85
127 123132.94
128 123003.96
129 122263.91
130 123033.05
131 123657.94
132 124483.11
133 125025.03
134 123291.02
135 122941.97
136 123870.85
137 122736.93
138 122833.01
139 123522.04
140 124306.92
141 123746.87
142 122740.98
143 125201.94
144 123752.12
145 123590.95
146 123464.11
147 125205.99
148 123309.14
149 122452.97
150 123512.98
151 123070.00
152 123213.05
153 123010.16
154 122390.99
155 122493.98
156 122297.05
157 123776.91
158 123545.17
159 123389.96
160 122599.84
161 123483.90
162 122939.11
163 123586.89
164 124629.97
165 125005.96
166 122447.01
167 123463.87
168 123229.03
169 125054.84
170 122358.08
171 123076.92
172 122112.99
173 123750.93
174 122812.03
175 122807.03
176 124167.92
177 122701.17
178 122474.91
179 122572.18
180 122429.13
181 122587.92
182 124084.00
183 122755.05
184 122429.13
185 125515.94
186 123970.99
187 122298.96
188 122375.01
189 123945.00
190 123008.97
191 122522.83
192 123379.95
193 123229.03
194 124126.91
195 123039.01
196 122848.03
197 122691.15
198 122790.10
199 121952.06
200 122286.08
201 123418.81
202 122860.91
203 122334.96
204 124730.83
205 123179.91
206 122032.88
207 122965.10
208 122870.92
209 123800.99
210 122709.04
211 122957.94
212 124444.01
213 122025.01
214 122620.11
215 123642.92
216 123531.82
217 122730.97
218 123615.98
219 122879.98
220 122867.82
221 124358.18
222 122581.96
223 123422.86
224 123507.98
225 122597.93
226 123857.02
227 122175.93
228 122841.12
229 124503.14
230 124151.95
231 122140.88
232 124264.00
233 122632.03
234 122692.11
235 123922.11
236 123378.04
237 122527.84
238 123340.13
239 124209.17
240 122688.06
241 122764.83
242 123701.81
243 122608.18
244 122704.03
245 125973.94
246 125098.94
247 123925.92
248 124084.00
249 125128.98
250 123180.15
251 123497.01
252 122584.10
253 123296.98
254 123979.09
255 123957.87
256 123809.81
257 122458.93
258 122489.21
259 122566.94
260 122515.92
261 124175.07
262 123940.94
263 123337.98
264 122720.96
265 123468.88
266 123787.88
267 122132.06
268 123726.13
269 123715.88
270 124511.00
271 124253.03
272 123267.89
273 123133.90
274 122520.21
275 123116.97
276 124819.04
277 123365.88
278 124758.01
279 123234.03
280 123548.98
281 124330.04
282 124538.18
283 122784.14
284 122802.97
285 125200.03
286 122920.99
287 122890.00
288 125468.97
289 123018.03
290 122159.96
291 122953.89
292 122975.83
293 123163.94
294 124872.92
295 123116.02
296 122388.12
297 123304.13
298 123502.02
299 122730.02
300 123127.94
301 124383.93
302 123008.01
303 124860.05
304 123932.12
305 123740.91
306 123708.96
307 122849.94
308 123637.91
309 123866.08
310 123954.06
311 122936.96
312 123509.17
313 124716.04
314 123045.92
315 122704.03
316 123949.05
317 122734.07
318 122848.99
319 123979.09
320 122376.92
321 122229.10
322 122257.95
323 124694.11
324 122224.09
325 122934.10
326 123084.07
327 123328.92
328 123232.13
329 124113.08
330 123670.82
331 124231.82
332 124222.99
333 124130.96
334 123381.85
335 124072.07
336 124857.19
337 124419.93
338 123143.91
339 123236.89
340 123198.99
341 123203.04
342 123711.11
343 124831.20
344 124034.17
345 122823.00
346 122852.80
347 123399.02
348 123412.13
349 123630.05
350 123523.00
351 124086.14
352 124817.85
353 123218.06
354 124830.01
355 122321.84
356 124008.18
357 123385.19
358 123425.96
359 122974.87
360 122322.08
361 122722.86
362 122065.07
363 121907.00
364 122535.94
365 122020.01
366 122351.17
367 122525.93
368 122256.99
369 122704.03
370 122519.02
371 122098.92
372 122540.00
373 122755.05
374 122059.82
375 122752.90
376 122111.08
377 122306.11
378 122220.99
379 122591.02
380 122390.99
381 122619.87
382 122394.08
383 122291.09
384 122734.79
385 122542.86
386 122768.16
387 122235.06
388 122958.18
389 122912.17
390 122638.94
391 122773.89
392 122467.04
393 122541.90
394 122972.01
395 122325.90
396 122738.84
397 122606.99
398 122165.92
399 122167.11
400 122262.95
401 122344.97
402 123397.83
403 123198.03
404 122710.94
405 123003.96
406 122555.02
407 122926.00
408 122906.92
409 122843.03
410 123040.91
411 122874.98
412 122874.02
413 122738.12
414 122704.03
415 122524.98
416 122657.06
417 123150.11
418 122606.04
419 122587.92
420 123440.03
421 122239.11
422 122552.16
423 122143.03
424 122302.06
425 122865.92
426 122343.06
427 123450.04
428 123136.04
429 123197.08
430 122648.95
431 121964.22
432 122298.00
433 123028.99
434 122723.10
435 123299.12
436 123187.07
437 122820.14
438 122359.99
439 122117.04
440 122265.82
441 122970.82
442 122617.01
443 122494.94
444 123138.90
445 122498.99
446 122179.99
447 122379.06
448 122077.94
449 122301.10
450 122798.92
451 122888.09
452 122675.18
453 122539.04
454 122836.11
455 122601.99
456 123076.92
457 122993.95
458 123309.14
459 122561.93
460 122297.05
461 122542.86
462 122272.97
463 122322.08
464 122507.81
465 123199.94
466 123052.84
467 122796.06
468 122267.01
469 122915.98
470 122448.92
471 122312.78
472 122728.11
473 123445.03
474 122834.92
475 122620.11
476 122105.84
477 122725.96
478 122717.86
479 122586.01
480 121883.87
481 123005.87
482 122854.95
483 122302.06
484 122220.04
485 122752.19
486 122741.94
487 122404.10
488 122184.99
489 122696.88
490 123166.08
491 122972.01
492 122406.01
493 121903.90
494 122554.06
495 122272.97
496 122427.94
497 122308.97
498 122810.84
499 122648.95
500 122193.10
501 122642.04
502 122593.88
503 122442.96
504 122380.02
505 122394.08
506 122893.81
507 123342.99
508 123425.96
509 122643.95
510 123008.97
511 122668.98
512 122495.89
513 122447.97
514 122334.96
515 122619.87
516 122662.07
517 122015.00
518 122776.03
519 122823.00
520 122482.06
521 122533.08
522 121996.88
523 123276.00
524 122765.06
525 122083.90
526 122670.89
527 122398.85
528 122097.97
529 122328.04
530 122616.05
531 122175.22
532 122476.82
533 122885.94
534 122308.97
535 122447.01
536 122283.94
537 122103.93
538 122577.19
539 122742.89
540 122731.92
541 122538.09
542 122534.04
543 122042.18
544 122509.00
545 121943.95
546 122801.07
547 122426.99
548 122375.97
549 122421.03
550 122097.02
551 122081.04
552 122222.90
553 123023.99
554 122960.09
555 122292.04
556 122240.07
557 122580.05
558 122668.03
559 123091.94
560 122466.09
561 122471.09
562 122092.96
563 122606.99
564 122548.82
565 122274.88
566 123034.95
567 122519.02
568 122255.80
569 122527.12
570 122034.07
571 121593.95
572 122850.89
573 122576.95
574 122195.96
575 122426.99
576 122596.98
577 122231.01
578 122527.12
579 123405.93
580 122591.02
581 122897.86
582 122158.05
583 122230.05
584 122658.01
585 122651.10
586 122787.95
587 122684.00
588 122480.15
589 122365.00
590 122348.07
591 122489.93
592 122175.93
593 122581.01
594 122641.09
595 122022.15
596 122752.19
597 122389.08
598 122132.78
599 122477.05
600 121941.09
601 122439.86
602 123052.12
603 122172.12
604 122456.07
605 122706.89
606 122452.97
607 122147.08
608 122498.99
609 122029.07
610 122181.18
611 123095.99
612 122650.15
613 122381.93
614 122547.15
615 122316.84
616 122431.04
617 122504.00
618 122179.03
619 122112.04
620 121523.86
621 120971.92
622 120846.03
623 120980.98
624 120899.92
625 121493.10
626 120936.87
627 121092.08
628 121346.95
629 121054.89
630 120810.99
631 121131.90
632 120924.00
633 120794.06
634 120876.07
635 121083.02
636 120860.10
637 121088.03
638 121152.88
639 120859.86
640 120589.02
641 120737.08
642 121046.07
643 120738.03
644 121612.07
645 120906.83
646 121117.12
647 120737.08
648 121621.13
649 120756.86
650 120791.91
651 121336.94
652 121214.87
653 120788.10
654 121161.94
655 120849.85
656 121246.10
657 121272.80
658 121209.14
659 120954.04
660 120943.07
661 120939.97
662 121237.04
663 120858.91
664 120942.83
665 121051.07
666 121099.95
667 121258.02
668 120863.91
669 120927.10
670 120794.06
671 120949.98
672 120980.98
673 120957.85
674 120654.11
675 120874.17
676 120844.13
677 121258.02
678 121582.98
679 120664.83
680 121091.13
681 121144.06
682 121091.84
683 120651.96
684 120991.95
685 121232.99
686 120941.16
687 120879.89
688 121040.11
689 120985.98
690 121083.97
691 121231.08
692 120885.85
693 121405.12
694 121469.02
695 121147.16
696 120732.07
697 121430.87
698 120949.98
699 121095.90
700 121312.14
701 121351.00
702 120726.11
703 120831.97
704 120944.98
705 120841.03
706 121241.09
707 121137.14
708 121062.04
709 120749.95
710 120795.97
711 120808.84
712 121680.97
713 120860.82
714 121423.01
715 120857.00
716 121326.92
717 120784.04
718 120802.16
719 121114.02
720 120804.07
721 121011.02
722 121864.08
723 120658.87
724 120651.96
725 120896.10
726 120851.99
727 121062.99
728 121592.04
729 121091.13
730 121423.96
731 120965.96
732 121364.12
733 120959.04
734 120992.90
735 121187.21
736 120965.96
737 120829.82
738 120905.88
739 120990.04
740 121345.04
741 121181.96
742 121198.18
743 120701.07
744 120815.99
745 120921.13
746 121567.01
747 121369.12
748 121013.16
749 121197.94
750 120948.08
751 121258.02
752 121098.04
753 120927.10
754 120776.18
755 120958.09
756 121035.10
757 120924.95
758 120924.95
759 120733.02
760 120989.08
761 120752.10
762 120889.90
763 120759.96
764 121068.95
765 120866.06
766 121283.05
767 120713.00
768 120762.11
769 121310.00
770 120713.95
771 121156.93
772 120892.05
773 120825.05
774 121104.96
775 121071.10
776 120773.08
777 121081.11
778 120829.11
779 121020.08
780 121170.04
781 121066.09
782 120820.05
783 121446.85
784 121164.08
785 121134.04
786 120862.01
787 120835.07
788 121029.14
789 120997.91
790 121379.14
791 121068.00
792 121056.08
793 120698.93
794 120725.15
795 121184.11
796 121010.07
797 120992.90
798 121310.95
799 120774.98
800 121276.14
801 120785.00
802 120838.17
803 121082.07
804 120885.85
805 120779.99
806 120756.86
807 120867.01
808 120811.94
809 120888.95
810 121052.98
811 120879.89
812 121263.03
813 120799.06
814 121294.02
815 120830.06
816 120743.04
817 120714.90
818 120850.80
819 121197.94
820 120825.77
821 121180.06
822 121241.81
823 120698.93
824 120908.02
825 120897.05
826 120902.06
827 121125.22
828 120952.13
829 120779.04
830 121176.96
831 120980.98
832 121155.98
833 121140.96
834 121108.06
835 120664.12
836 121275.90
837 120900.15
838 121239.90
839 120724.20
840 121079.92
841 121040.11
842 120908.02
843 120692.97
844 120918.04
845 121385.10
846 120836.02
847 120791.20
848 120959.04
849 120866.06
850 120908.98
851 121214.15
852 120939.02
853 120978.12
854 121279.95
855 121286.15
856 120661.02
857 121006.97
858 121052.98
859 121011.97
860 120747.09
861 121039.87
862 121631.86
863 120758.06
864 120877.98
865 120982.89
866 121635.91
867 121043.92
868 121047.02
869 120735.17
870 121137.86
871 120728.97
872 120831.01
873 120890.86
874 121189.12
875 121251.11
876 120671.03
877 121008.16
878 121046.07
879 121131.90
880 120850.09
881 120852.95
882 120800.02
883 120979.07
884 121113.06
885 120909.93
886 120764.02
887 121155.98
888 121072.77
889 120932.82
890 120841.03
891 120993.85
892 120912.08
893 121548.89
894 121282.10
895 120844.13
896 121521.95
897 121042.97
898 120973.83
899 121106.15
900 120662.93
901 120789.05
902 120745.90
903 121309.04
904 120953.08
905 120833.87
906 120882.03
907 121102.09
908 120966.91
909 121590.14
910 120988.85
911 121025.09
912 121304.99
913 120889.90
914 121016.98
915 120879.89
916 121122.12
917 120937.11
918 120595.22
919 120934.96
920 121124.03
921 120996.00
922 121445.89
923 120811.94
924 120821.00
925 120931.15
926 120794.06
927 120826.96
928 121073.96
929 120922.09
930 120740.18
931 120768.07
932 120865.82
933 120999.81
934 120973.11
935 120977.88
936 120820.05
937 121001.01
938 121146.92
939 121035.81
940 121232.03
941 120857.95
942 120791.91
943 120802.16
944 120910.88
945 120762.11
946 120878.93
947 121286.87
948 120885.85
949 120980.98
950 121372.94
951 121020.08
952 120803.12
953 120977.16
954 121004.10
955 120924.95
956 121047.02
957 120740.18
958 120918.99
959 120773.08
960 121206.05
961 121143.10
962 121150.97
963 121108.06
964 121205.09
965 121071.10
966 121033.91
967 120999.81
968 121130.94
969 121024.13
970 120985.98
971 120868.92
972 121017.93
973 121109.01
974 121001.01
975 121090.89
976 121316.91
977 121214.15
978 121205.09
979 120875.84
980 120877.98
981 121050.12
982 121093.99
983 121053.93
984 120764.97
985 120965.96
986 120853.90
987 121001.01
988 121068.00
989 120897.05
990 120807.89
991 120709.90
992 120885.13
993 121341.94
994 120807.89
995 121227.98
996 120917.08
997 121027.95
998 120762.11
999 120755.91
1000 120835.07
1001 120880.13
1002 121062.04
1003 120880.13
1004 121155.02
1005 120897.05
1006 120994.09
1007 120841.98
1008 121116.16
1009 121150.02
1010 121063.95
1011 121153.12
1012 120728.97
1013 121280.19
1014 120990.99
1015 120700.12
1016 120862.01
1017 121042.97
1018 120890.14
1019 121123.08
1020 121268.99
1021 121315.96
1022 120701.79
1023 120985.03
1024 120909.21
1025 121088.98
1026 120852.95
1027 121083.02
1028 120843.17
1029 120762.11
1030 121120.93
1031 120929.96
1032 120899.92
1033 121065.14
1034 120918.99
1035 120846.99
1036 120934.96
1037 120927.10
1038 120943.07
1039 120946.88
1040 120949.03
1041 120949.03
1042 120953.08
1043 120862.01
1044 120957.85
1045 120949.03
1046 120928.05
1047 120963.10
1048 120932.82
1049 120929.96
1050 120941.88
1051 120944.02
1052 120948.08
1053 120951.89
1054 120947.12
1055 120954.99
1056 120955.94
1057 120954.04
1058 120952.84
1059 120953.80
1060 120961.90
1061 120960.00
1062 120960.95
1063 120961.90
1064 120963.10
1065 120961.90
1066 120929.00
1067 120929.00
1068 120886.09
1069 120944.02
1070 120949.03
1071 120949.03
1072 120949.98
1073 120951.18
1074 120953.08
1075 120963.10
1076 120923.04
1077 120949.03
1078 120931.86
1079 120949.98
1080 120954.99
1081 120974.06
1082 120957.14
1083 120867.97
1084 120958.81
1085 120960.00
1086 120943.07
1087 120911.84
1088 120947.12
1089 120934.01
1090 120950.94
1091 120895.15
1092 121026.99
1093 120960.00
1094 120939.02
1095 120931.15
1096 120940.92
1097 120939.97
1098 120946.17
1099 120946.88
1100 120952.13
1101 120951.89
1102 120952.13
1103 120954.04
1104 120960.95
1105 120866.06
1106 120934.96
1107 120954.99
1108 120942.12
1109 120944.02
1110 120851.04
1111 120957.14
1112 120962.86
1113 120929.00
1114 120894.19
1115 120934.01
1116 120922.09
1117 120915.89
1118 120933.06
1119 120936.16
1120 120938.06
1121 120948.08
1122 120943.78
1123 120844.84
1124 120953.08
1125 120952.13
1126 120972.87
1127 120938.06
1128 120938.06
1129 120944.02
1130 120945.93
1131 120949.98
1132 120932.10
1133 120924.00
1134 120960.95
1135 120935.20
1136 120959.04
1137 120922.09
1138 120926.14
1139 120930.91
1140 120951.89
1141 120942.12
1142 120947.12
1143 120954.04
1144 120934.96
1145 120860.10
1146 120944.98
1147 120954.99
1148 120944.98
1149 120959.04
1150 120955.94
1151 120960.95
1152 120862.96
1153 120961.90
1154 120969.06
1155 120970.01
1156 120899.92
1157 120896.82
1158 120962.14
1159 120960.95
1160 120967.15
1161 120932.82
1162 120872.02
1163 120862.01
1164 120954.04
1165 120938.06
1166 120963.10
1167 120951.18
1168 120959.04
1169 120960.95
1170 120967.86
1171 120958.09
1172 120966.91
1173 120924.95
1174 120934.01
1175 120924.95
1176 120912.08
1177 120904.92
1178 120959.04
1179 120961.90
1180 120958.09
1181 120930.91
1182 120921.85
1183 120944.98
1184 120937.11
1185 120882.99
1186 120944.02
1187 120951.89
1188 120948.08
1189 120951.18
1190 120953.80
1191 120956.90
1192 120883.94
1193 120930.19
1194 120949.03
1195 120949.98
1196 120954.04
1197 120927.10
1198 120955.94
1199 120934.96
1200 120967.86
1201 120952.84
1202 120936.87
1203 120881.08
1204 120860.82
1205 120938.06
1206 120975.97
1207 120940.92
1208 120963.10
1209 120953.08
1210 120962.86
1211 120956.90
1212 120930.19
1213 120958.09
1214 120949.98
1215 120927.10
1216 120952.84
1217 120918.99
1218 120955.94
1219 120944.02
1220 120956.90
1221 120949.03
1222 120963.10
1223 120949.98
1224 120931.15
1225 120877.98
1226 120939.97
1227 120970.01
1228 120951.89
1229 120943.07
1230 120917.08
1231 120965.96
1232 120920.18
1233 120965.00
1234 120984.08
1235 120970.96
1236 120919.94
1237 120928.05
1238 120939.97
1239 120939.02
1240 120933.06
1241 120908.02
1242 120955.23
1243 120927.10
1244 120862.01
1245 120934.01
1246 120951.89
1247 120948.79
1248 120954.04
1249 120957.85
1250 120951.89
1251 120956.90
1252 120947.12
1253 120886.09
1254 120937.11
1255 120952.13
1256 120957.14
1257 120915.89
1258 120960.00
1259 120957.14
1260 120962.86
1261 120958.09
1262 120960.00
1263 120957.14
1264 120960.95
1265 120885.85
1266 120966.91
1267 120969.06
1268 120978.83
1269 120923.04
1270 120908.02
1271 120949.98
1272 120899.92
1273 120950.94
1274 120902.06
1275 120952.84
1276 120966.20
1277 120905.88
1278 120964.05
1279 120975.97
1280 120970.96
1281 120907.07
1282 120973.83
1283 120957.14
1284 120944.98
1285 120889.90
1286 120955.94
1287 120969.06
1288 120963.10
1289 120937.82
1290 120959.04
1291 120939.02
1292 120962.14
1293 120943.07
1294 120968.10
1295 120954.04
1296 120882.03
1297 120920.90
1298 120954.99
1299 120965.96
