1300
0 121389.15
1 121131.90
2 121031.05
3 121101.86
4 121114.02
5 121136.19
6 121124.03
7 121125.94
8 121129.04
9 121157.17
10 121038.91
11 121135.00
12 121117.12
13 121054.89
14 121126.89
15 121126.89
16 121097.09
17 121104.96
18 121122.12
19 121117.12
20 121119.02
21 121125.94
22 121096.13
23 121114.02
24 121109.01
25 121104.96
26 121111.87
27 121129.99
28 121123.08
29 121096.13
30 121114.97
31 121083.97
32 121127.13
33 121109.01
34 121111.15
35 121133.09
36 121111.15
37 121109.96
38 121100.90
39 121125.22
40 121124.03
41 121124.98
42 121088.98
43 121106.15
44 121114.97
45 121115.21
46 121109.96
47 121127.84
48 121145.96
49 121122.12
50 121050.83
51 121129.99
52 121129.99
53 121106.15
54 121089.94
55 121117.83
56 121128.08
57 121116.88
58 121100.90
59 121106.86
60 121111.15
61 121121.88
62 121076.82
63 121114.97
64 121117.83
65 121145.01
66 121100.90
67 121104.00
68 121113.78
69 121124.98
70 121051.07
71 121115.92
72 121070.86
73 121098.04
74 121117.12
75 121115.92
76 121124.98
77 121109.01
78 121139.05
79 121124.03
80 121092.08
81 121099.00
82 121079.21
83 121112.11
84 121114.02
85 121091.84
86 121120.93
87 121105.19
88 121120.93
89 121126.89
90 121112.11
91 121137.14
92 121129.99
93 120987.89
94 121105.91
95 121145.96
96 121032.95
97 120997.19
98 120987.18
99 120988.85
100 121061.09
101 121026.04
102 121002.91
103 123024.94
104 121004.10
105 122051.00
106 120861.05
107 122287.99
108 123173.95
109 122895.96
110 123903.04
111 122209.07
112 123819.11
113 122903.11
114 125100.14
115 123453.14
116 123254.06
117 122592.93
118 122611.05
119 123285.06
120 124925.14
121 125185.97
122 124507.90
123 124919.89
124 125704.05
125 124190.09
126 126060.96
127 125110.15
128 123459.82
129 125509.98
130 126524.93
131 125525.95
132 125002.15
133 125756.03
134 124848.84
135 125196.93
136 125804.19
137 124227.05
138 125149.01
139 124196.77
140 125297.07
141 124367.00
142 126780.99
143 127505.06
144 127425.19
145 125945.81
146 124285.94
147 124216.08
148 123527.05
149 125103.00
150 125035.05
151 126863.96
152 125159.98
153 125921.96
154 124989.99
155 125114.92
156 123544.93
157 123254.06
158 125010.01
159 124279.02
160 123968.84
161 124215.84
162 122350.93
163 123340.13
164 123881.10
165 125464.92
166 123966.93
167 123600.96
168 123741.87
169 123955.97
170 124737.98
171 124704.84
172 126240.02
173 124545.10
174 124771.12
175 125252.96
176 122931.00
177 123719.93
178 125504.02
179 123704.91
180 125775.10
181 125435.83
182 125961.07
183 124765.87
184 124028.92
185 124821.19
186 124017.00
187 124269.01
188 124011.99
189 124301.20
190 124428.03
191 126749.99
192 123364.93
193 125241.99
194 125917.20
195 124403.95
196 123618.13
197 123605.01
198 124436.86
199 123386.14
200 124277.11
201 124293.09
202 123529.91
203 125622.99
204 123791.93
205 122951.03
206 125525.00
207 123368.98
208 125309.94
209 124610.90
210 125296.83
211 124409.91
212 124294.04
213 125133.04
214 123408.08
215 124477.15
216 123466.97
217 124289.99
218 124298.10
219 124183.89
220 124014.14
221 124928.95
222 125257.97
223 124960.90
224 124233.96
225 123234.99
226 124088.05
227 124240.88
228 124392.99
229 124317.88
230 126441.00
231 125936.99
232 124346.02
233 125025.99
234 125159.98
235 124279.02
236 124628.07
237 124444.01
238 123795.99
239 122835.87
240 125240.80
241 124483.82
242 123656.99
243 123931.17
244 126235.01
245 125223.88
246 125335.93
247 123816.97
248 124629.97
249 125960.11
250 124525.07
251 124342.92
252 124455.93
253 123492.00
254 123541.12
255 125092.03
256 123480.08
257 126061.92
258 125422.95
259 124576.09
260 124632.12
261 125216.01
262 126055.00
263 126152.99
264 126075.98
265 124381.78
266 123925.92
267 124533.89
268 124428.03
269 124358.18
270 125289.92
271 125113.96
272 124462.13
273 124284.03
274 124279.02
275 123583.08
276 125056.03
277 124442.10
278 124977.83
279 125051.02
280 124264.96
281 124248.98
282 123497.96
283 123196.13
284 124956.85
285 125040.05
286 125649.93
287 125237.94
288 124349.12
289 123655.08
290 124526.02
291 124315.02
292 124623.06
293 125195.03
294 125150.92
295 124321.94
296 124524.12
297 123539.92
298 123946.91
299 123487.00
300 124442.10
301 125221.01
302 125339.98
303 124718.90
304 123334.88
305 124066.11
306 124722.96
307 126517.06
308 124027.97
309 125692.13
310 124035.84
311 123884.20
312 125580.07
313 123855.83
314 124933.96
315 123403.07
316 125943.90
317 125734.09
318 125057.94
319 123306.99
320 123476.98
321 124160.05
322 125670.91
323 125746.01
324 124225.85
325 124953.99
326 124001.03
327 123401.88
328 124907.97
329 124588.97
330 126186.85
331 124662.16
332 124479.06
333 124347.93
334 123747.11
335 123476.98
336 126164.91
337 124642.13
338 125195.03
339 125665.90
340 124793.05
341 124532.94
342 123039.01
343 123846.05
344 125390.05
345 125483.99
346 125174.05
347 124609.95
348 123936.89
349 124772.07
350 124907.97
351 124264.00
352 124234.91
353 125378.13
354 125665.90
355 123342.99
356 126750.95
357 124997.85
358 124364.14
359 123896.12
360 123383.05
361 123677.02
362 123534.92
363 123708.96
364 123224.02
365 124089.00
366 123327.02
367 123000.14
368 123647.93
369 123262.17
370 123464.82
371 123397.11
372 123698.95
373 124588.97
374 123632.91
375 123674.15
376 123453.14
377 123312.95
378 123938.08
379 124343.87
380 123810.05
381 123872.04
382 123855.83
383 123456.00
384 123553.99
385 122896.91
386 123582.12
387 122830.15
388 123831.03
389 123187.78
390 123600.96
391 124455.93
392 123478.89
393 124337.91
394 124150.99
395 123551.13
396 123898.98
397 123204.95
398 124217.03
399 124116.18
400 124325.99
401 122720.96
402 123795.03
403 123219.97
404 123003.01
405 123417.85
406 123680.11
407 124068.02
408 122955.08
409 122944.12
410 123677.97
411 123573.06
412 125530.00
413 124371.05
414 124672.17
415 123952.87
416 123867.99
417 125342.85
418 123996.02
419 123304.13
420 124316.93
421 124035.84
422 124359.13
423 123330.12
424 124696.97
425 124369.14
426 124336.96
427 124614.00
428 123560.91
429 124089.00
430 123721.12
431 125070.10
432 124256.13
433 124762.06
434 123898.98
435 123651.03
436 124170.06
437 123823.17
438 123500.82
439 124451.88
440 123752.83
441 124225.14
442 123468.88
443 123509.88
444 123542.07
445 123322.96
446 123316.05
447 122967.00
448 124590.87
449 124276.16
450 124051.09
451 123800.99
452 124407.05
453 124101.16
454 124501.94
455 123610.97
456 124114.99
457 124138.83
458 124003.89
459 124266.86
460 124603.03
461 124301.91
462 124255.90
463 123646.02
464 124690.06
465 124207.97
466 123532.06
467 124087.10
468 123373.99
469 123795.99
470 124207.02
471 123643.88
472 123941.90
473 124391.08
474 123796.94
475 123553.04
476 124041.08
477 124399.90
478 122873.07
479 123322.96
480 124062.06
481 123909.00
482 123993.16
483 124867.92
484 123674.87
485 123317.00
486 123756.17
487 124389.89
488 123885.87
489 123716.83
490 123672.01
491 124181.99
492 124447.11
493 123396.87
494 123154.16
495 124707.94
496 124277.11
497 123498.92
498 124462.13
499 124248.98
500 124186.99
501 123707.06
502 123518.94
503 123621.94
504 124526.02
505 123759.98
506 124207.97
507 124453.07
508 124409.91
509 124210.12
510 123492.96
511 125019.07
512 124296.19
513 123730.18
514 123346.81
515 123206.14
516 123265.03
517 123964.07
518 124549.87
519 123823.88
520 124686.96
521 124650.96
522 124258.04
523 124476.91
524 123880.15
525 123471.02
526 123893.98
527 124361.04
528 124129.06
529 123960.97
530 124116.90
531 124397.04
532 125070.10
533 124218.94
534 124132.16
535 124376.06
536 124222.99
537 123662.95
538 124224.19
539 123919.01
540 124441.86
541 124555.11
542 124228.95
543 123615.03
544 123581.17
545 124188.90
546 123986.01
547 124136.92
548 124586.11
549 124558.93
550 124558.21
551 124052.05
552 123935.94
553 124923.94
554 123604.06
555 123605.01
556 122792.01
557 123482.94
558 124320.03
559 123578.07
560 123641.97
561 123864.89
562 124063.97
563 123820.07
564 124504.09
565 123552.08
566 123625.04
567 123993.87
568 123721.84
569 124308.82
570 123811.01
571 124449.01
572 123404.03
573 123934.03
574 123405.93
575 123291.97
576 123852.97
577 123999.83
578 122780.80
579 123968.84
580 123785.97
581 123016.83
582 124757.05
583 123784.07
584 123345.85
585 123846.05
586 123404.03
587 123394.01
588 123717.07
589 124578.00
590 123584.03
591 123090.03
592 123362.06
593 124540.81
594 123600.96
595 124370.81
596 124094.96
597 123923.06
598 124202.97
599 123816.01
600 123382.09
601 124231.82
602 124187.95
603 123657.94
604 124027.01
605 123850.11
606 124264.00
607 124634.03
608 124006.03
609 124141.93
610 124495.98
611 124185.09
612 123901.13
613 124716.04
614 121104.00
615 122098.92
616 121969.22
617 121366.98
618 121267.08
619 121070.15
620 121052.03
621 120881.08
622 121140.00
623 121171.95
624 121473.07
625 120975.02
626 121067.05
627 121007.20
628 121322.87
629 121284.96
630 121165.04
631 121001.96
632 120830.06
633 121288.06
634 120720.86
635 121420.86
636 120960.00
637 121253.01
638 121021.99
639 121081.83
640 121247.05
641 120845.08
642 120949.98
643 121071.10
644 120974.06
645 120743.99
646 121099.00
647 120884.90
648 120749.95
649 120950.94
650 120861.05
651 121186.02
652 120975.02
653 121299.98
654 121006.97
655 121244.19
656 120792.15
657 121133.09
658 120802.88
659 121085.17
660 120751.14
661 121051.07
662 120884.90
663 121151.92
664 120939.97
665 120791.91
666 121095.18
667 121202.95
668 120942.12
669 120738.98
670 120885.13
671 121495.96
672 121078.97
673 121430.87
674 120759.01
675 120942.12
676 121120.93
677 121032.00
678 121054.89
679 121118.07
680 121145.01
681 121679.07
682 121027.95
683 121283.05
684 120713.00
685 121135.00
686 121040.11
687 120886.09
688 120690.82
689 121080.16
690 120929.00
691 120968.82
692 120821.00
693 121349.81
694 121026.04
695 121598.96
696 120790.96
697 120721.82
698 121472.12
699 121136.90
700 121050.12
701 121073.96
702 121163.13
703 120795.97
704 120799.06
705 120865.11
706 121682.88
707 120854.14
708 120806.93
709 121024.13
710 121185.06
711 121037.96
712 120865.11
713 120689.15
714 121207.95
715 121129.99
716 120893.96
717 120776.89
718 121021.99
719 120764.97
720 120753.05
721 120692.97
722 121280.91
723 121176.96
724 120963.10
725 120954.99
726 121163.13
727 120931.86
728 121368.89
729 121784.93
730 120908.98
731 120811.94
732 120985.98
733 120986.94
734 121081.11
735 120831.97
736 120877.03
737 121339.80
738 120821.95
739 120906.11
740 121021.03
741 121167.90
742 120717.05
743 121404.17
744 120989.80
745 120980.02
746 121047.02
747 121418.95
748 121382.95
749 120944.98
750 121079.92
751 120759.96
752 121040.11
753 120738.98
754 120741.84
755 120948.79
756 121115.92
757 120645.05
758 121103.05
759 121281.15
760 121060.13
761 121385.10
762 120819.81
763 121253.01
764 120665.07
765 120747.80
766 121099.95
767 120834.83
768 121305.94
769 121026.04
770 120831.01
771 120776.89
772 120921.13
773 121021.99
774 121025.80
775 121124.03
776 121405.12
777 120990.99
778 120688.92
779 120790.00
780 121059.18
781 120901.11
782 121085.88
783 120897.05
784 120986.22
785 120815.04
786 120690.11
787 121133.80
788 120990.04
789 121011.02
790 120770.93
791 120910.88
792 121029.14
793 120769.98
794 121064.90
795 120980.98
796 120870.83
797 120733.02
798 120771.88
799 120930.91
800 120819.09
801 121600.87
802 120948.79
803 120801.93
804 120963.81
805 120803.83
806 120849.13
807 120924.95
808 120613.10
809 120717.05
810 121001.96
811 121117.83
812 121023.89
813 121095.90
814 120835.07
815 120810.03
816 120893.00
817 121037.01
818 120869.16
819 121145.01
820 120759.01
821 121053.93
822 120875.12
823 121016.98
824 121253.97
825 120902.06
826 120749.95
827 120913.03
828 121345.04
829 120864.87
830 120877.03
831 121155.02
832 121106.15
833 120862.01
834 121225.12
835 121261.12
836 121052.98
837 121032.00
838 120854.85
839 121251.11
840 120887.99
841 120851.04
842 121514.08
843 120727.06
844 120911.12
845 120797.87
846 121084.93
847 120823.14
848 121159.08
849 120852.95
850 120913.98
851 121118.07
852 120999.10
853 120779.04
854 121119.98
855 121005.06
856 120688.92
857 120733.98
858 120918.04
859 121150.02
860 121093.99
861 120908.98
862 120929.96
863 120808.12
864 121144.06
865 120815.99
866 120790.96
867 120809.08
868 121737.96
869 121304.99
870 120906.11
871 120767.12
872 120931.15
873 121034.15
874 120906.11
875 121126.89
876 121081.83
877 120676.99
878 120933.06
879 121476.17
880 121225.83
881 120973.11
882 120921.13
883 120919.94
884 120733.02
885 120990.04
886 120899.92
887 120872.02
888 121036.05
889 121087.07
890 120940.92
891 120929.00
892 121064.90
893 121110.92
894 121196.99
895 120990.04
896 120791.20
897 120897.05
898 120932.10
899 121258.02
900 120774.98
901 121203.90
902 121287.11
903 121027.95
904 120918.99
905 121037.96
906 120730.16
907 120791.91
908 121019.12
909 120838.88
910 120923.04
911 121246.10
912 120965.96
913 121263.98
914 120878.93
915 121214.15
916 120880.84
917 120894.91
918 120851.04
919 120705.13
920 120826.01
921 120862.01
922 120766.88
923 121069.91
924 121044.16
925 120949.98
926 121271.85
927 120951.18
928 121031.05
929 121115.92
930 120843.89
931 120864.15
932 121433.02
933 120697.02
934 121219.87
935 120768.07
936 121522.90
937 121045.83
938 121402.98
939 120908.98
940 120893.00
941 120894.19
942 120908.02
943 121007.92
944 120904.92
945 121134.04
946 120984.08
947 120893.00
948 120715.86
949 121161.94
950 120872.02
951 121348.14
952 120696.07
953 121339.08
954 120860.10
955 120945.22
956 120896.10
957 121277.09
958 120725.87
959 120698.93
960 120985.98
961 120901.11
962 120882.03
963 120795.97
964 120717.05
965 120970.96
966 120872.02
967 121015.79
968 120733.02
969 120894.19
970 120766.88
971 120768.07
972 120845.08
973 120736.12
974 120787.86
975 120893.00
976 121109.01
977 120904.21
978 120635.03
979 120992.90
980 120916.84
981 120919.94
982 121231.08
983 121248.96
984 121154.07
985 121052.98
986 120973.11
987 121111.15
988 120941.88
989 120777.13
990 121001.01
991 120904.92
992 121080.88
993 121336.94
994 120819.81
995 120732.78
996 120956.18
997 120777.85
998 120695.11
999 121012.93
1000 120815.04
1001 120687.96
1002 120692.97
1003 120736.84
1004 120982.17
1005 121068.95
1006 120789.05
1007 120747.80
1008 120848.18
1009 121029.14
1010 121000.05
1011 120752.81
1012 121150.02
1013 120876.07
1014 120827.91
1015 120959.04
1016 121246.10
1017 120912.08
1018 121205.09
1019 121306.90
1020 120856.05
1021 121095.90
1022 120848.18
1023 120785.00
1024 120935.20
1025 121168.14
1026 120731.12
1027 120873.93
1028 121105.91
1029 121077.06
1030 121135.00
1031 120831.01
1032 120859.86
1033 120948.08
1034 120942.12
1035 120952.13
1036 120937.11
1037 120943.07
1038 120944.02
1039 120924.95
1040 120948.79
1041 120949.98
1042 120921.13
1043 120954.04
1044 120935.92
1045 120955.23
1046 120921.13
1047 120954.04
1048 120917.08
1049 120869.16
1050 120949.03
1051 120958.09
1052 120954.04
1053 120927.81
1054 120880.84
1055 120938.06
1056 120956.90
1057 120934.96
1058 120958.09
1059 120944.02
1060 120942.83
1061 120935.92
1062 120906.11
1063 120936.16
1064 120950.94
1065 120954.99
1066 120951.18
1067 120952.84
1068 120956.90
1069 120958.09
1070 120910.88
1071 120918.04
1072 120954.99
1073 120960.00
1074 120956.90
1075 120877.03
1076 120827.91
1077 120908.98
1078 120953.08
1079 120934.96
1080 120959.04
1081 120944.98
1082 120913.03
1083 120940.92
1084 120936.87
1085 120949.98
1086 120949.98
1087 120952.13
1088 120964.05
1089 120872.97
1090 120963.81
1091 120950.22
1092 120929.96
1093 120984.08
1094 120923.04
1095 120937.11
1096 120887.99
1097 120940.92
1098 120960.95
1099 120944.02
1100 120929.96
1101 120944.98
1102 120908.98
1103 120944.02
1104 120908.98
1105 120958.09
1106 120935.92
1107 120886.09
1108 120945.93
1109 120933.06
1110 120956.18
1111 120946.17
1112 120944.02
1113 120952.84
1114 120942.83
1115 120966.91
1116 120948.08
1117 120965.00
1118 120902.06
1119 120921.85
1120 120952.84
1121 120966.91
1122 120918.04
1123 120903.97
1124 120934.01
1125 120948.79
1126 120940.92
1127 120942.83
1128 120947.84
1129 120887.04
1130 120854.85
1131 120948.08
1132 120931.86
1133 120954.99
1134 120944.02
1135 120925.90
1136 120950.94
1137 120952.13
1138 120957.85
1139 120954.04
1140 120932.10
1141 120954.99
1142 120941.88
1143 120955.94
1144 120944.02
1145 120965.96
1146 120950.94
1147 120934.96
1148 120926.14
1149 120941.88
1150 120947.84
1151 120951.89
1152 120943.78
1153 120952.13
1154 120936.16
1155 120975.02
1156 120938.06
1157 120936.16
1158 120948.08
1159 120943.07
1160 120954.04
1161 120964.05
1162 120928.05
1163 120935.92
1164 120969.06
1165 120937.82
1166 120913.98
1167 120960.95
1168 120932.10
1169 120874.17
1170 120903.97
1171 120949.03
1172 120980.98
1173 120950.94
1174 120912.08
1175 120875.12
1176 120945.93
1177 120955.23
1178 120932.10
1179 120960.95
1180 120957.85
1181 120958.09
1182 120963.10
1183 120959.04
1184 120970.01
1185 120956.90
1186 120932.10
1187 120957.14
1188 120940.92
1189 120910.17
1190 120965.96
1191 120949.03
1192 120936.16
1193 120948.08
1194 120939.97
1195 121030.09
1196 120948.08
1197 120938.06
1198 120950.94
1199 120935.92
1200 120913.98
1201 120954.99
1202 120917.08
1203 120922.09
1204 120944.98
1205 120966.91
1206 120949.03
1207 120898.01
1208 120962.14
1209 120872.97
1210 120964.05
1211 120934.01
1212 120933.06
1213 120940.21
1214 120961.90
1215 120949.98
1216 120937.11
1217 120952.13
1218 120945.93
1219 120920.90
1220 120957.14
1221 120940.92
1222 120968.10
1223 120939.97
1224 120968.10
1225 120923.04
1226 120937.11
1227 120949.98
1228 120940.92
1229 120893.00
1230 120957.14
1231 120953.08
1232 120965.00
1233 120958.09
1234 120962.14
1235 120950.94
1236 120927.81
1237 120950.22
1238 120887.04
1239 120948.08
1240 120948.08
1241 120947.12
1242 120917.08
1243 120949.98
1244 120931.86
1245 120951.89
1246 120975.02
1247 120960.95
1248 120904.92
1249 120898.96
1250 120900.15
1251 120825.05
1252 120965.96
1253 120951.18
1254 120955.94
1255 120948.08
1256 120996.00
1257 120956.90
1258 120920.90
1259 120926.14
1260 120937.11
1261 120939.97
1262 120906.11
1263 120934.96
1264 120960.00
1265 120939.97
1266 120966.91
1267 120947.12
1268 120934.01
1269 120882.99
1270 120944.02
1271 120934.96
1272 120948.08
1273 120941.16
1274 120955.94
1275 120947.12
1276 120956.90
1277 120946.17
1278 120952.84
1279 120953.80
1280 120960.00
1281 120957.85
1282 120924.95
1283 120929.00
1284 120949.98
1285 120944.98
1286 120953.80
1287 120954.04
1288 120960.00
1289 120921.13
1290 120966.91
1291 120929.00
1292 120966.91
1293 120952.13
1294 120939.97
1295 120950.94
1296 120944.02
1297 120949.98
1298 121039.15
1299 120898.01
