1300
0 121235.85
1 121090.17
2 121040.82
3 121117.12
4 121123.08
5 121111.87
6 121135.00
7 121125.94
8 121134.04
9 121130.94
10 121127.84
11 121150.97
12 121124.03
13 121097.09
14 121147.87
15 121094.94
16 121099.00
17 121124.98
18 121115.92
19 121134.04
20 121125.94
21 121135.00
22 121091.13
23 121135.00
24 121123.08
25 121122.84
26 121119.98
27 121119.02
28 121124.03
29 121119.98
30 121134.04
31 121124.98
32 121121.17
33 121123.08
34 121117.12
35 121090.17
36 121119.02
37 121119.98
38 121128.08
39 121130.94
40 121130.94
41 121022.94
42 121108.06
43 121120.93
44 121122.12
45 121120.93
46 121119.02
47 121122.84
48 121009.11
49 121110.92
50 121097.09
51 121121.88
52 121109.96
53 121093.99
54 121106.15
55 121072.05
56 121107.82
57 121099.95
58 121098.04
59 121119.02
60 121116.88
61 121101.86
62 121102.09
63 121122.84
64 121045.83
65 121107.10
66 121099.95
67 121134.04
68 121119.98
69 121122.12
70 121116.88
71 121129.04
72 121117.12
73 121111.15
74 121111.87
75 121103.05
76 121108.06
77 121101.86
78 121116.88
79 121124.98
80 121117.12
81 121105.19
82 120975.02
83 120981.93
84 121129.04
85 121123.08
86 121121.88
87 121129.99
88 121120.21
89 121116.88
90 121113.06
91 121119.98
92 121108.77
93 121110.92
94 121035.10
95 121015.79
96 121033.91
97 121093.03
98 121135.95
99 121093.99
100 121119.98
101 121153.83
102 121582.98
103 121083.97
104 121166.94
105 120823.86
106 120965.96
107 120951.89
108 122136.12
109 121001.01
110 121639.97
111 121079.21
112 121401.79
113 120995.04
114 121901.04
115 121024.85
116 120975.02
117 121627.09
118 120999.10
119 121044.87
120 121419.91
121 121010.07
122 121179.10
123 121023.89
124 120956.90
125 122107.98
126 120945.22
127 121540.07
128 120887.04
129 120949.98
130 121629.95
131 121782.06
132 121688.84
133 120938.06
134 121147.16
135 121294.02
136 121840.95
137 121243.00
138 121033.91
139 121035.10
140 120986.94
141 121906.04
142 120925.90
143 121878.15
144 121636.87
145 121929.17
146 121065.14
147 121166.94
148 121256.11
149 121659.99
150 121045.11
151 121675.01
152 122329.00
153 121350.05
154 121240.14
155 120955.94
156 121608.97
157 121428.97
158 120952.13
159 121219.87
160 121761.08
161 121551.99
162 121494.05
163 121074.20
164 121358.87
165 121361.02
166 121073.01
167 121115.92
168 121596.10
169 121510.98
170 120980.98
171 122171.88
172 121639.01
173 121141.91
174 121881.01
175 121264.93
176 121082.07
177 121973.04
178 121225.12
179 121047.02
180 120992.90
181 121721.98
182 121810.91
183 121252.06
184 121599.91
185 121213.91
186 123173.95
187 121464.01
188 121737.96
189 121455.19
190 121616.13
191 121427.06
192 121418.00
193 122005.94
194 122541.19
195 121076.11
196 121118.78
197 121320.96
198 121501.92
199 121088.98
200 121167.90
201 121176.00
202 121356.01
203 120944.02
204 121592.04
205 121256.11
206 120892.05
207 121622.09
208 121042.97
209 121287.11
210 121885.06
211 121470.93
212 121963.98
213 121500.97
214 121093.03
215 122731.21
216 122261.05
217 121282.10
218 121206.05
219 121520.04
220 120992.90
221 121034.86
222 121654.99
223 121595.86
224 121994.02
225 120839.83
226 121706.01
227 120975.97
228 121520.04
229 122156.14
230 121093.99
231 120958.09
232 120851.99
233 121522.90
234 121317.86
235 121014.83
236 121030.81
237 121176.00
238 121840.00
239 121726.99
240 120992.90
241 121076.11
242 121052.03
243 121183.87
244 121291.16
245 122068.88
246 121685.98
247 121309.04
248 121002.91
249 121879.10
250 121495.01
251 121432.07
252 121201.04
253 122167.11
254 121902.94
255 121660.95
256 121661.90
257 122818.23
258 120892.05
259 122280.84
260 121021.03
261 121715.07
262 120904.92
263 121998.07
264 121356.01
265 121855.02
266 121915.10
267 121891.98
268 121340.99
269 120972.16
270 121937.99
271 121472.12
272 121520.04
273 122372.87
274 121188.16
275 122193.10
276 121664.05
277 121557.95
278 121500.97
279 121489.05
280 121002.91
281 121933.94
282 121265.89
283 121630.91
284 121157.17
285 121084.93
286 121634.01
287 121790.89
288 121382.00
289 122065.07
290 121389.87
291 121033.19
292 122416.97
293 120999.10
294 121264.93
295 121326.92
296 121047.02
297 121065.14
298 122207.88
299 121489.05
300 121582.98
301 121917.01
302 121614.93
303 121294.02
304 121650.93
305 120984.79
306 121706.01
307 121626.14
308 121488.09
309 121428.01
310 121565.10
311 121385.81
312 121326.92
313 121361.02
314 120949.03
315 122839.93
316 121196.99
317 121003.15
318 122014.05
319 120942.12
320 121666.91
321 121702.91
322 121716.98
323 120874.88
324 121387.00
325 121402.98
326 122074.13
327 121006.97
328 121164.08
329 121252.06
330 121193.89
331 121443.99
332 122051.95
333 121938.94
334 121821.88
335 120924.00
336 121749.88
337 120919.23
338 121495.96
339 121235.85
340 120983.12
341 121171.00
342 121254.92
343 121330.02
344 121698.86
345 122367.14
346 121495.01
347 121395.11
348 121083.97
349 121306.90
350 121987.10
351 121119.98
352 121613.98
353 120887.99
354 120888.95
355 122286.80
356 120908.02
357 121071.10
358 121411.09
359 120896.10
360 121605.16
361 120805.98
362 121396.78
363 120949.98
364 120917.08
365 120728.02
366 120917.80
367 120968.82
368 121088.98
369 120960.00
370 121000.77
371 120965.00
372 121106.86
373 121011.02
374 120803.83
375 120850.09
376 121395.11
377 120985.98
378 120973.11
379 121002.91
380 121158.84
381 120972.87
382 120990.99
383 121073.01
384 121096.85
385 121058.23
386 121065.86
387 120744.94
388 121052.03
389 120990.99
390 121035.10
391 120972.16
392 121372.22
393 120955.94
394 121124.98
395 121379.85
396 120871.07
397 120850.09
398 121224.16
399 120842.93
400 120979.07
401 120903.02
402 121085.88
403 120863.91
404 120973.83
405 121252.06
406 121090.89
407 120807.89
408 120903.02
409 121052.03
410 120957.14
411 120921.13
412 121016.98
413 121005.06
414 121022.94
415 120982.89
416 121016.98
417 121169.09
418 121188.16
419 121020.08
420 121144.06
421 121243.95
422 121016.98
423 121215.11
424 121415.14
425 121135.00
426 121117.83
427 121334.79
428 120991.95
429 120878.93
430 121502.16
431 121115.92
432 121387.96
433 121065.86
434 121049.88
435 121079.92
436 120812.89
437 121153.12
438 120990.04
439 121062.04
440 121207.00
441 120934.96
442 121328.12
443 121038.91
444 120965.00
445 120963.81
446 121148.82
447 121228.93
448 121097.09
449 120971.92
450 121086.12
451 120792.87
452 121137.14
453 121148.82
454 121493.10
455 121557.95
456 121648.07
457 121196.03
458 121000.05
459 121727.94
460 121074.91
461 121273.99
462 121096.13
463 121343.85
464 120932.10
465 121016.98
466 120961.90
467 121676.92
468 121258.02
469 120841.03
470 121207.95
471 121225.12
472 121344.09
473 120841.98
474 121031.05
475 121006.97
476 121450.90
477 120987.18
478 121231.08
479 121255.87
480 121028.90
481 121691.94
482 120837.21
483 121013.88
484 121086.12
485 120882.03
486 121776.82
487 121316.91
488 121674.06
489 121425.15
490 120889.90
491 120785.00
492 121157.88
493 121304.04
494 121351.00
495 121129.04
496 120800.97
497 120816.95
498 121567.96
499 121264.93
500 121781.11
501 121530.06
502 121666.91
503 121174.81
504 121189.12
505 121467.83
506 121237.04
507 121187.93
508 121515.99
509 121412.99
510 121005.06
511 120887.99
512 120939.02
513 121896.03
514 121662.86
515 121348.14
516 121688.84
517 121602.06
518 121402.98
519 121811.87
520 121260.17
521 121675.01
522 121557.95
523 121376.04
524 121587.99
525 121431.11
526 121119.98
527 121403.93
528 121468.78
529 121501.92
530 121271.85
531 121197.94
532 121454.95
533 121189.12
534 121191.98
535 121551.99
536 121396.78
537 121069.19
538 121447.09
539 121429.92
540 121600.87
541 121482.85
542 121437.07
543 121559.86
544 121279.00
545 121212.96
546 121423.96
547 121709.11
548 121189.83
549 121352.20
550 121057.99
551 121385.10
552 120899.92
553 121129.04
554 121908.19
555 121238.95
556 121472.84
557 121303.08
558 121125.94
559 121734.14
560 121724.84
561 120909.93
562 120713.00
563 121356.96
564 121745.11
565 121130.94
566 121186.97
567 121395.11
568 121501.92
569 121577.98
570 121675.97
571 121253.97
572 121175.05
573 121152.88
574 121578.93
575 121397.97
576 120877.98
577 121828.79
578 121108.06
579 121171.00
580 121512.17
581 121671.92
582 120914.94
583 121472.12
584 120764.02
585 120785.00
586 121261.84
587 121609.93
588 121394.16
589 121164.08
590 121418.95
591 121236.09
592 121483.09
593 121546.98
594 121248.96
595 121613.98
596 121216.06
597 121459.01
598 121410.85
599 121561.05
600 121240.14
601 121302.84
602 121024.85
603 121225.12
604 121665.00
605 121130.94
606 121543.88
607 121073.01
608 121115.92
609 120749.00
610 121768.00
611 121374.13
612 121282.10
613 121631.15
614 121330.02
615 121379.85
616 121474.03
617 121386.05
618 121505.98
619 121322.87
620 121551.04
621 120997.91
622 121293.07
623 121447.09
624 121216.06
625 121457.82
626 121716.98
627 121200.08
628 121486.19
629 121150.02
630 121054.89
631 121176.96
632 121335.98
633 121903.90
634 121299.03
635 120920.90
636 121448.99
637 120653.15
638 121515.99
639 121438.98
640 121018.17
641 121330.98
642 121093.03
643 121422.05
644 121562.00
645 121153.12
646 121351.00
647 121635.91
648 121945.14
649 121671.92
650 121352.91
651 121353.86
652 121360.06
653 121723.18
654 121464.97
655 121057.99
656 121268.99
657 121157.88
658 121356.01
659 121045.11
660 121589.90
661 121375.80
662 121739.86
663 121458.77
664 121331.93
665 121181.01
666 121611.83
667 121303.08
668 121302.84
669 120810.99
670 121042.97
671 121400.12
672 121719.84
673 121462.11
674 121563.91
675 121232.99
676 121468.07
677 121125.94
678 121933.94
679 121158.12
680 121392.01
681 121352.91
682 121477.84
683 121293.78
684 121180.06
685 121086.12
686 121620.18
687 120713.95
688 121285.20
689 121496.92
690 121128.08
691 121325.02
692 121586.08
693 121589.90
694 121212.01
695 121381.04
696 121378.90
697 121337.18
698 121498.11
699 121022.94
700 120826.96
701 121060.13
702 121371.03
703 121475.93
704 121410.13
705 121577.98
706 121211.05
707 121567.96
708 121788.98
709 121110.92
710 121144.06
711 121477.13
712 121522.90
713 121826.17
714 121351.00
715 121739.15
716 121406.08
717 121156.22
718 120893.00
719 121236.09
720 120943.07
721 121647.12
722 120982.89
723 121576.07
724 121109.96
725 121545.08
726 121172.90
727 121476.89
728 121129.04
729 121303.08
730 121579.89
731 121851.21
732 120760.92
733 120898.01
734 121446.85
735 121411.09
736 121397.97
737 120899.92
738 121240.14
739 121623.04
740 121078.01
741 121608.02
742 120822.91
743 121303.08
744 121671.92
745 121499.06
746 121479.03
747 121348.14
748 121112.11
749 121027.95
750 121021.99
751 121185.06
752 121500.97
753 121421.10
754 121601.10
755 121351.00
756 121139.05
757 121120.93
758 121273.99
759 121155.98
760 121759.89
761 121712.92
762 121532.92
763 121498.82
764 121220.11
765 122066.97
766 121453.05
767 121769.91
768 121057.03
769 121407.99
770 121231.08
771 121355.06
772 121212.96
773 120813.13
774 121222.97
775 120927.10
776 121680.97
777 120800.02
778 121335.98
779 121173.14
780 121339.08
781 121946.81
782 120929.96
783 121320.96
784 121591.09
785 121535.06
786 121140.96
787 121181.96
788 121226.07
789 121010.78
790 121721.03
791 121077.06
792 121725.08
793 121434.93
794 121591.09
795 121280.19
796 121331.93
797 121366.02
798 121918.92
799 121697.90
800 121529.82
801 121506.93
802 121217.97
803 120880.13
804 121338.13
805 121474.03
806 121567.96
807 121010.07
808 121330.98
809 121249.91
810 120894.91
811 121299.03
812 121033.19
813 122251.99
814 121413.95
815 121317.15
816 121070.86
817 121310.00
818 121739.86
819 121376.04
820 121001.01
821 121494.05
822 121124.98
823 121246.81
824 121714.83
825 121080.88
826 121381.04
827 122411.01
828 121362.92
829 121205.09
830 121114.02
831 121234.18
832 121687.89
833 121023.89
834 121551.04
835 121534.11
836 121692.90
837 121042.01
838 121393.20
839 121407.03
840 121346.24
841 120867.97
842 120965.00
843 121001.96
844 120907.07
845 121686.94
846 121020.08
847 121479.99
848 120703.94
849 121152.16
850 121145.96
851 121279.00
852 121477.84
853 121538.88
854 121337.18
855 121441.84
856 121423.96
857 121372.94
858 121181.96
859 121642.11
860 121323.82
861 121063.95
862 121262.79
863 121362.92
864 121446.13
865 121202.95
866 121057.03
867 121176.96
868 121696.00
869 121284.01
870 121025.80
871 121284.96
872 121135.00
873 121690.99
874 121529.82
875 120895.86
876 121546.98
877 121040.11
878 121373.89
879 120916.13
880 121047.97
881 122186.90
882 121417.05
883 121474.03
884 121253.01
885 121235.13
886 120982.17
887 121455.19
888 121357.20
889 121319.77
890 121322.87
891 121268.03
892 121202.95
893 121307.85
894 121276.86
895 121102.09
896 121340.04
897 121556.04
898 121163.85
899 121392.01
900 120945.93
901 121305.94
902 120953.08
903 121426.11
904 121098.04
905 121683.12
906 121175.05
907 121435.17
908 121576.07
909 120994.81
910 121349.10
911 121411.80
912 121449.95
913 121361.02
914 121247.05
915 121006.01
916 121111.15
917 121316.19
918 121231.08
919 121203.90
920 121582.98
921 121675.97
922 121601.10
923 121576.07
924 121419.91
925 121284.01
926 121164.08
927 121244.91
928 121320.01
929 121538.88
930 121032.00
931 121277.09
932 121239.90
933 121330.02
934 121124.03
935 121472.12
936 121217.97
937 121253.01
938 121116.88
939 121126.89
940 121433.97
941 121286.87
942 120956.90
943 121049.88
944 121294.02
945 121587.99
946 121423.01
947 120970.01
948 121402.03
949 121065.86
950 121024.13
951 121229.17
952 121268.99
953 121236.09
954 121470.21
955 120969.06
956 120821.95
957 121711.97
958 121326.92
959 121793.99
960 121240.14
961 121568.20
962 121212.01
963 121011.02
964 121116.88
965 121227.98
966 121859.07
967 120850.09
968 121288.06
969 121046.07
970 121465.92
971 120992.90
972 121316.91
973 121210.81
974 121456.86
975 121361.02
976 121574.16
977 121845.96
978 121695.04
979 121311.90
980 121008.16
981 121263.98
982 121166.94
983 121186.02
984 121335.03
985 121052.98
986 121258.02
987 121155.02
988 121439.93
989 121353.86
990 121425.15
991 121160.98
992 121155.02
993 121455.19
994 121864.08
995 121193.89
996 121873.14
997 121359.11
998 121375.08
999 121187.93
1000 121536.97
1001 121407.03
1002 120900.87
1003 120847.94
1004 121129.04
1005 121449.95
1006 120729.92
1007 121242.05
1008 120917.08
1009 121304.04
1010 120847.94
1011 121623.04
1012 121304.04
1013 121454.95
1014 121297.12
1015 121587.99
1016 121014.83
1017 121026.04
1018 120881.08
1019 121633.05
1020 121629.00
1021 121465.92
1022 121300.94
1023 121448.99
1024 121572.97
1025 121088.98
1026 121215.11
1027 121411.09
1028 121171.00
1029 120978.12
1030 121222.97
1031 120853.90
1032 121389.87
1033 121366.02
1034 121468.07
1035 121223.93
1036 121312.86
1037 121289.97
1038 121441.84
1039 121299.03
1040 120982.89
1041 120985.98
1042 121402.03
1043 121434.93
1044 121522.90
1045 121137.14
1046 121750.12
1047 121079.92
1048 121399.16
1049 121084.93
1050 121343.14
1051 121109.96
1052 121462.82
1053 121299.98
1054 121229.89
1055 121498.11
1056 120910.17
1057 121240.14
1058 121180.06
1059 121261.84
1060 121510.98
1061 121339.08
1062 121350.05
1063 121186.02
1064 121341.94
1065 120948.79
1066 121234.18
1067 121119.98
1068 120960.95
1069 120954.99
1070 121361.97
1071 121104.96
1072 121244.91
1073 120936.16
1074 120769.98
1075 121344.09
1076 121672.87
1077 120779.04
1078 120899.92
1079 120867.01
1080 121526.00
1081 121478.08
1082 121701.96
1083 121247.05
1084 121306.18
1085 121691.94
1086 121661.90
1087 121037.96
1088 121448.99
1089 121235.85
1090 121815.92
1091 121099.95
1092 121495.96
1093 121167.18
1094 121221.07
1095 121032.00
1096 121075.15
1097 121404.17
1098 121339.08
1099 120854.85
1100 120792.15
1101 121032.95
1102 121271.85
1103 120847.94
1104 121033.91
1105 120973.83
1106 121426.11
1107 121448.99
1108 121078.01
1109 121595.14
1110 121191.02
1111 121311.19
1112 121272.09
1113 121286.15
1114 120921.13
1115 121295.21
1116 121045.83
1117 121218.92
1118 120997.91
1119 121054.89
1120 120788.10
1121 121229.17
1122 120867.97
1123 121004.10
1124 120954.04
1125 121078.97
1126 121234.89
1127 120808.84
1128 121366.02
1129 121966.84
1130 120889.90
1131 121220.11
1132 121066.09
1133 121048.93
1134 121193.89
1135 121095.90
1136 121308.09
1137 121325.97
1138 120838.88
1139 121372.94
1140 121182.92
1141 120839.83
1142 121095.90
1143 120836.02
1144 121014.83
1145 120806.93
1146 120771.17
1147 120975.02
1148 120893.00
1149 120854.85
1150 120996.00
1151 120843.17
1152 121089.94
1153 120970.96
1154 121079.92
1155 120909.93
1156 120846.03
1157 121446.13
1158 120893.96
1159 121049.17
1160 121325.97
1161 121012.93
1162 121061.09
1163 120887.04
1164 120934.96
1165 121045.11
1166 121268.99
1167 120791.20
1168 120792.87
1169 121096.85
1170 120974.06
1171 120929.00
1172 121246.10
1173 121030.09
1174 120984.08
1175 120967.86
1176 121328.83
1177 120862.96
1178 120970.96
1179 121022.94
1180 120750.19
1181 121024.13
1182 121032.00
1183 120967.15
1184 120870.11
1185 120987.89
1186 121229.89
1187 121061.09
1188 120949.98
1189 120985.03
1190 121093.99
1191 121114.97
1192 120999.81
1193 120813.13
1194 121035.10
1195 121395.11
1196 120942.12
1197 120913.03
1198 121433.97
1199 120990.99
1200 120853.90
1201 121006.97
1202 121040.11
1203 120824.10
1204 120978.12
1205 121027.95
1206 120982.89
1207 120944.98
1208 120954.99
1209 121073.96
1210 121056.08
1211 121018.17
1212 121037.96
1213 121035.10
1214 121044.87
1215 121062.99
1216 121005.06
1217 121015.07
1218 121039.15
1219 121038.20
1220 121060.13
1221 121057.03
1222 121020.08
1223 120981.93
1224 121013.16
1225 121057.03
1226 121061.80
1227 121011.02
1228 121006.97
1229 121052.03
1230 121046.07
1231 121034.15
1232 121061.09
1233 121071.10
1234 121021.99
1235 121016.03
1236 121045.83
1237 121047.02
1238 121068.95
1239 121057.03
1240 121032.00
1241 121008.87
1242 121068.95
1243 120979.79
1244 121003.15
1245 121083.97
1246 121052.98
1247 121016.03
1248 120975.97
1249 121038.91
1250 121047.97
1251 121049.88
1252 121032.00
1253 121013.88
1254 121058.94
1255 121036.05
1256 121070.15
1257 121062.04
1258 121016.03
1259 121048.93
1260 121048.93
1261 121057.99
1262 121058.94
1263 120984.08
1264 121001.96
1265 121066.09
1266 121067.05
1267 120987.18
1268 121010.07
1269 121060.85
1270 121046.07
1271 121007.92
1272 121060.85
1273 121037.96
1274 121071.10
1275 121054.17
1276 121013.16
1277 121001.96
1278 121036.77
1279 121086.12
1280 121062.04
1281 121046.07
1282 121037.01
1283 120970.01
1284 121059.89
1285 121042.01
1286 121083.97
1287 121069.19
1288 120857.00
1289 121009.11
1290 121056.08
1291 121000.05
1292 121052.98
1293 121056.08
1294 121050.12
1295 121002.91
1296 121038.91
1297 121059.89
1298 121065.14
1299 121042.01
