1300
0 121176.00
1 121075.87
2 121051.07
3 121087.07
4 121057.99
5 121069.19
6 121046.07
7 121033.19
8 121052.98
9 121042.01
10 121062.04
11 120976.92
12 121062.04
13 121050.12
14 120975.97
15 121051.07
16 121067.05
17 121037.01
18 121042.97
19 121062.04
20 121052.03
21 121059.18
22 121051.07
23 121057.99
24 121050.12
25 121108.06
26 120984.08
27 121021.03
28 121037.96
29 121042.01
30 121053.93
31 120995.04
32 121047.02
33 120994.09
34 121043.92
35 120958.09
36 121053.93
37 121031.05
38 121050.83
39 121040.82
40 121052.03
41 121046.07
42 121042.01
43 121054.89
44 121029.14
45 121063.95
46 121037.01
47 121054.17
48 121020.08
49 121059.89
50 121039.87
51 120990.04
52 121039.87
53 121050.12
54 120943.78
55 121053.93
56 121059.89
57 121055.84
58 121058.94
59 121049.17
60 121053.93
61 121057.03
62 121059.18
63 121063.95
64 121077.06
65 121062.04
66 121062.04
67 121032.95
68 121029.14
69 121038.91
70 121080.88
71 120983.12
72 121042.97
73 121011.97
74 121045.11
75 120918.04
76 121046.07
77 121034.86
78 121048.21
79 121041.06
80 121053.93
81 121078.97
82 121053.93
83 121006.97
84 121057.99
85 121054.89
86 121056.08
87 121052.98
88 121059.18
89 121051.07
90 121061.09
91 120990.99
92 121061.09
93 120981.93
94 120954.04
95 120919.94
96 120893.00
97 120913.03
98 121036.77
99 121032.00
100 120990.04
101 121101.86
102 121238.95
103 122718.81
104 121024.85
105 121053.93
106 120863.91
107 121664.05
108 120779.99
109 120937.82
110 120944.02
111 121113.06
112 121674.06
113 121337.18
114 121587.99
115 121244.19
116 121325.97
117 120896.82
118 121128.08
119 120897.05
120 121123.08
121 121026.99
122 120806.93
123 120939.02
124 122097.97
125 121530.06
126 121448.99
127 121032.00
128 120774.98
129 120846.99
130 121806.86
131 120743.99
132 120948.79
133 121026.04
134 121021.99
135 121234.89
136 121576.07
137 121376.99
138 121027.95
139 121259.93
140 120852.95
141 121074.20
142 121131.90
143 121193.17
144 121263.98
145 120971.92
146 121495.96
147 121351.00
148 120959.04
149 120980.98
150 120954.99
151 121130.94
152 121237.99
153 121060.13
154 121752.02
155 120853.90
156 121508.12
157 121244.19
158 121250.15
159 121018.89
160 121973.99
161 121065.14
162 121541.02
163 121047.97
164 121884.11
165 120965.00
166 121500.97
167 122100.83
168 121531.96
169 121011.97
170 120837.93
171 120990.99
172 120857.00
173 121077.06
174 121660.95
175 120907.07
176 121326.92
177 121984.00
178 121154.07
179 120907.07
180 120898.96
181 120833.87
182 121624.95
183 121418.95
184 120959.04
185 121378.90
186 121072.05
187 120776.89
188 121195.08
189 121288.06
190 121761.08
191 120802.16
192 120893.00
193 121465.21
194 121343.14
195 121308.09
196 121497.15
197 120908.98
198 121935.84
199 120946.88
200 120898.96
201 121054.89
202 121181.96
203 121623.04
204 121501.92
205 120953.08
206 121098.04
207 121093.03
208 120866.06
209 120916.84
210 120944.02
211 120983.84
212 121098.04
213 121571.06
214 120873.93
215 121700.05
216 121649.03
217 121087.07
218 121513.13
219 122143.03
220 122086.05
221 121167.90
222 121254.92
223 122019.05
224 121019.12
225 121862.89
226 121969.94
227 121199.13
228 121396.06
229 121084.21
230 121263.03
231 121552.94
232 121430.87
233 121280.91
234 120804.79
235 122401.00
236 122024.06
237 122003.08
238 122089.86
239 121317.86
240 120965.96
241 120947.12
242 120866.06
243 121032.00
244 122349.98
245 121468.07
246 121582.03
247 121160.03
248 121659.99
249 121152.88
250 121268.03
251 121926.07
252 122195.01
253 121032.95
254 121632.10
255 121620.18
256 121480.94
257 120949.98
258 121290.92
259 121312.14
260 121751.07
261 121015.07
262 121580.12
263 122058.15
264 121829.99
265 121976.85
266 120988.13
267 120914.94
268 121724.84
269 121340.99
270 121764.90
271 121515.04
272 121491.91
273 120919.94
274 121235.13
275 121263.98
276 121060.13
277 122976.06
278 121458.05
279 120998.86
280 120910.88
281 120932.82
282 121284.01
283 121148.11
284 121866.94
285 122104.88
286 121189.83
287 121057.99
288 121406.08
289 121823.07
290 122011.90
291 121780.87
292 121927.98
293 121741.06
294 121624.95
295 121855.02
296 120836.02
297 120893.96
298 121299.03
299 120807.89
300 121474.98
301 120927.81
302 120891.09
303 121357.92
304 121182.92
305 121066.09
306 121203.90
307 121192.93
308 121875.05
309 121132.85
310 121192.22
311 122115.85
312 122046.95
313 121521.00
314 121412.04
315 121346.00
316 121056.08
317 121135.00
318 121088.03
319 121004.10
320 120940.92
321 120883.94
322 120974.06
323 121926.07
324 121697.90
325 121604.20
326 120664.12
327 121181.01
328 121139.05
329 121368.89
330 121245.15
331 121302.84
332 121845.01
333 121119.98
334 121740.82
335 121777.06
336 120968.82
337 120913.03
338 121116.16
339 121670.96
340 120715.14
341 120651.96
342 121637.82
343 120807.17
344 120890.86
345 121564.87
346 121701.00
347 120949.03
348 121976.85
349 121011.97
350 121482.13
351 122503.04
352 120798.83
353 121484.99
354 121600.87
355 121289.01
356 121332.88
357 121046.78
358 121510.98
359 121201.04
360 121222.97
361 121077.06
362 120993.85
363 120918.04
364 120999.10
365 120831.01
366 121165.99
367 121018.89
368 120918.04
369 120973.11
370 121135.00
371 120831.97
372 120871.07
373 120762.83
374 120870.11
375 121006.97
376 120790.00
377 121018.89
378 121143.10
379 120968.82
380 120951.89
381 120903.97
382 120839.12
383 121100.90
384 120932.10
385 120912.08
386 120908.02
387 120801.93
388 121001.96
389 120850.80
390 121000.05
391 120730.88
392 121097.09
393 121245.86
394 121446.13
395 120655.78
396 120875.12
397 121130.94
398 121304.04
399 120801.93
400 121009.83
401 120780.94
402 121222.97
403 120945.93
404 120934.01
405 120947.12
406 120970.01
407 120846.03
408 121033.19
409 120876.79
410 121011.97
411 120929.96
412 121065.86
413 121093.99
414 120898.96
415 120933.06
416 120877.98
417 120946.88
418 121273.04
419 121298.79
420 121195.08
421 121469.02
422 120883.94
423 121208.91
424 121080.16
425 121198.18
426 120866.06
427 121076.82
428 120708.94
429 120922.80
430 121030.09
431 121064.19
432 121204.85
433 121430.16
434 121296.17
435 120855.09
436 121342.90
437 120894.91
438 120975.02
439 120813.85
440 120839.12
441 120657.21
442 121094.94
443 120788.10
444 121094.94
445 120835.07
446 120872.97
447 121207.00
448 121498.11
449 120929.96
450 121091.13
451 120783.09
452 121227.03
453 121109.01
454 121244.91
455 121049.88
456 120895.86
457 120751.14
458 121392.97
459 121438.98
460 121003.87
461 121402.98
462 121916.06
463 121161.94
464 121103.05
465 121099.00
466 120777.13
467 120918.04
468 121334.08
469 121281.15
470 120846.99
471 120801.93
472 120964.05
473 121037.96
474 121330.98
475 121217.01
476 121042.97
477 121369.84
478 121160.03
479 121137.86
480 120823.86
481 120882.99
482 121357.20
483 121317.86
484 121098.04
485 120743.99
486 121553.90
487 120862.96
488 121716.98
489 120910.88
490 121068.00
491 121090.89
492 121287.82
493 121557.00
494 121140.96
495 121127.84
496 121441.13
497 121228.93
498 121327.16
499 120986.94
500 121309.04
501 120779.04
502 121170.04
503 121454.00
504 121325.97
505 121302.13
506 121612.07
507 121101.86
508 120707.99
509 121080.88
510 121213.91
511 121366.98
512 120948.08
513 121527.19
514 121011.02
515 121076.82
516 121176.96
517 121310.95
518 121872.90
519 121382.00
520 120821.95
521 121285.92
522 121150.02
523 121199.13
524 121238.95
525 121031.05
526 121348.14
527 121068.00
528 121346.00
529 121026.99
530 121692.90
531 121154.07
532 121304.99
533 121118.07
534 121186.02
535 121439.93
536 121650.22
537 121284.01
538 120699.88
539 121290.92
540 121847.15
541 120882.99
542 122442.01
543 121263.03
544 121650.93
545 121709.11
546 121129.04
547 121849.06
548 120835.07
549 121277.09
550 121006.97
551 121887.92
552 121160.98
553 120951.89
554 121253.01
555 121114.97
556 121551.99
557 121623.99
558 120978.12
559 121484.04
560 121346.95
561 121317.15
562 121249.91
563 121139.05
564 121493.10
565 121257.07
566 120993.14
567 121153.83
568 121396.06
569 120968.10
570 121291.88
571 121155.02
572 121169.09
573 121505.98
574 121135.00
575 121011.02
576 121487.14
577 121356.96
578 121169.09
579 121063.95
580 120864.15
581 121386.05
582 120918.04
583 121870.04
584 121176.00
585 121701.00
586 121368.89
587 121084.93
588 121703.15
589 121032.00
590 121342.18
591 121450.19
592 121119.98
593 121094.94
594 121174.10
595 121062.99
596 121184.11
597 121207.95
598 120913.03
599 121046.07
600 121528.15
601 120924.95
602 121150.02
603 120914.94
604 121231.79
605 121001.96
606 120829.11
607 121347.19
608 121774.91
609 120980.02
610 120981.93
611 120934.96
612 120864.87
613 121259.93
614 121423.96
615 121076.11
616 121593.95
617 121033.91
618 121308.09
619 121278.05
620 121508.12
621 120981.93
622 121068.00
623 121227.98
624 121315.96
625 121154.07
626 121043.92
627 120996.95
628 121142.15
629 121227.98
630 121276.14
631 121536.97
632 121078.01
633 121225.83
634 121379.85
635 121313.10
636 121407.99
637 121042.01
638 121235.13
639 121298.79
640 121027.95
641 121191.02
642 121381.04
643 121168.85
644 121242.05
645 121253.97
646 120911.12
647 121315.96
648 121253.01
649 121429.92
650 121372.22
651 121303.08
652 121441.84
653 121537.92
654 121346.00
655 120882.99
656 121537.92
657 120943.07
658 121094.94
659 121127.13
660 121907.95
661 121001.96
662 120720.86
663 121110.92
664 121369.12
665 121346.95
666 121236.09
667 121069.91
668 121618.99
669 121448.99
670 121083.02
671 121521.00
672 121273.04
673 121232.99
674 121637.11
675 121255.16
676 121318.10
677 121084.93
678 121152.88
679 121284.96
680 121615.17
681 121528.15
682 121901.99
683 120903.97
684 121864.80
685 120938.06
686 121591.09
687 121281.15
688 122069.84
689 121129.04
690 121618.99
691 121133.09
692 121639.97
693 121195.08
694 121423.96
695 121222.02
696 121298.07
697 121258.97
698 121301.17
699 121073.01
700 121749.16
701 121322.15
702 121619.94
703 121451.85
704 121387.96
705 120874.17
706 121222.02
707 121274.95
708 121242.05
709 121063.95
710 121072.05
711 121119.02
712 121312.86
713 121760.85
714 121428.97
715 121289.01
716 121699.09
717 121354.10
718 121118.07
719 120772.12
720 121325.97
721 121675.01
722 121468.07
723 121262.07
724 121238.95
725 121260.88
726 121118.07
727 121187.93
728 120859.86
729 121317.15
730 121186.02
731 121644.02
732 121135.00
733 121557.00
734 121296.88
735 121184.83
736 121027.95
737 121735.10
738 121254.92
739 121365.79
740 121102.81
741 121490.96
742 121471.88
743 121346.00
744 121427.06
745 121248.01
746 121327.88
747 121353.86
748 121158.12
749 121536.02
750 121551.04
751 121559.86
752 120954.99
753 121127.84
754 121081.11
755 121577.02
756 120805.98
757 121775.15
758 120689.87
759 120934.01
760 120910.88
761 121380.09
762 121209.14
763 120721.82
764 121226.07
765 121300.94
766 121407.03
767 121167.90
768 121247.05
769 121583.94
770 121176.96
771 121060.13
772 121220.83
773 121379.85
774 121273.04
775 121498.11
776 120893.96
777 121756.08
778 121086.12
779 121830.94
780 121603.01
781 121541.02
782 121515.99
783 121729.85
784 121365.07
785 121457.10
786 121387.96
787 121656.18
788 121699.81
789 121243.00
790 121487.86
791 121289.97
792 121667.86
793 120968.10
794 121217.97
795 121323.11
796 121434.21
797 120836.97
798 121260.88
799 120984.08
800 120959.04
801 121588.95
802 120923.04
803 121490.00
804 121449.95
805 121369.84
806 121109.96
807 121275.90
808 121664.05
809 121423.96
810 121454.00
811 121099.23
812 121351.00
813 121388.91
814 121819.02
815 120954.99
816 121567.01
817 120764.97
818 121207.95
819 120949.03
820 121117.12
821 121315.00
822 121232.99
823 121246.10
824 121367.93
825 121328.83
826 121289.01
827 121510.03
828 120979.07
829 121650.93
830 121422.05
831 121668.10
832 120987.18
833 121871.95
834 121450.90
835 120949.03
836 121449.95
837 121310.00
838 120870.11
839 122077.94
840 121144.06
841 120985.98
842 121123.08
843 121159.08
844 121201.99
845 121530.77
846 121337.89
847 121381.04
848 121162.89
849 121364.12
850 120887.99
851 121159.08
852 121667.86
853 121551.04
854 121335.03
855 121127.84
856 121163.13
857 121728.18
858 121336.94
859 121265.89
860 121177.91
861 120913.03
862 120990.99
863 121127.13
864 121455.19
865 120985.03
866 120932.10
867 121316.19
868 121254.92
869 120746.85
870 121054.89
871 121354.82
872 120857.00
873 120960.95
874 121263.03
875 121455.91
876 121447.09
877 121139.05
878 121091.84
879 121146.92
880 121019.12
881 121567.01
882 120837.93
883 120888.95
884 121447.09
885 121005.06
886 121266.13
887 121387.96
888 120859.86
889 121345.04
890 120802.88
891 121133.09
892 121180.06
893 121642.11
894 120836.02
895 121496.20
896 121307.85
897 121510.98
898 121184.11
899 121413.95
900 121305.94
901 121020.08
902 121155.98
903 121169.09
904 121587.04
905 121273.04
906 121095.90
907 121453.05
908 121289.01
909 120692.01
910 121337.89
911 121599.20
912 120959.04
913 120901.11
914 121294.02
915 121118.07
916 121313.10
917 121349.10
918 121438.03
919 120891.09
920 121373.18
921 120992.90
922 120939.02
923 121276.14
924 121795.18
925 121348.86
926 121119.02
927 121504.07
928 121674.06
929 121254.92
930 121084.93
931 121318.10
932 121514.08
933 121121.88
934 121454.95
935 121284.01
936 120979.07
937 121483.09
938 121050.12
939 121017.93
940 121391.06
941 121469.02
942 121556.04
943 121081.11
944 121291.88
945 120898.01
946 120862.01
947 121225.83
948 121187.93
949 121259.93
950 121381.04
951 121308.09
952 120866.06
953 120962.14
954 121085.88
955 121124.98
956 121270.90
957 121409.89
958 121407.99
959 120893.00
960 121208.91
961 121411.09
962 121697.90
963 121009.11
964 121239.90
965 121695.04
966 121792.08
967 121459.01
968 121583.94
969 121883.87
970 120820.05
971 121416.09
972 121243.95
973 121138.81
974 121307.13
975 121281.15
976 120887.04
977 120891.09
978 121484.99
979 121415.14
980 121833.09
981 121000.05
982 120908.02
983 121125.22
984 121670.01
985 121337.89
986 121289.01
987 121105.19
988 121413.23
989 121124.03
990 121680.02
991 121090.89
992 121625.19
993 121112.11
994 121208.91
995 121327.16
996 121096.85
997 121689.80
998 121233.94
999 121319.06
1000 121568.92
1001 121220.11
1002 121371.03
1003 121420.86
1004 121336.94
1005 121399.88
1006 121459.01
1007 121929.88
1008 121288.06
1009 121521.95
1010 121398.93
1011 121431.11
1012 120934.96
1013 121544.12
1014 121606.83
1015 120944.02
1016 121690.03
1017 121193.17
1018 121335.98
1019 121376.04
1020 121496.92
1021 121421.10
1022 121602.06
1023 121275.19
1024 121384.14
1025 121011.97
1026 121675.97
1027 121217.97
1028 121099.00
1029 120961.90
1030 121345.04
1031 121106.86
1032 121205.81
1033 121510.98
1034 121216.06
1035 120990.04
1036 121683.12
1037 121196.03
1038 121442.08
1039 121338.13
1040 121633.05
1041 121271.13
1042 121201.99
1043 120989.08
1044 121483.09
1045 121659.99
1046 121068.00
1047 121026.04
1048 121225.12
1049 121059.89
1050 121610.88
1051 121091.13
1052 121488.09
1053 121160.98
1054 121459.96
1055 121337.89
1056 121105.91
1057 121077.06
1058 121401.79
1059 121338.13
1060 121063.95
1061 121328.12
1062 121017.22
1063 120908.98
1064 121087.07
1065 121248.96
1066 121494.77
1067 121418.00
1068 121243.00
1069 121366.02
1070 121066.09
1071 120972.87
1072 121225.12
1073 121266.84
1074 121500.02
1075 121119.02
1076 121024.85
1077 121129.99
1078 120826.96
1079 121163.85
1080 121140.00
1081 120844.13
1082 121364.12
1083 120960.00
1084 121207.95
1085 121177.91
1086 121874.09
1087 121248.01
1088 120998.14
1089 120689.15
1090 120862.96
1091 120932.10
1092 121000.77
1093 121177.91
1094 121263.03
1095 120713.00
1096 120954.99
1097 121304.99
1098 121299.03
1099 121189.12
1100 121716.98
1101 121142.15
1102 121423.01
1103 121313.10
1104 120945.93
1105 121243.00
1106 121132.85
1107 121603.01
1108 121157.17
1109 121160.03
1110 121001.96
1111 120748.04
1112 121083.02
1113 121515.04
1114 121299.98
1115 121125.94
1116 121222.02
1117 120789.05
1118 120723.96
1119 121099.95
1120 121099.00
1121 120887.99
1122 120934.96
1123 120721.10
1124 121100.19
1125 120963.10
1126 121072.05
1127 120881.08
1128 120976.92
1129 121039.87
1130 120774.03
1131 120882.03
1132 121133.09
1133 121079.92
1134 121433.02
1135 121090.89
1136 121167.18
1137 121004.10
1138 121079.92
1139 120797.16
1140 120931.86
1141 120918.99
1142 121269.94
1143 120668.89
1144 121119.02
1145 120914.94
1146 120795.01
1147 121181.96
1148 121087.07
1149 121268.99
1150 121218.92
1151 120802.88
1152 121171.00
1153 121186.02
1154 120842.93
1155 120810.03
1156 120822.91
1157 120949.98
1158 120745.90
1159 120923.04
1160 121224.88
1161 120779.04
1162 120776.89
1163 121131.90
1164 120937.82
1165 121237.99
1166 121130.94
1167 120837.93
1168 120867.97
1169 120968.10
1170 120956.18
1171 121407.03
1172 120913.98
1173 121007.92
1174 120786.91
1175 120859.15
1176 120747.09
1177 120996.00
1178 120783.09
1179 120800.97
1180 120819.09
1181 120882.99
1182 120851.99
1183 120924.95
1184 121044.87
1185 121092.80
1186 120959.04
1187 120794.06
1188 120949.03
1189 121637.11
1190 120929.00
1191 120904.92
1192 120998.86
1193 120934.96
1194 120952.84
1195 121021.99
1196 120927.10
1197 120837.93
1198 120759.96
1199 121472.12
1200 121313.10
1201 121009.11
1202 120887.04
1203 120908.02
1204 120736.84
1205 120806.93
1206 121635.91
1207 120711.09
1208 120946.17
1209 121351.96
1210 120919.94
1211 120854.85
1212 120963.10
1213 121015.07
1214 121027.95
1215 120985.03
1216 120991.95
1217 120969.06
1218 120957.14
1219 120955.94
1220 120928.05
1221 120984.08
1222 120997.19
1223 120930.91
1224 120971.92
1225 120988.85
1226 120958.81
1227 120970.01
1228 120990.99
1229 120956.90
1230 120945.93
1231 121003.87
1232 120998.14
1233 120984.08
1234 120969.06
1235 120975.02
1236 120911.12
1237 121000.05
1238 120980.98
1239 120986.22
1240 120942.83
1241 120968.10
1242 121016.98
1243 120934.01
1244 120998.14
1245 120963.10
1246 120976.21
1247 120990.99
1248 120961.90
1249 120971.92
1250 121021.99
1251 120998.14
1252 120987.89
1253 120986.94
1254 120972.16
1255 120974.06
1256 121000.05
1257 121035.10
1258 120965.96
1259 121032.95
1260 120927.10
1261 120983.84
1262 120991.95
1263 120944.02
1264 120980.02
1265 120968.10
1266 120916.84
1267 120959.04
1268 120996.95
1269 120985.98
1270 120970.96
1271 120975.02
1272 120939.02
1273 120970.01
1274 121008.16
1275 120956.18
1276 120978.12
1277 120988.85
1278 120960.00
1279 120976.92
1280 120938.06
1281 121040.82
1282 120943.07
1283 120955.94
1284 121000.77
1285 120957.14
1286 120988.13
1287 121013.88
1288 120975.02
1289 120978.12
1290 121001.01
1291 120965.96
1292 120985.03
1293 120994.09
1294 121010.07
1295 120971.92
1296 120978.12
1297 120974.06
1298 120935.92
1299 120766.88
