1300
0 121153.12
1 121011.97
2 120977.88
3 120977.16
4 121013.88
5 121009.11
6 121017.22
7 121016.98
8 121013.16
9 121029.85
10 120996.95
11 121014.12
12 121032.00
13 121011.97
14 121002.91
15 120985.98
16 120924.95
17 120994.09
18 120967.15
19 120975.97
20 120840.07
21 121026.04
22 121001.96
23 121007.92
24 121013.88
25 121027.95
26 121016.98
27 121015.79
28 120997.91
29 120982.17
30 121011.97
31 121009.11
32 120971.20
33 121016.03
34 121016.98
35 120992.18
36 120993.85
37 121001.96
38 121047.97
39 120966.91
40 120929.00
41 121021.03
42 121016.03
43 121007.92
44 121008.87
45 121005.06
46 121011.97
47 121025.09
48 121016.03
49 121026.99
50 120995.04
51 121001.01
52 120978.12
53 121014.83
54 121011.97
55 121005.06
56 120995.04
57 121018.89
58 121016.98
59 121021.99
60 121016.98
61 121078.97
62 120996.00
63 120989.08
64 121047.02
65 121008.16
66 121009.83
67 120995.04
68 121000.05
69 120993.14
70 121001.01
71 121004.10
72 121010.07
73 121001.01
74 120990.04
75 121011.02
76 121008.87
77 121031.05
78 120990.04
79 120997.91
80 120995.04
81 120953.08
82 121019.12
83 121004.10
84 121021.99
85 121025.80
86 121010.07
87 120994.09
88 121005.06
89 121006.97
90 121032.00
91 121013.16
92 120969.06
93 121012.93
94 120908.02
95 120846.03
96 120805.98
97 120811.94
98 120964.05
99 121073.01
100 120846.99
101 120976.92
102 120928.05
103 121322.15
104 121474.98
105 120905.88
106 121203.90
107 120808.12
108 120836.02
109 121572.97
110 122406.01
111 121335.03
112 121099.00
113 120919.94
114 120890.14
115 120800.02
116 120778.80
117 121372.94
118 120874.88
119 120745.90
120 121608.97
121 120724.92
122 121526.96
123 120882.03
124 121622.80
125 120750.90
126 121340.99
127 121617.08
128 121252.78
129 122294.90
130 120918.04
131 121077.06
132 121165.99
133 121758.94
134 120847.94
135 121556.04
136 121176.96
137 121169.09
138 121049.88
139 121174.10
140 121212.01
141 120887.99
142 121608.97
143 120804.07
144 121700.05
145 120849.85
146 120803.83
147 120821.00
148 121145.01
149 120868.92
150 121450.90
151 122149.23
152 121167.90
153 121160.03
154 121400.12
155 120746.85
156 120794.06
157 121061.09
158 120775.94
159 121459.96
160 121219.16
161 121158.84
162 120770.93
163 120846.99
164 122092.96
165 120821.00
166 121440.17
167 120967.86
168 121690.99
169 121481.90
170 121130.94
171 121951.82
172 120742.08
173 121300.94
174 121594.91
175 120976.92
176 120967.15
177 120990.99
178 121060.85
179 122493.03
180 120815.99
181 121252.06
182 120906.83
183 121498.11
184 122228.86
185 121361.02
186 121103.05
187 120813.85
188 120711.09
189 121486.19
190 121189.12
191 121711.02
192 120801.93
193 120656.97
194 120749.95
195 121180.06
196 120862.96
197 120787.14
198 120862.01
199 120909.93
200 121228.93
201 121217.01
202 121198.89
203 121609.93
204 120742.08
205 121573.93
206 121915.10
207 120821.95
208 121853.11
209 121623.04
210 120909.93
211 121576.07
212 121505.02
213 121163.13
214 121185.78
215 121090.17
216 121526.00
217 121642.11
218 122099.88
219 120892.05
220 121481.18
221 121783.02
222 121083.97
223 121801.14
224 121186.02
225 121000.05
226 120980.02
227 121305.94
228 120858.91
229 121123.08
230 121483.09
231 121917.96
232 120981.93
233 120860.10
234 121663.09
235 121524.10
236 121282.10
237 122200.97
238 120930.91
239 121087.07
240 120944.98
241 120664.83
242 121179.82
243 122007.85
244 120938.06
245 121938.94
246 121079.92
247 121107.82
248 121459.01
249 120970.01
250 121110.92
251 121073.96
252 121851.92
253 121281.86
254 122009.99
255 121009.11
256 121219.16
257 121564.87
258 120800.02
259 121386.05
260 121153.83
261 120738.98
262 121391.06
263 121412.99
264 121637.82
265 122128.01
266 121695.04
267 120841.03
268 121363.88
269 121329.78
270 121383.91
271 121150.97
272 121545.08
273 120778.08
274 121813.06
275 121076.11
276 121032.95
277 121969.94
278 120759.96
279 121587.99
280 120935.20
281 120838.88
282 121299.03
283 121502.88
284 121129.99
285 121323.11
286 120737.08
287 121387.00
288 120851.99
289 120866.06
290 120911.84
291 120837.93
292 121679.07
293 121104.00
294 121559.14
295 120962.14
296 121325.97
297 120977.88
298 120857.95
299 120717.05
300 120839.83
301 120988.85
302 121531.01
303 121542.93
304 121680.97
305 121084.93
306 120964.05
307 120802.88
308 120752.81
309 121749.88
310 122254.85
311 121010.07
312 121752.02
313 120889.90
314 120802.88
315 120794.06
316 120986.94
317 121156.93
318 120776.89
319 121328.83
320 121344.80
321 121443.03
322 121893.88
323 121081.11
324 120834.11
325 120761.16
326 121641.16
327 121243.00
328 120868.92
329 121407.03
330 122015.00
331 121133.09
332 121253.01
333 121582.98
334 120668.17
335 122456.07
336 121261.84
337 121285.20
338 121014.12
339 120989.08
340 120857.00
341 121387.00
342 121889.11
343 122199.06
344 120851.04
345 121021.99
346 121074.91
347 121186.02
348 121846.20
349 121546.98
350 121583.22
351 121016.03
352 122212.89
353 120846.03
354 121021.03
355 121747.97
356 120899.20
357 121404.89
358 120978.83
359 120877.03
360 121082.07
361 120992.90
362 121578.93
363 120743.04
364 120987.18
365 120790.96
366 121037.96
367 120925.19
368 121651.89
369 120908.02
370 121155.98
371 120841.03
372 121304.99
373 120889.90
374 120954.04
375 121456.86
376 121034.15
377 121111.15
378 120873.93
379 120774.03
380 121223.21
381 121371.03
382 120736.84
383 120805.03
384 121268.99
385 120978.83
386 121228.93
387 121366.02
388 120834.11
389 120941.16
390 121229.89
391 121117.83
392 120872.02
393 120802.16
394 120793.10
395 120890.86
396 120972.87
397 120943.07
398 121032.95
399 121117.12
400 120774.98
401 121024.85
402 121050.83
403 120738.98
404 120824.10
405 121145.96
406 120786.91
407 120887.99
408 121411.09
409 120939.02
410 120858.91
411 121022.94
412 120809.08
413 120890.14
414 120804.07
415 121192.93
416 121004.10
417 120959.04
418 121394.87
419 120940.92
420 121005.06
421 120845.08
422 120770.93
423 120918.99
424 121478.08
425 121095.90
426 121108.06
427 120775.94
428 121083.02
429 120929.96
430 120724.92
431 120829.11
432 120870.11
433 121004.10
434 121397.97
435 121010.07
436 121026.04
437 121211.05
438 120946.88
439 120907.07
440 120833.16
441 120858.19
442 121269.94
443 120762.83
444 121336.94
445 121197.94
446 120822.91
447 121054.89
448 121076.82
449 121134.04
450 120903.02
451 121040.82
452 120846.99
453 120963.81
454 120924.95
455 120898.01
456 120934.01
457 121290.92
458 120996.00
459 121288.06
460 120744.94
461 121207.95
462 121155.02
463 121485.95
464 120850.09
465 120852.95
466 121140.96
467 120683.91
468 121315.00
469 120718.96
470 121017.93
471 121100.90
472 120933.06
473 121236.09
474 121469.97
475 121382.95
476 121361.02
477 121484.04
478 121808.05
479 121330.02
480 121299.98
481 121258.97
482 121207.00
483 121351.00
484 121275.90
485 121454.95
486 120588.78
487 120752.81
488 121351.00
489 121465.92
490 120687.96
491 121080.16
492 121315.00
493 121360.06
494 121323.82
495 120831.01
496 121382.00
497 121247.05
498 121207.00
499 120914.94
500 121272.09
501 121303.08
502 121104.96
503 121055.84
504 121345.04
505 121547.94
506 120871.07
507 120970.01
508 121387.96
509 121274.95
510 121435.88
511 121529.10
512 121630.91
513 121512.89
514 120829.11
515 121114.97
516 121082.07
517 121215.11
518 120996.95
519 121737.00
520 121616.84
521 121483.80
522 121291.88
523 121346.95
524 121145.01
525 121447.80
526 121075.15
527 121161.94
528 121495.96
529 121080.88
530 121302.13
531 121131.90
532 120676.99
533 121982.10
534 121181.96
535 121395.11
536 121070.86
537 121346.00
538 121087.07
539 121459.96
540 121570.83
541 121241.09
542 121456.15
543 121554.14
544 121367.93
545 121369.12
546 121665.00
547 121869.09
548 120969.06
549 121234.18
550 121220.11
551 121088.03
552 121366.02
553 121754.88
554 120827.91
555 121108.06
556 121204.14
557 121227.98
558 121227.98
559 121032.95
560 121109.96
561 121224.88
562 120769.02
563 121110.92
564 121121.88
565 121786.83
566 121425.87
567 120975.97
568 120809.08
569 121144.06
570 121026.99
571 121248.01
572 121095.18
573 121487.14
574 121529.10
575 121021.99
576 121105.91
577 121647.12
578 121036.05
579 121247.77
580 120814.80
581 121122.12
582 121136.90
583 121814.97
584 121219.16
585 121131.90
586 121443.03
587 121168.85
588 121546.98
589 121376.99
590 121643.07
591 121310.00
592 121243.00
593 121572.97
594 121499.06
595 121221.07
596 121425.87
597 121342.18
598 121191.98
599 120861.05
600 121586.80
601 121564.87
602 121917.96
603 121152.88
604 121248.01
605 120918.99
606 121390.10
607 121381.04
608 121452.81
609 120952.13
610 121390.10
611 121490.00
612 121346.00
613 121152.88
614 121269.94
615 120847.94
616 120893.96
617 121110.20
618 121533.16
619 121838.09
620 121054.17
621 121433.02
622 120970.96
623 121490.00
624 120980.02
625 121732.95
626 121157.88
627 121383.91
628 121912.96
629 121067.05
630 121330.98
631 121053.93
632 120882.03
633 121398.93
634 121335.03
635 121099.00
636 121292.11
637 121267.08
638 121565.82
639 121285.92
640 121101.86
641 121976.14
642 121152.88
643 121749.16
644 121661.90
645 121233.94
646 121027.95
647 121095.90
648 121675.01
649 121234.89
650 121385.10
651 121088.98
652 121114.97
653 121099.00
654 121150.97
655 121370.08
656 121083.02
657 121001.01
658 121600.87
659 121824.03
660 121567.96
661 121562.00
662 121608.02
663 121069.19
664 121332.88
665 121011.97
666 120935.92
667 121520.04
668 121181.01
669 121366.98
670 121083.02
671 121546.03
672 121258.97
673 121067.05
674 120762.11
675 121181.01
676 121976.85
677 120925.90
678 121726.04
679 121295.93
680 121918.92
681 120808.12
682 121220.83
683 121198.89
684 120805.03
685 121021.03
686 120893.00
687 121135.00
688 121106.15
689 120959.04
690 121243.95
691 121243.95
692 121386.05
693 121302.13
694 121201.99
695 121373.18
696 121799.95
697 121243.00
698 121233.94
699 121213.91
700 121510.03
701 121567.96
702 121562.96
703 121323.11
704 121021.03
705 121153.12
706 121234.89
707 121150.02
708 121112.11
709 121243.00
710 121339.08
711 121195.79
712 121239.19
713 121760.85
714 121752.02
715 121578.93
716 121984.96
717 120674.85
718 120945.93
719 121486.90
720 121176.96
721 121163.85
722 120941.88
723 121447.09
724 121263.03
725 120885.13
726 121681.93
727 121318.82
728 121178.15
729 121244.91
730 121361.97
731 121154.07
732 121332.88
733 121445.89
734 121232.03
735 121474.03
736 121258.97
737 121531.01
738 120940.92
739 121318.10
740 121348.86
741 121439.93
742 121309.04
743 121472.12
744 121132.85
745 121181.01
746 121377.94
747 121675.97
748 120965.00
749 121336.94
750 120852.95
751 120900.15
752 121094.94
753 120990.04
754 121577.98
755 121603.01
756 121233.94
757 122082.00
758 121310.00
759 121369.84
760 121287.11
761 121014.12
762 121370.08
763 121243.95
764 121590.14
765 121075.15
766 121646.88
767 121217.97
768 121531.01
769 120966.20
770 121222.97
771 121500.02
772 121227.98
773 121753.93
774 121068.95
775 122038.13
776 121267.80
777 121690.99
778 120891.09
779 121340.04
780 121287.11
781 121088.98
782 121051.07
783 121325.02
784 121402.03
785 121550.08
786 121705.06
787 121425.87
788 121149.06
789 121278.05
790 120830.06
791 121358.16
792 121140.96
793 121120.93
794 121366.98
795 121061.09
796 121503.11
797 121092.08
798 121502.88
799 121276.14
800 121409.89
801 121201.99
802 121521.95
803 121007.92
804 121278.05
805 121315.00
806 121397.97
807 121700.05
808 120966.91
809 121420.15
810 121636.87
811 121761.08
812 121590.85
813 121423.96
814 121457.82
815 121141.91
816 121694.09
817 121464.97
818 121468.07
819 121332.88
820 120791.20
821 121106.15
822 121618.03
823 121201.99
824 121459.01
825 121086.12
826 121234.89
827 121406.08
828 121435.88
829 121391.06
830 121366.02
831 121611.83
832 121336.94
833 121579.17
834 120945.93
835 121389.15
836 121403.93
837 121211.05
838 121163.13
839 121320.96
840 121630.91
841 121792.08
842 121265.89
843 121858.84
844 121489.05
845 120988.85
846 121421.10
847 121603.97
848 121614.93
849 120855.09
850 121177.91
851 121054.89
852 121191.98
853 121406.08
854 121365.79
855 121037.96
856 121325.02
857 121356.96
858 121499.06
859 121484.04
860 121171.95
861 120887.04
862 121563.91
863 121308.09
864 120716.81
865 121073.01
866 121506.93
867 121247.05
868 121491.19
869 121913.19
870 121137.86
871 121103.05
872 121545.08
873 121175.05
874 121551.04
875 121536.02
876 121364.12
877 121268.99
878 121334.08
879 121213.20
880 121639.01
881 121307.13
882 121217.01
883 120944.98
884 121157.88
885 121643.07
886 121161.94
887 121654.99
888 121366.98
889 120996.00
890 121373.89
891 120887.99
892 121117.12
893 121268.99
894 121503.83
895 121781.83
896 121083.97
897 121787.07
898 121666.91
899 120996.00
900 120962.14
901 121428.01
902 121374.85
903 121468.07
904 121273.99
905 121406.08
906 121729.14
907 121030.09
908 120795.97
909 121126.89
910 121754.17
911 121010.07
912 121298.79
913 120934.01
914 121495.01
915 121391.06
916 121085.17
917 121224.88
918 121515.04
919 121060.13
920 121550.08
921 121604.20
922 121233.94
923 121854.07
924 121468.78
925 121509.08
926 121532.92
927 121199.85
928 121506.93
929 121541.98
930 121462.11
931 121570.11
932 121107.10
933 121299.98
934 121436.12
935 121272.09
936 121158.84
937 121455.91
938 121233.94
939 121182.92
940 121205.09
941 121430.87
942 120832.92
943 122076.99
944 121546.03
945 121488.09
946 121124.03
947 121079.92
948 121001.01
949 121359.11
950 121482.13
951 121494.05
952 121853.83
953 121046.07
954 121726.99
955 121752.02
956 121521.95
957 121213.91
958 121597.05
959 120831.01
960 121446.13
961 120987.89
962 121541.98
963 120835.78
964 121272.09
965 121816.87
966 120952.84
967 121593.95
968 121402.03
969 120909.93
970 121434.93
971 121346.95
972 121387.00
973 121283.05
974 121158.84
975 121946.10
976 121320.01
977 121217.01
978 121805.91
979 120999.10
980 121603.97
981 121356.96
982 121159.08
983 121840.95
984 121243.00
985 121227.98
986 121184.11
987 121658.09
988 121263.98
989 121332.88
990 121369.84
991 121554.85
992 121760.13
993 121316.91
994 120953.80
995 121062.99
996 121579.89
997 121506.93
998 120855.81
999 121793.03
1000 120943.07
1001 121442.08
1002 121563.91
1003 120759.01
1004 120776.89
1005 120993.85
1006 121375.08
1007 121685.03
1008 121217.01
1009 121728.90
1010 121005.06
1011 120883.94
1012 121434.93
1013 121205.09
1014 121428.97
1015 121426.11
1016 120974.06
1017 121397.02
1018 121232.03
1019 121392.01
1020 121284.01
1021 121428.97
1022 121141.91
1023 121129.99
1024 121314.05
1025 121820.93
1026 120881.08
1027 120839.83
1028 121136.90
1029 121087.07
1030 120806.22
1031 121060.85
1032 121742.96
1033 121562.00
1034 120867.97
1035 121074.91
1036 121273.04
1037 121345.04
1038 121236.09
1039 120783.81
1040 121479.99
1041 121385.10
1042 121315.00
1043 120812.89
1044 121108.06
1045 121122.12
1046 121305.94
1047 121278.05
1048 120886.09
1049 121234.89
1050 120862.01
1051 120870.11
1052 120892.05
1053 121087.07
1054 121454.95
1055 121541.02
1056 121050.12
1057 120877.98
1058 121243.95
1059 121243.95
1060 121172.90
1061 121436.83
1062 121182.92
1063 121659.04
1064 120894.19
1065 121495.96
1066 121447.09
1067 120913.03
1068 121109.96
1069 121104.96
1070 121454.95
1071 121136.90
1072 121455.91
1073 121487.14
1074 120741.84
1075 121555.09
1076 121668.10
1077 121333.84
1078 121426.11
1079 121517.18
1080 121438.98
1081 121727.94
1082 121289.01
1083 121428.97
1084 121263.98
1085 121371.98
1086 121135.00
1087 121742.96
1088 121686.94
1089 121284.96
1090 121340.99
1091 121133.09
1092 121736.05
1093 120749.00
1094 121388.20
1095 121026.99
1096 121062.04
1097 120898.01
1098 121475.22
1099 121379.85
1100 121222.97
1101 120750.90
1102 121119.02
1103 121042.97
1104 120902.06
1105 120803.83
1106 120974.06
1107 121563.91
1108 121241.09
1109 120885.13
1110 121036.05
1111 120844.13
1112 120812.89
1113 120924.00
1114 121641.16
1115 121401.07
1116 121676.92
1117 121076.11
1118 120842.93
1119 120996.95
1120 121496.92
1121 121176.96
1122 121172.19
1123 121021.03
1124 121133.80
1125 121566.06
1126 120933.06
1127 121217.97
1128 121407.99
1129 121065.14
1130 121320.01
1131 121035.10
1132 121257.07
1133 121439.93
1134 120767.83
1135 120902.06
1136 120881.08
1137 120866.06
1138 121006.01
1139 121524.10
1140 121117.83
1141 121209.86
1142 120942.12
1143 120752.10
1144 121255.16
1145 121368.17
1146 120905.88
1147 120882.03
1148 120802.88
1149 121086.12
1150 121257.07
1151 121349.10
1152 121467.83
1153 120935.20
1154 121203.90
1155 120959.04
1156 121157.17
1157 120895.15
1158 121346.00
1159 121014.12
1160 120892.05
1161 120980.02
1162 120830.06
1163 120884.90
1164 121201.99
1165 120840.07
1166 121323.82
1167 120948.79
1168 120880.84
1169 120946.88
1170 121014.83
1171 120823.14
1172 121024.85
1173 120901.11
1174 120830.06
1175 120954.04
1176 121030.81
1177 121084.93
1178 121119.02
1179 121121.88
1180 121127.13
1181 121133.09
1182 121135.95
1183 121141.20
1184 121091.84
1185 121128.08
1186 121134.04
1187 121150.97
1188 121109.01
1189 121111.87
1190 121129.04
1191 121134.04
1192 121055.13
1193 121144.06
1194 121111.15
1195 121129.04
1196 121129.04
1197 121145.96
1198 121144.77
1199 121119.02
1200 121126.89
1201 121068.00
1202 121130.94
1203 121136.19
1204 121131.90
1205 121117.12
1206 121119.98
1207 121135.95
1208 121135.95
1209 121137.86
1210 121094.94
1211 121110.92
1212 121083.97
1213 121136.19
1214 121129.99
1215 121137.14
1216 121114.02
1217 121118.78
1218 121134.04
1219 121133.09
1220 121145.01
1221 121111.87
1222 121160.03
1223 121130.94
1224 121052.98
1225 121131.90
1226 121140.96
1227 121119.02
1228 121122.12
1229 121135.95
1230 121134.04
1231 121151.92
1232 121078.01
1233 121116.88
1234 121128.08
1235 121126.17
1236 121144.06
1237 121137.14
1238 121126.17
1239 121116.88
1240 121052.98
1241 121126.89
1242 121064.90
1243 121138.10
1244 121142.15
1245 121111.87
1246 121119.98
1247 121136.19
1248 121135.00
1249 121118.07
1250 121087.07
1251 121083.02
1252 121036.05
1253 121135.00
1254 121137.14
1255 121127.13
1256 121134.04
1257 121115.92
1258 121145.96
1259 121134.04
1260 121127.84
1261 121134.04
1262 121155.02
1263 121043.92
1264 121068.00
1265 121102.09
1266 121141.91
1267 121148.82
1268 121119.02
1269 121115.21
1270 121120.93
1271 121126.89
1272 121067.05
1273 121126.89
1274 121113.06
1275 121147.16
1276 121170.04
1277 121135.95
1278 121137.14
1279 121155.02
1280 121119.98
1281 121103.05
1282 121022.94
1283 121128.80
1284 121146.92
1285 121144.06
1286 121128.08
1287 121123.08
1288 121138.10
1289 121127.84
1290 121130.94
1291 121144.06
1292 121115.92
1293 121119.02
1294 121139.05
1295 121129.04
1296 121133.09
1297 121151.92
1298 121129.04
1299 121119.98
