1300
0 121258.02
1 121142.15
2 121095.90
3 121080.88
4 121120.93
5 121111.15
6 121127.13
7 121135.00
8 121100.90
9 121065.86
10 121131.90
11 121123.08
12 121135.00
13 121124.98
14 121141.20
15 121128.08
16 121077.06
17 121156.93
18 121119.02
19 121084.93
20 121124.98
21 121109.01
22 121129.99
23 121110.92
24 121135.00
25 121106.15
26 121140.96
27 121115.92
28 121114.97
29 121119.98
30 121134.04
31 121124.98
32 121134.04
33 121109.01
34 121202.95
35 121122.12
36 121072.05
37 121107.10
38 121130.94
39 121119.98
40 121115.92
41 121018.89
42 121136.90
43 121135.00
44 121139.05
45 121135.00
46 121138.10
47 121118.07
48 121073.01
49 121122.84
50 121143.10
51 121140.96
52 121086.84
53 121064.90
54 121139.05
55 121136.90
56 121119.02
57 121111.87
58 121129.99
59 121142.86
60 121128.08
61 121057.99
62 121131.90
63 121093.99
64 121140.00
65 121114.97
66 121109.01
67 121127.13
68 121089.94
69 121129.99
70 121113.06
71 121129.99
72 121135.95
73 121134.04
74 121109.96
75 121140.00
76 121058.94
77 121112.11
78 121135.95
79 121142.15
80 121140.96
81 121140.96
82 121067.05
83 121124.98
84 121134.04
85 121113.06
86 121136.90
87 121106.15
88 121089.94
89 121112.11
90 121136.90
91 121121.88
92 121144.06
93 121124.98
94 120932.10
95 121047.97
96 120987.89
97 120954.04
98 120954.99
99 121072.05
100 121140.96
101 121026.04
102 121160.03
103 121154.07
104 121621.13
105 121095.18
106 121726.99
107 121052.03
108 120975.97
109 120965.00
110 121217.97
111 121155.98
112 121188.16
113 120915.89
114 120882.03
115 121554.14
116 121465.92
117 121117.12
118 120843.89
119 120851.99
120 121738.91
121 120872.97
122 120928.05
123 120980.98
124 121462.82
125 121238.95
126 121197.94
127 122110.84
128 122025.01
129 120968.10
130 121309.04
131 121728.90
132 122133.97
133 121568.92
134 120959.04
135 121781.83
136 121399.88
137 122196.91
138 121402.98
139 120997.91
140 121196.99
141 121583.94
142 120877.98
143 121300.94
144 121174.10
145 122064.11
146 122057.91
147 122391.94
148 121932.03
149 120831.97
150 120939.97
151 121155.98
152 121397.97
153 121327.88
154 121243.95
155 121150.97
156 120789.05
157 121018.89
158 120894.91
159 121665.00
160 120890.14
161 121264.93
162 120901.11
163 121379.14
164 121536.97
165 120972.16
166 121797.08
167 121073.01
168 120980.98
169 121134.04
170 121197.94
171 121025.09
172 120924.00
173 121688.84
174 121433.02
175 120853.19
176 121532.92
177 121469.97
178 120990.04
179 121892.21
180 121147.87
181 121584.18
182 120893.96
183 121353.86
184 121148.82
185 121291.88
186 120990.04
187 121704.82
188 120939.97
189 121910.10
190 120986.94
191 122051.95
192 121610.88
193 122424.84
194 121706.96
195 121062.99
196 121809.96
197 121022.94
198 121477.13
199 121225.12
200 121051.07
201 120970.01
202 121385.10
203 122319.94
204 123141.05
205 121792.08
206 120900.87
207 120929.96
208 121546.98
209 121655.94
210 121220.11
211 121006.01
212 120918.04
213 121199.85
214 121399.16
215 121089.94
216 121093.99
217 121004.82
218 121240.85
219 121507.17
220 121014.12
221 122091.05
222 121041.06
223 122571.95
224 122224.09
225 121169.09
226 121551.04
227 121660.95
228 121319.06
229 121382.95
230 121072.05
231 121177.20
232 121595.86
233 121673.11
234 121475.93
235 120914.94
236 121524.10
237 122071.03
238 120937.82
239 121355.06
240 120949.03
241 121191.98
242 121689.08
243 121009.83
244 121119.98
245 121361.02
246 121078.01
247 121655.94
248 122298.96
249 121598.01
250 121535.06
251 120940.92
252 121194.84
253 121542.93
254 121745.11
255 121070.15
256 121476.89
257 121524.81
258 121646.88
259 121269.94
260 121316.19
261 121402.03
262 121697.19
263 121021.99
264 121778.01
265 121617.08
266 120892.05
267 121774.91
268 121202.95
269 121549.13
270 121461.87
271 121603.97
272 121247.77
273 121245.86
274 121147.87
275 121088.98
276 121882.92
277 121140.00
278 121164.80
279 120913.98
280 120986.94
281 121146.20
282 121583.94
283 120917.08
284 120944.02
285 121011.97
286 121334.08
287 121207.00
288 121188.16
289 121129.99
290 121902.94
291 121253.01
292 121028.18
293 121094.94
294 121901.99
295 120967.15
296 121050.83
297 121107.82
298 120937.11
299 121377.94
300 120877.03
301 121161.22
302 121432.07
303 121484.99
304 121287.11
305 121233.94
306 122437.95
307 121235.85
308 121495.01
309 121360.06
310 121408.94
311 121686.94
312 121189.83
313 121201.99
314 121288.06
315 121821.17
316 121146.92
317 120895.86
318 122484.92
319 121380.09
320 122313.02
321 121353.15
322 121285.92
323 121955.16
324 121037.96
325 122289.90
326 122082.00
327 121155.98
328 120889.90
329 120888.23
330 121696.95
331 120923.04
332 121010.07
333 121046.07
334 121683.12
335 120843.17
336 121197.94
337 121683.84
338 122334.00
339 121096.13
340 120846.99
341 121495.01
342 121429.92
343 121666.91
344 120872.02
345 120922.80
346 121019.84
347 121379.85
348 120928.05
349 122275.83
350 121192.93
351 121871.95
352 121797.08
353 120990.99
354 121392.01
355 121263.03
356 120854.85
357 121477.13
358 120861.05
359 121551.99
360 120887.99
361 120949.98
362 121212.96
363 120915.89
364 121142.15
365 120966.91
366 120882.03
367 120820.05
368 121104.96
369 121159.08
370 120883.94
371 120984.08
372 120847.94
373 120898.01
374 120827.91
375 120829.11
376 120867.01
377 121370.08
378 120990.99
379 120818.14
380 121531.96
381 120972.87
382 121680.02
383 120788.10
384 120961.90
385 120942.83
386 121168.14
387 121010.07
388 120991.23
389 120759.96
390 120944.02
391 120981.93
392 120811.94
393 121089.94
394 121088.03
395 121074.91
396 121234.18
397 120723.96
398 121006.97
399 120826.96
400 120964.05
401 121199.13
402 120891.09
403 120990.99
404 120849.13
405 120800.02
406 120774.98
407 120764.97
408 121266.13
409 121506.93
410 120648.86
411 121505.02
412 120993.85
413 120896.10
414 121199.13
415 120960.95
416 121099.00
417 120799.06
418 120844.13
419 120975.02
420 121170.04
421 121159.08
422 121132.85
423 121040.11
424 121100.90
425 120878.93
426 120985.98
427 121028.90
428 121154.07
429 120773.08
430 120721.10
431 121457.82
432 121131.18
433 121032.95
434 120748.04
435 120846.03
436 120908.98
437 121150.02
438 121267.08
439 120841.98
440 121135.00
441 120928.05
442 121373.89
443 120858.91
444 120920.18
445 121202.95
446 120768.07
447 120969.06
448 120885.13
449 121119.02
450 120805.98
451 120918.04
452 121351.96
453 121080.16
454 120886.09
455 121083.97
456 121565.10
457 121180.06
458 121093.03
459 121088.03
460 120951.89
461 120845.08
462 120960.00
463 120874.88
464 120764.02
465 120898.01
466 121130.94
467 121358.87
468 120878.93
469 121057.03
470 120771.88
471 121473.79
472 120699.88
473 121456.15
474 120942.12
475 121015.07
476 121290.21
477 120768.07
478 121232.99
479 120715.14
480 120934.96
481 121325.97
482 121374.13
483 121099.95
484 121395.83
485 121471.88
486 121109.01
487 120851.04
488 121487.86
489 121412.99
490 121042.01
491 121071.82
492 121018.89
493 120833.16
494 121085.88
495 120905.88
496 121179.10
497 121150.02
498 120818.14
499 121094.94
500 121075.15
501 121742.96
502 121385.10
503 121474.98
504 120843.89
505 121176.00
506 121948.00
507 121495.96
508 121280.91
509 120861.05
510 120939.02
511 121252.78
512 121109.01
513 121033.91
514 120893.96
515 121329.07
516 121551.99
517 121359.11
518 120881.08
519 121177.91
520 121004.10
521 121361.97
522 121342.90
523 121595.86
524 121436.12
525 121245.86
526 121193.17
527 121563.91
528 121070.15
529 121663.09
530 121413.95
531 121123.08
532 121022.94
533 120918.99
534 121660.95
535 121088.98
536 121145.96
537 121049.17
538 121299.03
539 121253.01
540 121226.79
541 121474.98
542 121417.05
543 121221.07
544 120898.01
545 121582.98
546 121454.00
547 121352.91
548 120936.87
549 121581.08
550 121494.05
551 121330.02
552 121145.01
553 121538.88
554 121448.04
555 122130.87
556 121361.97
557 121171.00
558 121639.97
559 121565.10
560 120789.05
561 120996.00
562 121021.03
563 121467.83
564 121438.98
565 121663.09
566 121392.01
567 121593.95
568 121602.06
569 121155.02
570 121480.94
571 121521.95
572 121576.07
573 121245.86
574 121284.96
575 121401.79
576 121617.79
577 121070.86
578 121814.97
579 121526.96
580 121139.05
581 121551.99
582 121567.01
583 121170.04
584 120715.86
585 121553.90
586 121509.08
587 121443.03
588 121062.04
589 121529.10
590 121417.05
591 121297.12
592 121442.08
593 120993.14
594 120922.80
595 121626.14
596 121488.09
597 121289.01
598 121673.11
599 121277.09
600 121574.16
601 121031.05
602 121469.97
603 121376.04
604 121163.13
605 121196.03
606 121489.05
607 121207.00
608 121412.04
609 121371.03
610 121273.04
611 121303.08
612 121104.96
613 121452.09
614 121089.94
615 121224.16
616 121364.12
617 121567.01
618 121669.05
619 121478.08
620 121398.21
621 121598.01
622 121579.89
623 121136.90
624 121262.07
625 121746.06
626 121491.91
627 121088.98
628 120717.05
629 121271.13
630 121176.00
631 121613.03
632 121376.04
633 121579.17
634 121064.19
635 121793.03
636 120951.89
637 121088.98
638 121222.02
639 121495.01
640 121640.92
641 121310.00
642 121423.01
643 121368.17
644 121316.91
645 120980.02
646 121781.83
647 121430.87
648 120995.04
649 120602.85
650 120903.02
651 121748.92
652 121406.79
653 121402.03
654 121813.06
655 121522.90
656 121618.03
657 121365.07
658 120856.05
659 121490.96
660 121239.90
661 120952.13
662 121131.18
663 121440.17
664 121201.04
665 121201.04
666 121299.03
667 121398.93
668 121195.08
669 121378.90
670 121045.11
671 121336.94
672 121253.97
673 121763.94
674 121320.01
675 121558.90
676 121040.82
677 121536.02
678 121633.05
679 121440.89
680 121171.00
681 121019.12
682 121256.11
683 121396.06
684 121458.05
685 120790.00
686 121085.17
687 121121.88
688 121621.13
689 121246.10
690 120810.03
691 121619.94
692 121367.93
693 120999.10
694 121511.94
695 121232.99
696 121083.02
697 120918.99
698 121627.09
699 121321.92
700 121515.99
701 120919.94
702 121093.03
703 120753.05
704 121592.04
705 121000.05
706 121562.96
707 122061.01
708 121047.02
709 121590.14
710 121258.97
711 121165.99
712 121193.89
713 121022.94
714 121142.86
715 121751.07
716 121344.09
717 120970.96
718 121171.95
719 121426.11
720 121039.15
721 121175.05
722 121692.90
723 121370.08
724 121249.20
725 121335.98
726 121542.93
727 121750.83
728 121499.06
729 121395.11
730 121674.78
731 120886.09
732 121130.94
733 121531.96
734 121213.91
735 121246.10
736 121183.87
737 121401.07
738 121769.91
739 121756.79
740 121643.07
741 121841.91
742 121136.90
743 121150.97
744 121287.11
745 121294.98
746 121043.92
747 121353.86
748 121280.91
749 121203.90
750 121494.05
751 121145.01
752 121520.04
753 121533.87
754 121741.06
755 121536.97
756 121364.12
757 121785.88
758 121327.16
759 121840.95
760 121098.04
761 121251.82
762 121275.90
763 121171.95
764 120986.94
765 121217.97
766 120923.04
767 121299.98
768 121057.03
769 120762.83
770 122020.96
771 121505.02
772 121640.92
773 121259.93
774 120998.86
775 121471.17
776 121773.96
777 121799.95
778 121495.96
779 121402.03
780 121337.89
781 121878.15
782 121330.98
783 121409.89
784 121480.94
785 121348.86
786 121454.00
787 121179.10
788 121719.84
789 121293.07
790 121755.84
791 121552.94
792 121468.07
793 121596.10
794 121214.15
795 121001.01
796 121006.97
797 121311.90
798 121809.01
799 121768.95
800 121105.91
801 121507.88
802 121547.94
803 121287.82
804 121190.07
805 121567.96
806 121081.83
807 121639.01
808 121481.90
809 121638.06
810 121431.11
811 120882.03
812 121289.01
813 120952.13
814 121422.05
815 121031.05
816 121299.98
817 121243.00
818 121521.95
819 121768.00
820 120881.08
821 121689.08
822 121380.09
823 121223.93
824 121516.94
825 121834.99
826 121226.07
827 121338.84
828 121423.01
829 121622.09
830 121456.15
831 121279.95
832 121483.09
833 121768.95
834 121207.95
835 121288.06
836 121497.87
837 121240.14
838 122181.18
839 121057.03
840 121078.01
841 121561.05
842 120990.04
843 121140.96
844 121554.85
845 121113.06
846 121896.03
847 120995.04
848 121566.06
849 121680.97
850 121452.81
851 121697.19
852 121095.90
853 121246.10
854 121633.05
855 121202.95
856 121192.22
857 121657.85
858 121403.93
859 121640.92
860 121235.13
861 121399.16
862 121624.95
863 122308.97
864 121320.96
865 121047.97
866 121352.20
867 121374.13
868 121359.83
869 121460.91
870 120838.88
871 121099.95
872 121766.09
873 121464.97
874 121327.88
875 121354.10
876 121213.91
877 120805.98
878 121039.87
879 121363.88
880 121432.07
881 121239.19
882 121015.07
883 121057.03
884 121192.93
885 121649.98
886 121153.12
887 121233.94
888 121057.99
889 121519.09
890 121348.86
891 121433.97
892 121419.91
893 121113.06
894 120975.97
895 121708.87
896 121302.84
897 121702.91
898 121253.97
899 121052.03
900 121534.82
901 121376.04
902 121388.20
903 121299.03
904 120932.10
905 121199.85
906 121352.91
907 121551.04
908 121258.97
909 121614.93
910 121255.87
911 121589.90
912 121485.95
913 121432.07
914 121200.80
915 120940.21
916 121135.95
917 121284.96
918 121478.80
919 121195.79
920 121739.86
921 121118.07
922 121726.99
923 121170.04
924 121469.97
925 121534.11
926 121445.89
927 121242.05
928 121661.19
929 121282.10
930 121250.15
931 121729.85
932 121278.05
933 121284.96
934 120978.12
935 121752.02
936 120931.86
937 121353.86
938 121655.23
939 121295.93
940 121515.99
941 121656.89
942 121343.14
943 120894.91
944 121412.04
945 121186.97
946 121172.90
947 121594.19
948 121837.14
949 121428.97
950 121942.04
951 121602.06
952 121152.88
953 121050.12
954 121371.03
955 121267.08
956 121484.04
957 121588.95
958 121464.97
959 120999.10
960 120993.85
961 121445.18
962 121102.09
963 121672.15
964 121509.08
965 121171.00
966 121361.97
967 121147.16
968 120888.95
969 121580.84
970 121380.81
971 120852.23
972 121573.93
973 121385.10
974 120900.15
975 121261.12
976 121397.97
977 121261.12
978 121506.93
979 121845.01
980 120862.01
981 121130.94
982 121312.14
983 121719.84
984 121477.84
985 121782.06
986 121194.84
987 121667.15
988 121202.95
989 121360.06
990 121157.88
991 121478.08
992 121320.96
993 121352.91
994 121299.98
995 121511.22
996 121292.11
997 121054.89
998 121305.94
999 121057.99
1000 121373.89
1001 121045.83
1002 120948.79
1003 121446.85
1004 121093.99
1005 121378.18
1006 121006.01
1007 121452.09
1008 121246.81
1009 121597.05
1010 121587.04
1011 121447.80
1012 121727.94
1013 121773.96
1014 121731.04
1015 121587.99
1016 121294.02
1017 121310.00
1018 121186.02
1019 121324.06
1020 121623.04
1021 121172.90
1022 121560.10
1023 121490.96
1024 121287.11
1025 121354.10
1026 120930.91
1027 120896.82
1028 121231.08
1029 121237.99
1030 121649.98
1031 121079.92
1032 121356.96
1033 121327.88
1034 121113.06
1035 121140.00
1036 121500.02
1037 121903.90
1038 121834.99
1039 120852.95
1040 120902.06
1041 121477.84
1042 121214.15
1043 121113.06
1044 121469.97
1045 121109.01
1046 121388.91
1047 121216.06
1048 121443.03
1049 121922.97
1050 121050.83
1051 121371.98
1052 120878.93
1053 121616.13
1054 121026.04
1055 121378.90
1056 121119.02
1057 121069.91
1058 121574.88
1059 120991.95
1060 121363.88
1061 121022.94
1062 121216.06
1063 121034.15
1064 120796.92
1065 121468.07
1066 120960.00
1067 121217.01
1068 121681.93
1069 120987.89
1070 121437.07
1071 121100.90
1072 121053.93
1073 121119.02
1074 121192.93
1075 120841.98
1076 121567.96
1077 120980.02
1078 120933.06
1079 121354.10
1080 120896.82
1081 121219.16
1082 121142.15
1083 121228.22
1084 120790.00
1085 120874.17
1086 120701.07
1087 121216.06
1088 120947.12
1089 120971.20
1090 120951.89
1091 120903.02
1092 121021.03
1093 120845.08
1094 120909.21
1095 120794.06
1096 120781.90
1097 120882.03
1098 120796.92
1099 121423.96
1100 121073.96
1101 121153.83
1102 121002.91
1103 121103.05
1104 120999.81
1105 121440.89
1106 120828.15
1107 121194.84
1108 121315.00
1109 121030.09
1110 121018.89
1111 120887.99
1112 120952.13
1113 120813.13
1114 121330.02
1115 121077.06
1116 121297.84
1117 120774.03
1118 120913.03
1119 121085.88
1120 120900.87
1121 120857.00
1122 120960.95
1123 121078.97
1124 120955.23
1125 121364.12
1126 120917.08
1127 120939.97
1128 121583.94
1129 120856.05
1130 121083.97
1131 120777.13
1132 120982.17
1133 121106.86
1134 120961.19
1135 120860.10
1136 120952.84
1137 121313.10
1138 120858.91
1139 120982.89
1140 121073.96
1141 121076.82
1142 121096.13
1143 121097.09
1144 121121.88
1145 121105.91
1146 121016.98
1147 121105.91
1148 120944.02
1149 120865.11
1150 121124.98
1151 121027.23
1152 121032.95
1153 120975.97
1154 121094.94
1155 121115.92
1156 121065.86
1157 120812.18
1158 121114.02
1159 121226.07
1160 121114.97
1161 121021.99
1162 121126.89
1163 121094.94
1164 121061.09
1165 121220.11
1166 121079.92
1167 120966.20
1168 121299.98
1169 120971.20
1170 121111.87
1171 121121.88
1172 120965.00
1173 121083.97
1174 121042.01
1175 121000.05
1176 120950.94
1177 121106.86
1178 120981.93
1179 121116.88
1180 121356.96
1181 121047.97
1182 120962.86
1183 121129.04
1184 121106.15
1185 120960.24
1186 120855.81
1187 121138.10
1188 121094.94
1189 121076.11
1190 120987.89
1191 121099.00
1192 121127.13
1193 120960.00
1194 121030.81
1195 120899.92
1196 120985.98
1197 120872.97
1198 120970.01
1199 120919.94
1200 121072.05
1201 120917.08
1202 121098.04
1203 121016.98
1204 121135.95
1205 121373.89
1206 121083.02
1207 120861.05
1208 120992.90
1209 121271.13
1210 121056.08
1211 120952.84
1212 120992.90
1213 120875.12
1214 120956.90
1215 120974.06
1216 120881.08
1217 121253.01
1218 121277.09
1219 121179.10
1220 120806.93
1221 120954.99
1222 121212.96
1223 120830.06
1224 120751.86
1225 121278.05
1226 121558.19
1227 121012.93
1228 121007.20
1229 121027.95
1230 121114.02
1231 121083.02
1232 120985.03
1233 121006.01
1234 121217.01
1235 121110.92
1236 120902.06
1237 121052.03
1238 121063.95
1239 121181.01
1240 120779.04
1241 121017.22
1242 121087.07
1243 120981.22
1244 120896.10
1245 120918.04
1246 121078.01
1247 121061.80
1248 120983.84
1249 120932.10
1250 121017.93
1251 121128.08
1252 121082.07
1253 120830.06
1254 120980.98
1255 121484.04
1256 121318.82
1257 120941.88
1258 120867.01
1259 121289.97
1260 121109.96
1261 120857.95
1262 120768.07
1263 120953.08
1264 121248.96
1265 121011.02
1266 120911.12
1267 120959.04
1268 121174.10
1269 120839.83
1270 121037.96
1271 121456.86
1272 121642.83
1273 121361.02
1274 120911.84
1275 121287.11
1276 120854.85
1277 121535.78
1278 121306.90
1279 121004.10
1280 121466.16
1281 121115.92
1282 121456.86
1283 121191.98
1284 121339.08
1285 121138.10
1286 120763.06
1287 120994.09
1288 121382.95
1289 121354.10
1290 121025.80
1291 121026.04
1292 121056.80
1293 121099.95
1294 121128.08
1295 121106.15
1296 121061.80
1297 121011.97
1298 121114.97
1299 121114.02
