1300
0 121191.02
1 121038.91
2 120976.21
3 121010.07
4 120976.92
5 121027.95
6 121029.14
7 121022.94
8 121033.91
9 121040.11
10 121024.85
11 121021.99
12 121011.97
13 121028.18
14 121028.90
15 121016.98
16 121019.84
17 120899.20
18 121028.90
19 120948.08
20 121016.98
21 121013.16
22 121010.07
23 121016.98
24 121018.17
25 121013.88
26 121026.99
27 120958.09
28 121032.00
29 121016.98
30 121066.09
31 120918.99
32 121013.16
33 121033.91
34 121038.91
35 121024.13
36 121027.95
37 121025.09
38 121019.12
39 120942.83
40 121009.11
41 121023.89
42 120995.04
43 121058.94
44 121013.88
45 120934.01
46 121023.89
47 121021.99
48 121015.79
49 121018.17
50 120990.99
51 121016.03
52 121021.03
53 121016.98
54 121001.96
55 121009.11
56 121021.99
57 121005.06
58 121003.87
59 120854.85
60 121021.99
61 121053.93
62 120989.08
63 121011.02
64 121026.99
65 121006.97
66 121051.07
67 121018.17
68 121001.01
69 121006.97
70 120994.09
71 120996.00
72 121018.89
73 121004.82
74 121001.01
75 121008.87
76 121007.92
77 121010.07
78 120970.96
79 120957.85
80 121026.04
81 121018.89
82 120987.18
83 121030.81
84 121030.09
85 121021.03
86 120953.08
87 121024.13
88 120939.97
89 121025.09
90 121010.07
91 120945.93
92 121018.89
93 120871.07
94 120961.90
95 120891.09
96 120815.99
97 120725.15
98 120914.94
99 120872.02
100 120895.86
101 120859.86
102 120830.06
103 120843.89
104 120744.94
105 120985.98
106 123448.13
107 120855.81
108 120783.09
109 122283.94
110 123050.93
111 122880.94
112 122009.04
113 123708.01
114 122942.21
115 124433.99
116 122840.17
117 122579.10
118 123466.01
119 124714.14
120 123525.14
121 122684.00
122 123114.11
123 124573.95
124 124452.83
125 122884.99
126 122776.99
127 122525.93
128 123337.03
129 122606.99
130 124091.86
131 122522.12
132 123198.99
133 123080.97
134 123019.93
135 122262.00
136 123006.11
137 123054.03
138 122782.23
139 124757.05
140 123834.85
141 122879.03
142 122809.89
143 123615.03
144 123560.91
145 124263.05
146 123342.04
147 122763.87
148 123276.95
149 123398.07
150 124120.95
151 123074.05
152 123205.18
153 123034.95
154 124878.88
155 122344.97
156 123311.04
157 122374.06
158 122944.12
159 122792.96
160 126007.08
161 122988.22
162 122736.93
163 123358.96
164 122850.89
165 122528.08
166 122553.11
167 122525.93
168 124861.00
169 123215.91
170 123057.84
171 123275.04
172 122116.80
173 124475.00
174 122196.20
175 123044.97
176 123036.86
177 123945.00
178 122395.04
179 123040.91
180 123738.05
181 122745.99
182 123388.05
183 122718.81
184 122528.08
185 123375.18
186 122396.95
187 123971.94
188 122410.06
189 122937.92
190 122900.96
191 122216.94
192 122451.07
193 124175.07
194 124031.07
195 122360.94
196 123037.10
197 122208.83
198 123189.93
199 122917.89
200 122909.07
201 123840.09
202 122950.08
203 123766.90
204 122754.81
205 122607.95
206 123465.06
207 122770.07
208 123497.96
209 123556.85
210 122703.08
211 122801.07
212 123285.06
213 123170.85
214 123255.01
215 122518.06
216 123154.88
217 123961.93
218 123025.18
219 123142.96
220 122781.04
221 123580.93
222 122898.10
223 122457.03
224 122624.87
225 122201.92
226 122977.02
227 124483.82
228 123744.96
229 122652.05
230 122673.99
231 123799.09
232 123914.00
233 123018.03
234 123006.11
235 122792.01
236 122600.08
237 123507.98
238 125741.96
239 124800.92
240 122354.98
241 123957.16
242 123024.94
243 123865.84
244 123967.89
245 122964.86
246 122754.10
247 123620.99
248 122884.99
249 123518.94
250 122762.92
251 123425.96
252 123302.94
253 122372.15
254 123171.09
255 122391.94
256 124824.05
257 123862.03
258 124727.96
259 123652.94
260 121987.10
261 122755.05
262 124289.99
263 124259.95
264 124243.02
265 122509.96
266 122118.00
267 123575.93
268 122576.95
269 122528.08
270 123453.14
271 122344.97
272 122684.96
273 124001.03
274 123826.03
275 124014.14
276 123050.93
277 123746.87
278 123133.90
279 122126.10
280 122646.09
281 124335.05
282 123602.87
283 122478.01
284 123445.99
285 122679.00
286 122431.99
287 123396.87
288 123193.98
289 124001.98
290 122717.14
291 123132.94
292 122835.87
293 123843.91
294 123656.99
295 122700.93
296 122779.13
297 122730.97
298 123492.00
299 122573.85
300 122674.94
301 123260.02
302 122262.00
303 123202.09
304 123876.81
305 123005.15
306 122812.99
307 122899.06
308 125074.86
309 124213.93
310 123471.98
311 122144.94
312 121862.17
313 122785.09
314 123685.84
315 125103.00
316 123433.83
317 123315.10
318 124034.17
319 124117.85
320 123884.20
321 122061.01
322 123565.91
323 122675.18
324 122543.10
325 123229.98
326 123099.09
327 124585.15
328 124022.96
329 122101.07
330 125186.92
331 122055.05
332 124307.87
333 122740.98
334 122817.99
335 122492.07
336 123207.09
337 125611.07
338 122463.94
339 122391.94
340 122159.96
341 124291.90
342 123655.80
343 123419.05
344 122467.04
345 122509.00
346 122595.07
347 123903.99
348 122312.07
349 123171.81
350 122303.96
351 122191.91
352 122998.00
353 122607.95
354 123527.05
355 122599.12
356 123246.19
357 124156.00
358 122375.01
359 123253.82
360 122128.96
361 121958.02
362 122574.81
363 122075.08
364 122252.94
365 122888.09
366 122694.02
367 122054.10
368 122546.91
369 122426.03
370 122281.07
371 122570.04
372 122264.15
373 122509.00
374 122067.93
375 122174.98
376 122569.80
377 122735.98
378 122115.14
379 122513.06
380 122641.09
381 121950.15
382 122853.99
383 122901.92
384 122375.97
385 121908.90
386 122196.91
387 122312.07
388 122653.01
389 122367.14
390 122601.99
391 122293.95
392 122221.95
393 122021.91
394 122253.89
395 122477.05
396 123037.10
397 122447.97
398 122324.94
399 122223.14
400 122097.02
401 122038.84
402 122498.99
403 122312.07
404 122240.07
405 122467.99
406 122617.01
407 122097.02
408 122335.91
409 122931.00
410 121999.98
411 122825.86
412 122420.07
413 122490.17
414 122351.88
415 122642.99
416 122376.92
417 122337.10
418 121794.94
419 122711.90
420 122216.94
421 122555.02
422 122642.99
423 122584.82
424 122578.14
425 122227.91
426 122571.95
427 122174.02
428 122549.06
429 121829.99
430 122139.93
431 122642.99
432 121924.16
433 122312.07
434 122279.88
435 122061.97
436 122380.02
437 122911.93
438 122163.06
439 122246.03
440 121784.93
441 122679.00
442 122005.22
443 122185.95
444 122217.18
445 122629.88
446 122391.94
447 121895.79
448 121938.94
449 122319.94
450 122642.04
451 122668.03
452 122440.10
453 122198.10
454 122990.85
455 122510.91
456 123008.97
457 122467.04
458 122498.99
459 122344.97
460 122157.10
461 122622.01
462 122023.11
463 122633.22
464 121891.98
465 122378.11
466 122203.11
467 122574.09
468 122318.03
469 122339.96
470 122103.21
471 122032.88
472 123065.95
473 122119.90
474 122394.08
475 121941.80
476 122797.01
477 122524.02
478 122560.02
479 121965.17
480 122020.01
481 122416.97
482 122744.80
483 122984.89
484 122529.03
485 122283.94
486 122200.01
487 122686.86
488 121860.03
489 122203.83
490 122073.17
491 122416.02
492 122281.07
493 122601.99
494 122028.11
495 121999.03
496 122495.89
497 122148.99
498 122500.90
499 122245.07
500 122488.02
501 122097.02
502 122003.08
503 122558.12
504 122873.07
505 122663.02
506 122120.14
507 122001.89
508 122465.13
509 122202.16
510 122343.06
511 122803.93
512 121865.99
513 122519.97
514 122315.88
515 122207.88
516 122263.19
517 122436.05
518 122605.09
519 122424.84
520 122060.06
521 122787.95
522 122556.21
523 122340.92
524 122149.94
525 122567.18
526 122443.91
527 122299.91
528 122326.85
529 122474.91
530 121873.14
531 122552.87
532 122620.11
533 122071.98
534 123270.03
535 122632.98
536 122305.15
537 122048.14
538 122648.95
539 122848.03
540 122419.12
541 122208.12
542 122241.02
543 121937.04
544 122963.19
545 122740.03
546 122410.06
547 122278.93
548 122386.93
549 122359.99
550 122390.03
551 123038.05
552 122704.03
553 121979.95
554 122401.95
555 122219.09
556 122050.05
557 122504.00
558 122868.06
559 122448.21
560 122118.00
561 122166.16
562 122491.84
563 122179.99
564 122715.00
565 122811.08
566 121999.98
567 121632.10
568 122385.03
569 122447.01
570 122055.05
571 122479.92
572 122815.85
573 122066.02
574 122294.90
575 122489.93
576 122218.13
577 122140.88
578 122982.03
579 122124.91
580 122007.85
581 122711.90
582 121924.16
583 122731.92
584 122614.15
585 122493.98
586 122864.01
587 122679.00
588 122200.97
589 122123.00
590 122606.04
591 122381.93
592 122136.12
593 122751.00
594 122097.97
595 122133.97
596 122190.00
597 122200.97
598 121917.01
599 122443.20
600 122402.91
601 122400.05
602 122500.90
603 122117.04
604 122383.12
605 122586.01
606 122173.07
607 122602.94
608 122752.19
609 122083.90
610 122193.10
611 122188.09
612 122654.91
613 122186.90
614 122133.97
615 122023.82
616 121191.02
617 120792.87
618 121356.01
619 121035.10
620 121018.89
621 121024.85
622 121134.04
623 120857.95
624 120999.81
625 120625.97
626 120943.07
627 121109.01
628 120973.11
629 121481.90
630 120985.98
631 120955.94
632 121048.93
633 121095.90
634 121068.00
635 120859.15
636 120933.06
637 121000.05
638 120894.91
639 120846.99
640 121206.05
641 120835.07
642 121011.02
643 120987.18
644 121193.89
645 121202.95
646 120921.85
647 120861.77
648 120846.03
649 120911.12
650 121451.85
651 120713.00
652 120750.90
653 120906.83
654 121046.07
655 120900.87
656 121436.83
657 120965.00
658 120739.94
659 120739.94
660 120987.18
661 120844.84
662 120838.88
663 120758.06
664 120857.00
665 120692.97
666 120796.20
667 120779.99
668 120818.85
669 120870.11
670 120679.14
671 121171.95
672 121014.83
673 121253.01
674 121259.21
675 121001.96
676 121095.18
677 121109.01
678 120835.78
679 121039.87
680 120743.99
681 120906.11
682 120944.98
683 121057.99
684 120983.12
685 120733.98
686 120809.08
687 120887.99
688 120694.88
689 121176.00
690 120701.07
691 121083.02
692 121044.16
693 120878.93
694 120779.99
695 120711.09
696 121278.05
697 120743.04
698 120665.07
699 121129.99
700 120868.92
701 121330.02
702 120980.02
703 120952.13
704 121026.99
705 121137.14
706 120897.77
707 120894.91
708 121078.97
709 120911.84
710 121620.89
711 121091.13
712 121135.95
713 121008.16
714 120837.93
715 120806.93
716 121131.90
717 120923.04
718 121111.87
719 120776.89
720 121056.80
721 120867.97
722 121080.88
723 121083.02
724 121016.03
725 120742.08
726 121072.05
727 121116.16
728 120918.04
729 120815.04
730 120806.22
731 121152.16
732 121505.98
733 120900.15
734 121246.81
735 121141.91
736 120893.00
737 120993.14
738 120805.03
739 120996.95
740 120887.99
741 121109.96
742 120739.22
743 120857.00
744 120768.79
745 120996.95
746 121303.08
747 120740.18
748 120870.11
749 120799.06
750 120892.05
751 120924.00
752 120800.97
753 120901.11
754 120704.17
755 121011.97
756 121292.11
757 120824.81
758 121289.97
759 121078.01
760 120977.88
761 120821.95
762 120948.79
763 121081.83
764 120589.02
765 121226.07
766 121009.11
767 121582.98
768 121251.11
769 120996.00
770 120797.87
771 120934.01
772 120954.04
773 120996.00
774 120832.92
775 120958.09
776 121062.99
777 120837.93
778 120771.88
779 120877.03
780 120633.13
781 121264.93
782 120872.02
783 120784.04
784 120776.89
785 121031.05
786 120768.07
787 121078.01
788 120932.82
789 120769.02
790 120867.01
791 121093.99
792 121554.14
793 120781.90
794 120951.89
795 121026.99
796 120711.09
797 120919.94
798 120710.85
799 120953.08
800 120935.20
801 121119.02
802 121069.91
803 120968.10
804 121006.97
805 121041.06
806 121008.16
807 120898.96
808 121114.02
809 121279.00
810 120699.88
811 120935.92
812 121207.95
813 120835.07
814 121036.05
815 120758.06
816 120869.87
817 120774.03
818 121354.82
819 120826.96
820 120893.96
821 120743.99
822 120890.86
823 120857.95
824 120872.02
825 120626.21
826 120882.03
827 121065.14
828 121005.06
829 121103.05
830 120686.05
831 120749.00
832 120815.99
833 120817.90
834 121237.04
835 120988.85
836 120910.88
837 120795.97
838 120790.00
839 120754.00
840 121124.98
841 121007.92
842 121276.14
843 120590.93
844 120790.96
845 120809.79
846 120876.07
847 121057.03
848 121127.84
849 120794.06
850 120887.99
851 120959.04
852 120949.03
853 120782.85
854 121228.93
855 120779.04
856 120956.90
857 120781.90
858 120715.14
859 120796.92
860 120854.14
861 121030.81
862 120934.96
863 121005.06
864 121150.97
865 120752.81
866 121205.09
867 120964.05
868 120918.04
869 120837.93
870 120639.09
871 121207.95
872 121133.09
873 121044.87
874 121052.03
875 120688.92
876 121016.98
877 120751.14
878 121011.97
879 120918.04
880 121026.04
881 120707.04
882 121143.10
883 121289.97
884 120819.09
885 121024.13
886 120898.01
887 120704.89
888 121045.83
889 120898.96
890 121339.08
891 120842.93
892 120984.79
893 121502.88
894 120822.91
895 120763.06
896 120747.80
897 120988.13
898 120732.07
899 120893.00
900 121068.00
901 121073.01
902 120807.17
903 120796.92
904 120895.15
905 120871.07
906 121011.02
907 120900.87
908 120960.95
909 121119.98
910 121100.90
911 120822.91
912 120884.90
913 121075.15
914 120721.82
915 121042.01
916 121356.96
917 121133.09
918 121482.13
919 121140.00
920 120858.91
921 120897.05
922 120786.19
923 121063.95
924 120976.92
925 120987.18
926 120991.95
927 121056.08
928 121320.01
929 120745.90
930 121571.06
931 120879.17
932 121002.91
933 121084.93
934 120728.02
935 120980.98
936 120868.92
937 120877.98
938 121631.15
939 120878.93
940 121313.10
941 120624.78
942 121590.85
943 121505.98
944 120815.04
945 120908.98
946 120933.06
947 121423.01
948 121499.06
949 120980.02
950 121162.18
951 121033.91
952 120834.11
953 120827.91
954 121273.04
955 120952.13
956 120818.85
957 120749.00
958 121294.02
959 120857.00
960 121113.06
961 121068.95
962 121091.84
963 121420.86
964 120752.10
965 120732.07
966 120969.06
967 120933.06
968 120855.09
969 121017.93
970 120751.14
971 120904.92
972 120732.07
973 120782.14
974 121015.07
975 120746.85
976 121294.98
977 120983.12
978 121042.01
979 121238.95
980 120840.07
981 120988.13
982 120591.88
983 120718.96
984 120752.10
985 120916.13
986 120872.02
987 120827.91
988 120970.01
989 121186.97
990 120950.94
991 120856.05
992 121026.04
993 120923.04
994 120990.99
995 120789.05
996 120897.05
997 120724.92
998 121745.11
999 120965.00
1000 121006.97
1001 120851.04
1002 120915.89
1003 120846.99
1004 120770.93
1005 120733.98
1006 120914.94
1007 121032.00
1008 120870.11
1009 120754.00
1010 120908.98
1011 121112.11
1012 120757.82
1013 120676.04
1014 120823.14
1015 120846.99
1016 121258.02
1017 121064.90
1018 120772.12
1019 120759.01
1020 120989.08
1021 121059.89
1022 120893.00
1023 120941.16
1024 121066.09
1025 121112.11
1026 120975.97
1027 120802.16
1028 121160.98
1029 120732.07
1030 121121.17
1031 120842.22
1032 120898.01
1033 121067.05
1034 120886.09
1035 120960.00
1036 120957.14
1037 120905.88
1038 120948.08
1039 120955.94
1040 120950.94
1041 120953.08
1042 120937.11
1043 120938.06
1044 120895.15
1045 120959.04
1046 120924.95
1047 120944.02
1048 120963.81
1049 120944.02
1050 120945.93
1051 120961.90
1052 120956.90
1053 120954.99
1054 120952.13
1055 120960.95
1056 120949.98
1057 120954.99
1058 120952.13
1059 120965.96
1060 120951.89
1061 120954.04
1062 120951.89
1063 120990.04
1064 120937.11
1065 120921.13
1066 120934.01
1067 120976.21
1068 120956.90
1069 120944.02
1070 120939.02
1071 120987.89
1072 120951.18
1073 120967.86
1074 120965.96
1075 120892.05
1076 120960.00
1077 120941.16
1078 120885.85
1079 120949.98
1080 120954.99
1081 120969.06
1082 120955.94
1083 120964.05
1084 120955.94
1085 120955.94
1086 120963.10
1087 120961.90
1088 120962.14
1089 120944.02
1090 120957.85
1091 120947.12
1092 120952.13
1093 120961.90
1094 120958.09
1095 120932.82
1096 120958.09
1097 120924.00
1098 120950.94
1099 120959.04
1100 120950.94
1101 120951.89
1102 120957.85
1103 120939.97
1104 120946.17
1105 120941.88
1106 120958.09
1107 120949.98
1108 120949.03
1109 120943.07
1110 120956.90
1111 120952.13
1112 120933.06
1113 120938.06
1114 120897.05
1115 121062.99
1116 120940.92
1117 120954.04
1118 120958.81
1119 120944.02
1120 120944.02
1121 120942.12
1122 120965.96
1123 120940.92
1124 120903.97
1125 120965.96
1126 120965.96
1127 120970.01
1128 120939.02
1129 120956.90
1130 120965.00
1131 120964.05
1132 120950.94
1133 120951.18
1134 120960.00
1135 120968.82
1136 120954.04
1137 120928.05
1138 120965.00
1139 120916.84
1140 120956.90
1141 120968.10
1142 120939.02
1143 120939.97
1144 120935.92
1145 120952.13
1146 120955.94
1147 120929.96
1148 120960.00
1149 120962.86
1150 120990.99
1151 120956.90
1152 120958.09
1153 120947.12
1154 120898.01
1155 120943.07
1156 120844.84
1157 120965.00
1158 120968.10
1159 120945.93
1160 120955.94
1161 120960.95
1162 120920.90
1163 120955.94
1164 120960.00
1165 120956.90
1166 120888.95
1167 120966.20
1168 120959.04
1169 120956.18
1170 120948.08
1171 120965.96
1172 120904.92
1173 120952.13
1174 120967.86
1175 120945.93
1176 120944.98
1177 120949.98
1178 120930.91
1179 120944.98
1180 120951.89
1181 120931.15
1182 120901.82
1183 120944.98
1184 120939.02
1185 120928.05
1186 120902.78
1187 120944.98
1188 120948.08
1189 120960.00
1190 120952.84
1191 120938.06
1192 120942.12
1193 120958.09
1194 120920.90
1195 120898.01
1196 120970.96
1197 120945.93
1198 120954.04
1199 120938.06
1200 120937.11
1201 120904.92
1202 120946.17
1203 120957.14
1204 120950.94
1205 120937.11
1206 120877.03
1207 120943.07
1208 120938.06
1209 120951.89
1210 120937.11
1211 120924.00
1212 120950.94
1213 120956.18
1214 120933.06
1215 120937.11
1216 120944.02
1217 120890.14
1218 120939.02
1219 120975.97
1220 120936.16
1221 120940.92
1222 120876.07
1223 120932.10
1224 120939.02
1225 120939.97
1226 120891.09
1227 120935.92
1228 120965.96
1229 120955.94
1230 120959.04
1231 120875.12
1232 120960.00
1233 120967.15
1234 120960.00
1235 120960.95
1236 120938.06
1237 120964.05
1238 120970.01
1239 120952.84
1240 120964.05
1241 120970.96
1242 120932.82
1243 120894.91
1244 120959.04
1245 120968.10
1246 120897.05
1247 120967.15
1248 120944.02
1249 120965.00
1250 120934.01
1251 120966.91
1252 120966.91
1253 120975.97
1254 120958.09
1255 120954.99
1256 120959.04
1257 120983.84
1258 120954.99
1259 120955.94
1260 120929.96
1261 120973.83
1262 120921.85
1263 120963.10
1264 120969.06
1265 120972.87
1266 120892.05
1267 120941.16
1268 120960.00
1269 120945.93
1270 120935.92
1271 120929.00
1272 120970.96
1273 120927.10
1274 120968.10
1275 120918.04
1276 120965.00
1277 120944.02
1278 120962.86
1279 120983.12
1280 120961.90
1281 120969.06
1282 120922.09
1283 120949.98
1284 120964.05
1285 120959.04
1286 120884.90
1287 120967.15
1288 120966.91
1289 120954.99
1290 120960.00
1291 120934.96
1292 120970.01
1293 120949.98
1294 120960.00
1295 120970.96
1296 120972.16
1297 120960.95
1298 120878.93
1299 120944.02
