1300
0 121075.15
1 120902.06
2 120993.14
3 120936.16
4 120973.11
5 120894.91
6 120968.10
7 120946.88
8 120899.20
9 120974.06
10 120954.04
11 120948.08
12 120938.06
13 120947.84
14 120954.04
15 120957.85
16 120957.14
17 120958.09
18 120951.89
19 120944.02
20 120950.22
21 120972.87
22 120977.88
23 120975.97
24 120945.22
25 120970.01
26 120939.02
27 120971.20
28 120967.15
29 120944.02
30 120982.89
31 120970.96
32 120962.86
33 120875.84
34 120934.96
35 120924.95
36 120962.86
37 120978.12
38 120956.90
39 120955.94
40 120965.96
41 120979.07
42 120964.05
43 120954.99
44 120967.86
45 120990.99
46 120968.10
47 120964.05
48 120960.00
49 120967.15
50 120963.81
51 120954.04
52 120972.87
53 120960.00
54 120936.87
55 120950.94
56 120948.08
57 120970.96
58 120978.12
59 120971.92
60 120973.11
61 120975.97
62 120970.96
63 120959.04
64 120962.14
65 120991.95
66 120966.91
67 120970.01
68 120970.96
69 120986.94
70 120961.90
71 120959.04
72 120970.01
73 120975.02
74 120968.10
75 120964.05
76 120965.00
77 120983.84
78 120970.96
79 120944.98
80 120902.06
81 120958.09
82 120937.11
83 120967.15
84 120972.87
85 120990.99
86 120965.96
87 120851.04
88 120973.11
89 120980.98
90 120954.99
91 120947.12
92 120959.04
93 120891.09
94 121037.96
95 120951.89
96 120906.11
97 120836.02
98 120885.85
99 120852.95
100 120721.82
101 120945.93
102 121726.99
103 121469.97
104 122333.05
105 122020.96
106 121866.94
107 122554.06
108 122318.98
109 121572.02
110 121523.86
111 122421.03
112 122269.15
113 124336.00
114 123715.16
115 122079.13
116 123573.06
117 122756.00
118 122644.90
119 125123.98
120 123836.04
121 123101.95
122 123519.90
123 123535.16
124 122839.93
125 122601.03
126 122715.95
127 122820.85
128 123516.08
129 122612.00
130 122424.84
131 123288.15
132 125508.07
133 121967.08
134 124443.05
135 123322.96
136 122614.15
137 124071.12
138 123277.90
139 122504.00
140 124640.94
141 123120.07
142 122962.00
143 122987.99
144 123604.06
145 124339.10
146 122648.95
147 123465.06
148 124257.09
149 123172.04
150 123836.04
151 123009.20
152 124658.11
153 122387.17
154 123373.99
155 123937.85
156 124030.83
157 122448.21
158 123215.91
159 124058.96
160 123178.01
161 123098.13
162 122341.87
163 123066.19
164 122851.85
165 122838.02
166 123370.17
167 122633.93
168 126549.01
169 122385.98
170 122283.94
171 122340.92
172 122992.99
173 122467.04
174 123268.84
175 122383.12
176 123971.94
177 123891.83
178 122947.93
179 122301.82
180 122788.91
181 123675.11
182 122614.86
183 122668.03
184 122680.19
185 123242.86
186 125118.02
187 122635.84
188 122812.03
189 124225.85
190 123266.22
191 122519.02
192 124572.99
193 123239.99
194 123919.01
195 124492.17
196 122867.11
197 123621.94
198 123549.94
199 122628.93
200 124196.05
201 124931.10
202 122272.97
203 122102.02
204 123687.98
205 122768.16
206 123523.00
207 124186.04
208 122391.94
209 122276.07
210 124479.06
211 122760.06
212 123662.95
213 122807.98
214 124468.09
215 122914.08
216 123280.05
217 122021.20
218 124045.13
219 123836.99
220 123885.87
221 124613.05
222 122768.88
223 123441.93
224 123393.06
225 123249.77
226 123378.99
227 122402.19
228 124821.19
229 124013.90
230 122903.82
231 122769.83
232 123488.90
233 122627.97
234 123230.93
235 125730.99
236 122174.02
237 123923.06
238 123957.16
239 123011.83
240 122769.83
241 122673.03
242 122596.03
243 124067.07
244 123416.90
245 123133.18
246 122926.95
247 122889.04
248 123719.93
249 123772.14
250 122787.00
251 123655.08
252 122500.90
253 122608.90
254 123301.98
255 123319.15
256 123095.04
257 123270.03
258 124026.06
259 122176.89
260 123711.11
261 122752.90
262 122796.06
263 123385.19
264 122581.96
265 123487.95
266 123813.87
267 122759.10
268 123382.09
269 122591.97
270 123635.05
271 124265.19
272 122568.85
273 123468.88
274 122460.13
275 124088.05
276 122161.87
277 122176.17
278 124500.04
279 122860.91
280 123598.81
281 122733.12
282 123557.09
283 123335.12
284 124299.05
285 122424.13
286 123111.96
287 123117.92
288 123654.13
289 122145.89
290 121837.14
291 122565.03
292 122525.93
293 123420.00
294 124017.95
295 123991.97
296 123079.06
297 125444.17
298 123052.84
299 124414.92
300 122622.97
301 124186.99
302 123260.02
303 122590.07
304 123241.90
305 122983.93
306 123822.93
307 122861.15
308 122581.96
309 122671.13
310 124253.99
311 122540.00
312 122550.01
313 124143.12
314 122362.85
315 123158.93
316 126261.00
317 123687.98
318 122310.16
319 123601.91
320 122622.01
321 123420.00
322 123409.99
323 122586.97
324 122617.96
325 123292.92
326 124089.96
327 122978.93
328 123988.15
329 123396.87
330 122258.90
331 123077.15
332 122100.11
333 123774.05
334 122560.98
335 124197.01
336 124047.04
337 122527.12
338 123317.00
339 125699.04
340 123108.15
341 123886.11
342 124497.89
343 122626.07
344 123667.96
345 123506.07
346 123363.02
347 122582.91
348 123940.94
349 122355.94
350 123800.04
351 123630.05
352 123735.90
353 122978.93
354 122697.83
355 124241.83
356 123534.20
357 123929.02
358 124715.81
359 122451.07
360 121972.08
361 122005.94
362 122076.99
363 122164.01
364 122508.05
365 122549.06
366 122596.03
367 122051.00
368 122201.92
369 122383.83
370 123106.96
371 122381.93
372 121985.91
373 121932.98
374 122138.02
375 123194.22
376 122358.08
377 122190.00
378 122086.05
379 122126.82
380 121870.04
381 122651.10
382 122317.08
383 121989.97
384 122543.10
385 121976.14
386 122704.98
387 122708.08
388 122418.88
389 121814.97
390 122287.03
391 122386.93
392 122071.03
393 122992.04
394 122101.78
395 122351.88
396 122079.13
397 122308.97
398 122626.07
399 122142.08
400 123111.01
401 122540.95
402 122148.99
403 122441.05
404 122491.84
405 122617.01
406 122112.99
407 122186.18
408 122087.00
409 122410.06
410 122455.12
411 122873.07
412 122344.02
413 122550.96
414 122135.16
415 121978.04
416 122321.84
417 122116.09
418 122761.96
419 122457.98
420 122175.93
421 122308.97
422 122328.04
423 122308.02
424 122687.10
425 122035.98
426 122183.80
427 122658.01
428 122609.14
429 122715.95
430 122277.98
431 121875.05
432 122085.09
433 122735.02
434 122036.93
435 123015.17
436 122317.08
437 122289.90
438 121880.77
439 122426.99
440 121973.99
441 122887.85
442 122432.95
443 122287.99
444 122317.08
445 122113.94
446 122138.02
447 122480.87
448 122596.98
449 122519.97
450 122471.81
451 122085.09
452 122652.05
453 122895.00
454 122394.08
455 122793.20
456 122118.95
457 122512.82
458 122395.04
459 122554.06
460 122890.95
461 122308.97
462 122393.13
463 122444.87
464 122162.82
465 122055.05
466 122953.18
467 122509.96
468 122497.80
469 121860.03
470 122092.01
471 122195.96
472 122947.93
473 122590.07
474 122123.00
475 122248.89
476 122104.88
477 122231.96
478 122119.19
479 123112.20
480 122627.02
481 122215.99
482 121973.99
483 122047.19
484 123138.90
485 122870.92
486 122394.08
487 122056.01
488 122666.12
489 121840.00
490 122165.92
491 122356.18
492 122416.97
493 122425.08
494 121964.93
495 122591.97
496 123562.10
497 122717.14
498 122635.13
499 122116.09
500 122556.92
501 121835.95
502 123560.91
503 123266.94
504 122293.00
505 122293.95
506 122525.93
507 122129.92
508 123050.93
509 123096.94
510 122085.81
511 121959.92
512 122063.88
513 122639.89
514 122658.97
515 122524.02
516 122045.99
517 122235.06
518 122228.86
519 122301.82
520 122994.90
521 122535.94
522 122462.99
523 122303.01
524 121937.99
525 122598.17
526 122983.93
527 122543.10
528 122186.90
529 122352.84
530 122319.94
531 122467.99
532 122424.13
533 122795.10
534 122555.02
535 122227.91
536 122087.00
537 122391.94
538 121989.01
539 122519.02
540 121925.12
541 121921.78
542 122368.81
543 122869.97
544 122436.05
545 122878.07
546 122315.17
547 121881.96
548 122626.07
549 122086.05
550 122342.11
551 122520.92
552 122169.97
553 122307.06
554 122708.08
555 122927.90
556 122449.16
557 122725.96
558 122591.02
559 122811.08
560 122135.88
561 122516.16
562 122778.89
563 121979.00
564 122237.92
565 122390.99
566 121934.89
567 122303.96
568 122477.05
569 122401.00
570 121930.12
571 121866.94
572 122389.08
573 122114.18
574 122191.19
575 123054.98
576 122614.86
577 122298.00
578 122537.85
579 122411.97
580 122886.90
581 122753.86
582 122647.05
583 121989.97
584 122068.88
585 122439.86
586 122526.88
587 122810.13
588 122729.06
589 122434.85
590 122564.08
591 121832.13
592 122630.83
593 122986.08
594 122916.94
595 122041.94
596 122699.98
597 122537.14
598 121843.10
599 123166.80
600 122541.90
601 122457.03
602 122013.09
603 122532.84
604 122148.04
605 122987.99
606 122189.04
607 122230.05
608 122462.99
609 122151.85
610 122092.01
611 122995.14
612 122416.02
613 121845.96
614 121938.94
615 122679.00
616 122155.90
617 120918.99
618 120784.04
619 121393.92
620 120884.90
621 120692.97
622 120844.13
623 121014.83
624 120970.01
625 121347.90
626 121106.86
627 120877.03
628 120913.03
629 121025.09
630 120810.03
631 121230.13
632 120973.83
633 121009.83
634 121085.88
635 121080.16
636 120857.00
637 120710.85
638 121017.93
639 121102.09
640 120915.89
641 120887.04
642 121034.15
643 120753.05
644 120804.07
645 121191.98
646 121132.85
647 120931.15
648 121798.04
649 120706.80
650 120873.93
651 120893.96
652 121284.01
653 120723.01
654 120899.92
655 121109.01
656 121204.14
657 120961.90
658 121031.05
659 120898.96
660 120797.16
661 120937.82
662 120877.98
663 120944.02
664 120854.85
665 121736.05
666 121093.03
667 120764.97
668 121361.97
669 120687.96
670 120904.92
671 121045.11
672 121130.94
673 120757.10
674 120887.99
675 120822.91
676 120862.96
677 121333.84
678 120770.93
679 121088.03
680 121040.11
681 121085.88
682 120715.14
683 120897.77
684 121099.00
685 120761.16
686 120941.88
687 121590.14
688 121153.83
689 120899.92
690 120946.88
691 121618.99
692 121150.02
693 120804.79
694 121134.04
695 121006.97
696 120858.91
697 121190.07
698 121128.08
699 120698.21
700 120702.98
701 121093.99
702 120834.83
703 120798.11
704 121099.95
705 120847.94
706 120815.04
707 120982.89
708 121002.91
709 121082.07
710 120893.00
711 120971.92
712 120833.16
713 120913.98
714 120886.09
715 120640.99
716 120630.98
717 120750.90
718 121026.04
719 120922.80
720 120867.97
721 120934.01
722 121094.94
723 120901.82
724 120863.91
725 120825.05
726 120777.13
727 120744.94
728 120780.94
729 121047.97
730 120634.79
731 121275.90
732 120907.07
733 121443.99
734 120739.94
735 120908.98
736 121129.99
737 120873.93
738 120871.07
739 121075.87
740 120795.97
741 120685.10
742 120716.09
743 120876.07
744 120769.98
745 120751.86
746 120684.86
747 121004.10
748 120919.94
749 120677.95
750 120902.06
751 121045.11
752 120766.88
753 120924.95
754 120962.86
755 121084.93
756 120776.18
757 120843.17
758 121434.93
759 121077.06
760 120936.87
761 120903.02
762 120939.97
763 120676.99
764 120774.03
765 120954.04
766 120970.01
767 121196.03
768 120959.04
769 120851.04
770 121048.93
771 120763.06
772 121274.95
773 120835.07
774 120864.15
775 121080.16
776 120867.01
777 120805.03
778 121236.09
779 120791.20
780 120924.00
781 120799.06
782 121000.05
783 120823.14
784 121037.01
785 120898.01
786 121105.91
787 120805.98
788 121027.95
789 121030.09
790 121009.11
791 121181.96
792 121084.93
793 120892.05
794 120769.02
795 120893.96
796 120932.10
797 121181.01
798 121119.98
799 121051.07
800 121473.79
801 121065.14
802 120895.86
803 120926.14
804 120817.90
805 120788.10
806 121128.80
807 120952.13
808 121053.22
809 120964.05
810 121045.11
811 121206.05
812 120879.17
813 120807.89
814 120852.95
815 120842.93
816 120931.86
817 121077.06
818 121042.97
819 120923.04
820 120867.01
821 120738.03
822 120744.94
823 120691.06
824 120723.96
825 120960.95
826 120882.99
827 120801.93
828 120753.05
829 120754.96
830 120749.00
831 120899.92
832 121061.09
833 120810.99
834 120779.04
835 120961.90
836 120945.93
837 120778.08
838 121177.91
839 120712.04
840 120976.92
841 120936.87
842 120815.99
843 121089.94
844 120768.07
845 121063.95
846 120985.98
847 120821.00
848 120926.86
849 120892.05
850 120775.94
851 120834.11
852 120723.01
853 120960.95
854 120986.94
855 121025.09
856 120860.82
857 120887.99
858 121095.90
859 120694.16
860 121119.02
861 121065.86
862 120939.02
863 121118.07
864 120888.95
865 120752.10
866 120913.98
867 121377.94
868 120801.93
869 120909.93
870 120852.95
871 121180.06
872 120687.96
873 120633.84
874 121191.98
875 120661.97
876 120845.08
877 120860.82
878 120771.88
879 120686.05
880 121010.07
881 121005.06
882 121006.01
883 120676.99
884 120673.89
885 120900.15
886 121011.02
887 120785.95
888 121062.99
889 121040.11
890 121096.13
891 121536.02
892 121106.86
893 120684.86
894 120825.05
895 120828.15
896 120893.96
897 121138.10
898 120985.98
899 120908.02
900 120989.08
901 121049.17
902 121021.03
903 120898.01
904 121113.06
905 121203.18
906 120932.10
907 120831.97
908 121382.95
909 120768.07
910 120826.01
911 120900.87
912 120929.00
913 120944.98
914 120877.98
915 121130.23
916 121433.97
917 120945.93
918 120895.15
919 120922.80
920 120960.00
921 120697.98
922 120877.98
923 120746.14
924 120965.00
925 121068.00
926 121099.95
927 120953.08
928 120802.16
929 120804.07
930 121124.98
931 121169.09
932 120816.23
933 121305.23
934 120805.03
935 120756.86
936 120980.98
937 121183.16
938 120731.12
939 120705.84
940 121583.94
941 120701.07
942 120935.20
943 121173.86
944 121614.93
945 121037.96
946 120788.81
947 121148.11
948 121196.03
949 120936.16
950 120806.93
951 121016.98
952 121225.83
953 120851.99
954 120827.91
955 120787.86
956 120874.17
957 121117.12
958 120859.15
959 120815.04
960 121007.92
961 120818.14
962 121047.02
963 120767.83
964 120826.96
965 120961.90
966 120796.92
967 121205.09
968 120962.86
969 120970.96
970 121174.10
971 121273.99
972 120920.90
973 121243.00
974 120702.98
975 120938.06
976 120867.01
977 120844.84
978 120829.11
979 120910.88
980 121028.90
981 120919.94
982 120988.85
983 120795.97
984 120933.77
985 120959.04
986 120587.11
987 120834.83
988 120863.91
989 120789.05
990 120641.95
991 120953.08
992 120775.94
993 121117.12
994 120770.22
995 120770.93
996 121088.03
997 120625.02
998 120795.97
999 120733.02
1000 120827.91
1001 120773.08
1002 120890.86
1003 120594.98
1004 120923.04
1005 121073.01
1006 120836.02
1007 120755.91
1008 121121.88
1009 120973.83
1010 120800.02
1011 120824.10
1012 121279.00
1013 120759.96
1014 120783.09
1015 120774.03
1016 121229.89
1017 121207.95
1018 120682.95
1019 120801.93
1020 120959.04
1021 121127.84
1022 120925.19
1023 120998.86
1024 120803.12
1025 120653.87
1026 121031.05
1027 120808.12
1028 120784.04
1029 120918.04
1030 120922.09
1031 120970.96
1032 121062.04
1033 121056.80
1034 121016.98
1035 121058.94
1036 121058.94
1037 121051.07
1038 121016.98
1039 121047.97
1040 121071.10
1041 121045.11
1042 121044.87
1043 121032.95
1044 121059.89
1045 121011.97
1046 121042.97
1047 121015.07
1048 121090.17
1049 121043.21
1050 121073.01
1051 121036.05
1052 121120.21
1053 121059.89
1054 121047.97
1055 121035.81
1056 121099.95
1057 121041.06
1058 121073.01
1059 121064.90
1060 121088.03
1061 121064.19
1062 121064.90
1063 121062.99
1064 121077.06
1065 121064.90
1066 121055.13
1067 121063.95
1068 121074.91
1069 121065.14
1070 121041.06
1071 121036.05
1072 121057.99
1073 121062.04
1074 121036.05
1075 121057.99
1076 121057.99
1077 121053.93
1078 121059.18
1079 121057.03
1080 121057.03
1081 121068.00
1082 121057.03
1083 121059.89
1084 121063.95
1085 121053.22
1086 121060.85
1087 121057.99
1088 121057.99
1089 121040.11
1090 121051.79
1091 121047.02
1092 121037.96
1093 121033.91
1094 121024.13
1095 121038.91
1096 121086.12
1097 121048.93
1098 121042.01
1099 121053.93
1100 121077.06
1101 121037.96
1102 121037.01
1103 121039.87
1104 121082.07
1105 121047.02
1106 121063.23
1107 121039.87
1108 121080.16
1109 121036.05
1110 121064.90
1111 121063.95
1112 121089.94
1113 121054.89
1114 121032.95
1115 121044.16
1116 121084.93
1117 121024.13
1118 121035.10
1119 121062.04
1120 121075.87
1121 121060.85
1122 121057.99
1123 121066.09
1124 121030.09
1125 120992.90
1126 121042.97
1127 121066.09
1128 121080.88
1129 121056.08
1130 121055.84
1131 121059.89
1132 121087.07
1133 121053.93
1134 121011.02
1135 121063.95
1136 121069.19
1137 121059.89
1138 121067.05
1139 121060.13
1140 121053.93
1141 121057.99
1142 121057.03
1143 121055.84
1144 121059.89
1145 121070.86
1146 121056.08
1147 121062.99
1148 121086.84
1149 121043.92
1150 121070.15
1151 121036.05
1152 121075.15
1153 121042.97
1154 121042.97
1155 121040.11
1156 121075.15
1157 121009.83
1158 121052.03
1159 121040.11
1160 121082.07
1161 121045.11
1162 121042.97
1163 121038.91
1164 121117.83
1165 121035.81
1166 121032.95
1167 121021.03
1168 121075.87
1169 121070.15
1170 121061.09
1171 121061.09
1172 121070.86
1173 121067.05
1174 121013.88
1175 121054.89
1176 121056.08
1177 121068.00
1178 121060.85
1179 121062.04
1180 121064.90
1181 121053.93
1182 121050.12
1183 121055.84
1184 121056.08
1185 121049.88
1186 121049.17
1187 121043.92
1188 121070.15
1189 121041.06
1190 121053.93
1191 121036.05
1192 121052.98
1193 121041.06
1194 121024.13
1195 121053.93
1196 121057.03
1197 121099.95
1198 121052.03
1199 121048.93
1200 121067.05
1201 121057.03
1202 121047.97
1203 121037.01
1204 121068.95
1205 120994.09
1206 121037.01
1207 121049.88
1208 121066.81
1209 121046.07
1210 121016.03
1211 121078.97
1212 121078.97
1213 121012.93
1214 121056.08
1215 121068.00
1216 121063.95
1217 121069.19
1218 121059.89
1219 121063.95
1220 121066.09
1221 121058.94
1222 121049.17
1223 121057.03
1224 121058.94
1225 121067.05
1226 121062.04
1227 121070.86
1228 121072.05
1229 121062.04
1230 121067.05
1231 121069.91
1232 121060.13
1233 121082.07
1234 121052.03
1235 121063.95
1236 121068.95
1237 120980.98
1238 121054.89
1239 121062.99
1240 121072.05
1241 121065.86
1242 121059.89
1243 121063.95
1244 121057.99
1245 120985.03
1246 121060.13
1247 121065.86
1248 121067.05
1249 121064.90
1250 121057.03
1251 121074.91
1252 120926.14
1253 121059.89
1254 121046.07
1255 121099.00
1256 121054.89
1257 121054.89
1258 121048.93
1259 121095.18
1260 121054.89
1261 121052.03
1262 121062.04
1263 121000.05
1264 121054.89
1265 121057.03
1266 121052.98
1267 121083.02
1268 121047.97
1269 121047.97
1270 121043.92
1271 121084.93
1272 121044.87
1273 121035.10
1274 121037.96
1275 121073.96
1276 121044.87
1277 121042.01
1278 121049.88
1279 121098.04
1280 121056.08
1281 121047.02
1282 121052.03
1283 121009.11
1284 121042.97
1285 120965.00
1286 121062.99
1287 121079.21
1288 121045.83
1289 121054.89
1290 121031.05
1291 121081.11
1292 121039.15
1293 121047.97
1294 121036.05
1295 121069.19
1296 121049.88
1297 121043.92
1298 121049.17
1299 121079.92
