700
0 121111.87
1 121082.07
2 121044.87
3 121051.07
4 121048.93
5 120941.88
6 121046.07
7 121073.01
8 121048.93
9 121071.82
10 121047.02
11 120969.06
12 121052.98
13 120981.93
14 121057.03
15 121071.10
16 121080.88
17 121055.13
18 121062.04
19 121038.91
20 121067.05
21 121058.94
22 121066.09
23 120989.08
24 121060.13
25 121045.83
26 121055.84
27 121079.92
28 121042.97
29 121008.16
30 121059.18
31 121060.85
32 120991.95
33 120978.83
34 121062.99
35 121047.97
36 121061.09
37 121050.12
38 121068.00
39 121062.04
40 121068.00
41 121068.95
42 121037.96
43 120998.86
44 121135.00
45 121029.14
46 121028.90
47 121052.98
48 121043.92
49 121058.94
50 121032.00
51 121057.99
52 121056.08
53 121066.09
54 121017.93
55 121064.90
56 121042.97
57 120999.10
58 121056.08
59 121063.95
60 121058.23
61 120974.06
62 121062.04
63 120992.90
64 121062.99
65 121061.09
66 120994.09
67 121052.98
68 121044.87
69 121058.94
70 121052.03
71 121062.99
72 121066.09
73 121069.19
74 121010.07
75 121066.09
76 121065.14
77 121078.01
78 120991.95
79 121042.97
80 121062.99
81 121052.03
82 121059.18
83 121040.82
84 121062.99
85 121005.06
86 121009.83
87 121073.01
88 121064.90
89 121073.01
90 121045.83
91 121042.97
92 121047.97
93 120908.98
94 121032.00
95 121117.83
96 120905.88
97 120910.88
98 121011.97
99 121129.99
100 121084.93
101 120826.96
102 121012.21
103 120967.86
104 121039.87
105 120951.18
106 121351.96
107 120923.04
108 121145.96
109 120738.98
110 123448.85
111 121747.97
112 123833.89
113 122317.08
114 122211.93
115 122389.08
116 123391.87
117 122681.86
118 122676.13
119 122502.09
120 122612.95
121 123162.98
122 122514.96
123 123275.04
124 123281.00
125 122753.14
126 123688.94
127 123054.98
128 123313.19
129 122667.07
130 122576.00
131 122401.95
132 123997.93
133 123178.96
134 122941.02
135 122843.98
136 123080.97
137 122135.16
138 123800.99
139 123117.92
140 122730.02
141 123932.12
142 122958.18
143 122318.98
144 122631.07
145 123192.07
146 123403.07
147 123009.92
148 123030.90
149 122331.14
150 122609.85
151 123332.98
152 123419.05
153 123239.04
154 122198.10
155 124129.06
156 123208.05
157 123072.86
158 123573.06
159 122999.19
160 122812.03
161 122915.98
162 122880.94
163 123934.98
164 122787.00
165 122744.08
166 122714.04
167 123567.10
168 122658.97
169 122792.96
170 122797.97
171 123020.17
172 122838.97
173 122919.08
174 122900.96
175 122868.06
176 123808.86
177 123339.89
178 122653.01
179 122524.98
180 123420.00
181 122292.04
182 123367.07
183 124040.84
184 122645.85
185 122519.02
186 122756.00
187 121880.05
188 123489.14
189 123252.87
190 123780.01
191 122406.01
192 122352.84
193 124352.93
194 123447.90
195 122400.05
196 123481.04
197 122632.98
198 123502.02
199 122427.94
200 123451.95
201 122411.01
202 122231.96
203 123038.05
204 122720.00
205 125447.03
206 122143.98
207 122781.04
208 122187.14
209 123260.97
210 123965.98
211 122952.94
212 124038.93
213 122219.09
214 122282.98
215 122669.94
216 124480.96
217 122663.97
218 123199.94
219 124010.80
220 123322.01
221 123328.92
222 124566.79
223 121847.87
224 122004.03
225 120888.95
226 121687.17
227 121729.14
228 121603.01
229 121640.92
230 122519.97
231 121458.05
232 121222.97
233 121968.03
234 120988.13
235 123342.04
236 122457.98
237 121557.00
238 122119.90
239 121351.00
240 121284.96
241 121496.92
242 122504.00
243 122226.95
244 122488.98
245 122248.17
246 121577.02
247 122112.99
248 121266.84
249 122623.92
250 121947.05
251 121150.97
252 121275.90
253 122377.87
254 122285.84
255 121428.97
256 121396.06
257 123064.04
258 122079.85
259 122347.83
260 122084.86
261 123018.03
262 121366.02
263 122371.20
264 121482.85
265 121463.06
266 121370.08
267 121542.93
268 121372.94
269 121983.05
270 121958.97
271 121953.96
272 120954.99
273 120954.99
274 121835.95
275 120942.83
276 120893.00
277 122453.93
278 121450.90
279 122364.04
280 121073.96
281 120848.89
282 120753.05
283 122457.98
284 121900.08
285 121822.83
286 121445.89
287 122450.83
288 121757.98
289 122300.86
290 121559.14
291 121608.97
292 121539.83
293 121195.08
294 121636.15
295 122353.08
296 122036.93
297 121651.17
298 122555.02
299 122549.06
300 120970.01
301 121634.01
302 122374.06
303 121847.15
304 121794.94
305 120997.91
306 121616.84
307 121515.04
308 122530.22
309 121584.18
310 121654.99
311 121129.99
312 121232.99
313 121706.96
314 121994.97
315 121865.99
316 120846.99
317 122589.83
318 120882.99
319 120884.18
320 120933.06
321 122077.94
322 121339.08
323 122459.89
324 120892.05
325 123517.99
326 120934.01
327 121492.86
328 122531.89
329 121424.91
330 121531.96
331 121663.09
332 121623.99
333 121522.19
334 121469.97
335 121351.00
336 121504.07
337 122559.07
338 122361.18
339 121497.87
340 122261.05
341 122179.03
342 121267.08
343 122143.03
344 122115.14
345 123019.93
346 122050.05
347 121516.94
348 121747.02
349 121680.02
350 120926.14
351 122766.97
352 123610.02
353 120938.06
354 122494.94
355 122334.00
356 121505.98
357 121222.97
358 121932.98
359 121016.98
360 121009.83
361 120755.91
362 120964.05
363 120997.91
364 120944.02
365 121214.87
366 120821.00
367 121014.12
368 121028.90
369 120793.82
370 120987.18
371 121014.12
372 121440.89
373 120856.05
374 120830.06
375 121000.05
376 120929.00
377 120957.85
378 121134.04
379 121128.08
380 120768.79
381 120810.99
382 120949.03
383 120956.90
384 120909.93
385 120871.78
386 120966.91
387 120997.91
388 121371.03
389 120990.99
390 120835.07
391 121099.00
392 120867.01
393 120994.09
394 120891.09
395 121042.01
396 120834.11
397 121180.06
398 121306.90
399 121057.03
400 121005.06
401 121322.15
402 121107.82
403 120993.85
404 121328.12
405 121102.09
406 121335.03
407 120810.99
408 121167.90
409 121412.04
410 121066.09
411 121256.11
412 120924.00
413 121120.93
414 121138.10
415 120992.90
416 121261.84
417 120994.81
418 121135.95
419 121342.90
420 120817.90
421 121047.97
422 120805.98
423 120889.90
424 121233.94
425 120886.09
426 120903.02
427 121245.86
428 120951.89
429 120913.03
430 121346.00
431 120980.98
432 121030.09
433 120684.86
434 121026.04
435 121117.12
436 120891.09
437 121120.21
438 121150.97
439 120802.88
440 121178.87
441 120858.91
442 120853.19
443 121160.03
444 120815.99
445 120857.00
446 121279.00
447 120949.98
448 120978.83
449 121312.14
450 121017.22
451 121011.02
452 120692.97
453 121021.99
454 121152.88
455 120679.86
456 121125.94
457 121171.00
458 120810.99
459 121187.93
460 120821.00
461 121149.06
462 121237.04
463 121005.06
464 121167.90
465 121266.13
466 120871.07
467 120970.96
468 120733.02
469 120994.09
470 121089.22
471 120652.91
472 121046.07
473 121122.12
474 120719.91
475 121223.93
476 121323.11
477 121334.08
478 121145.96
479 120990.04
480 121565.10
481 120902.06
482 120965.96
483 120955.94
484 120972.16
485 120931.86
486 120912.08
487 120872.02
488 120887.04
489 120945.93
490 120953.08
491 120952.13
492 120960.00
493 120956.90
494 120926.86
495 120929.00
496 120862.96
497 120993.14
498 120956.90
499 120918.99
500 120962.14
501 120965.96
502 120899.92
503 120970.01
504 120928.05
505 120939.97
506 120939.02
507 120946.88
508 120934.96
509 120966.91
510 120949.03
511 120960.95
512 120953.80
513 120965.96
514 120965.00
515 120971.92
516 120957.14
517 120965.96
518 120929.00
519 120971.20
520 120941.16
521 120970.01
522 120926.14
523 120974.06
524 120970.96
525 120944.02
526 120981.93
527 120941.16
528 120874.88
529 120949.98
530 120952.13
531 120959.04
532 120955.94
533 120962.14
534 120896.82
535 120871.07
536 120962.86
537 120960.00
538 120971.92
539 120958.81
540 120975.97
541 120972.16
542 120913.03
543 120982.17
544 120967.86
545 120913.03
546 120967.15
547 120966.91
548 120872.02
549 120959.04
550 120950.22
551 120857.00
552 120960.00
553 120916.13
554 120966.91
555 120846.03
556 120939.02
557 120949.03
558 120952.13
559 120964.05
560 120998.86
561 120970.96
562 120844.13
563 120942.83
564 120963.10
565 120951.89
566 120966.91
567 120965.96
568 120885.13
569 120969.06
570 120955.94
571 120970.96
572 120956.90
573 120857.95
574 120885.13
575 120939.02
576 120898.96
577 120945.93
578 120971.92
579 120948.08
580 120940.92
581 120951.18
582 120924.95
583 120960.95
584 120947.12
585 120969.06
586 120949.98
587 120966.91
588 120851.04
589 120934.96
590 120954.04
591 120951.89
592 120955.94
593 120961.90
594 120966.20
595 120960.95
596 120897.05
597 120961.19
598 120967.86
599 120963.10
600 120990.04
601 120965.00
602 120918.04
603 120970.01
604 120965.00
605 120941.16
606 120951.89
607 120952.84
608 120875.12
609 120956.90
610 120929.00
611 120957.14
612 120952.13
613 120953.08
614 120952.13
615 120990.04
616 120869.87
617 121000.05
618 120965.96
619 120925.19
620 120901.82
621 120946.88
622 120929.00
623 120964.05
624 120935.92
625 120970.96
626 120947.84
627 120972.16
628 120948.08
629 120906.83
630 120960.00
631 120970.01
632 120960.00
633 120973.11
634 120965.96
635 120920.90
636 120937.82
637 120936.87
638 120919.94
639 120903.02
640 120970.96
641 120954.99
642 120928.05
643 120901.11
644 120941.88
645 120910.88
646 120955.94
647 120949.03
648 120895.15
649 120960.00
650 120939.02
651 120961.90
652 120949.03
653 120970.01
654 120957.85
655 120937.11
656 120873.21
657 120913.98
658 120970.96
659 120968.10
660 120945.93
661 120939.97
662 120929.00
663 120944.98
664 120956.90
665 120962.86
666 120959.04
667 120930.91
668 120904.92
669 120948.08
670 120958.09
671 120949.98
672 120925.90
673 120956.90
674 121020.08
675 120963.10
676 120936.87
677 120964.05
678 120943.78
679 120903.02
680 120904.92
681 120914.94
682 120922.09
683 120965.96
684 120968.82
685 120943.07
686 120953.80
687 120952.13
688 120882.99
689 120962.14
690 120962.14
691 120967.86
692 120968.10
693 120923.04
694 120920.90
695 120934.01
696 120939.02
697 120943.78
698 120954.04
699 120948.08
