700
0 121196.99
1 121071.10
2 121058.94
3 120981.93
4 121068.00
5 121071.82
6 121067.05
7 121051.07
8 121047.97
9 121101.14
10 121053.93
11 121050.12
12 120992.90
13 121056.08
14 121066.09
15 121057.99
16 121006.01
17 121068.00
18 121067.05
19 120996.00
20 121070.15
21 121003.87
22 121063.95
23 121032.00
24 121061.09
25 121086.12
26 121062.04
27 121070.86
28 121068.00
29 121068.95
30 121068.95
31 121064.90
32 121062.04
33 121068.00
34 121063.95
35 121059.89
36 121047.97
37 121061.09
38 121054.17
39 121000.77
40 121057.99
41 121066.09
42 121050.12
43 121047.97
44 121047.97
45 121066.09
46 121052.98
47 121073.01
48 121053.93
49 121068.95
50 121070.15
51 121067.05
52 121063.95
53 121032.00
54 121065.86
55 121073.01
56 121070.15
57 121068.00
58 121058.94
59 121006.97
60 121058.94
61 121062.04
62 121042.97
63 121018.89
64 121026.04
65 121065.14
66 121005.77
67 121051.07
68 121047.97
69 121071.10
70 121048.93
71 121045.11
72 121078.01
73 121024.13
74 121070.86
75 121059.89
76 121063.95
77 121065.14
78 121066.09
79 121003.15
80 121068.00
81 121071.10
82 121062.99
83 121067.05
84 121064.90
85 121058.94
86 121044.16
87 121061.09
88 121068.00
89 121069.19
90 121071.10
91 121068.00
92 121087.07
93 120932.10
94 121062.99
95 121012.93
96 121023.89
97 121040.11
98 121083.97
99 120969.06
100 121064.90
101 121003.15
102 121068.00
103 121117.83
104 121042.01
105 120989.08
106 121262.07
107 120909.93
108 121639.01
109 120974.06
110 121176.96
111 121920.11
112 123464.11
113 120935.92
114 123898.03
115 124098.78
116 123997.21
117 124751.09
118 126958.13
119 126374.01
120 124835.01
121 124689.10
122 125597.95
123 125650.17
124 124182.94
125 124749.90
126 125868.80
127 126755.95
128 125314.00
129 125060.80
130 124708.89
131 125776.05
132 123995.07
133 125097.04
134 124542.00
135 124244.93
136 125689.98
137 125366.93
138 124198.91
139 124532.94
140 124449.97
141 125220.06
142 125498.06
143 124676.94
144 124757.05
145 126203.06
146 125133.04
147 124988.08
148 124234.91
149 126266.00
150 125586.99
151 126137.97
152 124489.07
153 124536.99
154 126638.17
155 125025.03
156 124411.11
157 125133.99
158 123495.82
159 124253.03
160 124638.08
161 123487.95
162 124406.10
163 125952.01
164 125051.98
165 125180.01
166 125746.97
167 124914.17
168 124008.18
169 124003.89
170 125722.89
171 125804.90
172 124881.98
173 124885.08
174 124079.94
175 123889.92
176 126168.01
177 124538.18
178 123511.08
179 126214.03
180 124900.10
181 124711.04
182 124598.03
183 124537.94
184 124578.95
185 125262.98
186 123491.05
187 124186.99
188 124893.90
189 125866.89
190 125854.02
191 125929.83
192 124977.11
193 124232.05
194 124578.00
195 125513.79
196 125433.92
197 124094.01
198 126050.95
199 125221.97
200 125142.81
201 124462.13
202 126921.89
203 125333.07
204 124751.81
205 123324.16
206 124941.83
207 124129.06
208 124512.91
209 125348.09
210 124062.06
211 125046.01
212 124073.98
213 124893.90
214 123972.89
215 124792.10
216 125780.11
217 124974.97
218 124808.07
219 123960.02
220 125175.00
221 125206.95
222 124339.82
223 125678.06
224 122395.04
225 122277.02
226 121534.11
227 120781.18
228 121658.09
229 122335.20
230 121171.00
231 121560.10
232 122226.00
233 121382.95
234 121097.80
235 121881.96
236 120996.95
237 121062.04
238 121191.98
239 121737.96
240 121034.15
241 122774.84
242 121820.93
243 121047.97
244 121043.92
245 121299.03
246 121402.98
247 122020.96
248 121116.88
249 122051.00
250 120943.78
251 123427.15
252 121604.92
253 122174.02
254 121764.18
255 121874.09
256 121929.88
257 121021.03
258 122524.02
259 122516.87
260 120998.14
261 121522.90
262 121458.05
263 121021.99
264 121646.88
265 122384.07
266 121623.99
267 121464.97
268 121380.09
269 121842.86
270 121880.05
271 122697.11
272 121067.05
273 122884.99
274 120984.08
275 122521.88
276 122375.97
277 121128.08
278 121013.88
279 122508.05
280 121089.94
281 122534.04
282 121757.03
283 121807.10
284 122535.94
285 121477.13
286 121530.06
287 120963.81
288 121169.09
289 123704.91
290 121613.98
291 122301.82
292 122092.96
293 122174.98
294 122758.87
295 122105.84
296 121047.97
297 122329.00
298 123567.10
299 121723.89
300 120980.98
301 121124.98
302 122202.87
303 121925.12
304 121190.79
305 121532.92
306 123871.09
307 121728.90
308 121763.94
309 122691.87
310 121876.96
311 122023.82
312 121972.08
313 120929.96
314 120980.02
315 121826.89
316 120844.13
317 121044.87
318 121984.00
319 122764.83
320 121619.94
321 121752.98
322 121484.99
323 122136.83
324 121359.11
325 121744.87
326 121808.05
327 122044.09
328 121793.03
329 122246.98
330 122878.07
331 121114.02
332 121127.13
333 122995.85
334 122090.82
335 121001.96
336 121495.96
337 122091.05
338 121402.03
339 121315.00
340 121482.13
341 121371.03
342 120908.02
343 121614.93
344 121393.92
345 122036.93
346 121506.93
347 122170.93
348 121503.11
349 122046.95
350 122051.95
351 120996.95
352 121907.00
353 121212.96
354 121834.99
355 120920.90
356 121297.12
357 121359.11
358 122905.97
359 120927.10
360 120827.20
361 120885.85
362 120985.03
363 121142.15
364 121198.18
365 120903.97
366 121057.99
367 121143.10
368 121057.99
369 120980.98
370 120886.80
371 120933.06
372 120990.99
373 121083.02
374 121059.89
375 120786.91
376 121109.96
377 121006.97
378 120874.17
379 121160.98
380 120779.04
381 121177.91
382 121313.81
383 120991.95
384 120977.88
385 120870.11
386 120753.05
387 121022.94
388 121420.86
389 121220.83
390 121176.00
391 121068.00
392 121357.92
393 121473.07
394 120916.13
395 121223.93
396 121178.87
397 121288.06
398 120823.86
399 120973.11
400 121199.85
401 120821.95
402 121170.04
403 121188.16
404 120841.03
405 121216.06
406 120813.85
407 121093.99
408 121230.84
409 120769.02
410 121052.98
411 121222.02
412 121021.03
413 121095.18
414 121373.89
415 120970.96
416 121258.97
417 120843.89
418 120940.92
419 121215.11
420 120867.01
421 121181.01
422 121260.88
423 120868.92
424 121136.90
425 120790.00
426 121012.93
427 121279.95
428 120882.03
429 120972.87
430 121227.03
431 120918.99
432 121068.00
433 120816.95
434 121031.05
435 121215.11
436 120900.87
437 121145.01
438 121227.98
439 120815.04
440 121114.02
441 120819.81
442 120990.04
443 121207.00
444 120954.04
445 120882.03
446 121203.18
447 120790.00
448 121097.09
449 120743.99
450 121024.85
451 121099.95
452 120693.92
453 121038.91
454 121179.10
455 120692.97
456 120977.88
457 121176.00
458 120693.92
459 121133.09
460 121314.05
461 121003.87
462 121178.15
463 120925.90
464 120835.07
465 121191.98
466 120860.10
467 121075.87
468 121135.00
469 120789.05
470 121010.07
471 120774.98
472 120893.96
473 121167.90
474 120793.10
475 121061.80
476 121222.97
477 120984.79
478 120981.93
479 121146.92
480 121124.98
481 121143.82
482 121052.98
483 121111.87
484 121135.95
485 121140.00
486 121135.00
487 121141.91
488 121132.85
489 121051.07
490 121142.15
491 121140.96
492 121143.10
493 121123.08
494 121109.01
495 121144.06
496 121121.88
497 121130.94
498 121128.08
499 121106.86
500 121139.05
501 121124.03
502 121125.94
503 121109.96
504 121142.86
505 121104.96
506 121083.02
507 121124.98
508 121138.10
509 121135.95
510 121045.83
511 121142.86
512 121170.04
513 121154.07
514 121084.93
515 121025.09
516 121139.05
517 121133.09
518 121140.00
519 121135.00
520 121140.00
521 121137.14
522 121115.92
523 121116.88
524 121112.11
525 121094.94
526 121125.94
527 121138.81
528 121123.08
529 121139.05
530 121142.86
531 121138.10
532 121145.01
533 121140.00
534 121117.83
535 121159.08
536 121129.04
537 121145.01
538 121147.87
539 121078.97
540 121146.92
541 121121.88
542 121139.05
543 121130.94
544 121117.83
545 121093.03
546 121127.84
547 121134.04
548 121181.01
549 121119.02
550 121061.09
551 121123.08
552 121118.07
553 121145.01
554 121045.83
555 121147.16
556 121127.13
557 121147.87
558 121129.99
559 121129.04
560 121133.80
561 121117.83
562 121143.10
563 121137.86
564 121078.97
565 121099.95
566 121145.96
567 121122.12
568 121113.06
569 121124.98
570 121175.05
571 121127.13
572 121099.00
573 121128.08
574 121101.86
575 121129.99
576 121157.88
577 121092.80
578 121102.09
579 121138.81
580 121127.84
581 121108.06
582 121135.00
583 121130.94
584 121117.12
585 121103.05
586 121126.89
587 121144.06
588 121143.10
589 121108.06
590 121049.17
591 121115.92
592 121130.94
593 121165.99
594 121037.96
595 120946.17
596 121109.96
597 121112.11
598 121128.08
599 121145.96
600 121150.02
601 121135.95
602 121134.04
603 121101.86
604 121130.94
605 121141.91
606 121133.09
607 121110.92
608 121141.91
609 121122.12
610 121092.80
611 121204.85
612 121144.06
613 121114.02
614 121077.06
615 121125.94
616 121143.10
617 121133.09
618 121144.06
619 121118.78
620 121124.98
621 121129.99
622 121133.09
623 121139.05
624 121140.00
625 121086.84
626 121145.01
627 121138.10
628 121160.03
629 121056.08
630 121061.09
631 121099.95
632 121139.05
633 121120.93
634 121126.89
635 121134.04
636 121080.88
637 121141.91
638 121137.86
639 121159.08
640 121145.96
641 121119.02
642 121116.16
643 121132.14
644 121122.12
645 121142.86
646 121127.84
647 121140.00
648 121134.04
649 121145.96
650 121150.02
651 121141.91
652 121089.22
653 121093.03
654 121140.00
655 121118.07
656 121141.91
657 121119.02
658 121142.15
659 121140.00
660 121078.97
661 121041.06
662 121160.03
663 121135.95
664 121098.04
665 121098.04
666 121148.11
667 121147.16
668 121066.81
669 121061.09
670 121064.90
671 121124.98
672 121145.96
673 121132.14
674 121006.01
675 121140.00
676 121153.12
677 121068.00
678 121120.93
679 121143.10
680 121126.89
681 121145.01
682 121134.04
683 121115.92
684 121139.05
685 121168.85
686 121143.10
687 121093.99
688 121145.01
689 121138.10
690 121148.11
691 121142.15
692 121120.93
693 121122.84
694 121132.14
695 121061.09
696 121127.84
697 121114.97
698 121137.14
699 121026.04
