550
0 121371.03
1 121137.14
2 121066.09
3 121069.91
4 121124.03
5 121085.88
6 121107.10
7 121123.08
8 121104.96
9 121140.96
10 121131.90
11 121054.89
12 121117.12
13 121126.17
14 121113.06
15 121115.92
16 121101.86
17 121129.99
18 121129.99
19 121120.93
20 121120.93
21 121111.87
22 121112.11
23 121105.91
24 121110.92
25 121153.83
26 121117.83
27 121114.97
28 121124.98
29 121102.09
30 121126.89
31 121078.01
32 121118.07
33 121119.98
34 121115.92
35 121111.15
36 121109.96
37 121129.04
38 121130.94
39 121112.11
40 121115.21
41 121096.13
42 121107.82
43 121104.96
44 121115.92
45 121127.13
46 121119.02
47 121099.95
48 121133.09
49 121100.90
50 121123.08
51 121060.13
52 121114.02
53 121042.01
54 121106.15
55 121114.97
56 121093.03
57 121118.07
58 121122.12
59 121109.01
60 121104.96
61 121116.16
62 121155.02
63 121110.92
64 121093.99
65 121109.96
66 121098.04
67 121108.06
68 121097.09
69 121116.16
70 121133.80
71 121038.91
72 121037.01
73 121074.20
74 121104.00
75 121134.04
76 121107.82
77 121113.06
78 121078.97
79 121091.84
80 121119.02
81 121104.00
82 121107.10
83 121105.91
84 121124.03
85 121116.16
86 121080.16
87 121116.16
88 121124.03
89 121099.00
90 121112.11
91 121079.21
92 121109.01
93 121114.97
94 121112.11
95 121075.15
96 121060.85
97 121032.00
98 121102.09
99 121084.93
100 121001.01
101 121127.13
102 121049.17
103 121116.88
104 121016.98
105 121109.01
106 121132.14
107 121007.92
108 121019.84
109 121108.06
110 121058.94
111 120972.87
112 120969.06
113 121047.02
114 121564.87
115 121057.03
116 120974.06
117 121100.90
118 121127.13
119 120991.95
120 120934.01
121 121123.08
122 121130.94
123 121037.96
124 121021.99
125 121128.08
126 121064.90
127 121021.99
128 120988.13
129 120962.14
130 121115.21
131 121826.89
132 121021.99
133 120841.98
134 121122.12
135 121271.85
136 120991.95
137 121138.10
138 120973.11
139 120952.84
140 120862.01
141 120934.01
142 121133.09
143 120943.07
144 121032.95
145 120996.95
146 121057.99
147 121119.02
148 120971.92
149 121006.01
150 121023.18
151 120935.92
152 120972.87
153 120973.11
154 120900.87
155 121155.02
156 121060.13
157 121042.01
158 121095.90
159 121124.03
160 121080.16
161 120942.83
162 120802.88
163 121098.04
164 121904.13
165 121037.01
166 121019.84
167 120867.97
168 121062.04
169 120972.16
170 120945.22
171 120971.92
172 121489.05
173 120832.92
174 120947.12
175 120997.19
176 121412.04
177 121425.87
178 121073.01
179 121012.93
180 120968.10
181 120851.04
182 121124.03
183 121049.88
184 121428.97
185 121003.87
186 121186.02
187 121002.91
188 121139.05
189 121431.83
190 121459.96
191 120975.97
192 121078.01
193 121021.99
194 120947.12
195 120965.00
196 121142.86
197 121665.00
198 120846.03
199 120934.96
200 121006.97
201 120914.94
202 121549.84
203 120982.89
204 120960.00
205 121156.22
206 121117.12
207 120979.07
208 120986.94
209 121515.99
210 120938.06
211 121025.09
212 120903.97
213 120975.02
214 121953.96
215 121123.08
216 120773.08
217 120858.91
218 121052.98
219 121183.87
220 121060.13
221 121094.94
222 121273.04
223 121129.04
224 120933.06
225 120979.07
226 120952.13
227 120833.87
228 120934.01
229 120961.19
230 121191.02
231 121288.06
232 121049.88
233 121077.06
234 121000.05
235 121372.94
236 121543.17
237 120960.95
238 120820.05
239 121961.12
240 120974.06
241 121274.95
242 121024.13
243 121455.91
244 121473.07
245 120932.10
246 120882.03
247 121159.08
248 121689.08
249 121066.09
250 120990.04
251 121237.04
252 121102.09
253 121329.07
254 121003.15
255 121342.18
256 121391.06
257 121367.93
258 120966.91
259 121114.02
260 120959.04
261 121055.84
262 120990.04
263 121291.88
264 120771.17
265 121145.96
266 121299.03
267 120898.96
268 121212.96
269 121635.20
270 120931.15
271 120952.13
272 120867.01
273 120858.19
274 121133.09
275 121160.03
276 120948.08
277 120965.00
278 121241.09
279 120966.20
280 121099.95
281 121219.87
282 122220.99
283 121035.10
284 120915.89
285 121198.89
286 121808.05
287 121164.08
288 120852.95
289 121467.11
290 122195.01
291 120810.99
292 121086.84
293 121272.09
294 120882.03
295 122056.96
296 120922.09
297 120821.00
298 121237.04
299 121277.81
300 121676.92
301 121051.07
302 120797.16
303 121170.04
304 120949.98
305 121304.99
306 121096.13
307 121449.95
308 120971.92
309 120932.10
310 121263.98
311 120990.99
312 121092.80
313 121250.87
314 121011.02
315 120941.88
316 121019.12
317 121536.97
318 121315.96
319 121276.86
320 121000.05
321 120964.05
322 121520.04
323 121260.88
324 121280.91
325 120949.03
326 121890.07
327 121716.02
328 121340.04
329 121201.99
330 120841.03
331 121088.03
332 121656.89
333 121235.85
334 121437.07
335 121171.95
336 121438.03
337 121247.77
338 121525.05
339 121591.09
340 121065.14
341 121243.00
342 121011.02
343 121231.08
344 121670.96
345 121464.01
346 121570.11
347 121350.05
348 121136.19
349 121442.08
350 121438.03
351 121154.07
352 121266.13
353 121033.91
354 121071.10
355 121407.99
356 121561.05
357 121272.09
358 121063.95
359 120908.98
360 120871.07
361 120965.96
362 121116.16
363 121145.96
364 121106.15
365 120999.10
366 120910.88
367 120926.86
368 121335.98
369 121032.95
370 121119.98
371 121160.98
372 120943.07
373 121271.85
374 121065.14
375 121141.91
376 121389.15
377 120863.91
378 120983.84
379 121237.04
380 120920.18
381 120868.92
382 120920.90
383 121131.18
384 121017.93
385 121018.89
386 120950.94
387 120969.06
388 121266.13
389 120911.84
390 121006.97
391 120996.00
392 121027.95
393 121009.83
394 120886.80
395 121053.93
396 121133.09
397 121052.98
398 121249.91
399 121050.83
400 121067.05
401 120955.94
402 121115.21
403 121283.05
404 121367.93
405 121083.02
406 120924.95
407 121021.99
408 121041.06
409 121099.95
410 121193.89
411 121137.14
412 121018.17
413 121014.12
414 121107.10
415 121207.00
416 120925.90
417 121453.05
418 120975.02
419 120871.07
420 120965.96
421 121068.00
422 120855.09
423 121322.15
424 121074.20
425 121017.93
426 121555.09
427 121001.01
428 121090.89
429 121037.96
430 121055.13
431 120997.91
432 120908.02
433 121247.05
434 121431.11
435 121473.07
436 121227.03
437 120938.78
438 121351.96
439 120984.08
440 121258.02
441 121075.87
442 120901.11
443 121215.11
444 121169.81
445 121226.79
446 121176.96
447 121001.01
448 120951.89
449 121329.78
450 121006.01
451 121003.15
452 120992.18
453 120843.89
454 121026.99
455 121149.06
456 120876.07
457 120942.83
458 121165.99
459 121068.00
460 121096.85
461 121547.94
462 121158.84
463 121274.95
464 121170.04
465 121356.01
466 120816.95
467 121050.12
468 121455.19
469 121090.89
470 121232.99
471 120972.87
472 120944.98
473 121186.97
474 121378.18
475 121118.07
476 121095.90
477 120993.14
478 120857.95
479 121495.96
480 121303.08
481 121407.03
482 120887.99
483 121129.04
484 121275.90
485 121207.00
486 120891.81
487 120829.11
488 121076.11
489 121500.02
490 121148.82
491 121202.95
492 121152.88
493 121287.11
494 121083.02
495 121241.09
496 121472.12
497 121321.92
498 120832.92
499 121038.91
500 121119.98
501 121572.97
502 121179.10
503 121478.08
504 120983.84
505 120932.10
506 121780.87
507 121545.08
508 120851.04
509 121382.00
510 120934.01
511 120985.03
512 121295.21
513 121402.98
514 121306.90
515 120944.98
516 120885.85
517 121376.04
518 121432.07
519 121129.04
520 121116.88
521 120851.99
522 121230.84
523 121414.90
524 121751.07
525 121403.93
526 121563.91
527 121445.89
528 121560.81
529 120820.05
530 121320.96
531 120761.16
532 121095.18
533 121158.12
534 121248.01
535 121333.12
536 121447.09
537 120909.93
538 121083.02
539 121563.91
540 121170.04
541 121181.96
542 121593.00
543 121212.01
544 121243.95
545 121006.97
546 121119.02
547 120859.15
548 121490.00
549 121630.19
