550
0 121276.86
1 121195.08
2 121154.07
3 121140.96
4 121180.06
5 121182.92
6 121199.13
7 121082.07
8 121171.00
9 121181.01
10 121178.87
11 121176.00
12 121176.00
13 121188.16
14 121170.04
15 121174.10
16 121183.16
17 121137.14
18 121193.89
19 121193.17
20 121186.97
21 121189.12
22 121205.81
23 121074.91
24 121147.16
25 121160.98
26 121207.00
27 121190.79
28 121154.07
29 121191.98
30 121222.02
31 121175.05
32 121153.83
33 121165.99
34 121150.97
35 121185.06
36 121190.07
37 121179.10
38 121180.06
39 121165.04
40 121167.18
41 121166.94
42 121218.92
43 121158.12
44 121166.94
45 121163.13
46 121201.04
47 121186.02
48 121140.00
49 121181.96
50 121198.18
51 121175.05
52 121181.96
53 121192.93
54 121201.99
55 121178.87
56 121190.07
57 121182.92
58 121205.09
59 121176.00
60 121174.10
61 121170.04
62 121135.95
63 121139.05
64 121187.93
65 121183.16
66 121191.98
67 121182.92
68 121189.12
69 121172.90
70 121204.14
71 121187.93
72 121182.92
73 121152.16
74 121191.02
75 121189.12
76 121183.16
77 121180.06
78 121189.12
79 121190.79
80 121177.91
81 121185.06
82 121194.12
83 121155.98
84 121190.07
85 121181.96
86 121194.12
87 121176.00
88 121176.96
89 121181.01
90 121181.96
91 121185.06
92 121181.96
93 121067.05
94 121201.04
95 121191.02
96 121121.17
97 121088.98
98 121194.12
99 121197.94
100 120949.03
101 121182.92
102 121099.95
103 121145.01
104 121168.85
105 121255.87
106 121140.96
107 121200.08
108 121937.99
109 121232.03
110 120927.10
111 121176.96
112 121419.19
113 121185.06
114 121224.88
115 121007.92
116 121253.01
117 121487.86
118 121148.11
119 121274.95
120 121033.19
121 121237.04
122 121664.05
123 121196.03
124 121173.14
125 121073.96
126 121248.01
127 121187.93
128 121232.99
129 121083.02
130 121179.10
131 121011.02
132 121023.89
133 121021.03
134 121063.95
135 121133.80
136 121155.98
137 121104.00
138 121100.19
139 120932.10
140 121232.03
141 121125.94
142 121056.08
143 121053.93
144 120961.19
145 121247.05
146 121260.88
147 121244.91
148 121194.12
149 121021.99
150 121145.01
151 121430.16
152 121226.79
153 121208.91
154 121001.96
155 121150.97
156 122067.93
157 121197.94
158 121450.90
159 121181.01
160 121145.96
161 121199.13
162 121885.78
163 121076.82
164 121230.84
165 121227.03
166 121099.00
167 121159.08
168 121197.94
169 121243.95
170 121181.01
171 121082.07
172 121171.00
173 121620.89
174 122105.12
175 121336.94
176 121057.99
177 121243.95
178 121165.04
179 121176.96
180 121366.98
181 121074.91
182 121152.16
183 121083.97
184 121134.04
185 121024.13
186 121176.00
187 121118.07
188 121003.15
189 121084.93
190 121332.17
191 121394.87
192 120924.95
193 121068.95
194 121145.01
195 121192.93
196 121154.07
197 121498.82
198 121239.90
199 120969.06
200 121129.04
201 121112.82
202 121595.86
203 121412.04
204 120946.88
205 121029.14
206 121103.05
207 120975.97
208 121205.09
209 121010.07
210 121167.18
211 121277.09
212 121060.13
213 121061.09
214 121132.14
215 121972.08
216 120924.00
217 121191.98
218 120978.83
219 121115.92
220 121790.89
221 121741.06
222 121177.91
223 121124.03
224 121102.09
225 121137.14
226 120985.98
227 122020.96
228 121067.05
229 121116.16
230 121124.98
231 121865.99
232 121153.12
233 121258.97
234 120953.08
235 120929.00
236 122405.05
237 121484.04
238 121845.96
239 121158.12
240 121083.97
241 121065.86
242 121486.90
243 121027.95
244 121876.00
245 121285.92
246 121017.93
247 121122.12
248 121460.91
249 121407.03
250 121757.03
251 121079.92
252 120898.01
253 121555.81
254 121986.15
255 121482.85
256 121143.10
257 120881.08
258 121206.05
259 121135.00
260 121496.92
261 121184.83
262 121465.92
263 121115.92
264 121515.99
265 121711.02
266 121490.96
267 121503.11
268 121099.00
269 121736.05
270 121361.02
271 121020.08
272 120923.04
273 121187.93
274 121129.99
275 121471.88
276 121406.08
277 121348.14
278 120990.04
279 121753.22
280 121091.13
281 120989.80
282 121065.86
283 121072.05
284 121515.04
285 120971.92
286 121957.78
287 122278.93
288 120841.03
289 120877.98
290 121967.08
291 120851.04
292 121127.13
293 121347.90
294 121879.10
295 121616.84
296 120898.96
297 121574.88
298 121405.12
299 121351.00
300 121196.03
301 121475.93
302 121178.15
303 121207.95
304 120982.17
305 120947.12
306 122001.17
307 121972.80
308 121239.19
309 121688.13
310 121781.11
311 121613.03
312 121263.98
313 121783.97
314 121093.99
315 121457.82
316 121378.18
317 121415.14
318 121003.87
319 121057.03
320 121070.15
321 121653.08
322 121042.01
323 121549.84
324 121046.07
325 121038.20
326 121435.88
327 121049.88
328 121383.91
329 121464.97
330 120903.02
331 121115.92
332 121175.05
333 122133.97
334 121051.79
335 121140.00
336 122012.85
337 121169.81
338 120943.07
339 121475.93
340 121442.08
341 121526.00
342 121105.91
343 121897.94
344 121258.97
345 121269.23
346 121462.82
347 120985.03
348 121156.93
349 121248.01
350 121035.10
351 121338.84
352 121176.00
353 121587.04
354 121476.89
355 121723.89
356 121092.08
357 120824.10
358 121758.94
359 121261.12
360 120827.91
361 121072.05
362 120944.98
363 120929.96
364 121051.07
365 121016.98
366 121011.02
367 121200.08
368 121296.88
369 121060.85
370 121016.03
371 121019.12
372 121105.91
373 121267.08
374 121114.02
375 121501.92
376 121105.19
377 121531.01
378 120932.82
379 121001.96
380 121116.88
381 121469.97
382 121256.83
383 121145.01
384 120950.94
385 121088.03
386 120975.97
387 121418.95
388 120838.17
389 121077.06
390 121054.89
391 121097.09
392 120924.00
393 120735.88
394 121249.91
395 121189.12
396 120984.08
397 121285.92
398 121217.97
399 121068.00
400 121000.05
401 120996.95
402 121042.01
403 120959.04
404 120904.92
405 121001.01
406 121039.87
407 121375.08
408 121380.09
409 121214.87
410 121073.96
411 121035.10
412 121157.88
413 121077.06
414 121335.98
415 121062.99
416 120814.09
417 120788.10
418 121303.08
419 121186.97
420 120970.96
421 120910.17
422 121072.05
423 120882.03
424 121163.85
425 120753.05
426 121023.89
427 121233.22
428 120996.00
429 121016.03
430 120698.21
431 120942.12
432 121120.93
433 120887.04
434 121145.01
435 121012.93
436 120979.07
437 121609.93
438 121102.09
439 121054.89
440 121073.01
441 120949.98
442 120868.92
443 121090.89
444 121500.02
445 121048.93
446 120851.04
447 121123.79
448 121376.99
449 121135.95
450 120995.04
451 120958.09
452 120813.85
453 121171.95
454 121038.91
455 121201.04
456 121562.96
457 120969.06
458 120978.83
459 121374.13
460 120943.07
461 121189.83
462 121006.01
463 120870.11
464 121304.99
465 121319.06
466 121051.07
467 121033.91
468 120918.04
469 120930.19
470 121315.96
471 120907.07
472 121588.95
473 121668.10
474 120892.05
475 120954.04
476 120997.91
477 121191.98
478 121463.06
479 121372.94
480 120975.02
481 121555.81
482 121468.07
483 120953.08
484 121011.97
485 121434.93
486 121027.95
487 121362.92
488 121484.04
489 121359.83
490 121648.07
491 120841.03
492 120903.02
493 121479.03
494 121207.95
495 121393.92
496 120877.03
497 120908.02
498 121109.96
499 121217.97
500 121119.02
501 121129.99
502 121233.94
503 121056.80
504 121503.83
505 121324.06
506 121346.95
507 121741.06
508 121011.97
509 121391.06
510 121713.16
511 121425.15
512 121584.89
513 121006.97
514 121670.96
515 121006.97
516 121146.92
517 121355.06
518 121033.91
519 121442.08
520 121025.09
521 121469.97
522 121608.97
523 121577.02
524 121714.12
525 121153.83
526 121024.13
527 121604.20
528 121994.02
529 121393.92
530 121207.00
531 121321.92
532 121889.11
533 121249.91
534 121340.04
535 121504.07
536 121444.94
537 121042.97
538 121533.87
539 121032.00
540 121984.00
541 121582.98
542 120913.98
543 121496.20
544 121263.98
545 121762.04
546 121108.06
547 120859.15
548 121603.97
549 121364.83
