550
0 121123.08
1 121032.00
2 121050.83
3 121119.02
4 121080.88
5 121093.03
6 121109.96
7 121114.97
8 121052.03
9 121123.08
10 121129.04
11 121126.89
12 121087.07
13 121084.21
14 121105.91
15 121099.00
16 121058.94
17 121104.96
18 121111.15
19 121123.08
20 121122.12
21 121120.93
22 121124.03
23 121122.12
24 121088.98
25 121094.94
26 121108.06
27 121116.88
28 121118.07
29 121119.02
30 121127.13
31 121123.08
32 121099.00
33 121122.12
34 121063.23
35 121096.85
36 121125.94
37 121101.86
38 121128.80
39 121115.21
40 121096.13
41 121115.92
42 121104.00
43 121116.88
44 121068.00
45 121127.84
46 121104.00
47 121109.01
48 121112.11
49 121110.20
50 121115.92
51 121108.06
52 121117.83
53 121121.88
54 121032.95
55 121125.94
56 121128.08
57 121152.88
58 121104.00
59 121083.97
60 121124.03
61 121129.99
62 121126.89
63 121133.09
64 121078.01
65 121129.04
66 121132.85
67 121128.08
68 120987.89
69 121064.90
70 121087.07
71 121108.06
72 121112.11
73 121119.02
74 121028.90
75 121104.00
76 121117.12
77 121110.92
78 121124.03
79 121110.92
80 121116.88
81 121119.02
82 121125.94
83 121177.91
84 121085.88
85 121087.07
86 121084.93
87 121129.99
88 121098.04
89 121119.98
90 121106.86
91 121123.08
92 121114.02
93 121044.16
94 121059.89
95 121134.04
96 120975.97
97 121129.04
98 121132.14
99 121041.06
100 121031.05
101 121080.16
102 121265.89
103 121142.15
104 121018.17
105 120975.97
106 121135.00
107 121262.07
108 121075.87
109 121862.89
110 120913.03
111 121073.96
112 121051.07
113 121181.01
114 120738.98
115 121057.99
116 121032.95
117 120939.97
118 121111.15
119 121257.07
120 121009.11
121 121095.90
122 122184.04
123 121133.09
124 120958.09
125 121046.07
126 120996.00
127 120988.85
128 121025.09
129 121462.11
130 121165.99
131 120946.88
132 120965.96
133 121001.01
134 121031.05
135 121179.10
136 121073.01
137 121103.05
138 121064.90
139 120866.06
140 121044.87
141 120904.92
142 121104.96
143 121469.97
144 120964.05
145 121053.93
146 120907.07
147 121119.98
148 121435.17
149 121025.09
150 121032.95
151 121186.97
152 121106.15
153 121562.96
154 120945.93
155 120970.01
156 121629.00
157 121074.91
158 120867.01
159 121112.82
160 121265.89
161 121062.99
162 121054.17
163 120992.90
164 121016.03
165 121376.04
166 121068.00
167 120992.18
168 121387.00
169 120949.98
170 120906.83
171 121495.96
172 120893.00
173 120915.89
174 121039.15
175 121031.05
176 121108.06
177 120776.89
178 120934.96
179 121049.17
180 121104.00
181 121174.10
182 121138.10
183 121130.94
184 121146.92
185 121078.97
186 120987.89
187 121263.03
188 121026.99
189 121957.06
190 120942.12
191 120992.18
192 121099.00
193 121075.87
194 120915.89
195 120906.11
196 121009.11
197 120883.94
198 121070.15
199 120975.97
200 121346.00
201 121340.04
202 120921.85
203 121092.08
204 121128.80
205 121119.98
206 120970.01
207 121106.15
208 120960.95
209 121000.05
210 121115.92
211 121829.99
212 120996.00
213 121092.08
214 121267.08
215 121503.83
216 121584.89
217 121099.00
218 120965.96
219 121104.00
220 120999.10
221 120903.02
222 121129.04
223 120808.84
224 121044.16
225 120990.99
226 121399.88
227 121488.09
228 121176.00
229 121227.98
230 121099.95
231 121623.04
232 120945.93
233 121155.02
234 121059.89
235 121522.19
236 121057.99
237 121076.11
238 121099.95
239 121098.04
240 121341.94
241 120971.92
242 120838.17
243 121093.03
244 121401.07
245 121120.21
246 121104.96
247 121305.94
248 120834.11
249 121102.09
250 120939.02
251 121033.91
252 121604.92
253 120810.99
254 121406.08
255 121410.13
256 120829.82
257 121349.10
258 121572.97
259 120859.86
260 120991.95
261 120872.02
262 121401.07
263 121351.00
264 122230.05
265 121428.97
266 121105.19
267 120980.02
268 120944.98
269 120890.14
270 121010.07
271 120932.82
272 120769.02
273 121632.10
274 121289.97
275 121526.00
276 121135.95
277 121506.93
278 120963.10
279 120911.84
280 121219.87
281 121222.02
282 120803.12
283 121187.93
284 120821.95
285 120896.82
286 120952.84
287 121547.94
288 121208.91
289 121079.21
290 121581.08
291 121315.00
292 121436.12
293 121670.96
294 121873.14
295 120874.88
296 121021.03
297 121714.12
298 121092.80
299 120860.10
300 121820.93
301 121570.11
302 121176.96
303 120862.01
304 121178.87
305 121584.89
306 121575.83
307 121068.00
308 120950.22
309 121194.12
310 120917.08
311 120908.02
312 121001.96
313 121402.98
314 120955.94
315 120754.00
316 121340.99
317 120857.95
318 120862.96
319 121755.84
320 121392.01
321 121264.22
322 121215.11
323 121057.03
324 121141.91
325 121039.15
326 121027.95
327 121035.10
328 120895.15
329 120733.02
330 121436.83
331 121169.09
332 120929.00
333 121526.00
334 121122.84
335 120877.98
336 121505.98
337 121622.09
338 121266.13
339 121449.95
340 121315.00
341 121110.92
342 121665.95
343 121120.93
344 121415.14
345 120760.92
346 120999.81
347 121082.07
348 121209.14
349 121223.93
350 121366.02
351 121003.15
352 121096.13
353 121593.95
354 121309.04
355 121098.04
356 121053.93
357 120995.04
358 121466.88
359 120790.96
360 121235.13
361 120735.17
362 120968.10
363 120743.04
364 120694.88
365 120983.12
366 120883.94
367 120861.05
368 120807.17
369 121251.82
370 120846.03
371 120836.02
372 121068.95
373 121426.11
374 120841.98
375 120895.86
376 120833.16
377 120854.85
378 120928.05
379 121008.87
380 121165.99
381 120800.02
382 121036.05
383 120964.05
384 120872.97
385 121005.06
386 120963.10
387 120826.01
388 120752.10
389 120934.01
390 120970.01
391 120862.01
392 120791.20
393 120797.16
394 120968.10
395 120768.07
396 120735.88
397 120940.92
398 120790.00
399 120761.87
400 120931.15
401 120944.98
402 120949.03
403 121053.93
404 120938.06
405 120752.10
406 120877.03
407 120960.00
408 121432.07
409 120925.19
410 120943.07
411 120848.18
412 120960.00
413 120949.03
414 120977.88
415 120924.00
416 121038.91
417 120988.85
418 120832.92
419 120763.06
420 120817.18
421 120796.92
422 121074.91
423 121206.05
424 120832.92
425 120858.19
426 120705.84
427 120896.10
428 120802.88
429 120647.91
430 121058.94
431 120895.15
432 120954.99
433 120977.88
434 121210.10
435 120795.01
436 120759.96
437 120867.01
438 120945.93
439 121057.99
440 120938.06
441 120949.03
442 120979.07
443 120960.00
444 120977.88
445 120893.00
446 120790.00
447 120873.93
448 120887.04
449 121211.05
450 121115.92
451 120646.95
452 121108.06
453 120826.96
454 120816.95
455 121031.05
456 120738.03
457 120824.81
458 120796.20
459 120903.02
460 120904.92
461 120776.89
462 120843.89
463 120845.08
464 120702.03
465 120791.91
466 121016.03
467 120800.02
468 121150.02
469 120725.87
470 120910.88
471 120903.97
472 121276.14
473 120772.84
474 120758.06
475 120927.10
476 121175.05
477 120702.98
478 120994.81
479 121179.10
480 120931.15
481 120930.91
482 120811.94
483 121203.90
484 120805.98
485 120939.02
486 121043.92
487 120980.02
488 120937.11
489 120767.83
490 120796.92
491 120771.88
492 121033.91
493 121124.03
494 120603.08
495 120907.07
496 121095.18
497 121078.97
498 120964.05
499 120736.12
500 120992.90
501 121076.82
502 121389.15
503 121084.93
504 120903.02
505 121099.00
506 120987.89
507 120949.03
508 121034.15
509 121056.80
510 121028.90
511 120655.06
512 120929.96
513 121150.97
514 121146.92
515 121255.16
516 120773.08
517 120989.08
518 121302.13
519 121037.01
520 121043.92
521 120941.88
522 121016.98
523 120898.96
524 120769.02
525 121011.97
526 120980.98
527 120857.95
528 121018.17
529 120580.91
530 120696.07
531 121020.79
532 121033.91
533 120813.13
534 121193.17
535 120865.82
536 120990.04
537 120978.12
538 120819.09
539 120685.10
540 120831.01
541 121133.09
542 121039.15
543 120645.05
544 121001.96
545 120722.06
546 120695.11
547 121138.10
548 121281.86
549 121190.07
