700
0 121202.95
1 121037.96
2 120944.98
3 120986.94
4 120956.18
5 120998.86
6 121007.92
7 121013.16
8 121017.22
9 121025.09
10 121006.97
11 121034.86
12 121007.92
13 120955.94
14 121011.97
15 121025.09
16 120998.14
17 120995.04
18 120997.19
19 121011.02
20 121011.02
21 120978.83
22 120944.98
23 120986.94
24 121006.01
25 120899.92
26 121060.85
27 121016.03
28 121019.84
29 121027.95
30 121032.00
31 121038.91
32 120964.05
33 120973.11
34 121015.07
35 121006.01
36 121011.02
37 121023.89
38 121017.22
39 120967.86
40 121020.08
41 120979.07
42 120931.15
43 121002.91
44 120927.10
45 121006.01
46 121018.17
47 121009.11
48 120985.03
49 120979.07
50 121000.05
51 121003.15
52 121008.87
53 121009.11
54 121029.85
55 121020.08
56 121028.18
57 121029.14
58 121029.14
59 121025.09
60 121024.13
61 120985.03
62 120935.92
63 120998.14
64 121025.09
65 121006.97
66 120946.88
67 121017.93
68 121026.04
69 121020.08
70 121024.13
71 121026.04
72 120929.00
73 121018.89
74 121018.17
75 121021.99
76 121020.08
77 120991.95
78 121026.04
79 121003.15
80 120996.95
81 120985.03
82 120990.99
83 121006.97
84 121000.05
85 120872.02
86 121009.11
87 121017.93
88 121037.01
89 121011.02
90 121007.92
91 121016.98
92 121008.16
93 121009.11
94 121011.02
95 120996.00
96 120897.05
97 120895.86
98 121037.01
99 121008.16
100 121099.95
101 120871.78
102 120968.82
103 120922.09
104 120892.05
105 120948.79
106 122072.94
107 120999.10
108 121525.05
109 121356.01
110 123024.23
111 120960.00
112 122769.12
113 121034.15
114 122577.91
115 122553.11
116 122483.02
117 121622.09
118 121827.84
119 121880.05
120 122429.85
121 122457.98
122 124207.02
123 122626.07
124 122400.05
125 124683.14
126 123384.95
127 123174.19
128 123209.95
129 124248.03
130 123364.93
131 122752.90
132 122558.83
133 123413.09
134 123049.02
135 123118.16
136 123296.98
137 123921.16
138 122523.07
139 122481.11
140 122624.16
141 123569.01
142 122956.04
143 121953.96
144 122673.03
145 124205.11
146 123595.95
147 123016.83
148 122894.05
149 123043.06
150 123790.98
151 123561.86
152 122715.95
153 123560.91
154 122716.90
155 124243.02
156 122453.93
157 122268.92
158 122426.03
159 123752.12
160 121917.96
161 122346.16
162 122963.91
163 122856.86
164 122637.03
165 122519.02
166 123595.00
167 122540.00
168 123610.97
169 123515.13
170 122855.19
171 122823.00
172 123036.86
173 122825.15
174 122436.05
175 122273.92
176 123094.08
177 123790.98
178 122789.86
179 123605.01
180 122788.19
181 123615.98
182 124726.77
183 123070.00
184 123457.91
185 124998.09
186 122609.14
187 123709.92
188 122641.09
189 123457.19
190 123715.16
191 123208.05
192 124073.03
193 123240.95
194 123090.03
195 123385.91
196 122251.99
197 121895.07
198 122678.04
199 123145.10
200 123348.00
201 122440.10
202 124789.00
203 122124.91
204 122718.10
205 122658.01
206 123671.05
207 123102.90
208 123564.00
209 122704.98
210 123073.82
211 122975.11
212 123123.17
213 123520.14
214 122879.98
215 122900.01
216 123502.97
217 122574.09
218 123534.92
219 123331.07
220 124046.09
221 122535.23
222 122952.94
223 123976.95
224 121528.86
225 121478.08
226 121783.97
227 123342.99
228 122410.06
229 121060.13
230 121598.96
231 121395.11
232 121128.08
233 121160.03
234 122740.98
235 122478.96
236 120990.99
237 121212.01
238 121999.98
239 120894.91
240 122390.99
241 123261.93
242 121744.16
243 120922.80
244 121907.00
245 120821.95
246 121441.84
247 122186.90
248 121412.04
249 121273.99
250 121641.87
251 122199.06
252 121162.89
253 122101.07
254 123735.90
255 122003.08
256 121494.77
257 121989.01
258 121412.04
259 121952.06
260 121941.09
261 120948.08
262 122560.02
263 121703.86
264 122657.06
265 121809.96
266 121593.95
267 121380.09
268 121684.79
269 122312.07
270 121481.90
271 122977.97
272 121362.92
273 121632.81
274 121806.14
275 121689.08
276 121809.01
277 122358.08
278 122241.97
279 122365.95
280 121442.08
281 122152.09
282 122267.01
283 122465.13
284 120913.03
285 120849.13
286 122142.08
287 120948.08
288 120943.07
289 121609.93
290 121942.04
291 122158.05
292 121069.91
293 121450.19
294 122023.11
295 121488.09
296 121618.99
297 121392.97
298 122185.95
299 121327.88
300 122329.00
301 122192.14
302 121403.93
303 121598.96
304 121526.00
305 120852.95
306 121972.08
307 122967.96
308 122018.10
309 121144.06
310 121297.12
311 122032.88
312 120996.00
313 121189.12
314 121910.10
315 120994.09
316 122308.97
317 121297.12
318 121388.91
319 121621.13
320 121482.13
321 122310.16
322 121639.97
323 123152.02
324 122211.93
325 122195.96
326 121837.85
327 121756.08
328 122466.09
329 121711.97
330 122262.95
331 123567.10
332 122753.86
333 121780.16
334 122592.93
335 121720.08
336 121732.00
337 121509.08
338 120932.10
339 121511.94
340 122170.21
341 121210.10
342 121863.13
343 120898.01
344 122145.18
345 121214.87
346 121809.96
347 121905.09
348 121065.86
349 123584.03
350 121808.05
351 122527.84
352 121940.85
353 122320.89
354 121041.06
355 123505.12
356 121937.99
357 122192.86
358 121287.11
359 120716.81
360 120826.01
361 121078.97
362 121052.03
363 120753.05
364 120877.03
365 120885.85
366 120974.06
367 121083.02
368 120905.16
369 120979.07
370 121290.92
371 121117.83
372 120973.11
373 120786.91
374 121110.92
375 121152.16
376 121126.89
377 121035.10
378 120811.94
379 121183.87
380 121010.07
381 121143.10
382 121158.12
383 121049.88
384 120815.99
385 120913.03
386 120970.01
387 121051.07
388 120898.01
389 121484.04
390 120705.13
391 121105.91
392 120964.05
393 121522.19
394 121635.91
395 121155.98
396 120927.10
397 121076.11
398 120757.82
399 121182.92
400 121254.92
401 121040.82
402 121234.89
403 121178.15
404 120810.99
405 121127.84
406 121160.98
407 120833.16
408 121330.02
409 120957.14
410 120889.90
411 121333.12
412 121057.99
413 120985.03
414 120733.02
415 121137.86
416 121164.08
417 120791.91
418 121243.00
419 121212.01
420 120937.82
421 121273.04
422 120820.05
423 120889.19
424 121315.00
425 120964.05
426 120947.12
427 121387.96
428 120841.03
429 121016.03
430 120867.97
431 121093.03
432 121145.01
433 120697.02
434 121196.03
435 121155.02
436 120795.01
437 121019.12
438 121196.99
439 120896.10
440 121327.16
441 120918.99
442 121002.91
443 121325.02
444 120877.98
445 120984.08
446 121238.95
447 121053.93
448 121072.05
449 120687.01
450 120949.98
451 121092.08
452 120906.83
453 121009.11
454 121197.94
455 120784.04
456 121248.01
457 121183.87
458 120738.03
459 121042.01
460 121244.19
461 120827.91
462 121255.87
463 120785.95
464 120937.11
465 121335.03
466 120872.97
467 120957.14
468 121246.10
469 121062.04
470 121119.98
471 121333.12
472 120996.00
473 121006.97
474 120663.17
475 121113.06
476 121190.07
477 120773.08
478 121072.05
479 121006.97
480 121026.04
481 121112.11
482 121089.94
483 121038.91
484 121109.96
485 121123.08
486 121117.83
487 121089.94
488 121112.11
489 121096.85
490 121121.88
491 121116.88
492 121088.98
493 121114.02
494 121026.99
495 121124.98
496 121115.92
497 121097.09
498 121080.88
499 121109.96
500 121100.90
501 121046.07
502 121086.12
503 121105.91
504 121110.20
505 121107.10
506 121117.12
507 121121.88
508 121126.89
509 121124.03
510 121100.90
511 121097.09
512 121102.81
513 121107.10
514 121099.95
515 121104.96
516 121104.00
517 121042.01
518 121105.91
519 121093.03
520 121158.84
521 121110.92
522 121079.92
523 121114.97
524 121124.03
525 121114.02
526 121050.83
527 121104.00
528 121121.88
529 121099.00
530 121127.84
531 121109.96
532 121092.08
533 121114.97
534 121093.99
535 121115.92
536 121101.86
537 121128.08
538 121104.96
539 121092.08
540 121111.15
541 121101.14
542 121114.02
543 121088.03
544 121117.12
545 121113.06
546 121054.17
547 121116.88
548 121108.06
549 121126.89
550 121109.96
551 121086.12
552 121090.17
553 121098.04
554 121095.90
555 121106.15
556 121109.01
557 121043.21
558 121114.02
559 121124.98
560 121116.88
561 121098.04
562 121076.11
563 121105.91
564 121123.08
565 121104.96
566 121048.93
567 121112.11
568 121162.89
569 121121.17
570 121086.12
571 121129.99
572 121093.99
573 121102.09
574 121102.09
575 121088.03
576 121100.19
577 121150.97
578 121093.99
579 121093.99
580 121104.00
581 121095.90
582 121116.16
583 121098.04
584 121114.02
585 121033.19
586 121123.79
587 121124.98
588 121128.80
589 121089.94
590 121099.00
591 121098.04
592 121116.16
593 121104.96
594 121128.08
595 121109.01
596 121127.13
597 121045.11
598 121122.84
599 121161.94
600 121124.03
601 121088.03
602 121087.07
603 121082.07
604 121104.00
605 121115.92
606 121032.00
607 121119.02
608 121093.99
609 121120.21
610 121065.14
611 121114.97
612 121105.91
613 121105.91
614 121112.11
615 121083.97
616 121107.10
617 121098.04
618 121112.11
619 121107.10
620 121115.92
621 121111.15
622 121125.94
623 121105.91
624 121093.99
625 121107.10
626 121106.15
627 121110.92
628 121119.98
629 121118.07
630 121127.13
631 121125.94
632 121093.99
633 121096.85
634 121100.19
635 121073.01
636 121012.21
637 121042.97
638 121117.12
639 121111.87
640 121059.18
641 121111.15
642 121098.04
643 121120.93
644 121099.00
645 121121.88
646 121107.10
647 121108.06
648 121099.00
649 121121.88
650 121102.81
651 121119.98
652 121118.07
653 121124.98
654 121230.13
655 121119.02
656 121119.02
657 121047.97
658 121113.06
659 121068.95
660 121121.17
661 121105.91
662 121047.02
663 121109.96
664 121121.88
665 121114.02
666 121126.89
667 121116.16
668 121129.99
669 121122.84
670 121098.04
671 121093.03
672 121107.82
673 121104.96
674 121120.93
675 121103.05
676 121124.98
677 121042.01
678 121119.98
679 121124.03
680 121119.02
681 121123.08
682 121068.95
683 121126.89
684 121123.08
685 121128.80
686 121125.94
687 121029.85
688 121091.13
689 121123.08
690 121091.84
691 121112.11
692 121095.18
693 121125.94
694 121107.82
695 121093.99
696 121135.00
697 121033.91
698 121087.07
699 121121.88
