550
0 121218.92
1 121371.98
2 121268.03
3 121210.10
4 121254.92
5 121243.00
6 121263.98
7 121214.87
8 121217.97
9 121296.88
10 121258.97
11 121246.81
12 121223.93
13 121208.19
14 121223.93
15 121258.97
16 121239.90
17 121215.82
18 121234.89
19 121261.12
20 121266.13
21 121224.88
22 121232.99
23 121200.08
24 121257.07
25 121217.97
26 121258.97
27 121219.16
28 121255.87
29 121266.84
30 121226.07
31 121236.09
32 121183.16
33 121211.05
34 121244.19
35 121253.01
36 121211.05
37 121259.93
38 121252.06
39 121230.84
40 121224.16
41 121241.81
42 121252.06
43 121191.98
44 121227.98
45 121240.85
46 121202.95
47 121273.04
48 121211.05
49 121230.13
50 121261.84
51 121275.90
52 121190.07
53 121230.84
54 121251.11
55 121207.00
56 121226.79
57 121258.97
58 121277.81
59 121226.07
60 121232.03
61 121273.99
62 121210.10
63 121235.85
64 121263.98
65 121215.82
66 121229.89
67 121268.99
68 121201.99
69 121226.07
70 121259.93
71 121204.14
72 121226.79
73 121258.97
74 121274.95
75 121222.97
76 121210.81
77 121244.91
78 121275.19
79 121289.01
80 121222.02
81 121243.95
82 121263.03
83 121216.06
84 121228.93
85 121237.99
86 121199.85
87 121212.01
88 121150.97
89 121248.01
90 121272.80
91 121223.93
92 121166.94
93 121269.23
94 121287.11
95 121164.08
96 121102.09
97 121197.94
98 121281.15
99 121203.18
100 121181.01
101 121256.83
102 121123.08
103 121236.09
104 121613.03
105 121082.07
106 121160.98
107 121139.05
108 121220.11
109 121114.97
110 121171.00
111 121093.99
112 121103.05
113 121268.99
114 120980.98
115 121232.99
116 121125.94
117 121019.12
118 121165.04
119 121356.01
120 121127.13
121 121108.77
122 121130.94
123 121086.84
124 121022.94
125 121235.85
126 121632.10
127 121066.81
128 121078.01
129 121268.99
130 121297.84
131 121073.01
132 121098.04
133 121387.00
134 121186.02
135 121208.19
136 121149.06
137 121163.85
138 121283.77
139 121223.93
140 121147.87
141 121171.95
142 121268.99
143 121243.00
144 121051.07
145 121041.06
146 121639.01
147 121158.84
148 121223.93
149 121104.96
150 121167.90
151 121412.99
152 121156.22
153 121207.95
154 121226.07
155 121088.98
156 121790.89
157 121204.85
158 121211.05
159 121032.00
160 121156.93
161 121155.98
162 121140.00
163 121540.07
164 121152.88
165 121129.04
166 121127.84
167 121580.12
168 121135.00
169 121083.97
170 121263.03
171 121232.99
172 121074.20
173 121042.97
174 121083.02
175 121332.88
176 121152.88
177 121129.99
178 121104.96
179 121031.05
180 121339.80
181 121334.08
182 121165.04
183 121251.82
184 121253.97
185 120982.17
186 121189.83
187 121250.87
188 121058.94
189 121093.03
190 121037.01
191 121190.07
192 121151.92
193 121082.07
194 121176.96
195 121131.90
196 121639.97
197 121114.02
198 121808.77
199 121254.21
200 121192.93
201 121021.03
202 121141.91
203 121081.11
204 121245.15
205 121464.01
206 121126.17
207 121135.00
208 121402.03
209 121232.03
210 121057.99
211 121123.79
212 120928.05
213 121050.12
214 122438.91
215 121020.08
216 120975.02
217 120953.08
218 121133.09
219 120890.14
220 121114.02
221 121623.04
222 121057.03
223 120961.90
224 121109.96
225 120959.04
226 121267.80
227 120815.04
228 120927.10
229 121034.15
230 121428.97
231 121798.04
232 121011.02
233 121116.16
234 121584.89
235 121102.81
236 121113.06
237 121020.08
238 121556.04
239 121232.03
240 120906.11
241 120921.13
242 121613.03
243 122096.06
244 121301.17
245 121106.86
246 121494.05
247 121228.93
248 120841.03
249 121011.02
250 121284.01
251 121297.12
252 120942.83
253 121126.89
254 121336.94
255 120949.03
256 121141.91
257 121069.19
258 121602.77
259 121268.99
260 120947.12
261 121978.04
262 121123.79
263 121182.20
264 121508.12
265 121080.88
266 121698.14
267 121150.97
268 121499.06
269 121073.96
270 120918.04
271 121022.94
272 121140.96
273 121186.02
274 121111.15
275 121222.02
276 121090.89
277 121329.07
278 121565.10
279 121099.00
280 122253.89
281 121870.04
282 121032.00
283 120949.03
284 120847.94
285 121408.22
286 120924.00
287 120929.00
288 121445.89
289 121456.86
290 120997.91
291 121033.91
292 121178.87
293 121280.91
294 121007.92
295 121645.93
296 121269.94
297 121230.13
298 121196.03
299 121562.96
300 121213.20
301 121216.06
302 120970.01
303 120959.04
304 120949.98
305 121453.05
306 120969.06
307 121212.01
308 120837.93
309 121679.07
310 120970.96
311 120921.85
312 121521.00
313 120973.11
314 121347.90
315 121027.95
316 121180.06
317 121159.08
318 121495.96
319 121310.00
320 121501.92
321 120892.05
322 121124.03
323 121004.10
324 121328.83
325 120845.08
326 121650.93
327 121570.11
328 121311.90
329 120987.18
330 121026.04
331 121324.06
332 120858.91
333 121224.88
334 120915.17
335 121152.16
336 121047.02
337 120828.87
338 121341.94
339 121242.05
340 120781.90
341 120785.00
342 120930.91
343 120836.02
344 120928.05
345 121254.92
346 121187.93
347 121451.85
348 120917.08
349 121410.13
350 121062.99
351 121974.95
352 121621.13
353 120965.96
354 121334.08
355 121587.04
356 120813.13
357 121295.93
358 120903.97
359 121024.13
360 121037.96
361 120924.00
362 121037.01
363 121264.93
364 121067.05
365 120953.08
366 121324.06
367 120990.04
368 121294.98
369 120940.21
370 120920.90
371 121054.89
372 121346.95
373 120954.04
374 121034.86
375 121062.99
376 120976.21
377 121207.95
378 121104.96
379 120790.96
380 121017.22
381 120976.92
382 121402.98
383 121120.93
384 120834.83
385 120941.16
386 121259.93
387 120987.89
388 120762.83
389 120985.03
390 120841.03
391 121117.12
392 121225.12
393 121461.15
394 121453.05
395 121465.21
396 120818.85
397 120828.15
398 121217.01
399 120903.97
400 121166.23
401 120990.99
402 120853.90
403 120876.07
404 121423.01
405 121525.05
406 121001.96
407 121069.91
408 120935.92
409 121157.88
410 120929.96
411 120916.84
412 120985.03
413 120979.07
414 121013.88
415 120821.95
416 121159.08
417 121205.81
418 121023.89
419 121114.97
420 121431.11
421 121202.95
422 120813.13
423 120876.07
424 121637.82
425 120888.95
426 120949.98
427 121111.15
428 120983.84
429 121162.89
430 121527.91
431 120911.84
432 121054.89
433 121557.95
434 120915.89
435 121509.08
436 121469.97
437 121018.17
438 121306.18
439 121005.06
440 120915.17
441 120869.16
442 120924.00
443 120944.02
444 120989.08
445 121142.86
446 121486.19
447 120902.06
448 121026.99
449 121219.16
450 121160.03
451 121216.06
452 121217.97
453 121405.12
454 121093.03
455 120957.14
456 121404.89
457 121011.02
458 121130.94
459 121142.86
460 121048.93
461 121447.80
462 121541.98
463 121131.90
464 121055.13
465 121312.14
466 121107.82
467 121392.97
468 121043.92
469 121088.03
470 121027.95
471 120843.89
472 121083.02
473 121073.01
474 121381.04
475 121039.87
476 120954.99
477 121121.88
478 121266.13
479 121342.90
480 121149.78
481 121122.84
482 121032.00
483 121706.96
484 121034.86
485 121166.94
486 121169.09
487 121155.98
488 121397.02
489 120879.17
490 121233.94
491 120924.00
492 121514.08
493 121304.99
494 121363.88
495 121079.92
496 121484.99
497 121106.86
498 121041.06
499 121735.10
500 121468.07
501 121593.00
502 121147.87
503 121463.06
504 121597.05
505 121029.14
506 120978.83
507 121371.98
508 121138.10
509 121665.95
510 121535.06
511 121543.17
512 120927.81
513 121301.89
514 121690.03
515 121428.97
516 121647.12
517 120996.00
518 121660.95
519 121296.88
520 121123.08
521 121485.95
522 121111.15
523 121393.20
524 120970.01
525 121370.79
526 121505.98
527 120752.10
528 121174.10
529 120754.00
530 121852.87
531 121534.11
532 121093.03
533 121266.13
534 121839.05
535 121402.98
536 120955.94
537 120934.01
538 120902.06
539 121418.95
540 121122.12
541 121087.07
542 121307.85
543 120942.83
544 120949.98
545 120859.15
546 121426.11
547 121135.95
548 120908.02
549 120888.95
