550
0 121367.93
1 121150.97
2 121118.07
3 121172.90
4 121213.20
5 121153.83
6 121170.04
7 121197.94
8 121180.06
9 121188.16
10 121225.12
11 121191.02
12 121155.02
13 121192.93
14 121204.14
15 121191.02
16 121128.80
17 121187.93
18 121195.79
19 121093.03
20 121187.21
21 121213.91
22 121165.04
23 121140.96
24 121203.18
25 121185.06
26 121201.04
27 121181.96
28 121132.85
29 121201.99
30 121196.99
31 121208.91
32 121202.95
33 121206.05
34 121202.95
35 121177.91
36 121198.89
37 121204.14
38 121205.81
39 121202.95
40 121130.94
41 121203.90
42 121189.12
43 121207.00
44 121185.06
45 121209.14
46 121170.04
47 121165.99
48 121201.04
49 121186.02
50 121171.00
51 121186.02
52 121183.16
53 121186.02
54 121182.92
55 121109.96
56 121187.93
57 121193.89
58 121186.02
59 121185.06
60 121240.85
61 121221.07
62 121178.15
63 121145.96
64 121192.93
65 121204.14
66 121152.88
67 121200.80
68 121192.93
69 121201.99
70 121187.93
71 121201.99
72 121270.90
73 121201.04
74 121175.05
75 121201.99
76 121187.93
77 121197.94
78 121177.20
79 121129.99
80 121200.08
81 121198.89
82 121159.79
83 121196.99
84 121180.06
85 121201.04
86 121165.99
87 121165.99
88 121187.93
89 121170.04
90 121180.77
91 121180.77
92 121089.94
93 121187.93
94 121207.95
95 121198.18
96 121028.90
97 121111.87
98 121082.07
99 121055.13
100 120918.99
101 121119.02
102 120996.00
103 121120.93
104 121059.18
105 121167.90
106 121065.86
107 121068.00
108 121233.94
109 121129.04
110 120873.93
111 121130.94
112 121160.03
113 121040.11
114 121067.05
115 120939.02
116 121104.96
117 121469.02
118 121016.98
119 121056.08
120 120918.99
121 121126.89
122 121439.93
123 120994.09
124 121028.90
125 121217.97
126 121124.03
127 120888.95
128 121091.13
129 121266.13
130 121018.17
131 121040.11
132 120956.90
133 121127.13
134 121562.96
135 121013.88
136 120918.99
137 121108.06
138 120918.04
139 121014.12
140 120989.08
141 120988.13
142 120905.88
143 121030.09
144 120971.20
145 121120.93
146 121062.04
147 121026.04
148 120969.06
149 120944.02
150 121132.14
151 121318.10
152 120847.94
153 121042.01
154 121450.90
155 121022.94
156 120876.07
157 121070.86
158 121147.87
159 121245.86
160 121039.15
161 120938.06
162 121062.99
163 120993.85
164 121069.19
165 120920.90
166 120991.95
167 121062.04
168 120806.93
169 120959.04
170 121011.02
171 121613.03
172 121052.98
173 121000.05
174 121115.92
175 121546.03
176 121021.03
177 120905.88
178 120970.96
179 121001.96
180 121103.05
181 120988.13
182 120899.92
183 120888.95
184 121215.11
185 120882.03
186 120871.07
187 121145.01
188 121632.10
189 121045.83
190 120887.99
191 121108.06
192 121696.00
193 121001.96
194 120928.05
195 120958.09
196 120815.99
197 121421.10
198 120972.16
199 120945.93
200 120905.88
201 121337.89
202 120890.14
203 121049.88
204 120890.14
205 121056.08
206 120974.06
207 120887.99
208 121081.11
209 121035.81
210 121083.02
211 120853.90
212 120956.18
213 121428.01
214 121148.11
215 120980.98
216 120831.01
217 121814.01
218 120988.13
219 120821.95
220 121126.17
221 120972.87
222 121056.80
223 120973.11
224 120928.05
225 121005.06
226 121694.80
227 120955.94
228 120955.94
229 121593.00
230 121289.97
231 120926.86
232 120887.04
233 121428.97
234 121541.98
235 120965.96
236 120963.10
237 121008.87
238 120978.83
239 121032.00
240 120850.09
241 120801.93
242 120991.95
243 121986.15
244 120810.99
245 121214.15
246 120954.04
247 121539.12
248 121418.00
249 120913.03
250 121265.89
251 121078.97
252 120997.91
253 121155.02
254 121157.88
255 121209.14
256 120872.02
257 121182.92
258 121643.07
259 120808.12
260 121245.86
261 120796.92
262 121669.05
263 120857.95
264 120848.89
265 121382.00
266 121026.99
267 121708.15
268 121531.96
269 120985.98
270 120841.03
271 121061.80
272 121607.07
273 121432.78
274 121382.00
275 121432.07
276 121068.95
277 121402.03
278 120903.97
279 120958.09
280 121405.12
281 120943.07
282 121417.05
283 121135.00
284 120750.90
285 121296.88
286 120889.19
287 120811.94
288 121350.05
289 121376.99
290 121016.03
291 120911.12
292 120959.04
293 121056.08
294 120784.04
295 120947.84
296 120929.96
297 121457.82
298 120916.13
299 121155.98
300 120884.18
301 120802.16
302 120743.04
303 121659.99
304 121202.95
305 120904.92
306 121062.99
307 122282.98
308 121142.86
309 121425.87
310 120902.06
311 121212.96
312 121312.86
313 121541.02
314 121530.06
315 120924.00
316 121159.08
317 120836.02
318 121081.11
319 121863.13
320 121160.03
321 120857.00
322 121294.98
323 120996.00
324 121389.87
325 120985.98
326 121285.92
327 120908.98
328 120987.89
329 121243.00
330 120876.07
331 120992.90
332 120872.02
333 120954.99
334 121006.97
335 121339.08
336 121619.94
337 121093.03
338 120835.07
339 120891.81
340 121227.03
341 120753.05
342 121088.98
343 121967.08
344 120862.96
345 121237.99
346 121081.11
347 120717.05
348 121677.88
349 120858.91
350 121604.92
351 121553.90
352 120887.04
353 121402.98
354 121520.04
355 120766.88
356 120829.82
357 121334.08
358 120832.92
359 120764.97
360 120775.94
361 121006.97
362 120960.00
363 120934.96
364 121034.15
365 120826.96
366 120940.92
367 120877.98
368 120859.86
369 121021.99
370 120857.95
371 120795.97
372 121076.11
373 120948.08
374 120645.05
375 121237.04
376 121104.96
377 120851.99
378 120898.01
379 120898.96
380 120817.90
381 120818.85
382 120973.11
383 121140.96
384 121035.10
385 120814.09
386 121104.96
387 120887.04
388 120951.89
389 120836.97
390 121009.83
391 120900.87
392 120855.09
393 121068.00
394 120786.91
395 121159.08
396 120890.14
397 120921.85
398 121018.17
399 120974.06
400 121098.04
401 120835.07
402 120784.04
403 120916.13
404 121152.88
405 121140.00
406 120832.92
407 121096.85
408 120809.08
409 120897.77
410 121140.96
411 120741.84
412 120925.90
413 121083.97
414 120867.97
415 120779.99
416 121187.93
417 120935.20
418 120977.88
419 121062.04
420 120916.13
421 120879.17
422 120929.00
423 120908.02
424 121008.16
425 120996.00
426 121325.97
427 121017.93
428 120976.92
429 121205.09
430 120976.92
431 121083.02
432 120877.03
433 121293.07
434 120753.05
435 121313.10
436 120898.96
437 120796.92
438 120957.85
439 120896.82
440 120836.97
441 120769.98
442 120956.90
443 120911.84
444 120780.94
445 120943.07
446 121074.20
447 120902.06
448 120812.89
449 121209.86
450 121397.02
451 120866.06
452 120812.89
453 120914.94
454 120885.13
455 120920.90
456 121001.01
457 120851.99
458 121137.86
459 120963.10
460 121003.15
461 120820.05
462 121026.04
463 120810.03
464 121155.02
465 120874.88
466 121298.07
467 120852.95
468 120826.01
469 120680.09
470 120754.96
471 121416.09
472 120811.94
473 120870.83
474 121189.12
475 121133.09
476 120997.19
477 120997.91
478 121462.82
479 121216.06
480 121217.97
481 120923.04
482 121078.01
483 120734.93
484 120843.17
485 120851.04
486 121215.11
487 121129.99
488 121313.10
489 120949.03
490 120687.01
491 121220.11
492 120916.13
493 121201.04
494 120829.11
495 121101.14
496 120853.90
497 121007.92
498 121079.92
499 121310.00
500 120886.09
501 121251.82
502 121391.06
503 121620.89
504 121314.05
505 121008.87
506 121507.88
507 120876.07
508 121572.97
509 121040.11
510 121216.06
511 121505.02
512 121042.97
513 120979.79
514 121356.01
515 120972.87
516 120926.14
517 120966.91
518 121165.99
519 121148.11
520 120970.01
521 120709.90
522 120874.88
523 121273.04
524 121274.95
525 121109.96
526 120955.94
527 120938.78
528 121343.85
529 121377.94
530 120820.05
531 121215.11
532 121095.18
533 121099.00
534 120986.94
535 120668.89
536 120775.94
537 121027.95
538 120949.98
539 121009.11
540 120883.94
541 120932.10
542 120914.94
543 121433.02
544 121278.05
545 121196.03
546 121108.06
547 121181.96
548 121009.11
549 121027.95
