550
0 121392.01
1 121171.95
2 121124.03
3 121121.17
4 121137.86
5 121115.92
6 121140.00
7 121136.19
8 121143.10
9 121159.08
10 121150.97
11 121122.12
12 121122.12
13 121140.00
14 121142.15
15 121142.86
16 121106.86
17 121143.10
18 121136.19
19 121144.77
20 121133.80
21 121123.08
22 121124.03
23 121147.16
24 121142.15
25 121141.91
26 121142.15
27 121154.07
28 121127.13
29 121071.10
30 121130.94
31 121150.02
32 121068.00
33 121119.02
34 121136.90
35 121123.08
36 121114.97
37 121122.12
38 121126.17
39 121135.00
40 121135.95
41 121142.15
42 121141.20
43 121127.84
44 121155.02
45 121120.93
46 121138.10
47 121107.10
48 121159.08
49 121052.98
50 121138.10
51 121140.96
52 121145.01
53 121140.00
54 121153.83
55 121120.93
56 121070.15
57 121139.05
58 121140.96
59 121146.92
60 121139.05
61 121139.05
62 121119.98
63 121124.03
64 121127.13
65 121160.98
66 121145.01
67 121142.15
68 121135.95
69 121151.92
70 121120.93
71 121140.00
72 121120.93
73 121127.13
74 121137.14
75 121138.10
76 121092.08
77 121140.00
78 121131.90
79 121137.86
80 121140.96
81 121124.03
82 121143.82
83 121120.93
84 121135.00
85 121138.81
86 121129.04
87 121144.06
88 121140.96
89 121140.96
90 121145.96
91 121104.00
92 121128.80
93 121001.96
94 120972.87
95 120991.95
96 121020.08
97 120987.89
98 121129.04
99 121076.82
100 121063.95
101 121065.14
102 120985.03
103 121088.03
104 122316.84
105 121050.83
106 120947.12
107 121018.89
108 121065.86
109 121163.85
110 120965.96
111 120996.95
112 121057.99
113 121084.93
114 121514.08
115 121063.95
116 121508.84
117 120870.83
118 121151.92
119 121065.14
120 121016.03
121 120922.09
122 120965.96
123 120965.96
124 121025.09
125 120980.02
126 121013.88
127 120975.97
128 120978.83
129 121088.98
130 120985.03
131 121037.01
132 121067.05
133 121659.04
134 121056.08
135 121046.07
136 120975.02
137 121101.86
138 121886.97
139 120935.92
140 121016.98
141 121106.86
142 121122.12
143 122141.12
144 121032.00
145 120933.06
146 121460.91
147 121037.01
148 121197.94
149 121104.00
150 121055.84
151 120998.86
152 121088.98
153 121280.91
154 121111.87
155 121171.95
156 121171.95
157 121484.04
158 121136.90
159 121102.81
160 121046.07
161 121027.95
162 121099.23
163 120929.00
164 121047.97
165 121470.21
166 121106.15
167 121045.11
168 120942.83
169 121047.02
170 121272.80
171 121475.93
172 121050.12
173 121073.01
174 121510.98
175 121074.91
176 121017.93
177 120882.99
178 121115.92
179 121606.11
180 121091.13
181 121233.94
182 120911.12
183 121116.88
184 120860.10
185 120973.83
186 121233.94
187 122317.08
188 121330.98
189 120951.89
190 120967.86
191 120870.11
192 121435.88
193 121010.07
194 121458.05
195 121339.08
196 120975.97
197 120996.95
198 121025.09
199 121699.09
200 120976.92
201 121115.92
202 120885.85
203 121629.00
204 120861.77
205 121217.97
206 121136.19
207 121107.82
208 121150.97
209 120893.96
210 121113.06
211 121361.02
212 121503.11
213 120858.91
214 120960.00
215 121454.95
216 121361.02
217 121043.92
218 121111.87
219 120996.00
220 121291.88
221 121379.85
222 121006.97
223 120912.08
224 120890.14
225 121044.87
226 121189.83
227 120944.98
228 121330.02
229 121303.08
230 121249.91
231 121110.92
232 121037.01
233 121075.87
234 120971.92
235 121541.98
236 120947.12
237 121108.06
238 121248.96
239 121037.96
240 121088.03
241 121877.91
242 121320.96
243 121045.83
244 121155.98
245 121384.14
246 121338.84
247 121093.03
248 120867.01
249 120931.15
250 121587.04
251 120908.02
252 121622.09
253 121474.98
254 120810.99
255 121521.95
256 120953.08
257 121395.11
258 121536.02
259 120926.14
260 121119.98
261 121126.89
262 121350.05
263 121335.98
264 120920.90
265 120917.08
266 121382.95
267 121366.02
268 120914.94
269 121192.93
270 121369.12
271 121344.80
272 120891.81
273 120922.09
274 120844.84
275 120802.88
276 121129.04
277 121292.83
278 121242.05
279 120857.95
280 121021.99
281 121347.90
282 121222.02
283 121644.97
284 120802.88
285 121023.89
286 120815.04
287 121012.93
288 120990.04
289 121690.99
290 121291.16
291 121215.82
292 121107.10
293 120988.85
294 121199.85
295 121253.97
296 120903.97
297 121126.17
298 121759.18
299 120790.00
300 121327.88
301 121439.93
302 121186.02
303 121044.87
304 121178.87
305 120958.09
306 120877.03
307 120925.19
308 121789.93
309 120803.12
310 122038.13
311 121317.86
312 121221.07
313 121337.18
314 121285.92
315 121135.00
316 121298.07
317 120954.99
318 120867.01
319 121140.96
320 120972.16
321 121364.12
322 120977.88
323 121047.02
324 120989.08
325 121006.97
326 121491.91
327 121222.97
328 121003.15
329 121050.12
330 121290.92
331 121994.97
332 121244.19
333 121058.94
334 121109.01
335 121083.02
336 120890.14
337 121440.17
338 121250.87
339 121340.04
340 121295.93
341 120874.88
342 121155.02
343 120996.00
344 121696.00
345 121219.87
346 121415.85
347 121403.93
348 121265.89
349 120887.04
350 121124.03
351 120944.98
352 120967.15
353 121607.07
354 121437.07
355 120913.98
356 121070.15
357 120883.94
358 120998.86
359 121609.93
360 120864.87
361 120885.85
362 120880.84
363 120818.85
364 120807.89
365 120992.90
366 121030.81
367 121191.02
368 121114.02
369 120914.22
370 120844.84
371 120825.05
372 121022.94
373 120976.92
374 121013.88
375 121185.06
376 120777.13
377 121119.02
378 121080.88
379 121016.03
380 121181.96
381 121224.88
382 120882.99
383 120902.06
384 120839.12
385 120921.13
386 121313.10
387 120842.93
388 121037.01
389 121013.16
390 121080.16
391 120833.87
392 120855.09
393 121167.18
394 121108.06
395 120948.08
396 121006.01
397 120846.03
398 120904.92
399 120969.77
400 121079.92
401 120894.19
402 120966.91
403 120904.92
404 121142.15
405 120754.96
406 120972.87
407 120779.04
408 121006.97
409 120895.86
410 120795.01
411 120872.97
412 120763.06
413 120887.99
414 121150.97
415 120885.85
416 121085.17
417 120904.92
418 121042.97
419 121058.94
420 121005.06
421 120877.03
422 120948.08
423 120923.04
424 120919.94
425 120836.97
426 120774.03
427 121049.88
428 121056.80
429 120867.01
430 120843.17
431 121121.88
432 120758.06
433 121071.10
434 121407.99
435 121053.93
436 120803.12
437 120944.98
438 121036.05
439 120925.90
440 120955.94
441 121093.99
442 121380.09
443 121095.90
444 120921.13
445 121115.92
446 120832.92
447 121119.98
448 120842.93
449 121129.99
450 121037.01
451 121015.07
452 121162.89
453 120985.03
454 121021.03
455 121095.18
456 120977.88
457 120927.10
458 121215.11
459 120891.09
460 121125.94
461 120886.80
462 121315.96
463 121300.94
464 121348.86
465 121250.87
466 120736.12
467 120959.04
468 120883.94
469 121177.91
470 120959.04
471 121270.90
472 121094.94
473 120856.05
474 121109.01
475 121175.05
476 121180.06
477 120913.98
478 121083.02
479 121510.98
480 121186.02
481 121345.04
482 120893.00
483 120993.85
484 120884.90
485 120813.85
486 120954.99
487 121211.05
488 121282.10
489 121464.01
490 120939.02
491 120905.16
492 120836.02
493 121370.08
494 121568.92
495 121042.01
496 121052.98
497 120834.11
498 120755.91
499 120955.94
500 121028.90
501 120978.83
502 120999.81
503 121279.95
504 121303.08
505 121211.05
506 121466.88
507 120859.86
508 121312.14
509 121353.86
510 121146.20
511 121587.04
512 121416.09
513 121088.03
514 120947.12
515 120902.06
516 121237.04
517 121301.89
518 121209.14
519 120698.93
520 121399.16
521 121426.11
522 121301.89
523 121145.01
524 121602.06
525 121063.95
526 121229.89
527 121135.00
528 121141.20
529 120950.94
530 121448.04
531 121371.03
532 120970.01
533 121242.05
534 121410.85
535 121246.10
536 121291.88
537 121213.91
538 120956.90
539 121521.00
540 121135.00
541 121114.97
542 121222.02
543 121014.12
544 121304.04
545 120937.11
546 121145.01
547 121245.86
548 121296.88
549 121557.95
