700
0 121407.99
1 121131.90
2 121117.12
3 121124.98
4 121126.89
5 121084.93
6 121119.02
7 121122.12
8 121122.12
9 121135.95
10 121119.02
11 121123.08
12 121118.07
13 121123.08
14 121130.94
15 121124.98
16 121126.89
17 121122.12
18 121107.10
19 121110.92
20 121099.95
21 121119.98
22 121097.09
23 121110.20
24 121086.84
25 121041.06
26 120997.91
27 121104.96
28 121104.00
29 121124.03
30 121114.97
31 121121.17
32 121057.99
33 121124.03
34 121101.86
35 121115.92
36 121121.88
37 121123.08
38 121121.88
39 121168.14
40 121119.02
41 121105.91
42 121124.03
43 121140.96
44 121104.96
45 121117.12
46 121122.12
47 121068.95
48 121233.94
49 121122.12
50 121125.94
51 121141.91
52 121121.17
53 121119.02
54 121117.12
55 121129.99
56 121118.07
57 121125.94
58 121129.04
59 121119.02
60 121119.02
61 121120.93
62 121119.98
63 121135.95
64 121117.12
65 121066.09
66 121065.14
67 121142.15
68 121121.17
69 121128.80
70 121125.94
71 121144.06
72 121101.14
73 121126.17
74 121122.84
75 121127.13
76 121124.03
77 121128.08
78 121117.12
79 121105.19
80 121116.88
81 121119.98
82 121112.11
83 121099.00
84 121098.04
85 121121.17
86 121109.96
87 121111.15
88 121115.92
89 121125.94
90 121129.99
91 121121.17
92 121123.08
93 120970.01
94 120992.90
95 121129.99
96 120989.08
97 121031.05
98 121122.12
99 120990.04
100 121107.10
101 121258.97
102 121100.90
103 121584.18
104 121030.09
105 121483.09
106 121261.12
107 121526.96
108 121363.88
109 122998.00
110 121382.00
111 121915.10
112 123617.17
113 121725.08
114 123112.92
115 124061.11
116 123965.02
117 124660.97
118 122780.08
119 125855.92
120 124310.97
121 125052.93
122 124900.82
123 125124.93
124 123492.96
125 124892.00
126 125432.01
127 124684.81
128 125671.86
129 126044.99
130 124673.13
131 125471.12
132 125015.02
133 125200.03
134 124480.01
135 126775.03
136 124111.18
137 124397.99
138 125447.03
139 124178.17
140 124706.03
141 126662.97
142 124860.05
143 124742.98
144 125509.02
145 125352.14
146 124270.20
147 124236.82
148 123961.93
149 126055.96
150 125074.86
151 126268.15
152 125698.09
153 124278.78
154 124063.01
155 123808.86
156 123436.93
157 124923.94
158 124806.88
159 123846.05
160 124039.89
161 124799.01
162 124405.86
163 126185.89
164 125307.08
165 125309.94
166 124828.10
167 125062.94
168 124746.08
169 123599.05
170 123550.89
171 124241.83
172 124413.97
173 125056.98
174 124186.99
175 125636.10
176 125016.93
177 124788.05
178 124681.00
179 124411.11
180 124394.89
181 125038.86
182 125460.86
183 127021.07
184 124504.80
185 123454.09
186 125461.10
187 126325.13
188 124416.11
189 123831.03
190 125952.96
191 124963.05
192 123324.87
193 126970.05
194 125118.02
195 123825.07
196 124087.10
197 125272.99
198 124513.15
199 124821.90
200 126410.01
201 125047.92
202 124992.85
203 125741.96
204 123927.12
205 124994.04
206 126130.10
207 125236.03
208 125898.84
209 125586.99
210 122961.04
211 125413.89
212 126236.92
213 123859.17
214 124433.04
215 126291.99
216 124511.96
217 124390.13
218 125077.96
219 124323.84
220 124208.93
221 125556.95
222 125424.86
223 124663.83
224 120804.07
225 122245.07
226 121356.96
227 120897.05
228 120923.04
229 123225.93
230 122135.16
231 122144.94
232 121198.89
233 121750.12
234 121055.84
235 120913.03
236 122325.90
237 122101.07
238 120877.03
239 120960.95
240 120858.91
241 121193.89
242 122192.14
243 121270.90
244 121849.06
245 120988.85
246 121540.07
247 123252.15
248 120967.86
249 120969.06
250 120859.15
251 122089.86
252 122602.94
253 121625.90
254 121444.94
255 121325.02
256 121257.07
257 121953.01
258 121088.03
259 122609.85
260 120754.00
261 122137.07
262 122468.95
263 122358.08
264 121821.88
265 121466.16
266 121292.11
267 121047.02
268 122755.05
269 120985.98
270 121538.16
271 121519.09
272 121487.14
273 121242.05
274 121148.11
275 121876.96
276 121014.12
277 121359.11
278 121970.89
279 121782.06
280 120882.99
281 122125.15
282 121207.95
283 121102.09
284 122274.88
285 122972.01
286 122025.01
287 121022.94
288 121870.99
289 121854.07
290 121063.95
291 121399.88
292 122276.07
293 122170.93
294 121269.94
295 121773.00
296 123343.94
297 121497.87
298 122231.01
299 122102.02
300 121047.97
301 121676.92
302 121642.83
303 121593.95
304 121176.00
305 121078.01
306 121577.02
307 122164.01
308 122134.21
309 121214.87
310 121889.83
311 122102.02
312 122607.95
313 120802.88
314 122498.99
315 121460.91
316 121289.01
317 121419.19
318 122337.82
319 122411.01
320 121358.16
321 120972.16
322 122136.12
323 121104.00
324 121890.07
325 122030.02
326 121129.99
327 122736.93
328 121926.07
329 121803.05
330 121844.05
331 120990.99
332 121129.04
333 121785.16
334 121101.86
335 121880.05
336 121032.95
337 121510.03
338 121349.10
339 121343.14
340 121181.96
341 121223.93
342 121313.10
343 122786.05
344 121113.06
345 121363.88
346 122204.07
347 121901.04
348 121747.97
349 122064.83
350 121294.02
351 122088.91
352 121743.92
353 121570.11
354 121953.96
355 122156.86
356 121209.14
357 120789.77
358 120859.86
359 120978.12
360 120806.22
361 120764.97
362 121287.82
363 120836.02
364 120900.15
365 120914.94
366 121096.13
367 121051.07
368 121033.91
369 121241.09
370 121097.09
371 121183.16
372 121222.97
373 121037.01
374 121292.11
375 120782.14
376 121074.91
377 120985.98
378 120943.07
379 120989.80
380 121121.88
381 120914.94
382 120977.16
383 121060.85
384 120886.09
385 121062.99
386 120924.00
387 120942.83
388 120995.04
389 120847.94
390 120800.02
391 121245.15
392 120943.78
393 121212.01
394 121024.13
395 120734.93
396 121077.06
397 120962.14
398 120953.08
399 121176.00
400 120743.99
401 120968.10
402 121152.88
403 121277.09
404 120854.85
405 120969.06
406 121122.84
407 121186.02
408 121310.95
409 120916.13
410 121026.04
411 121132.14
412 121234.89
413 120862.96
414 121099.95
415 121091.84
416 120690.82
417 120935.92
418 120927.10
419 121237.99
420 121139.05
421 120744.94
422 120889.19
423 120986.94
424 121261.12
425 120865.82
426 120784.04
427 121026.04
428 121012.93
429 121184.11
430 120878.93
431 121069.19
432 121152.16
433 121076.11
434 121293.07
435 120849.13
436 120938.06
437 121215.82
438 121135.95
439 120748.04
440 120934.01
441 121034.86
442 121279.00
443 120869.16
444 120779.99
445 121079.92
446 121035.81
447 121326.92
448 120855.09
449 120861.05
450 121096.85
451 121263.03
452 121358.16
453 120759.96
454 120881.08
455 121161.94
456 121188.88
457 120718.96
458 120883.94
459 120943.07
460 121237.04
461 120695.11
462 120780.94
463 121032.00
464 121294.02
465 121340.99
466 120768.07
467 120845.79
468 120991.95
469 121116.16
470 120713.00
471 120904.92
472 120884.90
473 121194.12
474 121106.86
475 120708.94
476 120921.85
477 121059.89
478 120897.05
479 120855.09
480 120941.16
481 121115.92
482 121139.05
483 121123.08
484 121124.03
485 121127.13
486 121139.05
487 121108.06
488 121124.03
489 121115.92
490 121144.06
491 121122.84
492 121124.03
493 121124.03
494 121116.88
495 121119.02
496 121108.77
497 121037.01
498 121128.08
499 121119.02
500 121123.08
501 121112.82
502 121150.97
503 121118.07
504 121007.92
505 121109.96
506 121123.08
507 121109.96
508 121118.07
509 121117.12
510 121124.03
511 121111.87
512 121123.08
513 121115.92
514 121118.07
515 121111.87
516 121119.02
517 121032.00
518 121132.14
519 121103.05
520 121124.98
521 121113.06
522 121022.94
523 121150.97
524 121118.07
525 121103.05
526 121111.15
527 121122.12
528 121129.04
529 121119.02
530 121127.13
531 121125.94
532 121121.88
533 121109.01
534 121124.98
535 121118.07
536 121064.90
537 121119.98
538 121121.17
539 121124.03
540 121119.98
541 121117.83
542 121114.97
543 121114.02
544 121123.08
545 121114.02
546 121120.93
547 121116.88
548 121132.14
549 121121.17
550 121121.88
551 121124.98
552 121117.83
553 121000.05
554 121112.11
555 121064.90
556 121124.03
557 121028.90
558 121109.96
559 121109.01
560 121119.02
561 121101.14
562 121074.91
563 121097.80
564 121105.91
565 121104.96
566 121106.86
567 121095.90
568 121124.03
569 121121.88
570 121105.91
571 121094.94
572 121120.93
573 121114.97
574 121123.08
575 121119.98
576 121120.93
577 121134.04
578 121119.98
579 121124.98
580 121123.08
581 121124.03
582 121073.96
583 121121.88
584 121117.12
585 121116.88
586 121113.06
587 121112.82
588 121119.98
589 121108.06
590 121100.90
591 121104.96
592 121132.14
593 121127.84
594 121099.00
595 121140.00
596 121123.08
597 121076.11
598 121096.85
599 121096.13
600 121123.08
601 121110.92
602 121087.79
603 121114.97
604 121144.06
605 121139.05
606 121052.98
607 121137.14
608 121115.92
609 121143.82
610 121125.22
611 121119.02
612 121174.81
613 121142.15
614 121098.04
615 121116.88
616 121123.08
617 121147.16
618 121112.11
619 121114.02
620 121120.21
621 121147.87
622 121078.97
623 121113.06
624 121115.92
625 121150.97
626 121119.02
627 121115.92
628 121117.12
629 121132.85
630 121120.93
631 121164.08
632 121130.94
633 121129.99
634 121119.02
635 121116.88
636 121124.98
637 121068.95
638 121107.10
639 121110.92
640 121115.92
641 121098.04
642 121078.97
643 121178.87
644 121105.91
645 121110.20
646 121106.86
647 121109.96
648 121088.03
649 121099.00
650 121109.01
651 121122.12
652 121115.92
653 121107.10
654 121093.99
655 121124.98
656 121132.85
657 121078.01
658 121119.02
659 121125.94
660 121124.03
661 121124.98
662 121085.88
663 121117.12
664 121118.78
665 121114.97
666 121116.88
667 121119.98
668 121122.84
669 121123.08
670 121119.02
671 120997.19
672 121135.95
673 121128.08
674 121078.97
675 121006.01
676 121140.00
677 121124.03
678 121118.07
679 121128.80
680 121130.94
681 121110.20
682 121076.82
683 121123.08
684 121139.05
685 121026.04
686 121112.11
687 121112.11
688 121122.12
689 121104.96
690 121104.00
691 121124.98
692 121160.03
693 121113.06
694 121108.06
695 121118.07
696 121144.06
697 121062.99
698 121104.00
699 121117.12
