700
0 121173.86
1 121078.01
2 121021.03
3 121041.06
4 121069.91
5 121063.95
6 121050.83
7 121055.84
8 121052.03
9 121070.86
10 121043.92
11 121062.04
12 121006.97
13 121047.02
14 121081.11
15 121033.91
16 121038.91
17 121063.95
18 121069.91
19 121053.93
20 121055.84
21 121053.93
22 121040.11
23 120990.04
24 120992.90
25 121063.95
26 121050.12
27 121037.01
28 121052.98
29 121067.05
30 121110.92
31 121091.84
32 121006.01
33 120997.91
34 121067.05
35 121042.01
36 121043.92
37 121042.97
38 121046.07
39 121047.02
40 121047.02
41 121072.05
42 121047.02
43 120983.84
44 121052.03
45 121020.08
46 121055.84
47 121059.89
48 121057.99
49 121049.88
50 120990.99
51 121054.89
52 121024.85
53 120944.02
54 121060.13
55 121057.03
56 121054.89
57 121042.01
58 121067.05
59 121044.87
60 121047.02
61 121047.97
62 121045.83
63 121043.92
64 121035.10
65 121047.02
66 121067.05
67 121051.07
68 121055.13
69 121057.03
70 121056.08
71 121046.07
72 121017.93
73 121032.95
74 121072.05
75 121038.20
76 121022.94
77 121045.11
78 121060.85
79 121047.97
80 121054.17
81 121046.07
82 121061.09
83 120982.89
84 121043.92
85 121065.14
86 121065.14
87 121048.21
88 121057.03
89 121068.00
90 121086.12
91 121059.89
92 121021.99
93 121045.83
94 121063.95
95 121076.11
96 120990.99
97 120989.08
98 121054.89
99 121130.94
100 121099.95
101 121086.12
102 121476.89
103 121065.14
104 122358.08
105 121160.98
106 120957.85
107 120946.17
108 122460.13
109 122481.11
110 122347.12
111 122401.00
112 121483.80
113 124259.00
114 122586.01
115 122720.00
116 125594.85
117 124075.89
118 125000.95
119 124838.83
120 126086.95
121 124539.85
122 125107.05
123 124920.85
124 125607.01
125 125696.90
126 125500.92
127 124702.93
128 125246.05
129 124598.98
130 125307.08
131 126159.91
132 124844.79
133 125394.11
134 126200.20
135 126237.87
136 124814.99
137 124417.07
138 125426.05
139 123671.05
140 124897.00
141 124064.92
142 124929.90
143 125705.96
144 125639.92
145 124226.09
146 125682.12
147 124813.08
148 124464.04
149 125154.02
150 124999.05
151 124288.08
152 125214.10
153 125216.96
154 124412.06
155 124974.01
156 124234.91
157 124986.89
158 124081.85
159 124429.94
160 125247.00
161 125350.95
162 125493.05
163 127254.96
164 124952.08
165 124157.91
166 124959.95
167 124094.01
168 124179.12
169 124270.92
170 125611.07
171 124842.88
172 125702.14
173 125044.11
174 124243.02
175 124287.84
176 124433.99
177 124459.98
178 125385.05
179 125824.93
180 125169.04
181 124935.15
182 124974.01
183 124901.06
184 124379.16
185 125668.05
186 125751.97
187 125118.97
188 124249.94
189 126721.86
190 125020.03
191 124802.83
192 125210.05
193 124511.00
194 125164.03
195 124089.96
196 125587.94
197 124835.97
198 125717.88
199 125697.85
200 125632.05
201 124004.13
202 124458.07
203 125991.11
204 124996.90
205 125144.96
206 124577.05
207 125856.88
208 125393.15
209 125411.03
210 124619.96
211 125362.87
212 124769.93
213 124642.85
214 124700.07
215 124566.79
216 124654.05
217 125842.09
218 125815.87
219 124262.09
220 125242.95
221 125316.86
222 125489.00
223 124305.01
224 125622.03
225 121791.84
226 121792.08
227 122020.01
228 121637.11
229 122368.81
230 121361.02
231 121484.04
232 121674.06
233 121280.19
234 120954.99
235 121512.89
236 121997.12
237 122144.94
238 121217.97
239 121986.87
240 121963.98
241 121533.87
242 122215.03
243 121347.90
244 121280.91
245 121747.02
246 121761.08
247 120908.02
248 121689.08
249 121596.10
250 121636.87
251 121254.92
252 122123.00
253 122060.78
254 121155.02
255 120875.84
256 120848.89
257 121508.84
258 121378.90
259 121391.06
260 120879.89
261 121797.08
262 121824.03
263 120912.08
264 121666.91
265 121897.94
266 121834.99
267 121459.01
268 121078.97
269 121047.97
270 120706.80
271 120842.93
272 121783.02
273 121741.77
274 122233.15
275 120877.98
276 121691.94
277 121694.09
278 121137.14
279 120897.05
280 121769.91
281 122557.16
282 122720.00
283 121685.98
284 121659.99
285 121003.87
286 121031.05
287 121077.06
288 121715.07
289 121747.97
290 120999.10
291 120782.85
292 120841.03
293 121618.03
294 121134.04
295 122695.92
296 121898.17
297 120858.91
298 121424.91
299 122120.14
300 121347.90
301 122210.03
302 120999.81
303 121032.00
304 121145.96
305 120717.05
306 121983.05
307 122049.81
308 122112.04
309 121447.09
310 121779.92
311 121824.98
312 120846.03
313 122198.10
314 121393.92
315 121778.96
316 121083.97
317 122538.09
318 122371.20
319 121103.05
320 121929.88
321 121083.02
322 121629.00
323 121814.97
324 121684.07
325 121571.06
326 121993.06
327 121873.86
328 121046.07
329 121567.01
330 120954.99
331 121505.98
332 120803.12
333 122506.86
334 122514.01
335 121830.94
336 122297.05
337 121369.84
338 121984.00
339 121007.20
340 121160.03
341 120838.17
342 122597.93
343 121804.95
344 120758.06
345 122102.02
346 121066.81
347 121773.00
348 121177.91
349 121392.97
350 121918.92
351 121889.11
352 120800.02
353 121551.99
354 121079.92
355 121369.12
356 121754.17
357 121769.91
358 121839.05
359 120688.20
360 120910.17
361 120774.03
362 120830.06
363 120797.87
364 120751.14
365 120983.84
366 120845.08
367 120997.19
368 120848.89
369 120885.85
370 120955.94
371 120778.08
372 120763.06
373 120957.85
374 120980.02
375 120927.10
376 120887.04
377 121070.15
378 121003.87
379 120911.12
380 121001.01
381 120877.98
382 121020.08
383 120774.98
384 121145.01
385 121028.90
386 120994.09
387 120895.86
388 121062.99
389 121108.06
390 120743.99
391 120770.93
392 120874.17
393 121189.12
394 121046.07
395 120846.03
396 121287.11
397 121086.12
398 121373.89
399 120774.03
400 121523.86
401 120795.97
402 120939.97
403 121165.04
404 120864.87
405 121076.11
406 121233.94
407 121098.04
408 121062.99
409 120774.03
410 121136.90
411 121191.02
412 120795.01
413 121085.88
414 120740.89
415 120948.08
416 121303.08
417 120822.91
418 120798.11
419 121200.08
420 121059.89
421 121078.01
422 120690.11
423 120930.19
424 121074.91
425 120593.07
426 120968.10
427 121182.20
428 120836.97
429 120998.14
430 120708.94
431 120862.01
432 121078.97
433 120736.12
434 120929.96
435 121157.88
436 120804.07
437 121006.01
438 121169.09
439 120888.95
440 120954.04
441 120550.16
442 120934.96
443 121032.00
444 120810.99
445 121125.94
446 121167.90
447 120785.00
448 121193.89
449 120718.96
450 120849.13
451 121102.09
452 120731.12
453 120970.96
454 121127.13
455 120838.88
456 120935.20
457 121220.11
458 120886.09
459 121086.12
460 120723.96
461 120918.99
462 121196.03
463 120721.10
464 121080.88
465 121144.06
466 120781.18
467 121001.01
468 120743.99
469 120841.03
470 121099.95
471 120748.04
472 120954.04
473 121035.10
474 120810.99
475 120934.96
476 121112.11
477 120935.92
478 120842.93
479 121167.90
480 120815.04
481 120934.96
482 120956.18
483 120862.96
484 120960.95
485 120956.18
486 120895.15
487 120953.08
488 120951.18
489 120920.90
490 120963.10
491 120949.03
492 120960.95
493 120917.08
494 120956.90
495 120945.93
496 120902.06
497 120970.01
498 120959.04
499 120901.11
500 120929.96
501 120959.04
502 120933.06
503 120985.98
504 120948.08
505 120898.96
506 120958.09
507 120956.90
508 120964.05
509 120965.00
510 120970.01
511 120970.96
512 120936.87
513 120872.97
514 120934.01
515 120946.17
516 120944.02
517 120949.03
518 120951.18
519 120960.95
520 120951.18
521 120960.95
522 120962.86
523 120978.83
524 120970.01
525 120907.07
526 120954.99
527 120939.97
528 120950.94
529 120949.03
530 120958.09
531 120970.01
532 120962.14
533 120933.06
534 120960.00
535 120862.01
536 120960.00
537 120948.79
538 120962.86
539 120970.96
540 120938.06
541 120967.86
542 120949.03
543 120974.06
544 120960.95
545 120900.87
546 120932.10
547 120951.89
548 120990.04
549 120954.04
550 120917.08
551 120960.00
552 120942.12
553 120901.11
554 120842.93
555 120964.05
556 120961.19
557 120967.86
558 120894.91
559 120923.04
560 120934.96
561 120947.84
562 120945.93
563 120883.94
564 120954.99
565 120912.08
566 120934.01
567 120894.91
568 120947.12
569 120919.94
570 120958.09
571 120979.07
572 120959.04
573 120933.06
574 120965.00
575 120883.94
576 120965.00
577 120988.13
578 120899.92
579 120923.04
580 120961.19
581 120946.88
582 120964.05
583 120960.00
584 120966.91
585 120962.14
586 120960.95
587 120937.11
588 120958.09
589 120962.86
590 120967.86
591 120964.05
592 120968.82
593 120918.99
594 120972.16
595 120944.98
596 120971.92
597 120954.99
598 120942.83
599 120960.00
600 120975.02
601 120918.99
602 120903.97
603 120932.10
604 120965.00
605 120952.13
606 120980.02
607 120965.00
608 120969.06
609 120932.10
610 120967.86
611 120988.13
612 120968.10
613 120929.00
614 120903.97
615 120876.07
616 120939.02
617 120970.96
618 120962.14
619 120905.16
620 120967.86
621 120965.96
622 120967.15
623 120937.11
624 120941.16
625 120945.93
626 120954.99
627 120957.14
628 120955.94
629 120964.05
630 120960.00
631 120966.91
632 120969.06
633 120922.09
634 120977.88
635 120943.07
636 120945.93
637 120927.10
638 120954.04
639 120954.04
640 120945.93
641 120939.97
642 120907.07
643 120941.88
644 120967.15
645 120952.13
646 120965.00
647 120963.81
648 120889.90
649 120967.15
650 120957.14
651 120944.98
652 120879.17
653 120919.94
654 120950.94
655 120886.09
656 120851.04
657 120985.03
658 120808.12
659 120913.98
660 120952.13
661 120941.16
662 120960.00
663 120953.08
664 120961.90
665 120955.94
666 120939.02
667 120925.90
668 120948.08
669 120953.08
670 120850.80
671 120944.02
672 120939.02
673 120925.19
674 120953.08
675 120939.02
676 120962.14
677 120947.84
678 120956.90
679 120930.19
680 120965.00
681 120962.14
682 120968.10
683 120934.01
684 120972.87
685 120957.14
686 120988.13
687 120970.01
688 120905.16
689 120939.02
690 120954.99
691 120995.04
692 120959.04
693 120919.94
694 120962.86
695 120887.04
696 120956.90
697 120984.08
698 120862.96
699 120907.07
