700
0 121251.11
1 121047.97
2 120973.11
3 120990.99
4 121048.21
5 121037.96
6 121047.02
7 121046.07
8 120999.10
9 121057.99
10 121044.16
11 120982.89
12 121017.93
13 121016.03
14 120946.88
15 121021.99
16 121021.99
17 121009.83
18 121012.21
19 121023.89
20 121026.04
21 121035.10
22 120950.94
23 120996.00
24 121039.87
25 121024.85
26 121037.01
27 121027.95
28 121047.02
29 121036.05
30 121047.97
31 121000.05
32 120979.07
33 121046.07
34 121086.84
35 121015.07
36 120992.90
37 121002.91
38 121037.01
39 121016.03
40 121043.92
41 121027.95
42 121044.16
43 121026.99
44 121044.87
45 121032.95
46 121047.02
47 121026.99
48 121028.90
49 121045.11
50 120998.86
51 121016.03
52 121044.87
53 121009.11
54 120954.04
55 121030.09
56 121045.11
57 120958.09
58 121040.82
59 121041.06
60 121046.07
61 121045.11
62 121073.01
63 120882.99
64 120987.89
65 120981.93
66 121039.15
67 121023.18
68 120951.89
69 121037.01
70 121022.94
71 120999.10
72 121027.95
73 121084.93
74 121009.11
75 121001.01
76 121018.89
77 121046.07
78 121026.04
79 121000.05
80 121027.95
81 121033.19
82 121037.96
83 120998.14
84 121039.15
85 121009.83
86 120904.21
87 121016.98
88 121039.87
89 121023.18
90 121057.99
91 120990.99
92 120967.86
93 121019.12
94 120958.81
95 121026.99
96 121016.03
97 121043.92
98 120860.82
99 120939.02
100 120759.96
101 121005.06
102 121639.97
103 120952.13
104 121432.07
105 120959.04
106 121574.16
107 121011.02
108 121136.90
109 122020.01
110 121953.96
111 120957.14
112 121680.97
113 122601.99
114 121421.10
115 123267.89
116 122399.09
117 123320.10
118 123327.02
119 123817.92
120 122287.99
121 122576.00
122 123614.07
123 124240.88
124 123393.06
125 123171.09
126 123219.01
127 123285.06
128 123106.00
129 123952.15
130 122857.81
131 123210.91
132 121992.11
133 122751.00
134 122758.15
135 123621.94
136 122790.10
137 122848.03
138 124363.90
139 122761.01
140 123213.77
141 122509.96
142 123916.15
143 123680.11
144 123666.05
145 122036.93
146 122547.15
147 123323.92
148 122578.14
149 122306.11
150 122835.87
151 123692.04
152 123730.18
153 123411.89
154 123358.01
155 122614.86
156 122073.17
157 123914.00
158 121991.16
159 122996.81
160 122998.95
161 122876.17
162 122226.00
163 123741.15
164 123518.94
165 122291.80
166 123332.98
167 124804.02
168 122518.06
169 122337.10
170 122244.12
171 123005.15
172 122262.00
173 123007.06
174 122977.02
175 121843.10
176 123045.21
177 123023.99
178 122607.95
179 123317.00
180 122506.14
181 122282.98
182 123024.94
183 122058.87
184 123520.85
185 123494.15
186 123281.00
187 121987.10
188 122301.82
189 122140.17
190 122383.12
191 122567.18
192 124094.96
193 122399.81
194 122172.12
195 123636.01
196 123003.96
197 122630.83
198 122863.05
199 122631.07
200 122520.92
201 123038.77
202 123839.14
203 122159.00
204 122554.06
205 123303.17
206 122466.09
207 122295.86
208 123988.87
209 123151.06
210 122761.01
211 124468.09
212 123544.93
213 123461.96
214 123772.86
215 125134.94
216 121881.01
217 123823.88
218 123039.96
219 123023.03
220 121883.15
221 123363.97
222 122622.97
223 123286.96
224 123355.87
225 121840.00
226 121460.20
227 121521.00
228 123373.99
229 120857.95
230 122298.96
231 121388.91
232 121239.90
233 121606.83
234 120851.04
235 122406.01
236 120965.00
237 121222.97
238 121175.05
239 120886.09
240 122151.14
241 122241.97
242 122063.88
243 122268.92
244 122543.10
245 122381.93
246 122214.08
247 122936.01
248 122177.84
249 121346.95
250 122807.03
251 121826.89
252 121774.91
253 120898.01
254 122382.88
255 121460.91
256 121420.86
257 122299.91
258 121476.17
259 123006.82
260 121149.06
261 122272.97
262 121392.97
263 121953.01
264 122308.02
265 120958.09
266 122490.88
267 120898.01
268 122329.00
269 121425.15
270 121505.02
271 122176.17
272 120893.00
273 121215.11
274 122701.88
275 122109.89
276 122709.04
277 121762.99
278 120956.90
279 121150.02
280 121953.01
281 122095.82
282 121936.08
283 122840.88
284 121978.04
285 120905.16
286 122307.06
287 122288.94
288 121357.92
289 122092.96
290 122164.01
291 122035.03
292 121295.93
293 121521.95
294 122078.18
295 121665.95
296 120996.00
297 121055.84
298 122585.06
299 121028.18
300 121195.08
301 121158.12
302 120863.20
303 121590.14
304 123281.00
305 122338.06
306 122308.97
307 120919.94
308 122523.07
309 121625.19
310 120975.97
311 122305.87
312 120935.92
313 121330.98
314 122180.94
315 122040.03
316 122060.06
317 121218.92
318 121936.08
319 121412.99
320 121254.92
321 121675.97
322 122441.05
323 122181.89
324 122131.82
325 121191.98
326 122346.88
327 121160.03
328 121012.93
329 120900.87
330 121596.10
331 121534.82
332 120929.00
333 121938.94
334 121365.07
335 122711.90
336 122262.95
337 121318.10
338 122047.90
339 120923.04
340 120990.04
341 121768.95
342 120826.01
343 121382.00
344 122148.04
345 121030.09
346 121270.18
347 122205.02
348 121404.89
349 122023.82
350 120917.80
351 122339.01
352 120933.06
353 121092.08
354 121842.86
355 121768.00
356 121728.18
357 121852.16
358 120798.11
359 120958.09
360 121047.02
361 120955.94
362 121158.12
363 120959.04
364 120998.14
365 120883.94
366 120952.13
367 121083.02
368 120958.81
369 120947.12
370 120915.89
371 120949.98
372 120944.02
373 120929.96
374 120929.00
375 121219.16
376 120832.92
377 120887.99
378 120950.94
379 120861.05
380 120954.04
381 121109.96
382 121045.11
383 120786.19
384 120906.11
385 120972.87
386 120885.85
387 120898.96
388 121046.78
389 121017.93
390 120860.82
391 120800.02
392 121015.07
393 120936.16
394 120821.00
395 121215.11
396 120815.04
397 121077.06
398 121441.13
399 120984.08
400 121310.00
401 120956.90
402 121183.16
403 121377.94
404 120975.97
405 121050.83
406 120829.82
407 121041.06
408 121397.97
409 121006.01
410 121056.08
411 121222.97
412 120876.07
413 121055.84
414 121269.94
415 120961.90
416 121145.01
417 120762.11
418 120972.87
419 121134.04
420 120837.93
421 120998.14
422 121186.02
423 120821.00
424 121028.90
425 121136.19
426 120866.06
427 121015.79
428 121193.89
429 120881.08
430 121075.87
431 120728.97
432 120885.13
433 121092.08
434 121286.87
435 120861.05
436 121054.89
437 121279.95
438 120959.04
439 121253.97
440 120814.09
441 121076.82
442 121217.01
443 120812.18
444 120987.18
445 121210.10
446 120838.88
447 121075.15
448 121306.90
449 120727.06
450 121007.92
451 121333.12
452 120847.94
453 120985.03
454 121268.99
455 120922.09
456 121293.07
457 120810.99
458 121002.91
459 121220.11
460 120984.79
461 121124.98
462 121201.99
463 120779.99
464 121027.95
465 121246.81
466 120892.05
467 121200.08
468 121191.98
469 121006.01
470 121104.96
471 121260.88
472 120972.87
473 121239.19
474 120826.01
475 121152.88
476 121164.08
477 121333.84
478 120796.92
479 121401.07
480 121206.05
481 120933.06
482 120944.02
483 121032.00
484 121137.14
485 121091.84
486 121142.86
487 121140.00
488 121123.08
489 121125.94
490 121109.01
491 121129.04
492 121116.88
493 121114.97
494 121109.96
495 121145.96
496 121114.02
497 121044.87
498 121127.13
499 121122.12
500 121125.94
501 121114.02
502 121126.89
503 121129.04
504 121124.98
505 121026.99
506 121124.98
507 121140.00
508 121011.97
509 121125.94
510 121105.91
511 121127.13
512 121054.89
513 121140.96
514 121145.01
515 121137.86
516 121136.90
517 121044.87
518 121121.88
519 121112.82
520 121116.16
521 121143.10
522 121124.03
523 121126.89
524 121159.79
525 121089.22
526 121147.16
527 121137.14
528 121099.00
529 121119.98
530 121132.14
531 121124.98
532 121129.99
533 121129.04
534 121125.94
535 121124.03
536 121138.10
537 121054.89
538 121130.94
539 121140.96
540 121125.94
541 121047.97
542 121124.03
543 121120.93
544 121129.99
545 121062.99
546 121142.15
547 121140.00
548 121128.08
549 121122.84
550 121117.83
551 121120.93
552 121131.90
553 121109.01
554 121133.09
555 121144.06
556 121100.19
557 121146.92
558 121145.96
559 121136.90
560 121133.09
561 121128.08
562 121141.91
563 121141.20
564 121120.21
565 121095.90
566 121115.92
567 121140.96
568 121149.06
569 121131.90
570 121145.01
571 121130.94
572 121137.86
573 121129.99
574 121119.98
575 121142.86
576 121126.89
577 121072.05
578 121112.82
579 121121.88
580 121119.98
581 121127.84
582 121118.07
583 121125.94
584 121162.89
585 121076.11
586 121082.07
587 121135.00
588 121127.84
589 121130.94
590 121130.94
591 121129.04
592 121120.93
593 121119.02
594 121164.08
595 121198.18
596 121101.14
597 121068.95
598 121124.03
599 121130.94
600 121093.03
601 121133.09
602 121148.11
603 121130.94
604 121141.91
605 121092.80
606 121133.09
607 121148.11
608 121129.04
609 121142.15
610 121129.04
611 121134.04
612 121119.02
613 121124.03
614 121123.08
615 121123.08
616 121119.98
617 121165.99
618 121118.07
619 121096.85
620 121123.08
621 121139.05
622 121034.86
623 121136.90
624 121124.03
625 121028.90
626 121112.11
627 121137.86
628 121122.12
629 121122.84
630 121140.96
631 121130.94
632 121122.84
633 121129.04
634 121104.00
635 121128.80
636 121109.96
637 121057.99
638 121119.02
639 121154.07
640 121121.17
641 121141.91
642 121128.80
643 121133.09
644 121130.94
645 121099.00
646 121123.08
647 121145.01
648 121124.98
649 121130.94
650 121160.03
651 121124.03
652 121117.12
653 121119.98
654 121115.92
655 121140.00
656 121119.98
657 121021.03
658 121130.94
659 121140.00
660 121123.79
661 121147.87
662 121120.93
663 121135.95
664 121114.02
665 121073.96
666 121128.08
667 121139.05
668 121110.92
669 121130.94
670 121119.98
671 121132.85
672 121129.04
673 121128.08
674 121124.03
675 121129.99
676 121108.06
677 121178.87
678 121144.06
679 121096.13
680 121135.00
681 121104.96
682 121140.96
683 121122.12
684 121122.12
685 121083.97
686 121121.88
687 121118.07
688 121158.12
689 121116.88
690 121141.91
691 121127.13
692 121126.89
693 121119.98
694 121133.09
695 121136.90
696 121134.04
697 121059.89
698 121121.88
699 121120.21
