550
0 121131.18
1 121383.91
2 121082.07
3 121053.93
4 121033.91
5 121116.16
6 121134.04
7 121136.19
8 121047.02
9 121141.91
10 121130.94
11 121130.94
12 121128.80
13 121003.15
14 121100.90
15 121126.17
16 121130.94
17 121109.01
18 121125.94
19 121109.96
20 121108.06
21 121055.84
22 121133.09
23 121121.88
24 121106.86
25 121100.90
26 121127.84
27 121107.10
28 121114.02
29 121114.97
30 121134.04
31 121105.19
32 121047.97
33 121093.99
34 121124.98
35 121098.04
36 121137.86
37 121135.00
38 121133.09
39 121050.12
40 121119.02
41 121042.97
42 121129.99
43 121125.94
44 121129.04
45 121131.18
46 121172.90
47 121114.02
48 121134.04
49 121110.92
50 121111.87
51 121101.14
52 121159.08
53 121111.87
54 121119.02
55 121113.06
56 121142.86
57 121109.96
58 121123.79
59 121106.15
60 121124.98
61 121067.05
62 121127.13
63 121131.90
64 121160.03
65 121128.08
66 121115.92
67 121135.95
68 121129.04
69 121127.84
70 121133.09
71 121101.14
72 121128.08
73 121123.08
74 121129.99
75 121109.01
76 121115.92
77 121126.89
78 121130.94
79 121118.07
80 121119.02
81 121052.03
82 121127.84
83 121125.94
84 121126.17
85 121129.99
86 121130.94
87 121123.79
88 121132.14
89 121127.13
90 121119.02
91 121115.21
92 121105.91
93 121070.15
94 121169.09
95 121130.94
96 120995.04
97 121073.01
98 121261.12
99 121201.04
100 121139.05
101 121119.02
102 121085.17
103 121213.91
104 121203.18
105 121072.05
106 121214.15
107 120869.16
108 121225.83
109 121364.83
110 121174.10
111 121181.96
112 121093.99
113 121235.13
114 121069.91
115 121160.98
116 121135.00
117 121125.94
118 121237.99
119 121847.87
120 121143.10
121 121142.86
122 121248.01
123 121214.15
124 121047.97
125 121158.12
126 121418.95
127 121088.98
128 121243.00
129 121145.96
130 120987.18
131 121129.99
132 121043.92
133 121152.88
134 121140.00
135 121241.81
136 121171.95
137 121132.85
138 121098.04
139 121168.14
140 121227.03
141 121424.20
142 121165.04
143 121097.09
144 121088.98
145 121156.93
146 121176.96
147 121176.96
148 121295.93
149 121122.12
150 121161.94
151 121151.92
152 121217.97
153 121260.17
154 121175.05
155 121623.04
156 121436.83
157 120924.00
158 121060.85
159 120987.89
160 121380.09
161 121060.13
162 121085.88
163 121069.91
164 121225.83
165 121361.02
166 121097.09
167 121222.97
168 121064.90
169 121157.17
170 120950.94
171 121159.08
172 121038.91
173 121368.89
174 121139.05
175 120975.02
176 121104.00
177 121109.01
178 121079.21
179 121162.89
180 121243.95
181 121103.05
182 121065.14
183 121057.03
184 121716.02
185 121837.14
186 121406.79
187 121041.06
188 121006.97
189 122131.11
190 121368.17
191 121073.96
192 121147.16
193 121217.01
194 121638.06
195 121175.77
196 121327.88
197 121368.89
198 121330.98
199 121150.97
200 121069.91
201 121118.07
202 121096.13
203 121867.90
204 121064.19
205 121144.06
206 121112.11
207 121171.95
208 121068.95
209 121243.00
210 121027.95
211 121088.98
212 121065.14
213 121142.86
214 121078.97
215 121437.07
216 120859.15
217 120993.85
218 121742.01
219 121312.86
220 120958.09
221 121160.03
222 121243.00
223 121434.21
224 121072.05
225 121036.05
226 121391.06
227 122007.13
228 121158.12
229 121090.89
230 121176.96
231 121000.05
232 121380.09
233 120915.89
234 121093.03
235 121249.91
236 121655.94
237 121091.84
238 121329.07
239 121690.03
240 121076.11
241 120908.98
242 121094.94
243 121226.07
244 121104.96
245 120959.04
246 121099.00
247 121434.21
248 121544.12
249 121392.97
250 121204.85
251 121202.23
252 121572.02
253 122217.18
254 121259.93
255 120945.93
256 121176.00
257 121390.10
258 121001.01
259 121005.06
260 121582.98
261 121038.20
262 121345.04
263 120971.92
264 121103.05
265 120985.03
266 121285.92
267 121601.82
268 121541.02
269 121083.02
270 121176.00
271 121013.88
272 121577.98
273 121601.10
274 121201.99
275 120959.04
276 120903.02
277 121250.15
278 121159.08
279 120948.79
280 120826.01
281 121344.09
282 121165.99
283 120883.94
284 120928.05
285 120907.07
286 121551.04
287 121176.96
288 121153.12
289 121503.11
290 121687.17
291 121361.97
292 121593.00
293 121228.93
294 121326.92
295 121375.08
296 121449.95
297 121151.92
298 121558.90
299 121937.04
300 121253.97
301 121334.08
302 121298.07
303 121150.02
304 120963.10
305 121613.03
306 121337.89
307 121093.03
308 120947.12
309 121558.90
310 121397.02
311 120898.96
312 121634.01
313 121613.03
314 122037.17
315 121369.84
316 121651.17
317 121631.86
318 121637.11
319 121630.19
320 121140.00
321 121294.98
322 121005.06
323 121069.19
324 121767.04
325 121288.06
326 122006.89
327 122091.05
328 121015.07
329 121741.06
330 120954.99
331 121018.89
332 121118.78
333 121541.98
334 121523.86
335 121715.07
336 121595.86
337 121357.92
338 121459.96
339 121210.10
340 121099.00
341 121083.02
342 121438.98
343 121428.01
344 121078.97
345 121325.02
346 121402.03
347 121136.90
348 121021.99
349 121973.99
350 121680.97
351 121002.91
352 121555.81
353 120980.02
354 121037.01
355 121213.91
356 121529.10
357 121278.05
358 121411.09
359 121217.01
360 121062.99
361 121275.90
362 121016.03
363 120909.93
364 121035.10
365 121104.00
366 121142.15
367 120898.01
368 121077.06
369 121176.00
370 121217.97
371 121150.97
372 120753.05
373 121321.20
374 121023.89
375 121273.04
376 121008.87
377 121248.01
378 121046.07
379 121159.08
380 121028.90
381 121073.01
382 121083.97
383 121110.92
384 121021.99
385 121112.82
386 121038.91
387 121042.01
388 121045.83
389 120913.03
390 120833.87
391 120918.99
392 121117.12
393 121006.97
394 121064.19
395 120991.95
396 121070.15
397 121049.17
398 121070.15
399 120972.87
400 120895.15
401 121063.95
402 121098.04
403 121073.01
404 121027.95
405 121153.83
406 121042.97
407 121412.99
408 121060.85
409 120944.98
410 121043.92
411 121042.01
412 121068.00
413 121124.98
414 120810.03
415 121223.93
416 121107.10
417 121005.06
418 121238.95
419 120956.90
420 120891.09
421 121021.03
422 121104.00
423 120912.79
424 121068.00
425 120975.97
426 121250.87
427 121454.95
428 120989.08
429 121193.17
430 121053.93
431 120822.91
432 121098.04
433 121156.22
434 121028.90
435 121407.99
436 121500.02
437 121033.19
438 121158.12
439 120993.85
440 121237.99
441 121054.89
442 120961.90
443 121289.01
444 120999.10
445 121592.04
446 120944.98
447 120980.98
448 121015.07
449 121037.01
450 121089.94
451 121157.88
452 121062.04
453 120913.03
454 120993.14
455 121341.94
456 121458.05
457 121221.07
458 121063.95
459 120960.00
460 120949.98
461 120728.97
462 121011.02
463 121018.89
464 121625.19
465 121400.12
466 121500.97
467 120910.88
468 121195.08
469 121096.13
470 121167.90
471 120994.09
472 120913.03
473 121535.06
474 121528.15
475 121284.01
476 121235.85
477 121294.98
478 121129.99
479 120930.91
480 121068.00
481 121499.06
482 121021.99
483 120851.04
484 121054.89
485 121677.88
486 121710.78
487 120882.03
488 121284.01
489 120948.08
490 121279.95
491 121505.98
492 121293.07
493 121055.13
494 121020.08
495 121145.01
496 121495.96
497 121736.05
498 121076.11
499 120904.92
500 121073.96
501 121732.95
502 121323.11
503 121397.97
504 120952.84
505 121608.97
506 121402.98
507 121593.95
508 121325.02
509 121431.11
510 121413.95
511 121300.22
512 121337.18
513 121291.88
514 121679.78
515 121191.98
516 121037.96
517 121660.95
518 121492.86
519 121388.91
520 121186.02
521 120910.88
522 121557.95
523 121419.91
524 121513.13
525 121568.20
526 121605.87
527 120949.03
528 121662.14
529 120891.09
530 121179.82
531 121500.02
532 121559.86
533 121151.92
534 121626.85
535 121737.00
536 121635.20
537 121067.05
538 121130.94
539 121454.95
540 121562.96
541 121572.02
542 120934.01
543 121111.87
544 121632.81
545 121129.04
546 121585.85
547 121137.14
548 121211.05
549 121090.89
