550
0 121284.01
1 121163.13
2 121160.03
3 121074.91
4 121088.98
5 121109.01
6 121142.15
7 121123.08
8 121142.86
9 121157.88
10 121140.00
11 121087.07
12 121141.20
13 121126.17
14 121148.11
15 121139.05
16 121114.02
17 121127.13
18 121139.05
19 121124.98
20 121137.86
21 121130.94
22 121141.91
23 121137.86
24 121158.84
25 121138.10
26 121146.92
27 121132.85
28 121140.00
29 121137.86
30 121194.84
31 121132.14
32 121052.98
33 121115.92
34 121148.82
35 121128.08
36 121134.04
37 121150.02
38 121136.90
39 121104.96
40 121140.96
41 121124.98
42 121152.88
43 121132.85
44 121126.17
45 121139.05
46 121135.95
47 121037.96
48 121127.13
49 121136.90
50 121131.18
51 121135.00
52 121124.03
53 121142.15
54 121123.08
55 121144.06
56 121131.18
57 121144.06
58 121129.99
59 121099.00
60 121128.08
61 121104.96
62 121145.01
63 121120.93
64 121145.96
65 121140.96
66 121131.90
67 121143.10
68 121135.95
69 121152.88
70 121142.86
71 121140.00
72 121129.04
73 121114.97
74 121141.91
75 121140.96
76 121112.11
77 121141.91
78 121128.08
79 121102.09
80 121096.13
81 121164.08
82 121142.86
83 121086.84
84 121140.00
85 121147.16
86 121140.00
87 121057.99
88 121134.04
89 121104.96
90 121116.88
91 121108.06
92 121122.12
93 121122.84
94 121141.91
95 121060.85
96 121013.88
97 121126.89
98 121160.03
99 121083.02
100 121147.87
101 121099.95
102 121152.88
103 121088.98
104 121138.10
105 120945.93
106 121109.96
107 120924.00
108 122142.79
109 121082.07
110 122200.01
111 122256.99
112 121186.97
113 121882.20
114 123109.10
115 122426.03
116 123901.84
117 122825.86
118 123566.87
119 124997.14
120 124037.03
121 123270.99
122 123169.90
123 123833.89
124 123725.89
125 122977.97
126 123462.92
127 123331.07
128 122301.10
129 123662.95
130 124288.08
131 123415.95
132 123336.79
133 124038.93
134 123125.08
135 123036.15
136 122345.92
137 123779.06
138 122992.99
139 123632.19
140 123463.87
141 124396.09
142 123166.80
143 124661.21
144 123698.95
145 123651.98
146 124238.97
147 123368.98
148 123283.15
149 123930.93
150 123955.97
151 124489.07
152 123619.08
153 123597.15
154 124259.95
155 123525.86
156 123337.03
157 124176.98
158 123945.95
159 123133.90
160 123706.82
161 123873.95
162 124310.97
163 123532.06
164 123440.98
165 124084.95
166 124230.86
167 123076.92
168 123712.06
169 122011.18
170 121149.06
171 121822.83
172 121798.04
173 120927.10
174 122620.11
175 121517.90
176 122137.07
177 122128.96
178 121191.98
179 120959.04
180 121675.97
181 122428.89
182 122425.08
183 121375.08
184 121967.08
185 122045.99
186 120956.90
187 121121.17
188 121536.02
189 122293.00
190 122400.05
191 121313.81
192 121939.90
193 121929.17
194 121008.87
195 121012.93
196 121586.08
197 122379.06
198 122256.99
199 121374.13
200 121341.94
201 121921.06
202 120963.81
203 122514.01
204 121371.03
205 122175.93
206 122113.94
207 121216.06
208 120983.12
209 121631.86
210 122370.00
211 122451.07
212 121297.84
213 122004.99
214 122003.08
215 121000.05
216 121008.87
217 121630.91
218 122164.01
219 122210.98
220 121287.11
221 121166.94
222 121765.14
223 120960.00
224 122600.79
225 121528.15
226 122157.81
227 122034.07
228 121196.03
229 121010.07
230 121681.93
231 122359.04
232 122437.95
233 121369.12
234 121975.18
235 122020.96
236 121174.10
237 121135.00
238 121593.00
239 122324.94
240 122315.88
241 121358.87
242 121170.04
243 121970.18
244 120970.96
245 120975.97
246 121512.89
247 122214.08
248 122116.09
249 121254.92
250 121052.98
251 121716.02
252 120912.08
253 122570.04
254 121487.14
255 122124.91
256 122112.99
257 121099.00
258 121028.90
259 121722.94
260 122321.13
261 122231.96
262 121319.06
263 121061.80
264 121987.82
265 120965.00
266 121080.88
267 121636.15
268 122251.99
269 122234.11
270 121159.08
271 121061.09
272 121752.98
273 120930.19
274 122504.00
275 121450.19
276 122064.83
277 122004.99
278 121109.96
279 120982.89
280 121742.01
281 122370.96
282 122282.98
283 121360.78
284 121178.87
285 121975.18
286 120968.10
287 120985.98
288 121595.86
289 122164.01
290 122098.92
291 121245.15
292 121041.06
293 121731.04
294 120917.08
295 122554.06
296 121414.90
297 122098.92
298 121941.09
299 121087.07
300 121021.03
301 121718.88
302 122308.97
303 122308.97
304 121376.04
305 121194.84
306 121891.98
307 120999.10
308 121008.87
309 121536.02
310 122275.11
311 122215.03
312 121265.17
313 121062.04
314 121726.04
315 120923.04
316 122491.12
317 121437.79
318 122037.89
319 122006.89
320 121044.16
321 121049.88
322 121743.92
323 122373.10
324 122349.98
325 121337.18
326 121209.14
327 122015.95
328 120985.03
329 121020.08
330 121573.21
331 122224.81
332 122144.94
333 121299.98
334 121060.85
335 121881.01
336 120930.91
337 122586.97
338 121532.92
339 122133.97
340 121940.14
341 121119.02
342 120985.03
343 121750.12
344 122325.90
345 122259.86
346 121414.18
347 121291.16
348 121918.92
349 120976.92
350 120980.02
351 121609.93
352 122239.11
353 122223.85
354 121118.07
355 120987.89
356 121680.02
357 120779.99
358 122277.02
359 121380.09
360 122594.12
361 121884.82
362 121490.00
363 121104.00
364 122270.11
365 121840.00
366 121436.83
367 121047.02
368 122199.06
369 121794.94
370 121428.01
371 121055.84
372 122143.98
373 121716.02
374 121364.12
375 120800.02
376 122133.02
377 121665.00
378 121315.96
379 121013.88
380 122094.15
381 121701.00
382 121319.06
383 120962.86
384 122049.09
385 121014.83
386 121150.02
387 121135.00
388 121135.95
389 121130.94
390 121130.94
391 121142.15
392 121122.84
393 121124.98
394 121122.12
395 121144.06
396 121126.17
397 121129.04
398 121133.09
399 121146.92
400 121120.93
401 121125.94
402 121124.03
403 121158.84
404 121129.04
405 121083.02
406 121145.96
407 121135.00
408 121129.04
409 121124.03
410 121131.18
411 121159.08
412 121124.98
413 121124.03
414 121122.12
415 121152.88
416 121126.17
417 121124.03
418 121118.07
419 121176.96
420 121130.94
421 121125.94
422 121124.98
423 121151.92
424 121123.79
425 121080.88
426 121114.02
427 121144.06
428 121130.94
429 121120.93
430 121132.14
431 121148.82
432 121112.11
433 121148.11
434 121138.81
435 121143.82
436 121140.00
437 121140.00
438 121144.06
439 121165.04
440 121141.91
441 121140.96
442 121140.96
443 121148.11
444 121198.89
445 121073.96
446 121137.14
447 121155.98
448 121141.20
449 121138.10
450 121139.05
451 121145.96
452 121145.01
453 121132.85
454 121139.05
455 121135.95
456 121129.99
457 121133.09
458 121147.16
459 121145.96
460 121120.93
461 121129.04
462 121144.06
463 121123.08
464 121112.11
465 121083.97
466 121145.01
467 121151.92
468 121142.15
469 121145.96
470 121143.10
471 121142.15
472 121126.89
473 121135.95
474 121143.82
475 121137.14
476 121130.94
477 121109.96
478 121141.20
479 121104.00
480 121145.96
481 121144.06
482 121140.96
483 121121.88
484 121140.96
485 121062.99
486 121139.05
487 121136.90
488 121099.00
489 121016.03
490 121129.99
491 121127.84
492 121108.06
493 121119.02
494 121152.16
495 121120.93
496 121129.99
497 121114.02
498 121147.16
499 121101.86
500 121122.84
501 121128.08
502 121139.05
503 121119.02
504 121124.03
505 121092.08
506 121136.19
507 121124.03
508 121128.80
509 121145.96
510 121145.96
511 121139.05
512 121140.00
513 121140.96
514 121152.16
515 121124.98
516 121145.96
517 121144.06
518 121157.88
519 121104.96
520 121147.87
521 121148.82
522 121145.01
523 121137.14
524 121129.99
525 121135.00
526 121140.00
527 121126.89
528 121129.99
529 121140.96
530 121121.17
531 121125.94
532 121133.09
533 121139.05
534 121126.17
535 121107.10
536 121199.85
537 121141.91
538 121145.96
539 121083.02
540 121114.97
541 121143.10
542 121143.10
543 121143.82
544 121139.05
545 121041.06
546 121160.98
547 121165.04
548 121068.00
549 121129.04
