550
0 121093.99
1 120982.89
2 120965.00
3 120925.90
4 120975.97
5 120966.91
6 120960.95
7 120970.01
8 120963.10
9 120970.01
10 120959.04
11 120967.15
12 120957.14
13 120971.92
14 120900.15
15 120984.08
16 120965.00
17 120969.77
18 120954.99
19 120952.13
20 120960.95
21 120949.98
22 120926.86
23 120954.04
24 120970.96
25 120962.86
26 120975.02
27 120965.96
28 120975.97
29 120970.96
30 120903.97
31 120970.01
32 120909.93
33 120932.10
34 120890.14
35 120946.88
36 120970.96
37 120949.98
38 120976.92
39 120957.14
40 120972.87
41 120958.09
42 120914.94
43 120968.10
44 120969.06
45 120974.06
46 120971.92
47 120950.94
48 120958.09
49 120961.90
50 120964.05
51 120974.06
52 120968.10
53 120927.10
54 120929.00
55 120975.97
56 120951.89
57 120960.95
58 120960.95
59 120966.91
60 120970.96
61 120969.06
62 120927.10
63 120969.06
64 120951.89
65 120964.05
66 120952.13
67 120970.01
68 120970.96
69 120970.96
70 120965.00
71 120970.96
72 120876.79
73 121072.05
74 120893.00
75 120978.12
76 120914.94
77 120979.07
78 120970.96
79 120944.02
80 120971.92
81 120893.96
82 120909.21
83 120980.98
84 120939.02
85 120946.88
86 120951.18
87 120955.94
88 120956.18
89 120952.13
90 120950.94
91 120957.14
92 121011.02
93 120960.95
94 120946.88
95 120956.90
96 120919.94
97 120857.95
98 120939.02
99 120912.79
100 120915.89
101 120979.79
102 120965.00
103 120980.98
104 120957.85
105 120817.18
106 120965.96
107 120883.94
108 120964.05
109 120930.91
110 120892.05
111 120949.98
112 121670.01
113 120958.09
114 120875.12
115 120965.00
116 120957.85
117 121074.91
118 120983.84
119 120968.10
120 120890.86
121 120967.15
122 121495.96
123 120919.94
124 120895.86
125 120970.96
126 120957.14
127 120970.96
128 120955.94
129 121195.08
130 120963.10
131 120894.91
132 120959.04
133 120941.16
134 121130.94
135 120915.89
136 120891.09
137 120928.05
138 120973.11
139 120721.82
140 120964.05
141 121093.99
142 120929.00
143 120877.03
144 120948.08
145 120965.96
146 121067.05
147 120980.98
148 120951.89
149 120979.07
150 120821.00
151 120831.01
152 120959.04
153 120872.02
154 120944.98
155 120953.08
156 120743.99
157 120963.10
158 120825.05
159 120893.96
160 120893.00
161 120963.10
162 120920.90
163 120907.78
164 121297.84
165 120847.94
166 120914.94
167 120969.06
168 121300.94
169 120967.86
170 121101.14
171 120959.04
172 121018.17
173 120835.78
174 120934.96
175 120956.90
176 120958.09
177 120906.11
178 120942.83
179 120963.81
180 121448.04
181 120985.03
182 120801.93
183 120985.98
184 120967.86
185 121202.95
186 120978.83
187 120913.98
188 120929.96
189 121234.89
190 120949.03
191 120990.04
192 120996.95
193 120749.00
194 120901.82
195 120945.93
196 120970.96
197 121572.97
198 121040.11
199 120837.93
200 120908.02
201 120788.81
202 121337.89
203 120987.18
204 120888.95
205 120951.89
206 120988.13
207 120941.88
208 120891.81
209 121039.87
210 121224.16
211 120796.20
212 120942.83
213 120970.01
214 120802.88
215 120996.00
216 120931.15
217 120910.88
218 121205.09
219 120980.02
220 120924.00
221 120980.98
222 120922.09
223 120976.92
224 120967.86
225 120877.98
226 121640.21
227 121282.10
228 120805.98
229 120959.04
230 120902.06
231 121392.01
232 121001.96
233 121018.89
234 120822.91
235 120826.01
236 120960.00
237 120950.22
238 121068.00
239 121428.01
240 120782.85
241 120807.89
242 120953.80
243 120799.06
244 120944.98
245 120868.92
246 120884.18
247 121346.95
248 121103.05
249 120915.89
250 120818.14
251 120953.08
252 121028.90
253 120955.94
254 120953.08
255 121388.91
256 121500.02
257 121320.01
258 120842.93
259 120867.01
260 121351.96
261 121557.00
262 120733.02
263 120879.17
264 120942.12
265 121584.18
266 120879.89
267 121389.87
268 120867.97
269 120816.95
270 120762.11
271 120918.99
272 120776.18
273 120833.87
274 120820.05
275 120917.08
276 121246.10
277 121480.94
278 120914.94
279 120748.04
280 120851.99
281 121148.11
282 121493.10
283 120917.08
284 121110.20
285 120779.99
286 121009.11
287 120677.95
288 120975.02
289 121525.05
290 121313.10
291 121353.15
292 120733.02
293 121052.98
294 121747.02
295 120857.95
296 121468.07
297 121433.02
298 120960.00
299 120919.94
300 120783.81
301 121324.06
302 121346.95
303 121034.15
304 120996.00
305 121286.87
306 121011.02
307 120790.96
308 121078.01
309 121100.90
310 120663.88
311 120786.19
312 120809.08
313 120888.95
314 121015.07
315 120775.94
316 120845.08
317 121490.00
318 120826.01
319 120723.96
320 120895.86
321 120996.00
322 121289.01
323 121304.99
324 121329.78
325 120959.04
326 120718.00
327 121430.16
328 121401.07
329 120702.03
330 120855.81
331 121535.06
332 121169.09
333 120861.05
334 120759.01
335 120712.04
336 121268.99
337 121227.98
338 121300.94
339 120718.00
340 120993.85
341 120800.97
342 121146.92
343 121479.99
344 121052.03
345 120893.00
346 120733.98
347 120697.98
348 120821.00
349 121267.08
350 120924.00
351 121117.12
352 120760.20
353 121424.91
354 120993.14
355 120885.13
356 120919.23
357 121562.00
358 121376.04
359 120795.97
360 121033.91
361 120870.11
362 120851.04
363 120927.81
364 120802.16
365 120743.04
366 120843.89
367 120766.88
368 120781.18
369 120815.99
370 120810.03
371 121052.03
372 121073.96
373 120745.18
374 120800.02
375 120795.01
376 120928.05
377 120722.06
378 120731.12
379 120756.86
380 120731.12
381 120816.95
382 120759.01
383 120857.95
384 121073.01
385 120827.91
386 120851.99
387 120766.88
388 120613.81
389 120922.80
390 120740.89
391 120754.96
392 120878.93
393 120769.02
394 120723.96
395 121196.99
396 120877.98
397 120799.06
398 120584.96
399 120889.19
400 120741.84
401 120911.12
402 120687.01
403 120739.94
404 120766.16
405 120766.16
406 121207.95
407 121273.99
408 120887.99
409 121001.01
410 120886.09
411 120701.07
412 120802.88
413 120786.19
414 120821.00
415 120778.80
416 120716.09
417 120867.01
418 120714.19
419 120816.95
420 120707.04
421 120716.09
422 121078.01
423 120723.01
424 120794.06
425 120841.98
426 120901.11
427 120695.11
428 120786.19
429 120690.82
430 120858.91
431 120899.92
432 120832.92
433 120718.96
434 120770.93
435 121004.82
436 120735.17
437 120713.00
438 120733.98
439 120845.79
440 120820.05
441 120699.17
442 120757.82
443 121073.01
444 120848.18
445 120728.02
446 120792.15
447 120770.93
448 120792.15
449 121117.12
450 120825.05
451 120677.95
452 121159.08
453 120779.99
454 120914.94
455 121130.94
456 120819.09
457 120885.85
458 120728.02
459 120702.03
460 120959.04
461 120756.15
462 120869.87
463 120931.15
464 120925.90
465 120859.86
466 120768.07
467 120828.87
468 120822.91
469 120787.14
470 120833.87
471 120758.77
472 120743.04
473 120759.01
474 120822.91
475 120646.00
476 120769.98
477 121174.10
478 120759.96
479 120749.95
480 120856.05
481 120737.79
482 120763.06
483 121140.00
484 120763.06
485 120790.00
486 120854.85
487 120801.93
488 120800.02
489 121078.97
490 121085.17
491 120768.07
492 120800.97
493 121091.13
494 120898.96
495 120790.00
496 120904.92
497 120882.99
498 120779.99
499 121295.93
500 120793.82
501 120702.03
502 121253.97
503 120828.15
504 120706.80
505 120781.18
506 120972.16
507 120860.10
508 120788.81
509 120883.94
510 120986.94
511 120787.14
512 120713.00
513 120900.15
514 120985.03
515 120985.03
516 120723.01
517 120690.11
518 121199.13
519 120722.06
520 121104.00
521 120738.03
522 120783.09
523 120933.06
524 120800.97
525 121073.96
526 120845.79
527 120913.03
528 120704.89
529 120967.15
530 120924.00
531 121057.99
532 120886.80
533 120630.98
534 120831.97
535 121024.85
536 120773.79
537 120673.89
538 120873.93
539 121062.99
540 120970.96
541 120897.05
542 120791.91
543 120780.94
544 120996.00
545 120741.84
546 120699.17
547 120975.02
548 121418.95
549 120749.00
