550
0 121231.08
1 121119.02
2 121108.06
3 121122.12
4 121019.12
5 121122.12
6 121107.10
7 121120.93
8 121121.88
9 121117.12
10 121114.02
11 121120.93
12 121118.07
13 121137.86
14 121120.93
15 121119.98
16 121046.07
17 121001.96
18 121113.06
19 121081.83
20 121093.99
21 121112.82
22 121099.00
23 121120.93
24 121103.05
25 121129.04
26 121113.06
27 121103.05
28 121088.98
29 121110.20
30 121135.00
31 121116.16
32 121066.09
33 121119.98
34 121123.08
35 121118.07
36 121071.82
37 121113.06
38 121096.85
39 121076.82
40 120975.97
41 121124.98
42 121143.10
43 121096.13
44 121072.05
45 121093.99
46 121128.08
47 121118.78
48 121104.00
49 121118.07
50 121112.11
51 121125.22
52 121116.16
53 121129.04
54 121118.07
55 121124.03
56 121068.95
57 121027.95
58 121077.06
59 121114.02
60 121042.01
61 121103.05
62 121104.00
63 121113.06
64 121106.86
65 121119.02
66 121108.77
67 121119.98
68 121107.10
69 121125.94
70 121119.98
71 121124.03
72 121128.08
73 121124.03
74 121129.04
75 121117.12
76 121088.03
77 121125.94
78 121099.00
79 121058.94
80 121124.03
81 121113.06
82 121107.10
83 121121.17
84 121099.00
85 121102.81
86 121114.02
87 121109.01
88 121114.97
89 121096.85
90 121105.91
91 121101.86
92 121112.82
93 121117.83
94 121093.99
95 121118.07
96 120989.08
97 121101.86
98 121115.92
99 121135.00
100 121040.82
101 121059.89
102 121726.99
103 121136.19
104 121015.07
105 121104.96
106 121142.15
107 121068.95
108 121121.88
109 121078.97
110 121095.90
111 121186.97
112 121584.89
113 121176.96
114 121212.01
115 121181.96
116 121126.89
117 121108.06
118 121203.90
119 121185.06
120 121101.86
121 121189.12
122 121032.95
123 121191.02
124 121419.91
125 121188.88
126 121251.11
127 121077.06
128 121144.06
129 121583.94
130 121170.04
131 121122.12
132 121166.94
133 121166.94
134 121148.11
135 121168.85
136 121142.86
137 121175.05
138 121161.94
139 120985.98
140 121123.08
141 121252.06
142 121120.93
143 121153.83
144 120934.01
145 121169.81
146 121104.96
147 121155.02
148 121151.92
149 121153.12
150 121164.08
151 121061.80
152 121173.14
153 120990.04
154 121160.98
155 121149.06
156 120990.04
157 121166.94
158 121099.95
159 121174.10
160 121178.15
161 121079.92
162 121165.04
163 121068.00
164 121145.01
165 121037.01
166 121190.79
167 121193.89
168 121039.15
169 121170.04
170 121462.82
171 121161.94
172 121109.01
173 121141.91
174 121173.14
175 121454.00
176 121117.12
177 121069.91
178 121136.90
179 121171.00
180 121030.09
181 121150.97
182 121682.17
183 121196.99
184 121268.03
185 121088.03
186 121173.14
187 121078.01
188 121340.99
189 121119.02
190 121093.03
191 121182.92
192 120995.04
193 121169.09
194 121521.95
195 121175.05
196 121160.98
197 121106.15
198 121212.01
199 121038.91
200 121107.10
201 120974.06
202 121047.97
203 121182.92
204 121417.05
205 121099.95
206 121006.97
207 121186.97
208 121182.20
209 121162.18
210 121165.04
211 121137.14
212 121182.20
213 120947.84
214 121158.84
215 121121.88
216 121135.00
217 121389.87
218 121195.08
219 121031.05
220 121099.00
221 121047.02
222 121171.95
223 121191.98
224 121183.87
225 121130.94
226 121104.00
227 121108.06
228 121031.05
229 121185.06
230 121073.96
231 121010.07
232 121192.93
233 121182.92
234 121171.95
235 121063.95
236 121156.93
237 121190.07
238 121030.09
239 121150.02
240 121684.07
241 121144.06
242 121074.91
243 121131.90
244 121004.10
245 121096.85
246 121506.93
247 121064.19
248 120996.95
249 121189.12
250 120934.01
251 121045.83
252 121306.90
253 121164.08
254 121189.83
255 120914.94
256 121093.99
257 121356.01
258 121383.91
259 120978.12
260 121176.96
261 121075.15
262 121533.87
263 121393.92
264 120960.00
265 120954.99
266 121191.98
267 121659.04
268 121044.16
269 121133.80
270 121070.15
271 121698.14
272 121335.98
273 120952.13
274 120985.98
275 121290.92
276 121052.03
277 121365.07
278 120972.87
279 121659.04
280 121313.10
281 121307.13
282 121186.97
283 121027.95
284 121654.99
285 121103.05
286 121596.81
287 121554.85
288 121035.10
289 121088.98
290 121057.99
291 121711.97
292 121636.15
293 121033.91
294 120862.01
295 121045.11
296 120856.05
297 121653.08
298 121001.01
299 120988.13
300 120972.16
301 120977.16
302 121681.93
303 121294.98
304 120890.14
305 121087.07
306 120796.92
307 121066.09
308 121425.87
309 121546.98
310 121042.97
311 121214.87
312 120975.02
313 121603.97
314 121720.08
315 121206.05
316 120834.11
317 120967.86
318 121180.06
319 121688.84
320 121527.91
321 121056.08
322 121046.07
323 121114.02
324 120988.85
325 121624.95
326 120785.00
327 121299.98
328 121136.90
329 121021.99
330 121069.91
331 121305.94
332 121319.06
333 121387.00
334 121124.03
335 121710.06
336 120929.96
337 121567.01
338 121587.99
339 121643.07
340 121158.84
341 121135.00
342 120853.19
343 121617.79
344 121320.96
345 121177.91
346 120939.02
347 121506.21
348 121378.90
349 121182.20
350 121605.87
351 121071.82
352 120901.11
353 121037.01
354 120919.94
355 121804.00
356 120867.01
357 121343.85
358 120998.86
359 121109.96
360 121016.98
361 120896.10
362 120811.94
363 120881.80
364 120882.99
365 120797.87
366 120901.11
367 121127.13
368 120934.01
369 120958.81
370 121049.88
371 121049.17
372 121058.94
373 121099.95
374 120876.07
375 120939.97
376 121170.04
377 120996.95
378 120971.92
379 120975.97
380 120816.95
381 120975.02
382 120968.10
383 120736.84
384 120973.83
385 121283.05
386 120811.94
387 121084.93
388 120908.98
389 120975.97
390 120786.19
391 120909.93
392 121265.17
393 120964.05
394 121566.06
395 121263.98
396 121127.84
397 121011.97
398 121007.92
399 121125.94
400 121047.02
401 120906.83
402 120883.94
403 121329.07
404 121007.92
405 121152.16
406 120980.98
407 121068.95
408 120998.86
409 121135.00
410 120913.98
411 121138.10
412 121240.85
413 120970.01
414 121374.13
415 121013.16
416 121018.89
417 121018.89
418 120965.96
419 121206.05
420 121416.09
421 121659.04
422 121325.97
423 121334.08
424 121094.94
425 120982.17
426 120950.94
427 120862.01
428 121131.90
429 121273.04
430 121079.92
431 121512.89
432 121048.93
433 121108.06
434 120914.94
435 120990.99
436 121015.07
437 121076.11
438 120891.09
439 121049.88
440 121438.98
441 120856.05
442 121036.05
443 120764.02
444 121150.02
445 120977.16
446 120980.02
447 121062.99
448 120928.05
449 120779.04
450 120906.11
451 121043.92
452 121053.22
453 120931.86
454 120970.01
455 121479.03
456 120961.90
457 121124.03
458 120848.89
459 121630.19
460 120993.85
461 121587.04
462 120940.92
463 121160.98
464 121328.83
465 121026.99
466 120850.09
467 120944.98
468 120957.14
469 120998.86
470 121486.90
471 121138.10
472 121068.00
473 120826.01
474 120872.02
475 121029.14
476 120978.83
477 120892.05
478 120939.02
479 121032.95
480 120917.08
481 121109.96
482 121129.04
483 121078.01
484 121313.10
485 121486.90
486 121185.06
487 121448.99
488 120886.09
489 120960.95
490 121087.07
491 121072.05
492 120884.90
493 120989.80
494 121099.00
495 121047.02
496 121120.21
497 121299.98
498 120975.97
499 121045.11
500 121114.97
501 120841.03
502 121018.89
503 120768.07
504 121035.10
505 121015.07
506 120944.02
507 120893.96
508 120805.03
509 121003.15
510 121034.86
511 121286.15
512 121167.18
513 121299.03
514 120997.91
515 121244.91
516 121143.10
517 121142.86
518 121047.97
519 121351.96
520 121150.02
521 120912.08
522 121145.96
523 121111.87
524 120914.94
525 121129.99
526 121173.86
527 120981.93
528 120880.13
529 121068.00
530 121032.00
531 121090.17
532 120839.83
533 121283.05
534 120986.94
535 121047.97
536 120994.09
537 120999.81
538 120975.02
539 121493.10
540 121405.12
541 120977.88
542 121312.86
543 120932.10
544 121462.11
545 121047.02
546 120790.00
547 121099.95
548 121790.89
549 120968.10
