550
0 121119.02
1 121517.90
2 120859.15
3 120997.91
4 120821.95
5 120977.88
6 120794.06
7 120980.02
8 121031.05
9 120986.94
10 121045.83
11 120995.04
12 121014.83
13 120975.02
14 120985.03
15 121008.16
16 120973.83
17 120975.97
18 121019.12
19 121037.01
20 121157.88
21 121012.93
22 120985.98
23 120961.90
24 120980.98
25 121041.06
26 121014.83
27 121026.99
28 121007.92
29 121001.96
30 121006.01
31 120996.95
32 120990.04
33 120990.99
34 120987.89
35 120977.88
36 121007.92
37 121031.05
38 120988.85
39 120986.94
40 120980.02
41 120984.08
42 120986.94
43 121036.05
44 121013.88
45 121006.01
46 120985.98
47 120903.97
48 121031.05
49 120984.79
50 120999.10
51 120979.07
52 120983.84
53 120977.88
54 120979.79
55 120976.92
56 120980.02
57 121011.02
58 120970.01
59 121001.01
60 121006.01
61 120983.12
62 120992.90
63 120948.79
64 120982.89
65 121023.18
66 120993.14
67 121014.83
68 120988.13
69 120990.99
70 120985.03
71 120988.13
72 120978.12
73 120978.12
74 120971.92
75 120974.06
76 121047.97
77 121008.16
78 121024.13
79 120992.90
80 120996.00
81 120964.05
82 120991.95
83 120944.02
84 120985.03
85 121008.16
86 120976.92
87 120985.98
88 121012.93
89 121003.87
90 120987.89
91 120986.94
92 120982.17
93 121066.09
94 120992.90
95 120960.95
96 120922.09
97 121013.16
98 121000.05
99 121061.09
100 120991.95
101 121036.05
102 120989.80
103 121013.16
104 120975.02
105 120990.04
106 120974.06
107 120966.20
108 120976.92
109 121186.97
110 120949.98
111 120968.10
112 120857.00
113 120961.90
114 120963.10
115 120968.10
116 120965.96
117 120934.01
118 120970.96
119 121289.01
120 120928.05
121 120748.04
122 120949.98
123 120949.98
124 120880.13
125 120954.99
126 120947.12
127 120959.04
128 120992.90
129 120933.06
130 120923.04
131 120841.03
132 120920.90
133 120898.01
134 120972.87
135 120915.89
136 120970.01
137 120914.94
138 120806.93
139 120965.96
140 120980.98
141 121117.12
142 120961.90
143 120880.13
144 120959.04
145 120913.03
146 120973.11
147 120962.86
148 120742.08
149 120954.99
150 120960.00
151 120887.99
152 120926.14
153 120971.92
154 120969.06
155 120812.18
156 120901.11
157 120961.90
158 120904.92
159 120970.01
160 120924.95
161 120939.97
162 120918.04
163 121037.01
164 120943.07
165 120817.90
166 121459.96
167 121008.16
168 120908.02
169 120959.04
170 120960.95
171 120965.00
172 121376.99
173 120941.88
174 120876.07
175 120953.08
176 120976.92
177 120941.16
178 120960.95
179 120876.07
180 120961.90
181 120971.92
182 120944.98
183 120922.09
184 120891.09
185 121004.10
186 120975.97
187 121006.01
188 121006.01
189 120996.00
190 120978.12
191 120993.85
192 120993.14
193 121013.88
194 120878.93
195 121003.15
196 121048.93
197 120997.91
198 121020.08
199 120956.18
200 120999.81
201 120934.96
202 121074.91
203 120956.90
204 120733.98
205 120929.96
206 121309.04
207 121031.05
208 121634.01
209 120919.94
210 120954.04
211 120953.80
212 121279.00
213 120990.04
214 121079.92
215 120984.08
216 121054.17
217 121020.79
218 121032.00
219 120865.82
220 121001.01
221 121018.17
222 121072.05
223 120684.15
224 120899.92
225 120945.93
226 120949.98
227 120923.04
228 121143.82
229 121432.07
230 120937.82
231 120999.10
232 120981.93
233 120928.05
234 121015.07
235 121504.07
236 120993.85
237 121310.00
238 121029.85
239 120927.10
240 121226.07
241 121515.99
242 121047.97
243 120964.05
244 120943.07
245 121547.22
246 121418.95
247 120918.04
248 120874.88
249 120860.82
250 120944.02
251 121273.04
252 121391.06
253 120963.81
254 120867.97
255 120970.01
256 120766.88
257 121026.04
258 121073.01
259 120924.00
260 120901.82
261 121183.16
262 121592.04
263 121423.96
264 120910.17
265 120956.18
266 120836.97
267 120903.97
268 121304.04
269 121524.81
270 121073.01
271 121025.09
272 120998.86
273 121644.97
274 121538.16
275 121216.06
276 120960.00
277 120878.93
278 121841.91
279 121313.81
280 121576.07
281 120776.89
282 120981.93
283 121092.08
284 120894.91
285 121116.88
286 121008.87
287 120871.78
288 121562.00
289 120853.90
290 121383.19
291 121346.00
292 121196.99
293 121130.94
294 121068.00
295 121011.02
296 120939.97
297 121045.11
298 121077.06
299 120837.93
300 121154.07
301 121109.01
302 121109.96
303 120985.03
304 120964.05
305 121093.99
306 120945.93
307 121181.96
308 121253.01
309 120943.07
310 121115.92
311 121265.89
312 121075.87
313 121015.07
314 121047.02
315 121082.07
316 121012.93
317 122009.99
318 121124.03
319 121034.15
320 121048.93
321 120908.98
322 121186.02
323 121192.93
324 120977.88
325 121011.02
326 121047.97
327 120954.99
328 121693.13
329 121539.12
330 121007.92
331 121047.97
332 121087.07
333 121261.84
334 120908.98
335 121085.17
336 121074.91
337 121196.99
338 121319.06
339 121032.00
340 120858.19
341 120926.86
342 120963.10
343 120903.02
344 121046.07
345 120756.86
346 121786.12
347 120872.97
348 121074.91
349 121002.91
350 121492.86
351 121020.08
352 121221.78
353 121335.03
354 121239.90
355 121102.09
356 121109.96
357 121042.01
358 121181.96
359 120841.98
360 120985.03
361 120998.14
362 120927.10
363 121083.97
364 121171.00
365 121003.15
366 120968.10
367 121005.06
368 121091.84
369 121004.10
370 121047.02
371 121006.01
372 120998.14
373 121201.04
374 120972.16
375 120986.22
376 120991.95
377 121017.93
378 121053.93
379 121176.00
380 120981.93
381 121006.01
382 120927.81
383 120995.04
384 120978.83
385 121103.05
386 121057.99
387 121361.02
388 121105.91
389 121021.03
390 121316.91
391 120774.03
392 121119.98
393 120942.12
394 121302.13
395 120873.93
396 120993.85
397 121008.87
398 121318.10
399 120993.14
400 121140.96
401 121339.08
402 120983.84
403 121001.96
404 120846.99
405 121243.95
406 121011.02
407 121054.89
408 120980.98
409 121125.94
410 120960.95
411 120981.93
412 120980.02
413 121082.07
414 121002.91
415 121065.14
416 121337.18
417 121059.18
418 120886.09
419 121056.08
420 121016.03
421 121198.89
422 120854.85
423 120965.00
424 120832.92
425 120968.10
426 120970.96
427 121053.93
428 120944.98
429 121078.01
430 121337.18
431 120919.94
432 121176.96
433 121078.01
434 120929.00
435 120994.81
436 121566.06
437 120972.87
438 121112.11
439 121116.88
440 121062.04
441 120934.01
442 120992.90
443 121062.04
444 121026.99
445 121327.16
446 120965.96
447 121080.88
448 121088.98
449 120904.92
450 121045.11
451 120955.94
452 120976.92
453 120909.93
454 120897.05
455 120980.98
456 120942.12
457 121068.95
458 120884.18
459 120916.13
460 120968.10
461 121036.05
462 121126.17
463 121066.09
464 121094.94
465 121054.17
466 121041.06
467 121220.11
468 121085.88
469 121006.01
470 120999.10
471 121019.12
472 120877.03
473 120987.89
474 120746.85
475 120916.13
476 121429.92
477 121032.00
478 120977.16
479 121253.01
480 120921.13
481 120980.02
482 120872.02
483 121065.86
484 121045.11
485 120866.06
486 121016.98
487 121253.01
488 121070.86
489 120994.09
490 121333.12
491 120872.97
492 120968.10
493 121130.94
494 121196.99
495 121032.00
496 121191.02
497 120920.18
498 121053.93
499 120839.12
500 120996.00
501 121052.03
502 121279.95
503 120877.03
504 121086.12
505 121103.05
506 120944.98
507 121008.16
508 121428.01
509 120893.96
510 120847.94
511 120875.12
512 121104.96
513 120971.20
514 121295.93
515 121042.97
516 121099.00
517 121280.91
518 120902.06
519 120929.96
520 120995.04
521 120985.98
522 121165.99
523 121328.12
524 121448.04
525 120856.05
526 121048.93
527 120996.00
528 120831.97
529 120958.81
530 120950.94
531 121093.03
532 121114.02
533 121065.86
534 121127.13
535 121442.79
536 120990.99
537 121109.01
538 121032.00
539 120937.11
540 121080.88
541 121422.05
542 121557.00
543 121438.03
544 120995.04
545 121403.93
546 121387.00
547 120998.86
548 120948.08
549 120964.05
