550
0 121223.93
1 121115.92
2 121094.94
3 121046.07
4 121104.96
5 121123.08
6 121121.17
7 121112.82
8 121111.87
9 121135.00
10 121104.00
11 121115.92
12 121107.10
13 121105.91
14 121104.00
15 121104.00
16 121104.96
17 121120.93
18 121110.92
19 121105.19
20 121028.90
21 121099.00
22 121070.15
23 121104.00
24 121125.94
25 121092.08
26 121109.96
27 121099.00
28 121092.08
29 121119.02
30 121125.94
31 121102.09
32 121109.96
33 121031.05
34 121098.04
35 121114.97
36 121064.90
37 121083.97
38 121117.12
39 121118.07
40 121120.93
41 121093.03
42 121079.92
43 121106.15
44 121117.12
45 121104.00
46 121108.06
47 121119.98
48 121122.12
49 121100.90
50 121104.96
51 121108.06
52 121109.96
53 121106.15
54 121029.85
55 121102.09
56 121082.07
57 121126.89
58 121116.88
59 121105.91
60 121063.95
61 121110.92
62 121125.94
63 121098.04
64 121104.00
65 121125.94
66 121106.15
67 121117.12
68 121035.81
69 121107.10
70 121114.02
71 121109.96
72 121099.00
73 121098.04
74 121148.11
75 121099.95
76 121101.86
77 121045.11
78 121139.05
79 121193.17
80 121048.93
81 121037.01
82 121076.11
83 121104.00
84 121138.10
85 121103.05
86 121128.08
87 121090.89
88 121115.92
89 121138.10
90 121136.90
91 121114.02
92 121022.94
93 121106.15
94 121127.84
95 121145.01
96 121049.88
97 121012.93
98 121088.98
99 121112.82
100 121123.08
101 120943.07
102 121075.87
103 121074.91
104 121097.09
105 120830.06
106 120918.04
107 120978.12
108 121572.02
109 121051.07
110 121887.92
111 121541.98
112 122265.10
113 121644.02
114 123098.13
115 122164.01
116 122230.05
117 123025.89
118 123918.06
119 123804.09
120 123088.12
121 122201.92
122 123631.00
123 124548.20
124 122585.06
125 123469.83
126 124115.94
127 123945.95
128 123404.98
129 122272.97
130 122115.14
131 124477.86
132 122754.10
133 123666.05
134 124506.00
135 122511.86
136 123251.91
137 123190.16
138 124054.91
139 122956.99
140 122877.84
141 123888.97
142 122737.88
143 122631.07
144 123545.17
145 123192.79
146 123878.96
147 123014.93
148 122873.07
149 123579.98
150 122671.13
151 124212.98
152 123417.14
153 123306.99
154 122411.97
155 124759.91
156 123083.11
157 123812.91
158 122894.05
159 122814.89
160 123342.99
161 123255.97
162 122303.01
163 123049.02
164 122969.87
165 122143.98
166 123702.05
167 122721.91
168 123356.10
169 121801.85
170 120776.89
171 121517.90
172 121473.07
173 122151.85
174 122199.06
175 121118.07
176 121753.93
177 121782.06
178 120887.04
179 121325.02
180 121374.13
181 122028.83
182 122087.00
183 120996.00
184 121641.16
185 121689.08
186 122286.08
187 121256.83
188 121251.11
189 121926.78
190 121986.15
191 121002.91
192 121529.10
193 121500.97
194 122185.95
195 122228.86
196 121185.06
197 121779.20
198 121860.98
199 121015.79
200 121404.17
201 121474.98
202 122076.99
203 122119.90
204 121076.11
205 121792.08
206 121784.21
207 120893.00
208 121336.94
209 121392.01
210 122020.96
211 122077.94
212 121040.11
213 121644.97
214 121617.08
215 122269.87
216 122314.93
217 121262.07
218 121865.99
219 121926.07
220 121007.92
221 121493.10
222 121505.98
223 122169.02
224 122232.91
225 121118.07
226 121762.04
227 121865.03
228 120916.13
229 121416.81
230 121352.91
231 122071.03
232 122123.00
233 121140.96
234 121671.92
235 121624.95
236 120809.08
237 122356.89
238 121298.07
239 121923.92
240 121982.81
241 121040.11
242 121565.82
243 121612.79
244 122210.03
245 122257.95
246 121175.05
247 121824.03
248 121991.87
249 120945.93
250 121547.94
251 121441.13
252 122097.02
253 122197.87
254 121182.92
255 121743.92
256 121682.88
257 120854.85
258 122231.96
259 121315.96
260 121955.87
261 122060.06
262 121089.22
263 121614.93
264 121575.12
265 122268.92
266 122312.07
267 121232.99
268 121866.23
269 121962.07
270 120924.95
271 121500.97
272 121502.88
273 122128.01
274 122162.10
275 121223.93
276 121822.83
277 121844.05
278 120949.03
279 122491.84
280 121523.14
281 122330.90
282 122154.95
283 121078.01
284 121654.03
285 121562.96
286 122236.01
287 122283.94
288 121208.19
289 121961.12
290 121936.80
291 120899.92
292 121488.09
293 121469.97
294 122143.98
295 122184.99
296 121213.91
297 121736.05
298 121683.12
299 120883.94
300 122416.02
301 121361.02
302 122036.22
303 121947.05
304 121102.81
305 121668.10
306 121607.78
307 122277.98
308 122189.04
309 121248.01
310 121886.97
311 121958.97
312 121001.96
313 121515.04
314 121509.08
315 122135.88
316 122210.03
317 121243.95
318 121819.02
319 121891.98
320 120803.83
321 122462.99
322 121390.82
323 122017.15
324 122099.16
325 121135.00
326 121770.14
327 121627.09
328 120695.83
329 122318.98
330 121263.98
331 121993.06
332 122020.96
333 120974.78
334 121571.06
335 121556.04
336 122188.09
337 122308.02
338 121283.05
339 122112.99
340 121884.11
341 121049.88
342 122561.93
343 121445.89
344 122099.16
345 122189.04
346 121106.15
347 121793.99
348 121691.94
349 120839.12
350 122409.82
351 121320.01
352 121921.06
353 122040.03
354 120844.13
355 121590.14
356 121407.99
357 122148.99
358 122055.05
359 121217.97
360 121618.99
361 120832.92
362 122354.03
363 122076.03
364 121155.98
365 121063.95
366 122181.89
367 121580.12
368 121619.94
369 120964.05
370 121807.10
371 121446.85
372 121301.89
373 120834.11
374 121921.06
375 121522.90
376 121169.09
377 120793.10
378 121937.04
379 121520.04
380 121121.17
381 120775.94
382 121932.03
383 121696.95
384 121342.90
385 120918.99
386 120968.10
387 121057.99
388 121004.10
389 121050.83
390 121050.12
391 121052.98
392 121055.13
393 121041.06
394 121042.97
395 120913.03
396 121064.19
397 121058.94
398 121065.14
399 121051.79
400 121068.00
401 121060.85
402 121058.94
403 121056.08
404 121064.90
405 121048.93
406 121011.97
407 121051.07
408 121031.05
409 121051.79
410 121042.97
411 121041.06
412 121063.95
413 121075.15
414 121045.83
415 120985.03
416 121071.10
417 121048.21
418 121043.92
419 121050.12
420 121040.82
421 120990.04
422 121072.05
423 121068.95
424 121068.00
425 121032.00
426 121061.09
427 121068.00
428 121068.95
429 121067.05
430 121060.85
431 121060.85
432 121071.10
433 121068.00
434 121067.05
435 120989.80
436 121044.16
437 121063.95
438 121066.09
439 121074.91
440 121036.05
441 121059.18
442 121062.99
443 121068.00
444 121057.03
445 121059.89
446 121062.99
447 121068.95
448 121083.97
449 121043.92
450 121045.11
451 121071.10
452 121099.95
453 121038.91
454 121033.91
455 120976.92
456 121090.89
457 121068.95
458 121062.04
459 121069.91
460 121062.99
461 120996.95
462 121066.09
463 121113.06
464 121068.95
465 121068.00
466 121062.04
467 121071.10
468 121070.86
469 121008.87
470 121008.16
471 121063.95
472 121051.79
473 121061.09
474 121063.95
475 120996.00
476 121048.93
477 121055.84
478 121053.93
479 121063.95
480 121059.18
481 121064.90
482 121062.04
483 121067.05
484 121062.99
485 121062.99
486 121030.09
487 121069.19
488 121062.99
489 121065.14
490 121066.09
491 121061.09
492 121071.82
493 121068.00
494 121067.05
495 120996.00
496 121064.90
497 121051.79
498 121062.04
499 121068.00
500 121066.09
501 121069.91
502 121062.99
503 121063.95
504 121066.09
505 121067.05
506 121069.91
507 121071.10
508 121083.97
509 121063.95
510 121057.99
511 121067.05
512 121090.89
513 121058.94
514 121055.84
515 120966.91
516 121073.01
517 121052.03
518 121046.07
519 121063.23
520 121059.89
521 121044.16
522 121040.82
523 121074.91
524 121068.00
525 121046.07
526 121050.12
527 121048.93
528 121093.03
529 121066.09
530 121062.99
531 121064.90
532 121067.05
533 121066.09
534 121063.23
535 121071.10
536 121058.94
537 121053.93
538 121047.97
539 121072.05
540 121045.11
541 121044.87
542 121060.13
543 121068.95
544 121055.13
545 121044.87
546 121049.17
547 121069.91
548 121026.99
549 121042.97
