550
0 121119.02
1 121037.96
2 120936.87
3 120953.08
4 121010.07
5 120969.06
6 120834.11
7 121021.99
8 121004.10
9 121062.99
10 121004.10
11 120966.20
12 121009.11
13 121026.99
14 121002.91
15 121018.89
16 120999.10
17 120997.19
18 121022.94
19 120989.08
20 121005.77
21 121032.00
22 121015.79
23 121029.85
24 120996.00
25 121032.00
26 121015.07
27 121022.94
28 121019.12
29 121016.98
30 121023.89
31 120976.92
32 121021.99
33 120972.87
34 121024.13
35 121016.03
36 121047.02
37 120998.86
38 121040.11
39 121004.10
40 120962.86
41 121057.03
42 121016.98
43 120913.03
44 121007.92
45 120971.92
46 120825.05
47 121032.95
48 121029.85
49 121034.15
50 121023.18
51 120997.19
52 121026.99
53 121001.96
54 120946.88
55 121012.93
56 121033.19
57 121007.92
58 121016.03
59 121005.06
60 121016.98
61 120908.98
62 121019.12
63 121006.97
64 120921.13
65 121019.12
66 121024.13
67 120967.86
68 121007.92
69 120991.95
70 121032.95
71 120987.18
72 121019.84
73 120999.10
74 120969.06
75 121095.90
76 121006.97
77 121032.00
78 121011.02
79 121028.90
80 121015.07
81 121027.95
82 121013.16
83 121032.95
84 120979.07
85 121037.01
86 121049.17
87 121021.03
88 121005.06
89 121010.07
90 121043.92
91 120980.02
92 121021.03
93 121031.05
94 120970.01
95 121027.95
96 120990.04
97 120928.05
98 120950.22
99 121006.97
100 121030.81
101 121012.93
102 121013.88
103 120985.03
104 121387.00
105 120912.08
106 120827.91
107 120982.89
108 120970.96
109 120908.02
110 120953.08
111 120932.10
112 120901.82
113 120973.83
114 120898.96
115 120962.86
116 120903.97
117 120842.93
118 120954.99
119 121627.81
120 120918.04
121 120808.12
122 120969.06
123 120963.10
124 120881.08
125 120949.03
126 120979.79
127 120939.02
128 120960.95
129 120920.90
130 120960.95
131 121021.03
132 120953.08
133 120975.02
134 120905.16
135 120896.10
136 121119.02
137 120944.98
138 120882.99
139 120938.06
140 120966.91
141 120859.86
142 120960.00
143 120727.06
144 120918.04
145 120949.03
146 120827.91
147 120941.16
148 121496.92
149 120948.08
150 120779.04
151 120870.11
152 120993.85
153 121648.07
154 120882.03
155 120842.93
156 120960.00
157 120976.92
158 120868.92
159 120965.00
160 120765.92
161 120960.00
162 120931.86
163 120761.87
164 120950.94
165 121108.06
166 120920.90
167 120894.19
168 120905.88
169 120960.00
170 120906.11
171 120925.90
172 120899.20
173 120970.96
174 120946.88
175 120913.98
176 120957.14
177 120716.09
178 120969.06
179 120906.11
180 120952.84
181 120939.02
182 121275.19
183 120944.98
184 120839.12
185 120948.08
186 120933.06
187 120927.81
188 120905.16
189 120842.22
190 120971.92
191 121556.04
192 120915.89
193 120882.03
194 121438.03
195 121069.91
196 120809.08
197 120907.07
198 120962.14
199 121054.89
200 120925.90
201 120889.19
202 120959.04
203 120949.98
204 120867.97
205 120980.02
206 120866.78
207 120924.00
208 121326.92
209 120926.86
210 120857.00
211 120871.07
212 120949.03
213 120837.93
214 120895.86
215 120942.83
216 121042.97
217 120975.97
218 120702.03
219 120959.04
220 121127.84
221 120918.99
222 120877.03
223 121010.07
224 120975.02
225 120870.83
226 120898.96
227 120970.01
228 121060.13
229 120949.98
230 120817.90
231 120954.99
232 120996.00
233 120763.06
234 120977.88
235 121250.87
236 120957.14
237 120953.80
238 120958.09
239 120843.89
240 120961.90
241 121006.97
242 120938.06
243 120933.06
244 120902.06
245 121398.93
246 120867.01
247 120706.08
248 120975.02
249 120944.02
250 120865.82
251 120878.93
252 120779.04
253 120949.03
254 121403.93
255 120956.90
256 120920.90
257 121699.81
258 121095.18
259 121618.99
260 120784.04
261 120967.86
262 121093.99
263 120982.89
264 121330.98
265 120968.82
266 121149.06
267 120845.79
268 120906.11
269 121117.12
270 121523.14
271 121135.95
272 120836.02
273 120777.13
274 120841.98
275 120872.97
276 120731.83
277 120851.04
278 121030.09
279 121610.16
280 120830.06
281 121555.09
282 120821.00
283 121481.90
284 121396.06
285 120750.90
286 121800.90
287 121172.90
288 120963.10
289 120903.97
290 120845.08
291 121325.02
292 121440.89
293 121055.13
294 121840.95
295 120828.15
296 121395.11
297 121495.96
298 121346.95
299 121582.98
300 121061.09
301 120815.99
302 120767.12
303 120970.96
304 120837.93
305 120723.01
306 120808.84
307 121022.94
308 120877.03
309 120712.04
310 120830.06
311 120788.10
312 120859.15
313 120798.83
314 121411.09
315 120856.05
316 121099.00
317 121109.96
318 121937.04
319 121517.18
320 121479.99
321 121052.03
322 120702.98
323 121465.92
324 121021.99
325 121485.95
326 121699.81
327 120843.89
328 120717.05
329 120903.97
330 121554.85
331 121273.99
332 121057.03
333 120880.13
334 120746.85
335 120968.10
336 121203.18
337 121608.97
338 121402.98
339 120990.04
340 121125.94
341 121581.79
342 121551.04
343 120812.89
344 121593.95
345 121718.17
346 120925.19
347 121449.95
348 121608.97
349 121076.11
350 121148.82
351 120743.99
352 120888.95
353 121287.82
354 121203.90
355 121040.82
356 120867.97
357 120636.94
358 121476.89
359 121243.00
360 121181.01
361 121171.00
362 120848.89
363 121114.02
364 120858.91
365 120830.77
366 120771.88
367 120750.19
368 120793.10
369 120890.86
370 120795.01
371 120743.99
372 120772.12
373 120896.10
374 120987.18
375 120660.07
376 120738.03
377 120718.96
378 120697.02
379 121013.16
380 120862.96
381 121003.15
382 120992.18
383 120910.17
384 120897.05
385 120734.93
386 120871.07
387 120774.98
388 120834.11
389 120905.88
390 120893.00
391 120975.02
392 120716.09
393 120790.00
394 120746.14
395 120857.95
396 120769.98
397 120888.95
398 120785.00
399 120800.02
400 120899.92
401 120795.97
402 120759.01
403 121188.88
404 120735.17
405 120783.81
406 120969.06
407 120711.09
408 120768.07
409 120807.89
410 120851.04
411 120932.10
412 120896.10
413 120753.05
414 120787.86
415 120912.79
416 120740.89
417 120788.81
418 121134.04
419 120857.00
420 120884.90
421 120907.07
422 120922.09
423 121025.09
424 120909.93
425 120909.93
426 120772.12
427 120980.02
428 120670.08
429 120772.12
430 120716.09
431 120779.99
432 120730.88
433 120708.94
434 120851.04
435 120792.87
436 120845.08
437 121197.94
438 120835.07
439 120867.97
440 120918.04
441 121290.92
442 120728.02
443 121450.90
444 120868.92
445 120622.16
446 120749.00
447 120782.14
448 120872.02
449 120729.92
450 120771.17
451 120877.98
452 120860.10
453 120985.98
454 121037.01
455 120900.15
456 121273.99
457 121123.08
458 121170.04
459 120918.04
460 120943.07
461 120794.77
462 121109.96
463 121256.11
464 121423.96
465 121210.10
466 120998.86
467 120754.00
468 120847.94
469 120895.15
470 121133.80
471 120817.90
472 121150.97
473 121395.11
474 120825.05
475 120718.00
476 121092.08
477 120948.79
478 121102.09
479 120723.01
480 121142.86
481 120864.87
482 120892.05
483 120863.91
484 120996.95
485 120913.98
486 120898.01
487 120872.02
488 120867.97
489 121371.98
490 120865.82
491 121536.97
492 121129.99
493 120897.05
494 121345.04
495 120908.98
496 120891.09
497 120893.96
498 120893.00
499 120918.04
500 120972.16
501 121245.86
502 121093.99
503 121459.96
504 120671.03
505 121144.06
506 120939.02
507 120881.08
508 120819.09
509 120943.07
510 120752.10
511 120841.03
512 120843.17
513 120795.97
514 120810.99
515 121094.94
516 120804.07
517 120842.93
518 120974.06
519 121141.91
520 120866.06
521 120888.95
522 120882.03
523 121181.01
524 120824.10
525 120875.12
526 120939.97
527 120794.06
528 120832.92
529 121662.86
530 121129.04
531 121139.05
532 120943.07
533 120657.92
534 120693.92
535 121134.04
536 121261.84
537 120833.16
538 120960.95
539 120898.01
540 120994.09
541 120872.02
542 120730.88
543 120707.99
544 121276.14
545 121222.97
546 120626.93
547 120758.06
548 121184.83
549 121510.03
