550
0 121412.04
1 121140.00
2 121145.01
3 121080.16
4 121079.92
5 121130.94
6 121119.02
7 121078.01
8 121099.95
9 121101.86
10 121092.08
11 121114.02
12 121099.00
13 121110.92
14 121110.92
15 121118.78
16 121114.97
17 121065.14
18 121111.87
19 121129.99
20 121112.82
21 121032.00
22 121115.92
23 121110.92
24 121121.17
25 121117.12
26 121121.88
27 121124.03
28 121121.88
29 121128.08
30 121124.98
31 121202.95
32 121118.78
33 121071.82
34 121124.98
35 121086.12
36 121014.12
37 121104.00
38 121104.00
39 121097.09
40 121059.89
41 121049.88
42 121125.22
43 121090.89
44 121121.88
45 121140.00
46 121109.96
47 121084.93
48 120997.91
49 121091.13
50 121114.02
51 121105.91
52 121081.83
53 121106.86
54 121105.19
55 121111.15
56 121122.12
57 121114.97
58 121107.82
59 121088.98
60 121090.89
61 121125.94
62 121119.02
63 121123.08
64 121105.91
65 121121.17
66 121107.10
67 121123.08
68 121129.99
69 121093.99
70 121126.17
71 121104.00
72 121052.98
73 121106.86
74 121052.03
75 121106.15
76 121124.98
77 121104.96
78 121128.80
79 121122.12
80 121104.00
81 121046.07
82 121109.96
83 121122.12
84 121106.86
85 121121.17
86 121106.15
87 121019.12
88 121109.96
89 121122.84
90 121121.17
91 121125.94
92 121043.92
93 121119.98
94 121128.08
95 121024.85
96 121123.08
97 120973.83
98 121140.00
99 121128.08
100 121105.91
101 121059.89
102 121105.91
103 121088.98
104 121122.12
105 121021.99
106 121011.97
107 120852.95
108 122215.03
109 120772.84
110 121013.88
111 120803.12
112 121608.02
113 120759.96
114 123983.86
115 121533.87
116 123084.07
117 123800.04
118 123059.03
119 122915.98
120 122077.94
121 122871.88
122 122858.05
123 123564.00
124 123481.99
125 122616.05
126 123386.14
127 123321.06
128 122627.97
129 124131.92
130 123295.07
131 122461.80
132 122351.88
133 123213.05
134 124010.09
135 123958.11
136 123103.14
137 123137.00
138 123752.12
139 122988.94
140 122950.79
141 122118.95
142 122903.82
143 122884.04
144 123700.14
145 123513.94
146 124368.91
147 123584.99
148 123499.16
149 122739.08
150 121991.87
151 123393.06
152 122688.06
153 122530.22
154 123306.04
155 124009.13
156 123976.95
157 123018.98
158 122193.10
159 122138.02
160 122900.96
161 122748.85
162 121996.16
163 122845.89
164 122682.09
165 123497.96
166 121834.99
167 124271.87
168 123418.81
169 121828.08
170 120955.94
171 121777.06
172 121777.06
173 120898.96
174 120893.96
175 121629.95
176 120808.12
177 120950.94
178 121535.06
179 122229.10
180 122344.97
181 121349.10
182 121480.94
183 122122.05
184 121237.99
185 121297.84
186 122055.05
187 121171.95
188 121106.86
189 121921.06
190 122071.98
191 120986.94
192 121776.10
193 121917.96
194 120909.93
195 121633.05
196 121617.79
197 120810.99
198 120923.04
199 121522.90
200 122299.91
201 122285.84
202 121427.06
203 121397.97
204 122190.00
205 121274.95
206 121301.89
207 122099.16
208 121180.06
209 121099.00
210 121886.01
211 121994.02
212 121087.07
213 121868.13
214 121974.95
215 120978.83
216 121675.01
217 121748.92
218 120862.01
219 120899.92
220 121526.96
221 122303.96
222 122489.93
223 121435.88
224 122184.04
225 122339.96
226 121310.00
227 121433.02
228 122154.00
229 121267.08
230 121241.09
231 121939.90
232 121006.97
233 121154.07
234 121796.85
235 121912.00
236 120954.04
237 121714.12
238 121643.07
239 120769.02
240 122400.05
241 121533.87
242 122258.19
243 122196.91
244 121524.10
245 122154.00
246 122159.00
247 121258.97
248 121243.00
249 122001.89
250 121128.08
251 121151.92
252 121898.17
253 121025.09
254 121055.84
255 121738.91
256 121853.11
257 120884.90
258 121637.11
259 121669.05
260 120779.99
261 121523.86
262 121512.89
263 122272.97
264 120749.00
265 121423.01
266 122133.02
267 122196.91
268 121320.96
269 121254.92
270 122058.87
271 121196.99
272 121128.80
273 121924.16
274 121040.11
275 121084.93
276 121823.07
277 121798.99
278 120978.12
279 121632.10
280 121575.83
281 120885.13
282 121650.93
283 121527.91
284 122218.13
285 122251.03
286 121387.00
287 122228.86
288 122162.10
289 121263.03
290 122023.11
291 122028.11
292 121117.12
293 121128.80
294 121884.82
295 121021.03
296 121057.03
297 121795.89
298 120942.12
299 120897.05
300 121648.07
301 121662.86
302 120772.84
303 121510.03
304 121587.04
305 120727.06
306 120927.10
307 121547.94
308 120751.14
309 120854.14
310 121454.95
311 122231.01
312 122313.02
313 121334.08
314 121355.06
315 122025.01
316 121234.18
317 121222.97
318 121957.06
319 121114.97
320 120995.04
321 121917.01
322 121984.96
323 120929.00
324 121809.01
325 121912.96
326 120851.99
327 121611.12
328 121557.00
329 120759.96
330 120877.03
331 121475.93
332 122239.11
333 122236.01
334 121366.98
335 121371.98
336 122134.92
337 121253.01
338 121262.07
339 121986.87
340 121139.05
341 121077.06
342 121898.89
343 122023.11
344 120980.02
345 121843.10
346 122030.02
347 121026.04
348 121854.07
349 121765.85
350 120915.89
351 120926.14
352 121580.12
353 120838.88
354 120896.82
355 121531.01
356 122250.08
357 122261.05
358 121328.83
359 120790.00
360 120714.90
361 121051.07
362 120760.92
363 121932.98
364 121634.01
365 121385.10
366 121026.04
367 122231.01
368 121898.17
369 121623.04
370 121242.05
371 120719.91
372 121809.96
373 121821.88
374 121593.00
375 121200.08
376 120847.94
377 121711.97
378 121752.02
379 121371.03
380 121095.90
381 120744.94
382 122017.15
383 121414.18
384 121384.86
385 120907.07
386 121058.94
387 121070.86
388 121026.04
389 121064.90
390 121037.96
391 121068.00
392 121043.21
393 121062.99
394 121059.89
395 121039.87
396 121057.03
397 121047.02
398 121057.03
399 121057.03
400 120979.79
401 120980.02
402 121055.13
403 121007.92
404 121060.13
405 121065.14
406 121063.95
407 121061.09
408 121021.03
409 121066.81
410 121038.91
411 121050.12
412 121065.86
413 121055.13
414 121060.13
415 121068.95
416 121061.09
417 121073.01
418 121062.99
419 121040.11
420 121063.95
421 121042.01
422 121001.01
423 121062.99
424 121044.87
425 121056.80
426 121055.13
427 121052.98
428 121022.94
429 121021.99
430 121065.14
431 121064.90
432 121070.86
433 121069.19
434 121036.05
435 121068.95
436 121045.83
437 121069.91
438 121068.00
439 121071.10
440 121068.00
441 121073.96
442 120967.15
443 120964.05
444 121047.97
445 121021.99
446 121052.03
447 121015.79
448 121060.13
449 121067.05
450 121064.90
451 121042.97
452 121039.87
453 121052.03
454 121052.03
455 121062.04
456 121055.13
457 121071.10
458 121059.89
459 121068.00
460 121059.18
461 121065.14
462 121065.14
463 121062.04
464 121062.99
465 121062.04
466 121060.85
467 121064.19
468 121006.01
469 121035.81
470 121054.17
471 121037.01
472 121062.99
473 121042.01
474 121028.90
475 121049.88
476 121052.98
477 121047.97
478 121053.93
479 121055.13
480 121052.98
481 121052.03
482 121051.07
483 121064.90
484 121055.13
485 120990.99
486 121058.94
487 121057.99
488 121072.05
489 121064.90
490 121073.01
491 121062.99
492 121040.82
493 121065.14
494 121044.16
495 121060.85
496 121046.07
497 121062.04
498 121034.15
499 121064.90
500 121078.97
501 121066.81
502 121042.97
503 121068.95
504 121067.05
505 121057.99
506 121057.99
507 121064.19
508 121053.93
509 121046.07
510 121058.94
511 121042.01
512 121062.99
513 121056.08
514 121063.95
515 121057.03
516 121070.15
517 121054.89
518 120999.10
519 121062.99
520 121051.07
521 120986.94
522 121052.03
523 121099.95
524 121062.99
525 121026.04
526 121068.00
527 121055.84
528 121055.13
529 121058.94
530 121056.08
531 121057.99
532 121060.13
533 121062.04
534 121063.95
535 121062.04
536 121054.89
537 121060.85
538 121057.03
539 121057.03
540 121065.14
541 121062.99
542 121064.19
543 121065.14
544 121060.85
545 121032.00
546 121065.14
547 121052.03
548 121009.83
549 121067.05
