550
0 121258.02
1 121154.07
2 121127.13
3 121093.99
4 121038.20
5 121106.86
6 121145.01
7 121116.16
8 121112.11
9 121127.13
10 121141.91
11 121129.04
12 121067.05
13 121052.98
14 121111.15
15 121150.02
16 121101.86
17 121137.86
18 121143.10
19 121143.10
20 121144.06
21 121059.89
22 121151.92
23 121145.01
24 121121.88
25 121142.86
26 121130.94
27 121140.96
28 121120.93
29 121140.96
30 121142.15
31 121040.11
32 121149.06
33 121142.15
34 121151.92
35 121074.20
36 121099.95
37 121128.80
38 121137.14
39 121143.10
40 121141.91
41 121068.95
42 121150.02
43 121125.94
44 121122.12
45 121044.87
46 121129.99
47 121139.05
48 121119.02
49 121145.96
50 121128.80
51 121142.15
52 121143.10
53 121086.84
54 121197.94
55 121103.05
56 121093.99
57 121111.15
58 121134.04
59 121124.03
60 121132.85
61 121061.09
62 121136.90
63 121145.96
64 121145.01
65 121113.06
66 121145.96
67 121129.99
68 121035.81
69 121135.00
70 121114.02
71 121141.20
72 121122.12
73 121072.05
74 121131.90
75 121174.10
76 121141.91
77 121031.05
78 121125.94
79 121137.14
80 121136.90
81 121049.88
82 121139.05
83 121119.98
84 121068.00
85 121047.97
86 121117.12
87 121138.10
88 121125.94
89 121130.94
90 121119.98
91 121139.05
92 121121.88
93 121137.14
94 121136.90
95 121140.00
96 120923.04
97 120985.98
98 121023.89
99 121060.13
100 120982.17
101 120992.90
102 121001.01
103 121062.99
104 121064.90
105 121067.05
106 122251.99
107 121072.05
108 122380.97
109 120980.02
110 121101.14
111 121845.01
112 121671.92
113 120924.95
114 123369.93
115 123373.99
116 122496.13
117 122563.84
118 123445.03
119 122708.08
120 124448.06
121 123546.12
122 122694.02
123 122858.05
124 123595.95
125 123568.06
126 124521.97
127 123718.98
128 123669.86
129 122843.03
130 121951.10
131 123606.92
132 122823.00
133 122777.94
134 123613.83
135 124369.14
136 122753.14
137 123726.84
138 122877.12
139 124530.08
140 123703.00
141 124029.87
142 122949.12
143 123798.13
144 122282.98
145 124552.97
146 123775.96
147 123749.02
148 123083.11
149 123031.14
150 123873.95
151 123209.00
152 122943.88
153 122215.03
154 123111.96
155 123211.86
156 124058.96
157 122303.01
158 123204.95
159 124060.15
160 124032.02
161 123310.09
162 122372.87
163 122406.96
164 123190.88
165 123108.86
166 124050.86
167 123146.06
168 123188.02
169 122507.10
170 121622.09
171 121667.86
172 120843.89
173 122483.02
174 121561.05
175 122197.15
176 122221.95
177 121313.10
178 121423.01
179 122197.15
180 121214.87
181 121326.92
182 121948.00
183 121070.86
184 121220.11
185 121837.14
186 121948.96
187 120970.96
188 121828.08
189 121919.87
190 120974.06
191 121608.02
192 121608.97
193 120920.90
194 120878.93
195 121582.03
196 122310.16
197 122360.94
198 121466.16
199 122169.97
200 122195.01
201 121355.06
202 121353.15
203 122086.05
204 121103.05
205 121205.81
206 121969.94
207 120966.20
208 120996.95
209 121784.93
210 121818.07
211 121016.03
212 121543.17
213 121726.04
214 120853.90
215 122453.93
216 121611.83
217 122178.08
218 122304.92
219 121458.05
220 122180.94
221 122213.84
222 121361.97
223 121362.92
224 121988.06
225 121141.91
226 121245.86
227 121853.11
228 121001.01
229 121094.94
230 121744.16
231 121880.05
232 120867.01
233 121583.94
234 121736.05
235 120940.92
236 121504.07
237 121612.07
238 122251.99
239 122376.92
240 121492.15
241 122227.91
242 122163.06
243 121379.14
244 121232.03
245 122044.09
246 121181.01
247 121250.87
248 121877.19
249 121027.95
250 121125.94
251 121903.18
252 121898.89
253 121005.06
254 121605.16
255 121763.94
256 120965.96
257 121521.95
258 121631.15
259 122343.06
260 122400.05
261 121509.79
262 122267.96
263 122296.09
264 121317.86
265 122113.94
266 122132.06
267 121227.98
268 121299.98
269 122019.05
270 121073.96
271 121150.02
272 121917.96
273 120927.10
274 120948.79
275 121658.09
276 121752.98
277 120991.95
278 121577.02
279 121694.80
280 120880.84
281 122429.85
282 121553.90
283 122190.95
284 122321.13
285 121423.96
286 122121.10
287 122092.01
288 121311.90
289 121320.01
290 121927.02
291 121093.99
292 121200.80
293 121937.99
294 120973.83
295 120966.91
296 121690.99
297 121792.08
298 121089.94
299 121494.05
300 121696.95
301 120857.00
302 121469.97
303 121572.97
304 122263.91
305 122364.04
306 121438.03
307 122240.07
308 122098.92
309 121328.12
310 121316.19
311 121996.16
312 121093.03
313 121221.07
314 121838.09
315 120995.04
316 121064.90
317 121877.91
318 121830.94
319 121014.12
320 121534.11
321 121690.03
322 120888.95
323 121568.20
324 121609.93
325 122232.91
326 122288.94
327 121469.02
328 122206.93
329 122251.03
330 121352.91
331 122072.94
332 122105.12
333 121174.10
334 121231.08
335 122018.10
336 121172.90
337 121124.03
338 121890.07
339 120881.80
340 120991.95
341 121654.99
342 121747.02
343 120966.91
344 121518.14
345 121613.98
346 122264.86
347 122415.07
348 121541.98
349 122118.95
350 122315.17
351 121392.01
352 122019.05
353 122131.11
354 121284.96
355 121141.20
356 121930.12
357 121035.10
358 121010.07
359 121814.01
360 121240.85
361 122199.06
362 121850.97
363 121490.00
364 121173.14
365 120846.99
366 122176.89
367 121748.92
368 121334.08
369 121092.80
370 120762.83
371 122015.00
372 121573.93
373 121437.07
374 121016.98
375 122236.01
376 121977.09
377 121517.90
378 121258.97
379 120886.09
380 122158.05
381 121896.98
382 121423.96
383 121147.16
384 120944.02
385 122096.06
386 120987.89
387 121062.99
388 121049.17
389 121071.82
390 120983.12
391 121071.10
392 121063.95
393 121039.87
394 121064.19
395 121057.99
396 121066.09
397 121057.03
398 121065.86
399 121066.81
400 121011.97
401 121072.05
402 121067.05
403 121058.94
404 121033.91
405 121036.05
406 121008.87
407 121021.99
408 121021.03
409 121046.07
410 120982.89
411 121052.98
412 121061.09
413 121073.96
414 121069.19
415 121026.04
416 121067.05
417 121047.97
418 121067.05
419 121052.98
420 121064.90
421 121055.13
422 121069.91
423 121053.93
424 121127.84
425 121065.14
426 121031.05
427 121073.01
428 121045.11
429 121067.05
430 120990.04
431 120980.02
432 121065.14
433 121040.82
434 121069.19
435 121046.07
436 121039.15
437 121048.93
438 121046.07
439 121052.03
440 121069.19
441 121060.85
442 121064.19
443 121061.09
444 121068.00
445 121067.05
446 121119.98
447 121068.00
448 121028.90
449 121073.01
450 121062.04
451 121040.11
452 121064.90
453 121046.07
454 121067.05
455 121050.12
456 121063.95
457 121064.19
458 121070.86
459 121063.95
460 121037.01
461 120989.08
462 121052.03
463 121035.10
464 121056.80
465 121044.87
466 121063.95
467 121046.78
468 121029.14
469 121047.02
470 120973.83
471 121038.91
472 121060.85
473 121042.97
474 121070.15
475 120988.85
476 120999.10
477 121054.17
478 121072.05
479 121053.93
480 121042.97
481 121062.04
482 121053.22
483 121062.99
484 120996.00
485 121064.90
486 121066.09
487 121042.01
488 121022.22
489 121053.93
490 121023.18
491 121064.90
492 121035.10
493 121038.91
494 121050.12
495 121049.17
496 121050.12
497 121051.07
498 121052.03
499 121052.98
500 121057.99
501 121052.03
502 121116.16
503 121021.99
504 121012.21
505 121051.07
506 121065.86
507 121113.06
508 121023.89
509 121025.80
510 120983.84
511 121037.01
512 121059.89
513 121043.92
514 121068.00
515 121052.98
516 121069.91
517 121062.99
518 121047.02
519 121068.95
520 121073.01
521 121066.09
522 121058.94
523 121062.99
524 121052.98
525 121048.21
526 121043.92
527 120934.01
528 121029.14
529 120981.93
530 120985.98
531 121064.90
532 121047.02
533 121050.12
534 121053.93
535 121093.99
536 121081.11
537 121042.97
538 121065.86
539 121025.80
540 121065.86
541 121065.14
542 121062.99
543 121053.93
544 121060.13
545 120951.89
546 121069.19
547 121040.11
548 121022.94
549 121037.96
