550
0 121253.01
1 121171.95
2 121133.09
3 121071.10
4 121124.98
5 121053.93
6 121140.00
7 121140.96
8 121143.10
9 121157.17
10 121126.89
11 121145.96
12 121126.17
13 121114.02
14 121122.84
15 121144.06
16 121105.91
17 121102.09
18 121141.91
19 121144.06
20 121145.96
21 121148.11
22 121129.04
23 121124.03
24 121128.08
25 121139.05
26 121140.96
27 121172.19
28 121140.96
29 121141.91
30 121139.05
31 121124.03
32 121145.01
33 121140.00
34 121136.90
35 121140.00
36 121109.96
37 121129.04
38 121068.95
39 121130.94
40 121142.86
41 121014.83
42 121145.96
43 121062.04
44 121160.98
45 121136.19
46 121123.08
47 121120.93
48 121139.05
49 121144.06
50 121135.00
51 121135.95
52 121145.01
53 121124.03
54 121093.99
55 121129.99
56 121137.14
57 121138.10
58 121139.05
59 121145.01
60 121145.96
61 121172.19
62 121122.12
63 121068.00
64 121140.00
65 121145.01
66 121140.00
67 121124.03
68 121150.02
69 121081.83
70 121119.02
71 121126.17
72 121136.90
73 121137.86
74 121150.97
75 121145.01
76 121110.92
77 121137.14
78 121150.02
79 121138.10
80 121124.98
81 121123.08
82 121214.15
83 121146.92
84 121142.15
85 121140.00
86 121142.15
87 121158.12
88 121126.89
89 121137.86
90 121118.07
91 121135.00
92 121119.02
93 121155.02
94 121147.87
95 121140.00
96 120958.09
97 121079.92
98 121093.99
99 120898.96
100 121109.96
101 121135.95
102 121156.93
103 121048.93
104 121079.92
105 121073.01
106 121107.10
107 121086.84
108 121284.01
109 120971.92
110 121492.86
111 122219.80
112 123682.98
113 121335.98
114 122734.07
115 121977.09
116 122720.96
117 122827.05
118 123899.22
119 124795.91
120 122990.13
121 124000.07
122 123897.08
123 123005.15
124 123841.05
125 123806.95
126 123165.13
127 123959.06
128 122431.99
129 123283.15
130 124951.12
131 124267.10
132 123358.01
133 123183.97
134 122668.98
135 123389.96
136 123373.99
137 122600.08
138 122699.02
139 123472.93
140 124377.01
141 124405.86
142 123626.95
143 122828.96
144 122880.94
145 122353.08
146 123820.07
147 124555.83
148 123800.04
149 123944.04
150 122973.20
151 122268.92
152 123986.01
153 123142.00
154 123106.00
155 122318.98
156 123186.11
157 123232.84
158 122459.89
159 123291.02
160 123223.07
161 124442.10
162 124280.93
163 123478.17
164 122646.09
165 122796.06
166 123548.98
167 123641.01
168 124464.04
169 123728.99
170 122202.16
171 121398.93
172 122200.01
173 122220.04
174 121408.94
175 122195.01
176 122197.87
177 121297.12
178 121243.95
179 122021.91
180 121125.94
181 121093.03
182 121893.88
183 121039.87
184 120995.04
185 121767.04
186 121723.89
187 120913.03
188 121663.81
189 121625.90
190 122417.93
191 122413.87
192 121490.96
193 122313.98
194 122279.88
195 121400.83
196 122152.09
197 122198.10
198 121498.11
199 121308.09
200 122111.80
201 121212.01
202 121155.98
203 121902.94
204 121051.07
205 121003.87
206 121754.88
207 121704.82
208 120985.03
209 121647.83
210 121605.87
211 122373.10
212 121495.96
213 121467.83
214 122238.16
215 122278.93
216 121363.88
217 122209.07
218 122216.94
219 121302.84
220 121212.01
221 122087.96
222 121120.93
223 121119.98
224 121927.02
225 121033.91
226 120985.03
227 121793.99
228 121746.06
229 120974.06
230 121645.93
231 121610.16
232 122406.96
233 121531.96
234 121519.09
235 122298.00
236 122326.14
237 121367.93
238 122231.01
239 122210.98
240 121294.02
241 122095.11
242 122073.89
243 121208.91
244 121244.91
245 121909.14
246 120986.94
247 120996.00
248 121788.02
249 120903.97
250 120979.07
251 121684.07
252 121691.94
253 122475.86
254 121588.95
255 121541.02
256 122500.90
257 122351.88
258 121388.91
259 122178.79
260 122205.97
261 121306.90
262 122123.00
263 122105.84
264 121181.01
265 121111.15
266 122027.16
267 121069.91
268 121047.97
269 121814.97
270 120944.02
271 120992.18
272 121700.05
273 121572.02
274 122411.01
275 121542.93
276 121558.90
277 122336.15
278 121450.90
279 121408.94
280 122220.04
281 122210.98
282 121340.04
283 122102.02
284 122142.08
285 121224.88
286 121179.10
287 122023.11
288 121006.97
289 121017.22
290 121835.95
291 120979.07
292 120990.99
293 121724.84
294 121646.17
295 120931.15
296 121569.87
297 121582.98
298 122349.02
299 121485.95
300 121472.12
301 122256.04
302 122271.06
303 121306.90
304 122154.95
305 122150.90
306 121248.96
307 122044.09
308 122022.15
309 121128.08
310 121070.15
311 121895.07
312 121011.97
313 120999.10
314 121697.90
315 120902.06
316 120960.95
317 121665.00
318 121567.96
319 122355.94
320 121459.01
321 121469.02
322 122225.05
323 122274.16
324 121283.05
325 122171.16
326 122165.20
327 121246.10
328 122035.98
329 122046.95
330 121145.01
331 121062.04
332 121833.09
333 121012.93
334 120977.88
335 121757.98
336 120888.95
337 120946.17
338 121650.93
339 121602.06
340 122385.98
341 121473.07
342 121471.17
343 122264.86
344 121444.94
345 121395.11
346 122165.92
347 122179.99
348 121320.01
349 122089.86
350 121995.21
351 121060.85
352 120916.84
353 121582.98
354 122314.93
355 122238.87
356 121277.09
357 122015.00
358 121958.02
359 121066.81
360 121891.98
361 121865.03
362 122491.84
363 121788.98
364 121764.90
365 121001.96
366 121149.78
367 121778.01
368 122102.02
369 121155.98
370 121356.96
371 121937.04
372 121124.03
373 121446.13
374 121948.96
375 122020.01
376 121302.84
377 121459.01
378 122017.86
379 122473.00
380 121669.05
381 120849.13
382 121135.95
383 121660.95
384 122230.05
385 121371.98
386 121077.06
387 121147.87
388 121136.90
389 121119.98
390 121138.10
391 121095.90
392 121067.05
393 121118.07
394 121140.96
395 121083.02
396 120950.22
397 121088.03
398 121052.03
399 121157.17
400 121142.86
401 121088.98
402 121109.96
403 121136.90
404 121124.98
405 121079.92
406 121129.04
407 121104.96
408 121133.09
409 121124.98
410 121146.20
411 121119.98
412 121178.87
413 121126.89
414 121084.93
415 121133.09
416 121160.98
417 121131.90
418 121084.93
419 121027.95
420 121142.86
421 121128.08
422 121153.12
423 121143.10
424 121129.04
425 121054.17
426 121135.95
427 121138.10
428 121141.20
429 121144.06
430 121111.87
431 121098.04
432 121124.98
433 121148.82
434 121131.90
435 121143.10
436 121139.05
437 121061.09
438 121145.01
439 121171.95
440 121148.82
441 121104.96
442 121119.98
443 121032.95
444 121126.89
445 121150.02
446 121131.90
447 121060.13
448 121137.86
449 121121.88
450 121154.07
451 121094.94
452 121135.95
453 121085.17
454 121137.86
455 121138.10
456 121150.02
457 121140.00
458 121145.96
459 121144.77
460 121145.01
461 121117.12
462 121142.86
463 121128.08
464 121078.97
465 121067.05
466 121143.82
467 121151.21
468 121141.91
469 121139.05
470 121140.00
471 121103.05
472 121139.05
473 121129.04
474 121140.96
475 121130.94
476 121114.02
477 121083.97
478 121125.94
479 121164.08
480 121137.14
481 121016.98
482 121145.01
483 121151.92
484 121114.97
485 121049.17
486 121127.84
487 121134.04
488 121131.90
489 121137.14
490 121136.90
491 121100.90
492 121142.15
493 121053.93
494 121141.20
495 121104.96
496 121150.02
497 121154.79
498 121119.02
499 121117.83
500 121123.79
501 121124.98
502 121141.20
503 121136.90
504 121143.10
505 121016.03
506 121144.06
507 121129.04
508 121143.10
509 121129.04
510 121138.81
511 121055.13
512 121150.97
513 121160.03
514 121150.97
515 121078.01
516 121055.84
517 121140.00
518 121123.08
519 121145.96
520 121130.94
521 121112.11
522 121136.19
523 121157.88
524 121068.95
525 121059.89
526 121124.03
527 121141.91
528 121127.84
529 121137.14
530 121171.00
531 121093.03
532 121096.13
533 121145.01
534 121140.96
535 121114.02
536 121141.20
537 121063.95
538 121144.06
539 121116.88
540 121140.96
541 121177.91
542 121114.97
543 121088.98
544 121125.94
545 121074.91
546 121129.99
547 121132.85
548 121101.14
549 121074.91
