550
0 121271.85
1 121145.01
2 121093.03
3 121171.00
4 121099.00
5 121072.05
6 121118.07
7 121123.08
8 121161.22
9 121134.04
10 121122.12
11 121124.98
12 121111.15
13 121104.00
14 121105.91
15 121104.96
16 121140.96
17 121119.02
18 121119.98
19 121119.02
20 121021.03
21 121118.07
22 121047.97
23 121099.95
24 121103.05
25 121119.98
26 121120.93
27 121073.96
28 121123.08
29 121130.94
30 121135.00
31 121109.01
32 121103.05
33 121138.10
34 121121.88
35 121121.17
36 121119.98
37 121121.88
38 121130.94
39 121107.10
40 121104.96
41 121116.88
42 121119.02
43 121077.06
44 121137.86
45 121071.10
46 121140.00
47 121110.92
48 121104.00
49 121114.97
50 121114.02
51 121121.88
52 121105.19
53 121126.17
54 121111.87
55 121107.82
56 121108.06
57 121121.88
58 121116.88
59 121127.13
60 121115.92
61 121097.80
62 121102.09
63 121047.02
64 121114.97
65 121075.87
66 121120.93
67 121123.08
68 121126.17
69 121106.15
70 121108.06
71 121109.96
72 121120.93
73 121121.88
74 121122.12
75 121123.08
76 121017.93
77 121107.10
78 121104.00
79 121102.09
80 121120.21
81 121119.02
82 121104.00
83 121047.02
84 121100.90
85 121124.98
86 121104.96
87 121035.10
88 121119.98
89 121120.93
90 121123.08
91 121117.83
92 121123.08
93 121074.91
94 121042.97
95 121044.16
96 121056.08
97 121068.00
98 121043.92
99 121062.99
100 121067.05
101 121067.05
102 121081.11
103 121074.91
104 121036.05
105 121017.93
106 120982.89
107 120969.06
108 121058.94
109 121018.89
110 121057.03
111 121004.10
112 121062.04
113 120974.06
114 121067.05
115 121001.96
116 121042.97
117 121659.99
118 121061.09
119 122463.94
120 120999.81
121 120980.02
122 121771.81
123 121534.11
124 122493.03
125 123009.92
126 122838.02
127 122085.09
128 122667.07
129 122614.15
130 123548.98
131 123296.02
132 122393.85
133 123293.88
134 123219.97
135 123890.88
136 122268.92
137 124460.94
138 123532.06
139 123505.12
140 122831.11
141 123304.13
142 123295.07
143 122390.03
144 123897.08
145 122976.06
146 123751.88
147 122045.99
148 124350.79
149 123451.95
150 123414.99
151 122583.87
152 123954.06
153 123119.12
154 122174.02
155 122217.89
156 122848.03
157 122891.19
158 121984.96
159 124456.17
160 122720.00
161 123472.93
162 122594.12
163 124055.15
164 123262.17
165 123165.13
166 122256.04
167 124592.07
168 122809.17
169 123517.04
170 122637.03
171 124143.84
172 123227.83
173 123255.01
174 123878.00
175 123183.01
176 123155.12
177 122354.98
178 123758.79
179 122932.91
180 123823.88
181 122118.95
182 121234.18
183 121985.91
184 121895.79
185 122630.12
186 121670.96
187 121654.99
188 122184.04
189 122289.90
190 121310.00
191 122063.88
192 121990.92
193 122515.92
194 122539.04
195 121661.19
196 122119.90
197 122349.98
198 121364.12
199 121884.82
200 121909.86
201 120795.01
202 120970.96
203 121519.09
204 122287.03
205 122303.01
206 121266.84
207 122020.01
208 122018.10
209 121071.10
210 121047.02
211 121739.15
212 120894.91
213 122384.07
214 121483.09
215 121387.96
216 122089.15
217 121057.03
218 121085.88
219 121832.13
220 120929.96
221 122408.87
222 121515.99
223 121484.04
224 121979.00
225 121141.91
226 121189.83
227 121737.96
228 121002.91
229 121026.04
230 121508.12
231 121525.05
232 122069.12
233 121163.85
234 121217.01
235 121937.04
236 120879.89
237 120980.02
238 121582.03
239 121554.14
240 122154.00
241 121187.93
242 121257.07
243 121994.97
244 121917.01
245 121028.90
246 121544.84
247 121591.09
248 122251.99
249 121375.08
250 121413.95
251 121973.04
252 121986.15
253 120841.98
254 121632.10
255 121662.14
256 122351.88
257 121310.00
258 121361.02
259 122017.15
260 122036.93
261 121066.09
262 121682.88
263 121706.96
264 122416.02
265 122355.94
266 121424.91
267 122061.01
268 122071.98
269 121062.99
270 121825.93
271 121747.97
272 120903.97
273 122426.03
274 121482.13
275 122139.93
276 122254.85
277 121182.92
278 121795.89
279 121735.10
280 120851.04
281 120889.90
282 121412.99
283 122184.99
284 122088.91
285 121236.09
286 121047.02
287 121792.08
288 120879.89
289 121022.94
290 121527.19
291 122259.86
292 122080.80
293 121257.07
294 121276.86
295 121836.90
296 120940.21
297 121033.91
298 121734.14
299 122338.06
300 122319.94
301 121323.82
302 121300.94
303 122022.15
304 120954.04
305 120960.95
306 121645.93
307 120789.05
308 122246.98
309 121368.89
310 121349.81
311 122063.88
312 121010.78
313 121068.95
314 121634.01
315 121880.05
316 120942.12
317 121542.93
318 121574.88
319 122283.94
320 121231.08
321 121275.90
322 121940.85
323 121930.84
324 120983.84
325 121593.95
326 121632.81
327 122334.96
328 121261.84
329 121377.94
330 121917.01
331 121992.11
332 120985.98
333 121643.07
334 121711.97
335 122436.05
336 122393.13
337 121481.90
338 122149.94
339 122088.91
340 121068.00
341 121782.06
342 121826.17
343 120935.92
344 122429.13
345 121484.99
346 122177.12
347 122199.06
348 121080.16
349 121792.08
350 121676.92
351 120846.99
352 120811.94
353 121542.93
354 122123.00
355 122102.02
356 121161.94
357 121069.19
358 120922.09
359 120877.98
360 120836.02
361 122063.16
362 121516.94
363 121152.88
364 120796.92
365 121962.07
366 121227.98
367 121329.07
368 120800.97
369 121965.17
370 121211.05
371 121254.92
372 120867.01
373 122068.17
374 121505.02
375 121191.98
376 122420.07
377 121488.09
378 121344.09
379 121042.97
380 120738.98
381 122127.06
382 121826.17
383 121179.10
384 120831.01
385 121510.03
386 121309.04
387 120826.96
388 120970.01
389 121037.01
390 121068.95
391 120998.86
392 121074.91
393 121112.11
394 121043.92
395 121057.99
396 121057.99
397 121059.18
398 121060.13
399 121058.94
400 121063.95
401 120970.01
402 120996.95
403 121064.90
404 121083.97
405 121047.97
406 121066.09
407 121010.07
408 121045.83
409 121071.82
410 121093.03
411 121020.08
412 121072.05
413 121058.94
414 121064.19
415 121063.95
416 121067.05
417 121089.94
418 121077.06
419 121024.85
420 121048.93
421 121057.03
422 121060.85
423 120987.89
424 121051.07
425 121062.04
426 121061.09
427 120989.08
428 121060.13
429 121023.89
430 121047.02
431 121041.06
432 121062.99
433 121062.99
434 121086.12
435 121062.99
436 121047.97
437 121052.03
438 121044.87
439 121032.00
440 121063.95
441 121060.85
442 121069.91
443 121045.11
444 121044.16
445 121047.97
446 121045.11
447 121082.07
448 121068.95
449 121065.86
450 121069.19
451 121046.07
452 121138.10
453 121047.97
454 121046.07
455 121059.18
456 121052.03
457 121050.12
458 121060.13
459 121006.97
460 121086.84
461 121062.99
462 121036.05
463 121045.11
464 121047.02
465 121055.13
466 121063.95
467 120972.16
468 120960.95
469 121067.05
470 121013.88
471 121051.79
472 121047.97
473 121095.90
474 121063.95
475 121062.99
476 121063.23
477 121096.13
478 121038.91
479 121014.83
480 121055.13
481 121057.03
482 121062.99
483 121065.14
484 121176.96
485 120977.16
486 121066.81
487 120993.14
488 121062.99
489 121063.95
490 121083.97
491 120972.87
492 121009.83
493 121040.11
494 121057.99
495 121059.89
496 121068.95
497 121065.14
498 121074.20
499 121037.01
500 121047.97
501 121047.02
502 121052.03
503 121074.91
504 121039.87
505 121035.10
506 121042.97
507 121044.87
508 121062.04
509 121058.94
510 121068.95
511 121058.94
512 121068.00
513 121032.00
514 121048.21
515 121042.97
516 121063.95
517 121062.04
518 121064.90
519 121018.89
520 121081.11
521 121046.07
522 121047.02
523 121055.84
524 121062.99
525 121062.99
526 121068.95
527 120998.86
528 121070.86
529 121060.85
530 121049.88
531 121051.07
532 121006.97
533 121030.09
534 121058.94
535 121064.90
536 121051.07
537 121049.17
538 121072.05
539 121011.02
540 121066.81
541 121066.09
542 121065.86
543 121050.12
544 121050.12
545 121048.93
546 121063.95
547 120903.02
548 121048.93
549 121072.05
