550
0 121131.18
1 121028.18
2 120951.89
3 120961.90
4 121021.03
5 121015.07
6 120997.91
7 121027.95
8 121009.11
9 121019.84
10 120996.95
11 121008.16
12 121021.99
13 121011.02
14 121019.84
15 120983.84
16 121048.93
17 121014.12
18 121011.97
19 120976.92
20 121011.97
21 121020.08
22 121017.93
23 121026.99
24 121018.89
25 121026.99
26 121021.99
27 121068.95
28 121021.03
29 120988.13
30 121021.99
31 120974.06
32 120987.89
33 121039.87
34 121006.97
35 120940.92
36 121006.97
37 121023.18
38 121007.92
39 120924.00
40 121019.84
41 120991.95
42 121020.08
43 121006.97
44 121025.80
45 120988.85
46 121015.07
47 121021.99
48 121008.87
49 121017.93
50 121013.88
51 121019.84
52 121026.99
53 121001.96
54 120990.99
55 121002.91
56 121013.88
57 121006.97
58 121019.12
59 121012.93
60 121014.12
61 121006.01
62 121016.03
63 121014.83
64 121012.93
65 121027.95
66 120997.91
67 121020.08
68 121000.05
69 121024.85
70 121135.00
71 120977.16
72 120921.13
73 121021.03
74 121021.99
75 120898.01
76 121026.99
77 121024.85
78 121028.18
79 120908.02
80 121021.03
81 120981.93
82 121024.13
83 120988.85
84 121020.79
85 121001.96
86 121027.95
87 121008.87
88 121029.14
89 121036.05
90 121006.97
91 120998.86
92 121014.83
93 121054.17
94 121014.12
95 121045.11
96 120893.96
97 120934.01
98 120983.84
99 121045.83
100 121001.96
101 120978.12
102 120961.90
103 121024.13
104 120991.95
105 121008.87
106 121010.07
107 121592.04
108 121007.92
109 120945.93
110 121010.07
111 120934.01
112 120919.94
113 121014.12
114 121438.98
115 120943.07
116 120985.98
117 120982.17
118 121026.99
119 121015.07
120 121024.13
121 120956.90
122 120883.94
123 121022.94
124 121278.05
125 121055.13
126 121006.97
127 120985.03
128 120954.99
129 120927.81
130 121006.01
131 120818.85
132 121021.99
133 121064.19
134 121031.05
135 120985.98
136 121842.86
137 120993.14
138 121011.02
139 120981.93
140 121012.93
141 120869.16
142 121006.01
143 121160.98
144 120954.99
145 121140.96
146 121010.07
147 120913.98
148 120962.86
149 121015.79
150 120991.95
151 120942.12
152 121015.07
153 120828.15
154 121088.03
155 121084.93
156 120867.97
157 120992.18
158 121733.90
159 120923.04
160 121139.05
161 120990.99
162 120936.16
163 120981.93
164 121004.10
165 121044.16
166 121009.11
167 121003.15
168 121009.11
169 120933.06
170 121521.00
171 120787.86
172 120867.01
173 120795.01
174 120984.79
175 122004.99
176 121075.15
177 120923.04
178 121006.97
179 121071.10
180 120996.00
181 121018.17
182 121330.98
183 120990.04
184 121049.17
185 120935.20
186 120961.19
187 121590.14
188 121046.07
189 120819.81
190 120946.88
191 120990.04
192 121334.08
193 121025.09
194 120941.88
195 120903.02
196 121026.99
197 120992.90
198 121017.93
199 121747.97
200 120965.96
201 120898.01
202 120917.08
203 120999.10
204 121630.91
205 121038.91
206 120906.83
207 120915.17
208 120990.99
209 121009.11
210 121050.12
211 121102.09
212 121015.79
213 120993.85
214 121016.03
215 121015.07
216 120985.03
217 120920.90
218 120873.93
219 120855.09
220 121211.05
221 121552.94
222 121011.97
223 120875.12
224 121014.12
225 121098.04
226 120996.00
227 120999.81
228 120897.05
229 121181.01
230 121042.01
231 120867.97
232 121026.04
233 121334.08
234 121068.00
235 121024.13
236 120887.04
237 120908.02
238 121551.99
239 121014.12
240 121118.07
241 120961.90
242 121119.02
243 121029.85
244 120945.93
245 120960.00
246 121005.06
247 121009.11
248 121088.98
249 121005.06
250 120815.99
251 120949.98
252 120961.90
253 120918.04
254 121299.98
255 121197.94
256 121032.95
257 120806.93
258 121004.10
259 121087.07
260 120932.10
261 120813.85
262 121430.16
263 121356.96
264 121196.03
265 120812.18
266 120921.13
267 121201.04
268 120938.78
269 120937.11
270 121042.97
271 121114.02
272 121543.17
273 120907.07
274 121247.77
275 120922.09
276 120913.03
277 120893.00
278 120945.93
279 120826.01
280 121026.99
281 120868.92
282 120924.00
283 121047.97
284 121376.99
285 120965.00
286 121109.96
287 121023.18
288 120774.98
289 120926.14
290 120931.86
291 121735.10
292 120822.91
293 121469.97
294 121623.04
295 120873.93
296 121232.03
297 121222.97
298 121195.08
299 121218.92
300 120927.81
301 121227.98
302 120862.01
303 121355.06
304 120942.12
305 121110.92
306 121190.07
307 120864.15
308 120891.09
309 121194.12
310 120893.00
311 120852.95
312 120939.97
313 120975.02
314 120944.98
315 121376.04
316 121149.06
317 120881.08
318 121145.96
319 121075.15
320 121116.88
321 120967.15
322 120877.98
323 120857.00
324 120960.00
325 121642.83
326 120953.80
327 121102.09
328 120774.03
329 120939.02
330 120870.83
331 120907.07
332 120941.16
333 121768.00
334 121150.97
335 121046.07
336 120862.01
337 120944.02
338 121325.02
339 121237.04
340 121135.95
341 120887.04
342 120985.98
343 120916.13
344 121246.81
345 121493.10
346 120857.95
347 120965.00
348 120890.86
349 120854.85
350 121006.97
351 121181.01
352 120943.07
353 120871.07
354 121331.93
355 120978.12
356 121500.02
357 121212.01
358 120870.11
359 120914.94
360 120924.00
361 120839.83
362 120857.95
363 121152.88
364 120840.07
365 120926.86
366 120784.04
367 121330.02
368 121016.03
369 120865.11
370 121003.15
371 120864.87
372 120846.99
373 120899.92
374 120867.97
375 120786.91
376 120865.82
377 120929.96
378 120796.92
379 120841.98
380 121001.96
381 120899.92
382 120929.00
383 120905.88
384 121233.94
385 120980.02
386 120839.12
387 121061.80
388 120828.87
389 120950.94
390 120899.92
391 121042.01
392 121471.17
393 120872.97
394 120778.80
395 120934.96
396 121051.07
397 120761.87
398 121028.90
399 121004.82
400 120774.98
401 120867.97
402 120888.95
403 120868.92
404 120846.03
405 120872.97
406 121014.12
407 121411.09
408 120921.13
409 120970.01
410 120969.06
411 120977.16
412 120893.00
413 120820.05
414 120900.87
415 120880.13
416 121077.06
417 120879.89
418 120785.95
419 120885.13
420 121047.97
421 120908.98
422 120715.86
423 120909.93
424 120790.96
425 120781.18
426 120918.99
427 120877.98
428 120946.88
429 120943.07
430 120800.02
431 120764.02
432 120900.15
433 121250.87
434 120975.97
435 120991.95
436 121306.90
437 121014.83
438 121026.04
439 120917.08
440 120956.90
441 120967.86
442 121043.21
443 121032.00
444 120859.86
445 120939.02
446 120947.84
447 120900.15
448 120973.11
449 120870.83
450 120887.99
451 120906.11
452 120893.00
453 120872.02
454 120785.00
455 121072.05
456 120937.11
457 120907.07
458 121320.01
459 121145.96
460 120955.94
461 121204.85
462 121120.93
463 121031.05
464 120996.00
465 121034.15
466 120830.06
467 121097.09
468 121021.99
469 121002.91
470 120973.11
471 121083.02
472 121069.91
473 120975.02
474 121135.95
475 121057.03
476 120949.98
477 120885.85
478 121002.91
479 121157.88
480 120937.82
481 120818.85
482 121273.99
483 120970.01
484 120962.14
485 120903.02
486 120922.80
487 121032.00
488 121233.94
489 121017.93
490 121547.94
491 121068.95
492 121043.92
493 120955.94
494 121026.04
495 121061.09
496 120770.93
497 120950.94
498 120973.11
499 120836.02
500 121046.07
501 120996.00
502 121023.89
503 121117.83
504 120883.94
505 120961.19
506 120892.05
507 121158.84
508 121153.12
509 120812.18
510 120794.06
511 121124.03
512 121320.96
513 120889.19
514 121033.91
515 120998.14
516 121281.86
517 120899.92
518 120954.04
519 121245.86
520 121119.02
521 120968.10
522 120936.87
523 120917.08
524 120947.12
525 121297.84
526 121154.07
527 120968.82
528 120746.85
529 120882.99
530 120734.93
531 120943.07
532 120892.05
533 120801.21
534 120865.82
535 120958.81
536 121263.03
537 121049.17
538 120958.81
539 120749.95
540 121423.96
541 121263.98
542 121181.01
543 121286.87
544 121036.05
545 121804.00
546 121395.11
547 120886.80
548 121030.09
549 121007.92
