550
0 121083.97
1 120982.17
2 120955.94
3 120924.95
4 120975.97
5 120963.10
6 120955.94
7 120968.10
8 120959.04
9 120965.96
10 120884.90
11 120941.88
12 120970.96
13 120947.84
14 120965.96
15 120955.94
16 120938.06
17 120949.03
18 120965.00
19 120952.13
20 120953.08
21 120958.09
22 120938.06
23 120970.01
24 120863.91
25 120932.82
26 120969.06
27 120945.93
28 120965.00
29 120952.84
30 120882.99
31 120954.04
32 120939.02
33 120936.87
34 120970.96
35 120949.98
36 120918.99
37 120948.08
38 120964.05
39 120997.91
40 120964.05
41 120920.90
42 120893.00
43 120985.03
44 120891.09
45 120944.02
46 120960.00
47 120966.91
48 120968.10
49 120948.08
50 120884.90
51 120949.98
52 120965.96
53 120949.03
54 120967.15
55 120951.89
56 120924.00
57 120955.94
58 120968.82
59 120958.09
60 120944.02
61 120926.14
62 120947.84
63 120968.82
64 120867.01
65 120886.09
66 120980.02
67 120965.00
68 120949.03
69 120944.98
70 120968.82
71 120989.08
72 120970.01
73 120949.98
74 120970.01
75 120954.99
76 120970.96
77 120963.10
78 120972.16
79 120949.03
80 120967.86
81 120952.13
82 120978.12
83 120965.00
84 120952.84
85 120938.78
86 120956.18
87 120951.89
88 120964.05
89 120969.06
90 120875.84
91 120943.07
92 120964.05
93 120992.90
94 120977.16
95 120823.86
96 120878.93
97 120881.08
98 120979.07
99 120989.08
100 120965.00
101 120935.92
102 120965.00
103 120979.07
104 120869.87
105 120954.04
106 120965.00
107 120953.80
108 120968.10
109 121465.21
110 120949.98
111 120956.90
112 120945.93
113 120949.98
114 120914.94
115 121093.03
116 121006.97
117 120951.89
118 121014.12
119 120939.97
120 121033.19
121 120990.99
122 121036.05
123 121034.86
124 121587.99
125 121030.09
126 120929.96
127 121025.09
128 121025.09
129 120961.19
130 121035.10
131 120972.16
132 121017.93
133 121015.07
134 121010.07
135 121014.83
136 120889.90
137 121011.97
138 120965.96
139 120990.99
140 121014.83
141 121773.96
142 121033.91
143 120928.05
144 121011.02
145 120971.92
146 120978.12
147 121017.93
148 120899.92
149 121012.93
150 121001.01
151 120887.99
152 121025.09
153 121285.92
154 121024.85
155 121032.95
156 120810.03
157 121030.09
158 121142.15
159 121023.89
160 121093.99
161 120958.09
162 120979.07
163 121029.85
164 121029.14
165 121005.06
166 121030.09
167 120976.92
168 120962.14
169 121026.99
170 121108.06
171 121026.04
172 120938.06
173 120899.92
174 121028.90
175 120898.96
176 121135.95
177 120959.04
178 120978.12
179 121009.83
180 120934.01
181 121031.05
182 121299.98
183 121037.01
184 120970.96
185 120953.08
186 121030.81
187 121281.86
188 121043.92
189 120727.06
190 121027.95
191 120970.01
192 121001.01
193 121045.83
194 121005.06
195 121024.85
196 120986.94
197 120875.84
198 120913.98
199 121014.12
200 121624.95
201 121036.05
202 121068.95
203 121020.08
204 120943.07
205 121042.01
206 120976.92
207 121026.99
208 121032.00
209 121017.93
210 121061.09
211 121556.04
212 121040.11
213 120937.11
214 120936.16
215 121028.90
216 121064.19
217 120992.90
218 120930.19
219 120976.92
220 121032.00
221 120964.05
222 121042.97
223 120841.98
224 121030.81
225 121898.89
226 121027.95
227 121001.96
228 121722.94
229 120954.99
230 120933.06
231 120820.05
232 121015.07
233 120936.87
234 121047.02
235 120965.00
236 120993.14
237 121031.05
238 121031.05
239 121052.03
240 120973.11
241 121167.18
242 121355.06
243 120936.87
244 121033.91
245 121922.02
246 121355.06
247 120938.06
248 120898.96
249 121014.12
250 121068.00
251 121026.99
252 121352.20
253 121016.03
254 121582.98
255 121050.12
256 120900.87
257 120819.81
258 121608.97
259 121110.92
260 120946.88
261 121037.01
262 121370.08
263 121042.97
264 121176.00
265 120897.05
266 121017.93
267 121554.14
268 120963.10
269 121274.95
270 121211.05
271 121747.02
272 121562.96
273 120833.87
274 121227.98
275 121160.98
276 120925.90
277 120816.95
278 120980.98
279 121166.94
280 121021.03
281 120769.98
282 121868.13
283 121590.14
284 121667.86
285 120821.00
286 121273.04
287 121782.06
288 120951.18
289 120908.98
290 121011.02
291 121380.09
292 121046.07
293 120804.79
294 120775.94
295 120874.88
296 121189.83
297 120872.97
298 121854.07
299 121987.82
300 121054.17
301 120830.06
302 120855.81
303 121109.01
304 122191.91
305 120794.06
306 121539.12
307 121015.07
308 121160.98
309 121030.09
310 121818.07
311 120965.96
312 120802.88
313 120752.81
314 120773.08
315 121317.86
316 122019.05
317 121018.17
318 120841.98
319 120960.00
320 121322.87
321 120946.88
322 120908.02
323 121582.03
324 121247.05
325 121221.07
326 121020.08
327 121813.06
328 121629.95
329 121045.11
330 121437.07
331 120770.93
332 121111.15
333 121841.91
334 121777.06
335 121374.13
336 120975.97
337 122280.12
338 120924.00
339 120939.02
340 121665.95
341 121263.98
342 121023.89
343 120926.14
344 121511.94
345 121283.05
346 121753.93
347 121013.88
348 120900.87
349 121562.96
350 121468.07
351 121912.00
352 121791.84
353 120960.95
354 121460.91
355 120869.87
356 121258.02
357 120687.96
358 121524.10
359 121545.79
360 120982.89
361 120882.99
362 121402.98
363 120932.82
364 120918.99
365 121026.99
366 120743.04
367 121101.14
368 120894.91
369 120930.91
370 120792.15
371 120872.97
372 121001.96
373 121175.05
374 120934.96
375 120879.89
376 120925.90
377 121059.89
378 120921.13
379 121560.81
380 120836.97
381 121009.83
382 120908.98
383 120990.99
384 120889.90
385 121033.91
386 121121.88
387 121232.03
388 121034.86
389 120975.97
390 120876.07
391 120965.96
392 121291.88
393 121136.19
394 121266.13
395 121042.97
396 120962.14
397 121020.08
398 121243.00
399 121401.07
400 121021.03
401 121004.10
402 120833.87
403 120960.95
404 120922.09
405 121004.82
406 120809.79
407 120888.95
408 120898.01
409 121021.99
410 120887.04
411 121031.05
412 121026.99
413 121011.97
414 120881.08
415 120999.10
416 120838.17
417 120996.00
418 120769.02
419 120902.06
420 120910.88
421 120937.11
422 120846.99
423 120878.93
424 120970.96
425 120836.97
426 120605.95
427 121046.07
428 121480.94
429 120898.01
430 120925.90
431 120976.92
432 120862.96
433 121038.91
434 120935.92
435 120958.09
436 120982.89
437 121006.97
438 121032.95
439 120985.03
440 121028.18
441 121082.07
442 120987.89
443 121001.01
444 120985.98
445 120878.93
446 120969.06
447 120929.96
448 120913.98
449 121039.15
450 121023.18
451 120880.84
452 121369.84
453 120821.95
454 120958.81
455 121139.05
456 121018.89
457 121777.06
458 120961.19
459 120929.00
460 121031.05
461 121068.00
462 121018.89
463 121012.93
464 120937.11
465 120968.82
466 120924.00
467 121055.13
468 121157.88
469 121029.85
470 121165.99
471 120920.90
472 121206.05
473 121150.02
474 121563.91
475 121454.00
476 120898.96
477 120968.10
478 121031.05
479 120948.79
480 120857.95
481 121556.04
482 120986.94
483 120887.99
484 121269.94
485 121033.91
486 120944.02
487 121048.93
488 120914.94
489 120779.99
490 121022.94
491 120972.16
492 120985.03
493 121557.00
494 121089.94
495 120811.94
496 121036.05
497 121207.95
498 121031.05
499 121515.99
500 120854.14
501 120709.90
502 121428.97
503 121115.92
504 121649.98
505 120913.98
506 120700.12
507 121024.13
508 120966.91
509 120771.88
510 121515.99
511 121273.99
512 120915.89
513 120914.94
514 120935.92
515 121469.02
516 120913.03
517 120825.05
518 120750.90
519 121038.91
520 121483.09
521 120892.05
522 121438.03
523 121132.14
524 120906.11
525 121299.03
526 121378.90
527 121016.98
528 120970.96
529 120729.92
530 120749.00
531 120715.86
532 120808.84
533 120887.04
534 121701.96
535 121285.92
536 120789.05
537 121577.02
538 120646.95
539 121387.00
540 121152.16
541 120885.13
542 120700.84
543 121368.17
544 121304.04
545 121639.01
546 121045.11
547 120826.96
548 121051.07
549 121923.92
