550
0 121294.98
1 121191.02
2 121108.06
3 121148.82
4 121179.10
5 121196.99
6 121149.06
7 121102.09
8 121212.01
9 121215.82
10 121103.05
11 121094.94
12 121157.88
13 121199.85
14 121148.11
15 121177.91
16 121222.02
17 121163.13
18 121201.04
19 121153.12
20 121151.92
21 121182.92
22 121133.09
23 121114.97
24 121203.90
25 121158.84
26 121176.00
27 121101.14
28 121174.81
29 121189.12
30 121020.79
31 121160.03
32 121188.16
33 121158.12
34 121167.90
35 121149.06
36 121164.08
37 121207.00
38 121158.12
39 121176.00
40 121153.12
41 121153.83
42 121181.96
43 121153.12
44 121185.06
45 121198.18
46 121143.82
47 121165.04
48 121202.95
49 121159.08
50 121195.08
51 121160.98
52 121163.85
53 121150.97
54 121139.05
55 121164.08
56 121152.88
57 121158.12
58 121145.01
59 121155.98
60 121217.97
61 121152.88
62 121191.98
63 121160.98
64 121160.98
65 120984.79
66 121149.06
67 121139.05
68 121161.94
69 121042.97
70 121163.13
71 121200.08
72 121159.08
73 121174.81
74 121159.08
75 121167.90
76 121189.12
77 121164.08
78 121167.90
79 121162.18
80 121160.98
81 121174.81
82 121158.12
83 121166.94
84 121226.07
85 121154.07
86 121196.99
87 121156.93
88 121103.05
89 121158.12
90 121140.00
91 121155.02
92 121209.14
93 121150.02
94 121186.02
95 121047.02
96 120960.95
97 121174.10
98 121184.11
99 121124.98
100 121139.05
101 121184.11
102 121171.00
103 121181.01
104 121001.01
105 121164.08
106 121191.98
107 121108.06
108 121166.94
109 121191.02
110 121163.85
111 121160.03
112 121198.18
113 121154.07
114 121027.95
115 121186.97
116 121165.99
117 121156.22
118 121163.13
119 121126.89
120 121158.84
121 121159.08
122 121128.08
123 121168.85
124 122193.10
125 121157.88
126 121170.04
127 121135.00
128 121164.08
129 121200.08
130 121155.98
131 121182.92
132 121167.18
133 121163.13
134 121119.02
135 121144.06
136 120965.96
137 121165.04
138 121186.02
139 121139.05
140 121165.99
141 121058.94
142 121093.99
143 121112.11
144 121183.87
145 121183.16
146 121147.16
147 121135.00
148 122075.08
149 121196.99
150 121237.99
151 120944.98
152 121201.99
153 121618.99
154 121212.01
155 121105.19
156 121039.87
157 121185.06
158 121165.04
159 121108.77
160 121193.17
161 121184.11
162 121165.99
163 121150.97
164 121151.92
165 121484.04
166 121218.92
167 121129.99
168 121145.01
169 121169.09
170 121541.98
171 121106.15
172 121082.07
173 121088.98
174 121202.23
175 121785.88
176 121222.97
177 121188.88
178 121178.87
179 121166.94
180 120923.04
181 121159.08
182 121386.05
183 121196.03
184 121204.14
185 121159.08
186 121189.83
187 121016.03
188 121062.99
189 121067.05
190 121181.01
191 121208.91
192 121149.06
193 121177.20
194 121448.99
195 121202.95
196 121194.84
197 121121.88
198 121160.03
199 121536.97
200 121185.06
201 121067.05
202 121147.87
203 121110.92
204 121654.99
205 121135.00
206 121089.94
207 121177.91
208 121212.96
209 121183.87
210 121108.06
211 121021.99
212 121189.12
213 121738.91
214 121212.01
215 121130.94
216 121182.92
217 121459.96
218 121145.96
219 121116.88
220 121161.94
221 121083.97
222 121145.96
223 121122.12
224 121148.11
225 121123.08
226 121127.13
227 121033.91
228 121129.04
229 121153.12
230 121265.89
231 121177.91
232 121053.93
233 121989.01
234 121323.11
235 121206.05
236 121097.09
237 121107.10
238 121087.07
239 121155.98
240 121005.06
241 121225.12
242 121114.97
243 121132.85
244 121048.93
245 121896.03
246 122067.93
247 121668.10
248 120931.15
249 120980.02
250 121273.04
251 122215.03
252 121088.98
253 120965.96
254 121157.17
255 120813.85
256 120967.15
257 121346.95
258 121053.93
259 120903.02
260 121264.93
261 121006.01
262 121412.04
263 120946.88
264 120996.95
265 121005.06
266 121148.82
267 121545.08
268 120978.83
269 121469.97
270 120908.98
271 121064.19
272 121091.84
273 121063.95
274 120846.99
275 120826.96
276 121324.06
277 121529.10
278 120979.07
279 122049.09
280 121895.79
281 120976.92
282 121737.00
283 121052.03
284 121603.01
285 121635.20
286 121420.86
287 121398.93
288 121253.01
289 121216.06
290 121273.04
291 121232.03
292 121261.12
293 121786.12
294 120934.96
295 120941.88
296 121414.90
297 121423.96
298 121073.96
299 120941.16
300 120913.98
301 120824.10
302 120836.97
303 120903.97
304 121162.89
305 120875.84
306 120848.89
307 121239.90
308 121487.86
309 121805.19
310 121156.93
311 121690.03
312 120896.10
313 121582.98
314 121816.87
315 121424.91
316 120903.97
317 120908.98
318 120881.08
319 121061.09
320 120800.97
321 120844.84
322 120993.14
323 121119.02
324 120848.89
325 121645.93
326 121665.00
327 121140.96
328 121726.99
329 120892.05
330 121006.97
331 121623.04
332 121644.02
333 120815.04
334 121357.92
335 121696.95
336 121212.01
337 121396.06
338 120759.96
339 121179.10
340 121110.92
341 121223.93
342 121110.92
343 120902.06
344 120850.09
345 120914.94
346 120868.21
347 120809.08
348 121443.99
349 121391.06
350 121371.98
351 121397.97
352 121295.93
353 121237.99
354 121186.97
355 121608.02
356 120819.09
357 120798.11
358 120815.99
359 120828.15
360 121050.83
361 121090.89
362 120909.93
363 121248.96
364 120826.01
365 120838.17
366 121522.90
367 120875.12
368 120857.00
369 120877.98
370 120818.85
371 120939.02
372 120755.91
373 120857.95
374 121207.00
375 121089.94
376 120893.96
377 121615.17
378 120867.01
379 121402.03
380 121177.91
381 121177.20
382 121077.06
383 121221.07
384 121391.06
385 121310.95
386 120910.17
387 120834.83
388 120889.90
389 120908.02
390 120905.88
391 120850.80
392 121052.03
393 120877.98
394 121158.12
395 121594.19
396 120980.98
397 120857.95
398 120870.83
399 120877.98
400 120940.92
401 120953.08
402 120822.91
403 120998.86
404 120877.98
405 120935.92
406 120868.92
407 121403.93
408 120951.89
409 121145.01
410 120908.98
411 121135.00
412 120886.09
413 120787.86
414 121320.01
415 120905.16
416 120758.06
417 121000.05
418 120986.94
419 120856.05
420 120888.95
421 120917.08
422 120820.05
423 120789.05
424 121448.99
425 120970.96
426 120954.99
427 120963.10
428 120895.86
429 120991.95
430 121165.99
431 120851.04
432 120851.99
433 120852.95
434 120887.99
435 120901.11
436 120842.93
437 121528.86
438 120924.95
439 121050.12
440 120837.21
441 120799.06
442 120921.85
443 120859.15
444 120887.04
445 120813.85
446 120993.85
447 121046.07
448 120975.02
449 121375.08
450 120935.92
451 120820.05
452 120852.95
453 121237.04
454 120959.04
455 120878.93
456 120934.01
457 120892.05
458 120918.99
459 121088.98
460 121183.87
461 121050.83
462 121286.87
463 120902.06
464 120817.18
465 120956.90
466 121402.03
467 121434.93
468 120934.01
469 120862.01
470 120911.12
471 120965.96
472 120898.96
473 121268.99
474 121293.07
475 121516.94
476 120907.07
477 120785.00
478 121433.02
479 120915.89
480 120983.84
481 120899.92
482 121397.97
483 121016.03
484 120949.03
485 120953.08
486 120980.02
487 121086.12
488 121042.97
489 120857.00
490 120891.09
491 121546.03
492 121198.18
493 121329.07
494 121379.14
495 121468.07
496 121293.07
497 120993.14
498 120991.95
499 120856.05
500 121032.00
501 121036.05
502 121583.94
503 120821.00
504 121174.10
505 120905.16
506 121190.07
507 121376.04
508 121108.06
509 120975.97
510 120854.14
511 120801.21
512 120961.90
513 120882.99
514 120920.90
515 120992.18
516 120995.04
517 121152.88
518 120739.94
519 120861.05
520 121360.06
521 121225.12
522 120836.02
523 120907.07
524 121163.13
525 120794.06
526 120812.18
527 120814.09
528 120866.06
529 121517.90
530 121279.00
531 120893.96
532 120764.97
533 120985.03
534 121295.93
535 121142.15
536 121085.17
537 120952.84
538 121433.97
539 121306.18
540 120851.99
541 121007.92
542 120908.02
543 120987.89
544 121024.85
545 120967.15
546 120960.95
547 120902.06
548 120770.93
549 120850.80
