1300
0 121140.96
1 120999.81
2 121019.84
3 121006.97
4 121011.97
5 121016.98
6 121011.02
7 121047.02
8 120998.86
9 121037.96
10 121005.06
11 121020.08
12 120991.95
13 121006.01
14 120982.89
15 121005.06
16 121037.01
17 121000.05
18 121026.99
19 121002.20
20 120999.81
21 121024.13
22 120973.83
23 121009.83
24 120930.91
25 120996.95
26 121052.98
27 121026.99
28 120987.89
29 120995.04
30 121021.03
31 121016.03
32 120943.07
33 120990.04
34 120981.93
35 120944.02
36 121017.93
37 121021.03
38 121038.91
39 120987.89
40 121010.07
41 121003.15
42 121016.03
43 121027.95
44 121004.82
45 120992.90
46 120940.21
47 121003.87
48 120996.00
49 120975.97
50 121034.86
51 121011.02
52 121006.01
53 121011.97
54 120953.08
55 120974.06
56 120944.98
57 120960.95
58 121008.87
59 121014.12
60 120997.91
61 121016.98
62 121009.11
63 120992.18
64 121016.98
65 121033.91
66 121022.94
67 121022.94
68 120995.04
69 121011.02
70 121021.99
71 121015.79
72 120980.02
73 121019.12
74 120991.95
75 120950.94
76 120998.14
77 121005.06
78 121011.02
79 121020.08
80 121004.10
81 120990.04
82 121011.02
83 121024.13
84 121018.89
85 121009.83
86 120996.00
87 120991.95
88 121020.08
89 121012.93
90 121007.92
91 121014.12
92 120990.99
93 120892.05
94 120924.00
95 120851.99
96 120820.05
97 120689.15
98 120805.03
99 120747.09
100 120919.94
101 121320.96
102 122275.83
103 121810.91
104 121908.90
105 122243.88
106 122555.02
107 121230.84
108 121955.16
109 121789.93
110 122632.98
111 123153.21
112 124031.78
113 124418.97
114 123077.87
115 122174.98
116 122906.92
117 121988.06
118 123418.09
119 123230.93
120 123255.01
121 123867.99
122 122246.98
123 123211.15
124 122213.13
125 122848.03
126 122692.11
127 123402.12
128 123410.94
129 122767.21
130 124991.89
131 123485.09
132 123100.04
133 124194.15
134 122154.00
135 122833.97
136 122048.85
137 122491.12
138 123319.86
139 122505.90
140 122981.07
141 122156.86
142 123925.21
143 122753.86
144 122886.90
145 121929.17
146 123348.00
147 123876.09
148 123811.96
149 122061.01
150 123364.93
151 124361.99
152 121889.83
153 122669.94
154 122591.02
155 124367.95
156 122390.03
157 123339.18
158 122200.01
159 123929.02
160 122199.06
161 123635.05
162 124373.91
163 122683.05
164 122617.01
165 124145.03
166 122738.12
167 123177.05
168 121999.03
169 121940.85
170 123394.97
171 123317.00
172 122959.14
173 123723.98
174 122691.87
175 124337.20
176 122664.93
177 124077.08
178 124145.03
179 122072.94
180 123028.99
181 122623.92
182 123344.18
183 122259.14
184 124655.01
185 123554.94
186 123499.87
187 122412.92
188 122563.12
189 122555.97
190 122320.89
191 123720.88
192 122874.98
193 122308.97
194 123040.91
195 123913.05
196 122060.06
197 124069.93
198 123942.14
199 123180.15
200 122306.11
201 122931.96
202 122121.10
203 122852.09
204 122201.92
205 121963.02
206 123768.81
207 122148.99
208 121969.94
209 124527.93
210 123919.96
211 122009.99
212 122105.84
213 122535.94
214 123815.06
215 124116.90
216 122282.03
217 124892.00
218 123163.94
219 124676.94
220 122462.03
221 124114.99
222 123178.96
223 124017.95
224 123794.08
225 123120.07
226 123013.02
227 124901.06
228 122253.89
229 123138.90
230 123899.94
231 122463.94
232 123197.79
233 122375.97
234 123439.07
235 123340.13
236 123284.82
237 122354.03
238 123112.20
239 123218.06
240 122460.13
241 124041.08
242 124847.17
243 124318.84
244 123391.15
245 122373.10
246 124925.85
247 122304.20
248 123100.04
249 124080.18
250 123839.14
251 123726.13
252 123274.09
253 122463.94
254 124034.17
255 122391.94
256 122449.87
257 123309.85
258 122728.11
259 124213.93
260 124348.16
261 122694.02
262 122840.88
263 123186.11
264 122440.10
265 122627.97
266 122461.08
267 122493.03
268 123312.95
269 122417.93
270 123281.00
271 122713.09
272 124067.07
273 124867.92
274 123326.06
275 124267.10
276 123542.79
277 123408.08
278 122434.14
279 122584.10
280 123437.88
281 124776.12
282 122570.99
283 122466.80
284 124043.94
285 124253.03
286 122336.86
287 122474.91
288 123339.89
289 122398.85
290 122714.04
291 123103.86
292 122502.09
293 123445.99
294 123257.88
295 122867.82
296 123973.85
297 122216.94
298 123286.01
299 123208.05
300 123996.02
301 124120.95
302 123268.13
303 124010.09
304 124111.89
305 123224.02
306 123209.95
307 122427.94
308 123250.01
309 123042.11
310 123184.92
311 123245.95
312 122146.84
313 123098.85
314 123667.00
315 123656.99
316 123703.96
317 123547.08
318 122433.90
319 123903.99
320 122392.89
321 123672.96
322 122122.05
323 123795.03
324 122868.06
325 123718.98
326 123477.94
327 122376.92
328 122392.18
329 123799.09
330 122455.84
331 122098.21
332 122910.02
333 122895.00
334 122478.96
335 123178.01
336 123061.90
337 122786.05
338 123717.07
339 122866.87
340 124383.93
341 124047.04
342 123410.94
343 122442.01
344 123080.02
345 122911.93
346 122051.00
347 122869.01
348 122571.95
349 124326.94
350 123332.02
351 124238.01
352 122533.08
353 122318.03
354 122448.92
355 123708.96
356 124609.95
357 122852.09
358 123682.98
359 122446.78
360 122231.01
361 121720.08
362 122734.07
363 122199.06
364 121998.07
365 122390.99
366 122095.11
367 121852.87
368 122260.09
369 122011.90
370 122658.97
371 122349.98
372 121886.01
373 122339.96
374 122562.89
375 121924.16
376 122493.98
377 122624.87
378 122188.09
379 122889.04
380 122469.19
381 122254.85
382 122007.13
383 122273.92
384 121947.05
385 122617.96
386 121866.94
387 122183.08
388 122641.80
389 122066.97
390 121658.80
391 122689.96
392 122248.89
393 122071.98
394 121925.12
395 122120.14
396 122756.00
397 122283.94
398 122343.06
399 122528.08
400 122499.94
401 122765.06
402 122421.03
403 122078.90
404 121778.01
405 122252.94
406 121809.01
407 122754.10
408 122511.86
409 122014.05
410 122355.94
411 122462.99
412 122730.97
413 122138.98
414 122162.10
415 121989.01
416 122506.86
417 122375.97
418 122747.90
419 122501.85
420 121986.87
421 122658.01
422 122256.99
423 122075.80
424 122372.87
425 121919.16
426 122194.05
427 122111.08
428 122386.93
429 123363.97
430 122431.04
431 121809.01
432 121972.08
433 122197.15
434 122198.10
435 123069.05
436 122545.96
437 122076.03
438 122190.00
439 122040.99
440 122762.92
441 122103.93
442 122029.07
443 122180.94
444 121822.12
445 122946.98
446 122181.18
447 122488.98
448 122343.06
449 122633.93
450 122607.95
451 122833.01
452 122370.00
453 122639.89
454 121878.86
455 121928.93
456 121991.16
457 122756.00
458 122768.16
459 122168.06
460 121979.95
461 122217.89
462 121968.98
463 122862.10
464 122553.11
465 122124.91
466 121953.96
467 121674.06
468 122720.00
469 122409.11
470 122462.99
471 122334.00
472 122619.87
473 122058.15
474 122699.02
475 122407.91
476 122173.07
477 122138.02
478 122041.94
479 122143.98
480 122551.92
481 122477.05
482 121845.01
483 121994.97
484 122044.09
485 122276.07
486 123145.82
487 122661.83
488 122145.89
489 123142.00
490 122032.88
491 122860.91
492 122065.07
493 122059.82
494 122416.97
495 122619.15
496 122170.93
497 123440.98
498 122339.01
499 122360.94
500 122318.98
501 122126.10
502 122276.07
503 122310.16
504 122120.14
505 121876.00
506 122026.92
507 122911.93
508 122501.13
509 122205.02
510 122473.00
511 122469.90
512 122231.01
513 122426.99
514 122333.05
515 122497.08
516 122811.08
517 122297.05
518 121980.19
519 123126.03
520 122246.03
521 122225.05
522 121905.80
523 122375.01
524 122447.97
525 122701.17
526 122582.91
527 121887.92
528 122170.93
529 122038.13
530 123351.81
531 122170.93
532 122375.97
533 121704.82
534 122035.98
535 122459.17
536 123137.00
537 122283.94
538 122250.08
539 121986.87
540 122695.92
541 122179.99
542 123147.01
543 122486.11
544 122881.89
545 122256.04
546 122609.85
547 122670.89
548 122956.99
549 122648.00
550 122188.09
551 122272.01
552 122522.12
553 122710.94
554 123103.86
555 122640.13
556 122302.06
557 122357.85
558 122215.03
559 122624.87
560 122925.04
561 122092.01
562 122793.20
563 122562.89
564 122019.05
565 122215.99
566 122574.09
567 122305.87
568 122328.04
569 122644.90
570 122277.02
571 122205.02
572 122715.95
573 122546.91
574 122496.13
575 122313.02
576 122187.14
577 123074.05
578 122318.03
579 122364.04
580 122303.01
581 122674.94
582 122230.05
583 122663.02
584 122597.93
585 122401.95
586 122350.93
587 122027.16
588 122165.20
589 122851.85
590 122484.92
591 122668.98
592 121898.89
593 122730.97
594 122879.98
595 122447.97
596 122026.92
597 122236.97
598 122329.00
599 123303.17
600 122311.83
601 122625.11
602 122601.03
603 122473.00
604 122804.16
605 123049.97
606 122102.02
607 122591.97
608 122857.09
609 122128.96
610 122252.94
611 122313.98
612 122421.03
613 122272.97
614 122704.98
615 122720.00
616 122285.84
617 120917.08
618 121062.04
619 121127.13
620 121575.83
621 121020.08
622 121118.07
623 120882.99
624 120975.02
625 120985.03
626 120963.10
627 120974.06
628 121288.06
629 120916.13
630 121304.04
631 121066.09
632 121137.14
633 121055.13
634 121984.96
635 120911.84
636 121241.09
637 120857.00
638 120960.95
639 121523.14
640 121093.99
641 121188.88
642 121276.14
643 121244.91
644 120747.09
645 121568.92
646 121155.98
647 121057.03
648 120904.21
649 120867.97
650 120976.92
651 120817.90
652 121147.16
653 120961.90
654 121153.12
655 121436.83
656 120929.00
657 120848.89
658 120789.05
659 120924.00
660 121330.98
661 120903.02
662 121182.92
663 120841.98
664 120865.11
665 121059.18
666 120805.03
667 121270.18
668 120963.10
669 120810.03
670 120944.98
671 120989.08
672 120960.95
673 120799.06
674 121047.02
675 121050.12
676 121183.87
677 121042.97
678 120967.86
679 121111.15
680 120949.98
681 120839.12
682 120727.06
683 121016.98
684 120983.12
685 121176.96
686 121207.00
687 120871.07
688 121310.00
689 121188.16
690 120820.05
691 121068.95
692 121117.12
693 120957.14
694 121173.86
695 121144.77
696 121105.91
697 121735.81
698 120885.13
699 121353.86
700 121009.11
701 120806.22
702 121130.94
703 120975.02
704 121126.89
705 121060.13
706 120768.07
707 120852.95
708 121135.95
709 121148.11
710 120760.92
711 121221.07
712 121152.16
713 121045.83
714 120834.11
715 120816.95
716 121207.95
717 121194.12
718 120726.82
719 121565.10
720 121037.96
721 120960.95
722 120704.89
723 121299.03
724 121491.91
725 121032.00
726 121263.98
727 121020.08
728 121171.00
729 120898.96
730 120873.93
731 120952.13
732 121023.89
733 120879.17
734 121145.01
735 121396.06
736 120894.91
737 121104.00
738 121132.85
739 120933.06
740 120944.98
741 121406.08
742 121068.00
743 121017.93
744 120909.93
745 121395.11
746 121057.99
747 120893.96
748 120822.91
749 121073.96
750 120802.88
751 120811.94
752 121098.04
753 120908.02
754 120922.09
755 120881.08
756 121062.99
757 120949.98
758 121168.85
759 121134.04
760 120990.04
761 121609.93
762 121133.09
763 120878.93
764 120769.98
765 120915.17
766 121261.84
767 120841.03
768 120799.06
769 121231.08
770 120839.12
771 120820.05
772 120986.94
773 120944.02
774 120870.11
775 120970.01
776 121370.08
777 121027.95
778 120850.09
779 120985.98
780 120973.83
781 120979.07
782 120682.00
783 121221.07
784 120853.90
785 121026.04
786 121160.98
787 120854.14
788 121015.07
789 120929.00
790 121340.99
791 121009.11
792 120997.91
793 120819.09
794 120795.01
795 120779.04
796 121509.08
797 121286.87
798 121153.12
799 120905.16
800 120869.87
801 121255.16
802 121139.05
803 121076.11
804 120954.04
805 120958.09
806 120825.05
807 121098.04
808 120992.90
809 121040.82
810 121005.06
811 120911.84
812 121127.13
813 121080.16
814 121312.86
815 121148.11
816 120868.92
817 120737.08
818 120994.09
819 120879.89
820 121059.89
821 121145.01
822 120985.98
823 120826.01
824 120862.01
825 121073.01
826 120738.03
827 121407.03
828 121335.03
829 120824.10
830 120755.20
831 120847.94
832 121088.98
833 120903.02
834 121068.95
835 120805.98
836 121078.97
837 121407.03
838 120805.03
839 121217.01
840 120781.90
841 121196.99
842 121002.91
843 120896.10
844 121125.94
845 120726.82
846 121288.06
847 121133.09
848 120823.86
849 120950.94
850 120975.02
851 121082.07
852 121768.95
853 120990.99
854 121624.95
855 121011.02
856 121476.89
857 120824.10
858 120824.81
859 121304.99
860 120921.13
861 120961.90
862 121291.16
863 121364.83
864 121090.17
865 121439.93
866 121027.95
867 121101.14
868 120986.94
869 121050.12
870 121331.93
871 121217.01
872 121653.08
873 120951.18
874 121577.98
875 121361.02
876 120994.09
877 120976.92
878 120940.92
879 121099.95
880 121242.05
881 121298.07
882 121149.06
883 120990.99
884 120790.00
885 120778.08
886 120836.02
887 120774.03
888 121020.08
889 120853.90
890 121217.97
891 121253.01
892 121049.88
893 120937.11
894 120775.22
895 120708.94
896 121114.97
897 120759.96
898 121333.84
899 120805.98
900 120841.03
901 121037.01
902 120900.87
903 121419.19
904 121407.99
905 121129.99
906 120934.96
907 121038.20
908 120988.13
909 120967.15
910 121107.82
911 121243.00
912 120944.02
913 121254.92
914 121280.19
915 121517.90
916 121125.94
917 121130.94
918 120970.96
919 121171.00
920 121060.85
921 121177.20
922 120935.92
923 120864.15
924 121210.81
925 120918.99
926 120828.87
927 120760.92
928 121050.12
929 121045.83
930 120836.97
931 120874.17
932 121055.84
933 121069.19
934 120882.03
935 121140.96
936 120821.00
937 121711.02
938 121372.94
939 121455.91
940 120950.94
941 121458.05
942 120945.22
943 120991.95
944 120802.88
945 120938.06
946 121064.90
947 121026.04
948 120816.95
949 121131.90
950 120860.10
951 121261.84
952 121016.98
953 121097.80
954 120858.91
955 121150.02
956 121407.03
957 120873.93
958 121121.17
959 120743.99
960 121043.92
961 121187.93
962 121165.99
963 121479.99
964 121016.98
965 121186.02
966 120956.90
967 121325.02
968 121140.00
969 121210.10
970 120965.96
971 121572.02
972 120849.13
973 120992.90
974 121400.12
975 121291.16
976 121208.91
977 120991.95
978 120859.15
979 121298.07
980 120949.98
981 120987.18
982 121557.00
983 121047.02
984 121157.17
985 121226.07
986 121073.96
987 121054.89
988 121165.04
989 120965.96
990 120744.94
991 121172.90
992 120989.08
993 120939.97
994 121040.11
995 120985.98
996 121212.96
997 120785.00
998 121002.91
999 121176.00
1000 121231.08
1001 120872.02
1002 121553.90
1003 120883.94
1004 121392.97
1005 120981.93
1006 121075.15
1007 121406.08
1008 121199.85
1009 121052.03
1010 120996.95
1011 121299.98
1012 120996.95
1013 120799.06
1014 121623.04
1015 120901.11
1016 120872.97
1017 121275.19
1018 120936.87
1019 120828.15
1020 121145.01
1021 120768.07
1022 121293.07
1023 120989.80
1024 120717.05
1025 120814.09
1026 120876.07
1027 121043.21
1028 121088.98
1029 120985.03
1030 120969.06
1031 121032.95
1032 121081.11
1033 121130.94
1034 121132.14
1035 121134.04
1036 121129.04
1037 121058.94
1038 121138.81
1039 121137.14
1040 121128.08
1041 121134.04
1042 121136.19
1043 121128.08
1044 121127.13
1045 121116.88
1046 121128.08
1047 121121.88
1048 121126.17
1049 121116.16
1050 121133.09
1051 121122.84
1052 121124.03
1053 121112.11
1054 121140.96
1055 121111.15
1056 121159.08
1057 121118.07
1058 121115.92
1059 121109.96
1060 121101.14
1061 121135.00
1062 121136.19
1063 121147.87
1064 121129.04
1065 121015.07
1066 121137.86
1067 121132.14
1068 121125.22
1069 121137.86
1070 121129.04
1071 121113.06
1072 121133.09
1073 121124.98
1074 121130.94
1075 121140.96
1076 121131.90
1077 121127.13
1078 121134.04
1079 121144.06
1080 121128.08
1081 121092.08
1082 121116.88
1083 121072.05
1084 121124.98
1085 121129.04
1086 121125.94
1087 121131.90
1088 121106.15
1089 121140.96
1090 121123.08
1091 121116.16
1092 121119.02
1093 121133.80
1094 121120.93
1095 121085.17
1096 121117.12
1097 121137.86
1098 121111.15
1099 121148.82
1100 121114.02
1101 121108.06
1102 121130.94
1103 121129.04
1104 121120.93
1105 121135.95
1106 121105.91
1107 121166.94
1108 121114.02
1109 121119.98
1110 121109.01
1111 121124.03
1112 121120.93
1113 121128.08
1114 121116.16
1115 121136.90
1116 121135.00
1117 121146.92
1118 121145.96
1119 121135.00
1120 121143.10
1121 121133.80
1122 121135.95
1123 121129.04
1124 121132.85
1125 121070.15
1126 121039.87
1127 121215.11
1128 121124.98
1129 121139.05
1130 121128.08
1131 121109.96
1132 121135.00
1133 121131.18
1134 121133.09
1135 121134.04
1136 121189.12
1137 121135.00
1138 121124.98
1139 121116.88
1140 120978.12
1141 121138.10
1142 121119.98
1143 121131.18
1144 121122.84
1145 121140.96
1146 121117.12
1147 121095.90
1148 121124.03
1149 121135.95
1150 121116.88
1151 121108.77
1152 121144.06
1153 121131.90
1154 121146.20
1155 121136.90
1156 121137.14
1157 121140.00
1158 121136.90
1159 121136.90
1160 121109.01
1161 121141.91
1162 121129.99
1163 121151.92
1164 121143.10
1165 121089.94
1166 121137.14
1167 121109.96
1168 121138.10
1169 121140.00
1170 121117.83
1171 121108.06
1172 121131.90
1173 121127.84
1174 121147.87
1175 121138.10
1176 121131.90
1177 121142.86
1178 121150.02
1179 121130.94
1180 121137.14
1181 121138.10
1182 121150.02
1183 121135.95
1184 121127.13
1185 121135.00
1186 121076.11
1187 121132.14
1188 121134.04
1189 121131.90
1190 121128.08
1191 121104.00
1192 121141.91
1193 121130.94
1194 121129.99
1195 121135.95
1196 121143.10
1197 121117.12
1198 121128.08
1199 121109.96
1200 121134.04
1201 121127.13
1202 121124.98
1203 121121.17
1204 121143.10
1205 121127.13
1206 121076.11
1207 121147.16
1208 121138.10
1209 121137.14
1210 121135.95
1211 121102.09
1212 121121.17
1213 121120.93
1214 121110.92
1215 121122.84
1216 121133.09
1217 121145.01
1218 121144.06
1219 121145.01
1220 121160.98
1221 121129.99
1222 121140.00
1223 121137.86
1224 121134.04
1225 121135.95
1226 121065.14
1227 121132.85
1228 121133.09
1229 121134.04
1230 121176.96
1231 121109.01
1232 121144.06
1233 121138.10
1234 121143.10
1235 121134.04
1236 121140.00
1237 121134.04
1238 121139.05
1239 121140.00
1240 121142.15
1241 121135.00
1242 121134.04
1243 121135.95
1244 121140.96
1245 121143.82
1246 121021.99
1247 121128.08
1248 121133.09
1249 121143.10
1250 121136.90
1251 121108.06
1252 121132.85
1253 121130.94
1254 121135.00
1255 121134.04
1256 121141.91
1257 121144.06
1258 121129.04
1259 121131.90
1260 121127.13
1261 121156.93
1262 121142.15
1263 121130.94
1264 121140.00
1265 121142.15
1266 120996.95
1267 121128.08
1268 121139.05
1269 121132.14
1270 121134.04
1271 121102.09
1272 121145.96
1273 121139.76
1274 121125.94
1275 121134.04
1276 121133.80
1277 121133.09
1278 121136.90
1279 121149.06
1280 121150.02
1281 121129.04
1282 121135.00
1283 121135.00
1284 121139.05
1285 121132.14
1286 121057.99
1287 121062.04
1288 121143.10
1289 121135.00
1290 121134.04
1291 121096.13
1292 121142.86
1293 121124.98
1294 121137.86
1295 121131.90
1296 121145.01
1297 121143.10
1298 121118.07
1299 121135.00
