1300
0 121233.94
1 120988.13
2 120940.92
3 120915.17
4 120952.13
5 120952.84
6 120946.88
7 120958.09
8 120950.94
9 120873.93
10 120943.07
11 120947.84
12 120880.13
13 120956.90
14 120967.15
15 120957.14
16 120961.90
17 120939.97
18 120953.08
19 120936.87
20 120954.04
21 120948.08
22 120956.18
23 120913.98
24 120965.00
25 120943.07
26 120887.04
27 120941.88
28 120958.09
29 120960.00
30 120961.90
31 120896.82
32 120970.96
33 120955.23
34 120908.98
35 120945.93
36 120964.05
37 120949.03
38 120967.15
39 120951.89
40 120968.10
41 120956.90
42 120905.16
43 120909.93
44 120930.19
45 120960.95
46 120944.98
47 120944.02
48 120939.97
49 120948.79
50 120937.11
51 120953.08
52 120877.98
53 120959.04
54 120960.95
55 120961.19
56 120960.00
57 120968.82
58 120958.09
59 120956.18
60 120943.07
61 120953.80
62 120922.80
63 120924.00
64 120940.92
65 120931.15
66 120945.93
67 120951.18
68 120949.98
69 120966.20
70 120953.08
71 120954.99
72 120851.99
73 120959.04
74 120964.05
75 120926.86
76 120964.05
77 120949.03
78 120969.06
79 120951.89
80 120963.10
81 120966.91
82 120881.80
83 120921.13
84 120951.18
85 120943.07
86 120986.94
87 120947.84
88 120957.14
89 120952.13
90 120859.15
91 120935.92
92 120877.98
93 120859.15
94 120898.01
95 120962.14
96 120859.86
97 120942.12
98 120974.06
99 120836.97
100 120954.04
101 120846.99
102 121247.05
103 120745.18
104 123801.95
105 121873.86
106 121972.80
107 121768.00
108 122833.97
109 122744.08
110 121829.99
111 123768.81
112 122416.02
113 124771.12
114 124240.88
115 122639.89
116 122509.96
117 123507.02
118 123388.05
119 123501.06
120 122697.83
121 123450.99
122 122683.05
123 122892.14
124 122591.97
125 124264.00
126 125340.94
127 122920.99
128 122794.15
129 123378.99
130 122715.00
131 123565.91
132 122653.01
133 123559.00
134 125173.09
135 122652.77
136 123407.13
137 122679.00
138 123558.04
139 124326.94
140 123642.21
141 122879.03
142 122705.94
143 122689.01
144 122818.95
145 124291.90
146 123622.18
147 122766.02
148 124336.00
149 123649.12
150 124425.89
151 124384.16
152 124401.09
153 122586.01
154 122671.84
155 123519.90
156 123714.21
157 124423.03
158 124434.95
159 125479.94
160 122770.07
161 123540.88
162 122726.92
163 123517.99
164 122882.13
165 125270.84
166 122087.96
167 122806.07
168 122910.02
169 123039.01
170 123172.04
171 123676.06
172 122992.04
173 123006.11
174 123765.95
175 122776.03
176 123729.94
177 123744.96
178 122812.99
179 123661.04
180 123836.99
181 123828.17
182 124684.10
183 124639.03
184 123612.17
185 122762.92
186 123727.80
187 121968.98
188 125126.12
189 122847.08
190 124408.96
191 124718.90
192 123746.87
193 124300.00
194 123462.20
195 123203.99
196 122969.87
197 124523.16
198 125253.20
199 124402.05
200 123567.10
201 122668.98
202 122675.90
203 122467.04
204 123353.96
205 123935.94
206 124634.03
207 123048.07
208 124875.07
209 122525.22
210 123307.94
211 123426.20
212 123482.94
213 122581.96
214 124178.89
215 124343.87
216 122639.18
217 122538.09
218 124470.00
219 124124.05
220 123177.05
221 124102.12
222 123383.05
223 123250.96
224 124175.79
225 122590.07
226 122553.83
227 125136.85
228 123447.18
229 123528.96
230 123571.87
231 123846.05
232 122813.94
233 123528.96
234 122848.99
235 122999.91
236 122742.18
237 122081.04
238 122880.94
239 123719.93
240 123043.06
241 123928.07
242 123656.03
243 124612.81
244 124479.06
245 123622.89
246 123724.94
247 123661.04
248 122911.93
249 124466.90
250 122435.09
251 124286.89
252 124402.05
253 124922.99
254 125248.91
255 122635.84
256 122629.88
257 122995.85
258 123534.92
259 122708.08
260 123642.92
261 124492.88
262 123643.88
263 123558.04
264 124562.98
265 122945.07
266 122928.14
267 122987.03
268 124439.95
269 122676.85
270 122962.00
271 124315.98
272 125401.02
273 122596.98
274 122741.94
275 123531.10
276 122670.17
277 124282.84
278 122658.01
279 123627.90
280 122745.04
281 124477.15
282 122656.82
283 122352.84
284 123250.01
285 122247.22
286 124036.07
287 123223.07
288 123699.90
289 123669.86
290 124676.94
291 124928.00
292 123590.95
293 124799.01
294 123004.20
295 122710.94
296 123091.94
297 124657.87
298 123936.89
299 122885.94
300 122797.01
301 124075.17
302 122386.93
303 123959.06
304 123225.93
305 123147.96
306 124011.99
307 123965.02
308 122458.93
309 123222.11
310 124639.03
311 122301.10
312 123189.93
313 124218.94
314 123137.95
315 122285.13
316 123235.94
317 123025.89
318 124151.95
319 123207.81
320 125100.14
321 124209.17
322 122691.15
323 122314.93
324 123791.93
325 122904.06
326 124548.91
327 123522.04
328 122799.87
329 124288.08
330 124602.08
331 123069.05
332 122917.18
333 122703.08
334 123540.88
335 123698.95
336 123726.84
337 122162.10
338 122936.01
339 124579.91
340 123759.98
341 122870.21
342 122262.00
343 122926.00
344 123773.81
345 124696.97
346 125531.91
347 126358.99
348 123868.94
349 123101.95
350 122492.07
351 123273.13
352 125525.00
353 123205.90
354 124758.96
355 123208.05
356 123310.80
357 124789.95
358 122624.16
359 122320.18
360 122190.00
361 122874.98
362 122743.84
363 122630.12
364 122524.98
365 122439.15
366 122877.12
367 122872.83
368 122687.10
369 122590.07
370 123196.84
371 122965.81
372 122114.90
373 123034.95
374 122220.99
375 123102.90
376 123063.09
377 122840.88
378 122703.08
379 123146.77
380 122479.92
381 122205.97
382 122519.97
383 122756.00
384 122725.96
385 122648.00
386 122452.97
387 123351.81
388 122092.01
389 122510.91
390 122744.80
391 122779.13
392 122843.03
393 122303.01
394 122631.07
395 122534.99
396 123071.91
397 122185.95
398 122862.10
399 122305.87
400 121983.05
401 123140.10
402 122724.06
403 123347.04
404 122192.86
405 122713.09
406 122420.79
407 122431.04
408 122848.99
409 122509.00
410 122632.98
411 122998.00
412 122259.14
413 122603.18
414 122734.07
415 122831.11
416 122524.02
417 122827.05
418 122287.99
419 123435.02
420 122540.00
421 122536.90
422 122559.07
423 122576.00
424 122323.04
425 122836.83
426 122493.98
427 123211.86
428 122607.95
429 122504.00
430 122395.99
431 123661.99
432 122666.84
433 122229.10
434 122802.02
435 122317.08
436 122500.90
437 123287.92
438 122878.07
439 123084.07
440 122386.93
441 123587.85
442 122529.98
443 123013.02
444 122382.16
445 122446.06
446 123358.01
447 122049.09
448 122572.90
449 122720.96
450 122384.07
451 122313.02
452 121930.12
453 122692.11
454 122339.96
455 122524.98
456 122512.10
457 122329.00
458 122394.80
459 123146.06
460 122951.98
461 123723.03
462 123283.15
463 123135.09
464 123047.83
465 122492.07
466 123363.97
467 122416.02
468 122891.90
469 123423.10
470 122550.01
471 122893.10
472 123044.01
473 122643.95
474 122343.06
475 122572.90
476 122441.05
477 123020.17
478 122834.92
479 122421.98
480 123373.03
481 122526.17
482 122653.96
483 122250.08
484 122814.18
485 122760.06
486 122586.01
487 122616.05
488 121922.02
489 122970.82
490 122149.23
491 122652.05
492 122172.83
493 123025.18
494 122224.09
495 122498.04
496 122231.01
497 122627.97
498 122288.94
499 122604.13
500 122196.91
501 122822.05
502 122634.89
503 123418.09
504 122823.95
505 122240.07
506 122336.86
507 123569.01
508 122275.11
509 123449.80
510 123203.99
511 122952.94
512 122962.00
513 122976.06
514 122619.87
515 122268.92
516 122522.12
517 122296.09
518 122746.23
519 122364.04
520 122787.95
521 123041.15
522 122562.17
523 122837.07
524 123478.89
525 123060.94
526 123006.11
527 123079.06
528 122363.81
529 122797.97
530 122936.96
531 122420.07
532 122842.07
533 123068.09
534 122357.85
535 122540.00
536 122504.00
537 122612.95
538 122480.15
539 123414.99
540 122709.99
541 122990.13
542 122288.23
543 122784.85
544 122287.99
545 122438.91
546 122748.14
547 122688.06
548 122709.99
549 122520.92
550 123437.17
551 122326.85
552 123467.92
553 122515.92
554 122486.11
555 122606.99
556 122413.87
557 122321.13
558 121058.94
559 120975.02
560 120871.07
561 120957.14
562 121178.15
563 120880.13
564 121068.95
565 121294.02
566 120779.99
567 121217.97
568 120887.99
569 120947.12
570 121191.02
571 120787.86
572 121047.02
573 121366.98
574 121049.17
575 120972.87
576 121330.02
577 121157.88
578 120742.08
579 121319.06
580 120947.12
581 120986.94
582 120924.00
583 120939.97
584 121189.12
585 121189.12
586 120858.91
587 121021.99
588 121222.02
589 121621.13
590 121024.13
591 120751.86
592 120728.97
593 121066.09
594 121256.11
595 121339.08
596 121120.93
597 121048.93
598 121092.08
599 121253.97
600 120851.04
601 120976.92
602 120959.04
603 120841.03
604 120738.03
605 120841.98
606 121145.01
607 120953.08
608 121050.12
609 120987.18
610 121005.06
611 120991.95
612 120858.19
613 121068.95
614 120785.95
615 121100.90
616 121063.95
617 121268.03
618 121171.00
619 120755.91
620 121297.12
621 121420.86
622 121029.85
623 121103.05
624 120718.00
625 121223.93
626 120711.80
627 120792.87
628 120871.07
629 121096.13
630 121110.92
631 120918.04
632 121337.18
633 121030.81
634 120733.02
635 121295.93
636 121046.07
637 120929.96
638 120818.85
639 121320.96
640 121354.82
641 120764.02
642 121074.91
643 120768.79
644 121236.09
645 120913.98
646 120914.94
647 121387.96
648 121179.10
649 121029.14
650 121762.99
651 121629.00
652 121085.17
653 120951.89
654 121205.09
655 121632.10
656 120866.06
657 121190.07
658 121213.91
659 121033.91
660 121271.85
661 121014.83
662 121319.06
663 120939.97
664 121224.88
665 120939.02
666 120894.91
667 121484.04
668 121405.12
669 120857.00
670 120823.14
671 121104.00
672 121234.18
673 120732.07
674 121671.92
675 121076.11
676 121335.03
677 121237.99
678 120793.10
679 120758.06
680 121036.05
681 121237.99
682 120816.95
683 121114.02
684 121114.97
685 120829.11
686 121248.96
687 120946.88
688 121691.94
689 121397.97
690 121325.02
691 121129.04
692 121053.93
693 121145.01
694 121013.88
695 121002.91
696 121045.11
697 120991.95
698 121497.15
699 121320.01
700 121331.93
701 121067.05
702 121279.00
703 120917.08
704 121670.96
705 120899.92
706 120911.84
707 120811.94
708 121029.14
709 120682.00
710 121020.08
711 120781.18
712 120825.05
713 120713.95
714 120691.06
715 120868.92
716 121268.99
717 121181.01
718 120857.95
719 120740.89
720 121601.10
721 121055.84
722 120958.81
723 121339.08
724 120963.81
725 121116.88
726 121155.02
727 120670.08
728 120818.85
729 121273.99
730 120771.88
731 121007.92
732 121443.99
733 121027.95
734 120897.05
735 121001.96
736 121505.98
737 120934.96
738 121570.83
739 121467.83
740 121249.91
741 121135.00
742 121300.94
743 120884.90
744 121162.18
745 121570.11
746 121443.99
747 121069.91
748 120804.07
749 120805.03
750 120908.02
751 120911.84
752 121033.91
753 120918.04
754 120635.99
755 121105.91
756 120930.19
757 121289.01
758 121050.12
759 121464.01
760 120862.01
761 121635.91
762 120871.07
763 121296.88
764 121236.80
765 121173.14
766 121040.11
767 121127.84
768 121027.95
769 121381.04
770 120966.20
771 121446.13
772 120805.98
773 120980.98
774 120773.08
775 121387.96
776 121129.04
777 121287.11
778 121095.90
779 121527.91
780 121192.93
781 121182.92
782 120820.05
783 121429.92
784 121150.02
785 121287.82
786 121409.89
787 121509.08
788 121004.10
789 120965.96
790 120781.90
791 120931.15
792 120928.05
793 120996.00
794 120785.00
795 120941.88
796 121053.93
797 121360.06
798 121255.16
799 121021.03
800 120927.10
801 120728.02
802 120866.06
803 121033.91
804 120675.09
805 121106.86
806 121381.04
807 120997.91
808 120880.13
809 121080.88
810 121011.97
811 121195.08
812 121258.02
813 121447.09
814 120937.11
815 120828.15
816 121052.03
817 121522.19
818 120986.94
819 120903.97
820 120996.00
821 121347.90
822 120854.14
823 120889.90
824 121103.05
825 121286.15
826 121201.04
827 121101.86
828 121062.04
829 121038.91
830 120960.95
831 120894.91
832 120796.92
833 120859.15
834 120950.94
835 120995.04
836 120822.91
837 121326.21
838 121316.91
839 120862.01
840 121321.92
841 121311.90
842 121118.07
843 121298.07
844 121291.88
845 121019.12
846 121032.95
847 120924.00
848 121141.20
849 121589.90
850 121247.05
851 121284.01
852 121315.96
853 121215.11
854 121188.88
855 121190.07
856 121318.82
857 121088.03
858 121017.93
859 120828.15
860 120855.81
861 120704.89
862 121021.99
863 121279.95
864 121073.01
865 121352.91
866 120708.94
867 121086.12
868 120828.87
869 121441.13
870 120922.80
871 120826.01
872 120953.08
873 121274.95
874 120705.13
875 120744.94
876 121096.85
877 121184.11
878 121074.91
879 121121.88
880 120874.17
881 121206.05
882 121107.10
883 120936.87
884 121288.06
885 121180.06
886 121044.87
887 121226.07
888 121054.89
889 121422.05
890 120880.13
891 120822.19
892 121275.90
893 120903.97
894 120967.86
895 120975.97
896 120857.00
897 120913.98
898 121077.06
899 121716.98
900 121686.94
901 120728.97
902 120763.06
903 120882.03
904 120975.02
905 120886.09
906 121158.84
907 121032.95
908 121111.87
909 121104.00
910 121200.80
911 121046.07
912 120704.89
913 120996.00
914 120882.03
915 120929.96
916 121351.00
917 120718.00
918 120844.13
919 120966.91
920 121004.10
921 120785.95
922 120958.09
923 121140.96
924 120948.79
925 120975.97
926 121071.10
927 121310.00
928 120923.04
929 121001.96
930 121073.96
931 120981.22
932 121042.01
933 121105.91
934 121057.99
935 121127.13
936 121026.99
937 121141.91
938 121248.96
939 121162.89
940 120773.08
941 120821.00
942 121159.08
943 120929.96
944 121129.99
945 120928.05
946 120973.11
947 120723.96
948 121510.03
949 121075.15
950 120935.92
951 120904.92
952 120941.16
953 120982.89
954 121562.96
955 120783.09
956 121093.03
957 121186.02
958 120764.97
959 120707.99
960 120929.96
961 120778.08
962 121492.86
963 121227.98
964 121053.93
965 120925.90
966 120860.82
967 121025.09
968 120778.08
969 121004.10
970 121126.89
971 121186.02
972 120957.14
973 120877.98
974 120825.05
975 120891.09
976 121242.05
977 121515.04
978 121266.13
979 120826.01
980 121048.93
981 120781.90
982 121036.05
983 121593.95
984 120781.90
985 120765.21
986 120939.02
987 121484.04
988 121275.19
989 120947.84
990 120980.98
991 120840.07
992 120882.99
993 120985.03
994 121253.97
995 121224.16
996 120788.10
997 121017.93
998 120660.07
999 121109.01
1000 121105.91
1001 120892.05
1002 120901.11
1003 120956.90
1004 121353.15
1005 121080.16
1006 120915.89
1007 121264.22
1008 121110.92
1009 120723.96
1010 120742.80
1011 121042.97
1012 120945.93
1013 120978.12
1014 121029.14
1015 121258.02
1016 121297.12
1017 121017.93
1018 121504.07
1019 120995.04
1020 120956.90
1021 121093.99
1022 121052.98
1023 121014.12
1024 121220.83
1025 121366.02
1026 120811.94
1027 121026.04
1028 121428.97
1029 120929.96
1030 121119.98
1031 120871.07
1032 121243.95
1033 120990.99
1034 121011.97
1035 121003.15
1036 121023.18
1037 120990.04
1038 121016.98
1039 120995.04
1040 121029.14
1041 121004.82
1042 121012.93
1043 121000.05
1044 121019.12
1045 120929.00
1046 121009.83
1047 120990.04
1048 121008.87
1049 121004.10
1050 120999.10
1051 121012.21
1052 121006.01
1053 121009.11
1054 121011.97
1055 121006.97
1056 120973.11
1057 121019.84
1058 121004.10
1059 121014.12
1060 120967.86
1061 121015.07
1062 121022.94
1063 121017.22
1064 121003.87
1065 120937.11
1066 121026.04
1067 121017.93
1068 121000.05
1069 121011.97
1070 121021.99
1071 121014.12
1072 120993.14
1073 121005.06
1074 121067.05
1075 121009.83
1076 120958.09
1077 121014.12
1078 121009.11
1079 121017.93
1080 121009.11
1081 121001.96
1082 121026.99
1083 121004.10
1084 121006.01
1085 120941.88
1086 121009.11
1087 121014.12
1088 121011.97
1089 121006.97
1090 121017.93
1091 121004.82
1092 121001.01
1093 120972.16
1094 120960.95
1095 120992.90
1096 120962.86
1097 120993.14
1098 120991.95
1099 121000.05
1100 120985.98
1101 120990.04
1102 121008.87
1103 121002.91
1104 121006.01
1105 120957.14
1106 121016.03
1107 120989.08
1108 120993.85
1109 120983.84
1110 121016.98
1111 121004.10
1112 120991.95
1113 120985.98
1114 121006.97
1115 121016.98
1116 120986.94
1117 121014.12
1118 121007.92
1119 121025.09
1120 121021.99
1121 121006.97
1122 121016.03
1123 121036.05
1124 121009.11
1125 120946.88
1126 121010.07
1127 121037.96
1128 121011.02
1129 121021.03
1130 121020.08
1131 121028.18
1132 121019.12
1133 121007.92
1134 120965.00
1135 121013.88
1136 121042.97
1137 121012.93
1138 121004.10
1139 121034.86
1140 120929.00
1141 121006.01
1142 120999.10
1143 121040.11
1144 121005.06
1145 120912.08
1146 121017.93
1147 121035.10
1148 121017.93
1149 121011.02
1150 121011.02
1151 121034.15
1152 120941.88
1153 121015.07
1154 121015.07
1155 121038.91
1156 120974.78
1157 121010.07
1158 121011.97
1159 121030.09
1160 120999.81
1161 121006.97
1162 121006.97
1163 121005.06
1164 120986.94
1165 120938.06
1166 121004.10
1167 121005.06
1168 121007.92
1169 121012.93
1170 120998.14
1171 121002.20
1172 120987.89
1173 121011.97
1174 120917.08
1175 121001.01
1176 121011.97
1177 121021.99
1178 121002.91
1179 121001.01
1180 120990.99
1181 121009.83
1182 121025.09
1183 120991.95
1184 120932.10
1185 120930.91
1186 120990.99
1187 121016.03
1188 121019.12
1189 121012.93
1190 121016.03
1191 120979.07
1192 121018.89
1193 121011.97
1194 121005.06
1195 121028.18
1196 120976.92
1197 121008.87
1198 121017.93
1199 121021.03
1200 121015.07
1201 121008.87
1202 121016.98
1203 120996.00
1204 120961.90
1205 120949.98
1206 121009.11
1207 121011.02
1208 121024.13
1209 121011.02
1210 120989.08
1211 120987.89
1212 121019.12
1213 121011.02
1214 120904.92
1215 121006.97
1216 120980.02
1217 121019.84
1218 121016.98
1219 121013.88
1220 121016.98
1221 121023.18
1222 121012.93
1223 120969.06
1224 121016.98
1225 120939.02
1226 121017.93
1227 121006.97
1228 121011.97
1229 121007.92
1230 121015.07
1231 121011.02
1232 121017.93
1233 121026.99
1234 121021.99
1235 121010.07
1236 120985.98
1237 121009.83
1238 121017.93
1239 121017.93
1240 121016.03
1241 121007.92
1242 121011.02
1243 121005.06
1244 121001.96
1245 120924.95
1246 121026.99
1247 120992.90
1248 120994.09
1249 121012.93
1250 120982.17
1251 120990.04
1252 121019.84
1253 121020.08
1254 120992.18
1255 120993.85
1256 120985.98
1257 121014.83
1258 121019.84
1259 121021.99
1260 121018.89
1261 120996.95
1262 120995.04
1263 121045.11
1264 121078.01
1265 120944.02
1266 121009.11
1267 120988.13
1268 121001.01
1269 121017.93
1270 121024.85
1271 121026.99
1272 121026.99
1273 121017.93
1274 121016.03
1275 121021.99
1276 120994.09
1277 121026.04
1278 121020.08
1279 121029.14
1280 121021.99
1281 121029.14
1282 120958.09
1283 121025.09
1284 121018.89
1285 120955.94
1286 121020.08
1287 121020.08
1288 121020.08
1289 120996.00
1290 121011.97
1291 121026.99
1292 121006.97
1293 121013.16
1294 120949.03
1295 120963.10
1296 120996.95
1297 121029.14
1298 121026.99
1299 121014.12
