1300
0 121175.05
1 121061.09
2 121038.91
3 121032.95
4 121050.12
5 121054.17
6 121044.87
7 121062.04
8 120975.02
9 121081.11
10 120966.91
11 121067.05
12 121004.82
13 121068.95
14 121062.99
15 121062.99
16 121061.09
17 121076.11
18 121083.97
19 121051.07
20 121040.82
21 121062.04
22 121068.00
23 121044.16
24 121048.93
25 121052.98
26 121061.09
27 121042.01
28 121042.01
29 121057.03
30 121071.10
31 120998.14
32 121009.11
33 121057.99
34 121061.09
35 121058.94
36 121057.99
37 121058.94
38 121061.09
39 121054.17
40 121055.84
41 121067.05
42 121052.03
43 121059.89
44 121057.99
45 121072.05
46 121053.93
47 121057.03
48 121052.03
49 121069.91
50 121073.96
51 121035.10
52 121009.11
53 121074.91
54 121057.03
55 121032.95
56 121046.07
57 121054.89
58 121067.05
59 121058.94
60 121054.89
61 121062.99
62 121061.09
63 121057.99
64 121061.09
65 121060.13
66 121057.99
67 121058.94
68 121055.13
69 121067.05
70 121052.03
71 121055.13
72 121048.93
73 121060.13
74 121063.95
75 121057.99
76 121054.17
77 121059.89
78 121068.95
79 121073.01
80 121057.03
81 121053.93
82 121069.91
83 121062.04
84 121070.86
85 121057.03
86 121061.80
87 121067.05
88 121063.95
89 121052.98
90 121067.05
91 121016.03
92 121060.85
93 121030.09
94 121048.93
95 120998.86
96 120926.14
97 120990.99
98 121038.91
99 121027.95
100 120881.08
101 121135.00
102 121174.10
103 121461.87
104 121038.91
105 120809.08
106 121101.14
107 121454.00
108 121037.01
109 121003.87
110 120733.98
111 121210.10
112 121353.86
113 121654.99
114 121901.04
115 120979.79
116 121464.01
117 121023.18
118 121517.90
119 121222.97
120 120974.06
121 121053.93
122 121420.15
123 121016.03
124 121110.20
125 121143.10
126 122008.09
127 121115.92
128 121227.98
129 120829.11
130 121346.00
131 120973.11
132 120970.96
133 121455.19
134 120913.03
135 121065.86
136 121107.82
137 121302.13
138 121071.10
139 121958.02
140 121258.02
141 121110.92
142 121007.92
143 120877.98
144 120844.13
145 121602.06
146 120827.91
147 121067.05
148 120949.98
149 121907.95
150 121840.95
151 121228.93
152 121669.05
153 120996.95
154 121024.85
155 120914.94
156 120967.15
157 121419.91
158 121690.03
159 121383.91
160 121419.91
161 121331.93
162 120940.92
163 120967.15
164 121768.95
165 121011.02
166 121582.03
167 120935.92
168 120963.10
169 123031.14
170 120921.85
171 121567.96
172 121337.89
173 120741.13
174 121579.17
175 121490.00
176 121557.00
177 120898.01
178 121788.02
179 120842.93
180 121046.07
181 121684.79
182 121901.04
183 121679.07
184 120829.82
185 121395.11
186 121489.05
187 122252.94
188 121181.96
189 120944.98
190 121551.04
191 121731.04
192 121434.93
193 121484.04
194 121505.98
195 121313.81
196 121258.02
197 122162.10
198 121108.06
199 121841.91
200 121278.05
201 120903.97
202 121083.02
203 120964.05
204 122248.89
205 121770.86
206 121398.93
207 121186.02
208 121433.97
209 121139.05
210 121096.13
211 121667.15
212 121019.12
213 120856.05
214 121653.80
215 121708.15
216 120943.07
217 121372.94
218 121464.97
219 121447.09
220 121022.94
221 120926.86
222 121750.83
223 120893.96
224 121613.98
225 121832.85
226 122074.13
227 122071.98
228 120857.95
229 121822.12
230 121842.86
231 121683.12
232 121644.02
233 121444.94
234 120896.82
235 121595.14
236 121477.13
237 121459.96
238 120804.79
239 121176.96
240 121328.83
241 121842.86
242 121144.06
243 120961.90
244 120816.95
245 121530.06
246 121135.00
247 121242.05
248 120975.97
249 120996.00
250 120965.96
251 121037.96
252 120971.20
253 121104.96
254 121416.09
255 121076.11
256 121587.04
257 120869.16
258 121265.17
259 120887.04
260 121287.11
261 121114.02
262 122031.93
263 121602.06
264 121563.91
265 121407.99
266 121469.97
267 121187.21
268 121412.99
269 121793.99
270 121078.97
271 122588.87
272 121544.12
273 121037.01
274 121146.20
275 121300.94
276 120966.91
277 121183.87
278 120922.09
279 121219.87
280 121046.78
281 121405.12
282 121539.83
283 121131.90
284 121116.16
285 121325.02
286 121550.08
287 121031.05
288 121964.93
289 121900.08
290 121688.13
291 121310.95
292 121526.96
293 121461.15
294 121683.84
295 120962.14
296 121343.14
297 121255.16
298 121313.10
299 121119.98
300 121234.18
301 121437.07
302 121487.14
303 121291.16
304 120833.16
305 121001.01
306 121134.04
307 121019.12
308 121946.10
309 120965.00
310 121498.11
311 121371.98
312 121291.88
313 121006.01
314 121160.98
315 121681.93
316 121364.83
317 121025.09
318 121340.99
319 120882.99
320 122008.80
321 122528.08
322 121572.02
323 121703.15
324 121894.12
325 120862.01
326 122139.93
327 121255.87
328 121024.85
329 122009.99
330 121254.92
331 121632.10
332 121891.02
333 122550.01
334 121397.97
335 121669.05
336 121172.90
337 121979.95
338 120919.94
339 121781.83
340 120840.07
341 120926.86
342 121693.85
343 120923.04
344 121336.94
345 120990.99
346 121887.92
347 121243.00
348 121940.14
349 121443.99
350 121399.88
351 120862.01
352 121238.95
353 121507.88
354 120851.04
355 121110.92
356 121129.04
357 121187.93
358 121656.18
359 120864.15
360 120867.97
361 120976.21
362 120831.01
363 121255.87
364 120827.91
365 120954.99
366 121112.82
367 120981.93
368 120985.98
369 120908.02
370 120898.96
371 121459.01
372 121061.09
373 120872.97
374 120915.89
375 120741.13
376 120949.98
377 120854.14
378 121125.94
379 121111.15
380 121195.08
381 121431.11
382 120934.01
383 121045.11
384 120884.90
385 120893.00
386 121194.12
387 120800.97
388 120987.89
389 120872.97
390 120718.00
391 120851.04
392 121208.91
393 121133.09
394 121100.90
395 120869.16
396 120951.89
397 120829.11
398 120759.01
399 120919.94
400 121003.15
401 120857.95
402 120960.00
403 120840.07
404 121258.97
405 120882.99
406 121252.06
407 120929.00
408 120954.99
409 121135.95
410 120810.03
411 120880.84
412 121082.07
413 121163.13
414 120979.07
415 120919.94
416 120942.12
417 121207.00
418 121162.89
419 120885.13
420 120939.02
421 120965.96
422 121224.88
423 120937.11
424 121279.00
425 121022.94
426 121068.00
427 121257.07
428 120825.77
429 121162.89
430 120800.97
431 120913.98
432 121139.05
433 121026.99
434 120862.01
435 120874.88
436 120899.20
437 120990.99
438 120972.87
439 120819.09
440 120841.03
441 121050.12
442 121348.14
443 120832.92
444 121411.09
445 120925.90
446 121201.99
447 120877.98
448 120915.89
449 120998.14
450 120947.12
451 120716.09
452 120948.08
453 121298.07
454 121244.19
455 121453.05
456 121358.87
457 121772.05
458 121171.00
459 121318.10
460 120819.09
461 120966.20
462 121329.78
463 121196.99
464 121190.07
465 120996.00
466 121048.93
467 121192.93
468 121135.00
469 120965.96
470 121350.05
471 121161.94
472 121101.86
473 120980.02
474 120875.12
475 121081.11
476 121119.02
477 120924.00
478 120830.06
479 120635.99
480 121350.05
481 121024.13
482 121225.12
483 121213.91
484 121217.01
485 121459.96
486 121624.95
487 121480.94
488 121461.87
489 120793.10
490 121145.01
491 121246.81
492 121444.94
493 120969.06
494 121345.04
495 120678.90
496 121222.97
497 121467.83
498 121102.09
499 121454.00
500 120872.97
501 121520.04
502 121369.12
503 121870.99
504 121234.89
505 121660.95
506 120877.98
507 120902.06
508 120956.90
509 121498.82
510 120979.07
511 121563.91
512 121481.90
513 121275.90
514 121161.94
515 121216.77
516 121256.11
517 121325.02
518 121205.09
519 121304.04
520 121180.06
521 121133.09
522 121461.87
523 121038.20
524 121290.92
525 121034.86
526 121284.01
527 121071.82
528 121386.05
529 121196.03
530 120793.10
531 120647.91
532 121879.10
533 121222.97
534 121280.91
535 121037.01
536 121848.11
537 121207.00
538 121522.90
539 121315.00
540 121037.96
541 121164.08
542 121266.84
543 121052.03
544 121310.95
545 121293.07
546 121104.00
547 121016.98
548 121047.02
549 121050.12
550 121474.03
551 120704.89
552 120715.86
553 121273.99
554 121117.83
555 121531.01
556 121631.15
557 121239.90
558 121086.84
559 121411.80
560 121216.06
561 121200.08
562 121119.98
563 121052.03
564 120985.98
565 121356.01
566 120799.06
567 121248.96
568 121602.06
569 121047.97
570 120872.97
571 121644.02
572 121018.89
573 121591.09
574 121201.99
575 121210.81
576 121171.00
577 121224.88
578 121531.01
579 120847.94
580 120913.03
581 121423.96
582 121371.03
583 121440.17
584 121500.02
585 120969.06
586 120972.87
587 121181.96
588 121034.15
589 121536.97
590 120672.94
591 121172.90
592 121062.04
593 120958.09
594 121181.96
595 121361.97
596 121186.97
597 121195.08
598 120718.96
599 120917.08
600 120987.89
601 121137.14
602 121304.99
603 121155.98
604 121077.06
605 121274.95
606 120924.00
607 121346.00
608 121711.02
609 121182.92
610 121219.87
611 121454.00
612 121675.01
613 121118.07
614 120933.06
615 121027.95
616 121362.92
617 121248.96
618 120985.03
619 121201.99
620 121129.99
621 121340.04
622 120885.85
623 121695.04
624 120771.88
625 121629.00
626 121274.95
627 121503.83
628 121165.99
629 120960.24
630 121154.07
631 121534.11
632 120891.81
633 120867.01
634 121299.03
635 121114.97
636 121219.87
637 121155.98
638 121083.02
639 121778.01
640 121346.00
641 120958.09
642 121160.98
643 120929.00
644 120905.16
645 121200.08
646 121046.07
647 120757.10
648 121252.06
649 121023.18
650 120987.89
651 121244.91
652 121200.08
653 121239.90
654 121214.15
655 120667.93
656 121565.10
657 121083.97
658 120672.94
659 120930.91
660 121527.91
661 121530.06
662 121289.01
663 121367.93
664 121235.85
665 121168.14
666 121004.82
667 121091.84
668 120684.15
669 120821.95
670 120831.01
671 121207.00
672 121032.95
673 121253.01
674 121384.86
675 121680.02
676 121504.07
677 120904.92
678 121526.00
679 121350.05
680 121060.13
681 121957.06
682 121092.08
683 121559.86
684 121366.02
685 121594.91
686 121284.96
687 121258.97
688 120833.87
689 121096.85
690 120862.01
691 121195.08
692 121659.04
693 121268.03
694 121549.84
695 121107.10
696 121299.98
697 121316.91
698 121415.14
699 121010.07
700 121277.09
701 120908.02
702 121253.97
703 121330.02
704 121052.98
705 121630.19
706 121320.96
707 120857.00
708 121209.86
709 120974.06
710 121435.88
711 121378.90
712 121728.90
713 121480.94
714 121305.94
715 121424.91
716 120925.90
717 120923.04
718 121498.82
719 120895.86
720 121011.02
721 121047.97
722 121146.92
723 121102.09
724 121354.10
725 121527.91
726 120999.10
727 120972.87
728 121224.88
729 121172.19
730 121951.82
731 120957.14
732 121012.21
733 121078.01
734 121433.02
735 121321.92
736 121099.95
737 121336.94
738 121189.83
739 121428.97
740 121382.95
741 120816.95
742 120816.95
743 121124.03
744 121177.91
745 121309.04
746 121043.92
747 120867.01
748 120849.85
749 120983.84
750 121443.03
751 121237.99
752 121587.99
753 121495.96
754 120775.94
755 120888.95
756 121367.93
757 121548.18
758 120749.95
759 121274.95
760 121500.97
761 121631.15
762 121052.98
763 121327.16
764 121437.07
765 121253.97
766 121432.07
767 121410.13
768 121376.04
769 120798.11
770 121278.05
771 120805.98
772 121237.99
773 120980.98
774 120759.01
775 121435.17
776 121093.03
777 121135.00
778 121284.01
779 121081.11
780 121273.04
781 121097.09
782 121567.96
783 120880.13
784 121544.12
785 121633.05
786 121434.93
787 121741.06
788 121107.10
789 121922.97
790 121479.03
791 121127.84
792 121466.16
793 121062.99
794 120855.09
795 121100.90
796 121232.99
797 121305.94
798 120651.96
799 121202.95
800 121001.01
801 121069.19
802 121435.17
803 120965.96
804 120851.99
805 120975.02
806 121512.89
807 121062.99
808 121153.12
809 121093.99
810 121310.95
811 121485.95
812 121041.06
813 121622.09
814 120845.79
815 121861.93
816 121771.10
817 120694.88
818 121561.05
819 121227.03
820 121239.19
821 120981.22
822 121272.09
823 120934.01
824 121038.91
825 121435.88
826 121025.09
827 120787.86
828 121192.93
829 121338.84
830 121016.03
831 121081.11
832 121275.90
833 121433.02
834 121564.15
835 121392.97
836 121331.93
837 120949.03
838 121203.90
839 121259.93
840 120896.10
841 121066.09
842 121528.86
843 121117.12
844 120847.94
845 120939.97
846 121533.87
847 121510.98
848 121053.93
849 121222.97
850 121253.01
851 121292.83
852 121629.00
853 121054.17
854 121374.13
855 121112.82
856 121396.78
857 121105.91
858 121350.05
859 121562.00
860 121035.10
861 120841.98
862 121050.12
863 121034.86
864 121334.08
865 121570.11
866 120983.12
867 120872.02
868 121953.01
869 120983.12
870 120646.00
871 121243.00
872 121151.92
873 120860.10
874 120919.94
875 121455.91
876 121344.09
877 121492.15
878 121323.11
879 121394.16
880 121380.09
881 120993.14
882 121333.12
883 121117.12
884 121145.96
885 121431.83
886 121320.01
887 121263.03
888 121530.06
889 121015.79
890 121561.05
891 120903.97
892 121214.87
893 121407.99
894 121182.20
895 121372.94
896 120977.88
897 121393.92
898 121226.07
899 121325.02
900 121128.08
901 121160.98
902 121533.87
903 120785.00
904 122380.97
905 121218.92
906 121212.01
907 121408.94
908 121135.95
909 121131.90
910 120914.94
911 121178.87
912 121313.10
913 121220.11
914 120841.03
915 120765.92
916 121128.08
917 121172.19
918 121378.18
919 121399.88
920 121407.99
921 121039.87
922 121043.21
923 121179.10
924 121354.10
925 121617.08
926 121309.04
927 120993.85
928 121340.99
929 120785.95
930 121141.91
931 121066.81
932 120763.06
933 121467.11
934 120989.80
935 120738.98
936 121035.81
937 121309.04
938 121154.79
939 121367.93
940 121183.87
941 121523.86
942 121486.90
943 121136.90
944 121241.09
945 121097.80
946 121697.19
947 121024.13
948 121507.88
949 121600.15
950 121130.94
951 121458.05
952 120975.97
953 121814.97
954 121721.03
955 121302.84
956 122025.01
957 121061.80
958 120976.92
959 121002.91
960 121387.00
961 121292.11
962 121050.83
963 121147.16
964 121404.89
965 121232.03
966 121081.83
967 120999.10
968 121090.89
969 121399.16
970 121088.03
971 120790.00
972 121208.19
973 121031.05
974 121186.97
975 121023.89
976 121320.96
977 121352.91
978 121357.92
979 121368.17
980 121325.97
981 120787.86
982 121329.07
983 121662.86
984 121114.97
985 121442.08
986 121164.08
987 121089.94
988 121312.86
989 121230.84
990 120947.12
991 121242.05
992 121140.00
993 121371.98
994 121340.04
995 121194.84
996 121674.06
997 121340.99
998 121041.06
999 121577.98
1000 121228.93
1001 121198.18
1002 121823.79
1003 120887.99
1004 121178.87
1005 120794.06
1006 120869.16
1007 121095.90
1008 121001.01
1009 120782.14
1010 120843.89
1011 121228.93
1012 120744.94
1013 121243.00
1014 121329.07
1015 121202.95
1016 120759.01
1017 122062.92
1018 121030.09
1019 121256.11
1020 121441.13
1021 121427.06
1022 121104.00
1023 121396.06
1024 121212.01
1025 121459.96
1026 120892.05
1027 121495.96
1028 120847.94
1029 121093.99
1030 121601.10
1031 120879.89
1032 121167.18
1033 121160.98
1034 120973.11
1035 121517.18
1036 121265.89
1037 121361.97
1038 121397.02
1039 121794.94
1040 121603.97
1041 121293.07
1042 121217.01
1043 121572.97
1044 121004.10
1045 121020.08
1046 121330.02
1047 121468.07
1048 121222.02
1049 120954.04
1050 121109.96
1051 120893.00
1052 121090.17
1053 121798.99
1054 121032.95
1055 121280.19
1056 121091.13
1057 121372.94
1058 121263.03
1059 121157.88
1060 121694.09
1061 121623.04
1062 120859.86
1063 121311.90
1064 121418.00
1065 121008.87
1066 121269.94
1067 121255.87
1068 120982.17
1069 121469.97
1070 120904.92
1071 120628.83
1072 121240.14
1073 121495.01
1074 121368.89
1075 121341.94
1076 121072.05
1077 121645.93
1078 120714.90
1079 120800.02
1080 121258.97
1081 121052.98
1082 121043.92
1083 120646.95
1084 121272.09
1085 121876.00
1086 121340.99
1087 120764.97
1088 120963.81
1089 121239.90
1090 121268.99
1091 121273.99
1092 121219.16
1093 121552.94
1094 120851.99
1095 120885.13
1096 121121.88
1097 121368.89
1098 120894.91
1099 121073.01
1100 120872.97
1101 121789.93
1102 121187.93
1103 121186.02
1104 121391.06
1105 121034.86
1106 121201.04
1107 121243.00
1108 120905.88
1109 121191.02
1110 121165.99
1111 120837.93
1112 120873.93
1113 120983.12
1114 121360.06
1115 121152.88
1116 120966.91
1117 121224.88
1118 120857.95
1119 121426.11
1120 120996.00
1121 121597.05
1122 120613.81
1123 120858.91
1124 121582.03
1125 120783.09
1126 120879.89
1127 121283.05
1128 120745.90
1129 120890.14
1130 121042.97
1131 120810.99
1132 120828.15
1133 121029.85
1134 120884.90
1135 120804.07
1136 120801.93
1137 120841.98
1138 121143.82
1139 120895.86
1140 121201.99
1141 120738.98
1142 121361.02
1143 120929.96
1144 121383.91
1145 120887.99
1146 121754.88
1147 120772.12
1148 121710.06
1149 120987.89
1150 120988.13
1151 120982.17
1152 120851.99
1153 121021.03
1154 120988.85
1155 121026.99
1156 120964.05
1157 121103.05
1158 121119.98
1159 121124.03
1160 121109.96
1161 121102.81
1162 121108.06
1163 121112.11
1164 121109.96
1165 121109.01
1166 121089.94
1167 121129.04
1168 121109.96
1169 121046.07
1170 121119.98
1171 121117.83
1172 121099.95
1173 121089.94
1174 121115.92
1175 121119.02
1176 121132.85
1177 121098.04
1178 121109.96
1179 121112.11
1180 121135.95
1181 121119.02
1182 121099.00
1183 121096.85
1184 121111.87
1185 121108.06
1186 121130.94
1187 121126.17
1188 121099.95
1189 121114.02
1190 121116.16
1191 121126.89
1192 121125.94
1193 121109.96
1194 121108.06
1195 121133.80
1196 121130.23
1197 121095.90
1198 121150.02
1199 121108.06
1200 121123.79
1201 121082.07
1202 121124.98
1203 121107.10
1204 121114.02
1205 121112.11
1206 121119.02
1207 121136.19
1208 121106.15
1209 121078.97
1210 121119.02
1211 121129.99
1212 121137.14
1213 121122.84
1214 121103.05
1215 121105.91
1216 121116.88
1217 121123.08
1218 121131.90
1219 121114.02
1220 121162.89
1221 121110.92
1222 121133.09
1223 121124.98
1224 121119.98
1225 121096.85
1226 121104.00
1227 121121.88
1228 121119.98
1229 121103.05
1230 121135.00
1231 121108.06
1232 121113.06
1233 121136.90
1234 121005.06
1235 121123.08
1236 121095.90
1237 121103.05
1238 121109.01
1239 121102.09
1240 121132.14
1241 121131.90
1242 121147.16
1243 121104.00
1244 121112.11
1245 121129.04
1246 121135.00
1247 121107.10
1248 121101.14
1249 121070.15
1250 121119.02
1251 121104.96
1252 121119.98
1253 121120.93
1254 121105.91
1255 121111.87
1256 121123.08
1257 121090.89
1258 121082.78
1259 121114.97
1260 121117.12
1261 121124.03
1262 121122.84
1263 121129.04
1264 121096.13
1265 121111.15
1266 121117.83
1267 121114.02
1268 121124.98
1269 121094.94
1270 121104.00
1271 121125.94
1272 121124.98
1273 121160.98
1274 121096.13
1275 121118.07
1276 121101.86
1277 121114.02
1278 121124.03
1279 121134.04
1280 121109.01
1281 121105.91
1282 121127.84
1283 121124.03
1284 121116.16
1285 121128.08
1286 121107.10
1287 121105.91
1288 121124.98
1289 121089.22
1290 121121.88
1291 121153.83
1292 121108.06
1293 121109.01
1294 121120.93
1295 121129.04
1296 121122.84
1297 121034.86
1298 121110.92
1299 121110.92
