1300
0 121246.10
1 121130.94
2 121108.06
3 121075.87
4 121093.03
5 121116.88
6 121104.00
7 121094.94
8 121114.97
9 121141.91
10 121011.02
11 121077.06
12 121098.04
13 121139.05
14 121110.92
15 121073.01
16 121094.94
17 121104.00
18 121098.04
19 121038.91
20 121099.95
21 121121.88
22 121078.01
23 121054.17
24 121046.07
25 121094.94
26 121110.92
27 121095.18
28 121077.06
29 121096.13
30 121148.82
31 121110.92
32 121030.09
33 121124.98
34 121106.86
35 121095.18
36 121127.13
37 121145.96
38 121123.08
39 121078.97
40 121073.01
41 121101.14
42 121077.06
43 121115.92
44 121096.85
45 121055.13
46 121122.84
47 121125.94
48 121162.18
49 121053.93
50 121082.07
51 121109.96
52 121104.96
53 121112.11
54 121040.11
55 121115.21
56 121106.15
57 121119.02
58 121112.11
59 121127.13
60 121117.12
61 121091.13
62 121080.88
63 121047.02
64 121119.98
65 121106.86
66 121103.05
67 121068.95
68 121088.98
69 121103.05
70 121098.04
71 121104.96
72 121038.91
73 121124.03
74 121093.99
75 121124.98
76 121135.00
77 121095.18
78 121116.88
79 121075.87
80 121122.84
81 121103.05
82 121018.89
83 121109.96
84 121121.88
85 121044.87
86 121058.94
87 121114.02
88 121110.92
89 121124.03
90 121117.83
91 121093.99
92 121060.85
93 121104.00
94 120990.99
95 121052.98
96 121028.18
97 121007.92
98 121023.89
99 120918.99
100 120946.88
101 120987.89
102 121346.95
103 120906.11
104 121746.06
105 120899.92
106 122220.99
107 121567.96
108 121625.90
109 123150.11
110 122138.02
111 122133.02
112 125401.97
113 123723.03
114 123537.06
115 123761.89
116 123569.01
117 123553.99
118 123345.14
119 122686.15
120 122819.19
121 122735.98
122 122752.90
123 124212.98
124 122758.87
125 122303.96
126 124225.14
127 123924.02
128 124815.23
129 123775.01
130 122107.03
131 123891.12
132 122169.97
133 123113.16
134 122048.85
135 123704.91
136 125276.09
137 123772.14
138 123426.91
139 125442.03
140 125271.08
141 123851.06
142 124258.04
143 122879.03
144 122819.90
145 123450.04
146 123760.22
147 126088.14
148 122560.02
149 124287.84
150 124350.07
151 123600.01
152 123386.86
153 123185.87
154 124010.09
155 122426.99
156 124879.84
157 123255.01
158 123340.13
159 124095.92
160 122132.06
161 122514.96
162 123278.14
163 123768.09
164 123738.05
165 122837.07
166 123084.07
167 122833.01
168 123721.84
169 124323.13
170 123554.94
171 122768.16
172 124511.00
173 123456.95
174 122663.97
175 122490.17
176 124954.94
177 124155.04
178 122323.99
179 122513.06
180 124051.09
181 123226.17
182 122938.87
183 123027.09
184 123665.09
185 123584.03
186 123595.00
187 124063.01
188 122432.95
189 122679.00
190 122563.84
191 124078.04
192 123852.01
193 122264.15
194 123193.03
195 124052.05
196 122962.00
197 122334.96
198 123940.94
199 123086.93
200 124905.11
201 123033.05
202 122859.00
203 122874.98
204 123019.93
205 123862.03
206 122231.01
207 122068.88
208 123623.85
209 122776.99
210 125214.10
211 123062.85
212 122025.01
213 122787.95
214 123768.09
215 122915.03
216 123103.86
217 123044.97
218 122283.22
219 123682.98
220 124472.14
221 123728.99
222 125112.06
223 123454.09
224 122889.04
225 123329.88
226 123656.03
227 124156.95
228 123430.97
229 123525.86
230 123517.99
231 122653.01
232 122735.02
233 124457.84
234 122781.99
235 123448.85
236 123587.85
237 123636.01
238 122704.03
239 124130.96
240 123480.08
241 123398.07
242 122596.03
243 123399.97
244 122504.00
245 124866.96
246 122983.93
247 122474.91
248 123919.96
249 122409.82
250 123018.03
251 124027.01
252 124527.93
253 123964.07
254 123038.05
255 122722.86
256 122676.85
257 123302.94
258 123901.13
259 122398.14
260 122467.99
261 124856.95
262 123121.02
263 123019.93
264 124138.12
265 123085.02
266 123369.93
267 124190.09
268 123018.03
269 124598.03
270 122969.15
271 124670.03
272 123573.06
273 122143.03
274 123862.98
275 123627.90
276 123477.94
277 122575.04
278 122564.08
279 124346.02
280 124083.04
281 124081.85
282 122570.99
283 124284.98
284 123251.91
285 122413.87
286 122575.04
287 124041.80
288 123317.96
289 123265.03
290 125198.13
291 123179.20
292 123512.98
293 124299.05
294 122436.05
295 124092.10
296 123924.02
297 123353.96
298 123350.86
299 123193.03
300 122970.10
301 123116.97
302 124825.95
303 122773.89
304 122041.94
305 122950.79
306 124583.01
307 122832.06
308 124414.92
309 124569.18
310 124265.91
311 122719.05
312 123452.90
313 122509.00
314 123400.93
315 123451.95
316 123326.06
317 122638.23
318 122452.97
319 122746.94
320 123656.03
321 123543.02
322 122730.02
323 123567.10
324 122613.91
325 123332.02
326 123301.98
327 123325.82
328 123427.15
329 124273.06
330 123126.03
331 123176.10
332 124031.07
333 122394.08
334 123146.06
335 124202.01
336 122460.13
337 122948.88
338 125455.86
339 124459.03
340 124449.97
341 124616.15
342 122895.00
343 123655.08
344 122921.94
345 123559.00
346 122544.05
347 122650.15
348 124295.95
349 126042.13
350 123404.03
351 122704.03
352 125703.10
353 122489.93
354 125224.11
355 122274.88
356 125631.09
357 123892.07
358 123153.92
359 123164.89
360 122563.84
361 122643.95
362 122342.82
363 122826.10
364 122241.02
365 122452.02
366 121981.86
367 122668.03
368 122611.05
369 122818.95
370 123634.10
371 122848.03
372 122754.10
373 122470.14
374 122251.03
375 122521.88
376 123207.09
377 122323.99
378 121944.90
379 122951.98
380 122829.91
381 122339.01
382 121964.93
383 122823.00
384 122289.90
385 122870.92
386 122578.14
387 123327.02
388 122874.02
389 121986.87
390 123213.05
391 123426.20
392 122290.13
393 121973.99
394 121875.05
395 122741.94
396 122114.18
397 122633.93
398 122308.02
399 122664.93
400 122084.86
401 122670.17
402 122447.01
403 122229.10
404 123806.95
405 122787.95
406 122808.22
407 122631.07
408 123045.21
409 122736.93
410 122216.94
411 122918.13
412 123226.88
413 122337.10
414 122350.93
415 122411.01
416 123185.16
417 122551.20
418 122771.98
419 123444.08
420 123083.83
421 122385.98
422 122112.04
423 123048.78
424 122110.13
425 122748.14
426 122729.06
427 123276.00
428 123064.99
429 122789.86
430 122513.06
431 122245.07
432 122864.01
433 122752.90
434 122379.06
435 123172.04
436 123657.94
437 122497.80
438 122164.96
439 122661.11
440 122522.12
441 122245.07
442 123248.10
443 122699.98
444 122153.04
445 122648.00
446 121858.84
447 122421.98
448 122345.92
449 122045.99
450 122277.98
451 123117.92
452 122517.11
453 122627.02
454 122650.15
455 122914.79
456 122598.89
457 122195.01
458 122390.99
459 122340.20
460 122647.05
461 122524.98
462 122471.09
463 122835.87
464 122606.99
465 122681.14
466 122563.12
467 123130.08
468 122654.91
469 122627.97
470 122162.10
471 122712.85
472 123163.22
473 121926.07
474 122450.83
475 123150.11
476 122334.96
477 122576.00
478 122313.98
479 123039.96
480 122319.94
481 122336.86
482 122186.90
483 123025.18
484 122586.01
485 122379.06
486 122467.04
487 122985.12
488 123219.01
489 122039.08
490 122527.84
491 122312.07
492 122627.02
493 122219.09
494 123044.97
495 122750.04
496 122256.99
497 122190.95
498 122133.02
499 122634.17
500 122434.85
501 122589.83
502 122871.88
503 122805.83
504 122467.04
505 122431.99
506 123015.88
507 122418.17
508 123296.02
509 122895.96
510 122241.97
511 122312.07
512 123175.86
513 122490.17
514 122137.07
515 123277.90
516 122775.08
517 122483.97
518 122923.85
519 122577.19
520 122385.98
521 122522.83
522 123080.02
523 122736.93
524 122478.01
525 122323.99
526 122894.05
527 122493.98
528 122558.12
529 122972.01
530 122847.08
531 122075.08
532 122106.08
533 122432.95
534 122454.88
535 122848.99
536 123178.96
537 122359.99
538 122330.19
539 122728.11
540 122557.16
541 122664.93
542 123703.00
543 122561.93
544 121980.91
545 122392.89
546 123226.17
547 122297.05
548 122598.17
549 122668.98
550 122215.99
551 122915.98
552 122421.03
553 123484.13
554 123002.05
555 122630.12
556 122648.00
557 122570.04
558 122710.94
559 122808.93
560 122174.02
561 122962.95
562 122854.95
563 122642.99
564 122308.97
565 122430.80
566 122802.02
567 122560.98
568 122008.09
569 122712.14
570 122791.05
571 122275.83
572 122587.92
573 123378.99
574 122529.03
575 122351.88
576 122819.90
577 122724.06
578 122045.99
579 122170.93
580 122349.98
581 122400.05
582 123525.86
583 122595.07
584 123128.18
585 122519.02
586 122282.98
587 122234.11
588 123131.04
589 123124.12
590 122507.10
591 122196.91
592 122578.86
593 123244.05
594 122434.85
595 122994.90
596 122759.10
597 122494.94
598 122401.00
599 122273.92
600 123270.99
601 122890.00
602 122806.79
603 122779.85
604 122351.88
605 122782.95
606 122576.00
607 122753.14
608 122938.16
609 122417.93
610 122630.83
611 122141.12
612 123311.04
613 122509.96
614 122040.99
615 122540.95
616 122332.10
617 122273.21
618 121078.01
619 121397.02
620 121345.04
621 121107.10
622 121130.94
623 120903.97
624 121006.01
625 121377.23
626 121054.17
627 121165.04
628 120965.00
629 121459.96
630 121123.08
631 121222.02
632 120907.07
633 120987.89
634 121340.99
635 121489.05
636 121093.03
637 120987.89
638 120907.78
639 121549.13
640 121006.01
641 120956.90
642 120980.98
643 120954.99
644 121082.07
645 121026.04
646 120923.04
647 120882.03
648 121115.21
649 121371.03
650 120877.03
651 120927.81
652 121066.81
653 120985.98
654 121176.00
655 120929.00
656 121259.93
657 121289.97
658 121198.18
659 121117.83
660 121254.92
661 121563.91
662 121181.96
663 121016.98
664 121330.02
665 121311.90
666 121280.91
667 121082.07
668 121341.94
669 121171.95
670 121086.84
671 121438.03
672 121078.97
673 120993.85
674 120811.22
675 121018.17
676 121194.12
677 121268.99
678 121180.06
679 120998.86
680 121093.99
681 121068.00
682 121360.06
683 121550.08
684 121336.94
685 121332.17
686 121087.07
687 120872.97
688 120946.88
689 121206.05
690 121151.92
691 121379.85
692 120974.06
693 120910.17
694 120796.92
695 121351.00
696 121469.02
697 121224.88
698 121230.13
699 120920.90
700 120931.15
701 121095.18
702 121203.90
703 121335.98
704 120973.11
705 121204.85
706 120922.09
707 120856.05
708 121002.91
709 121222.97
710 120943.78
711 120895.15
712 120859.15
713 121026.04
714 121087.07
715 121091.84
716 121110.20
717 120988.13
718 121052.03
719 120990.99
720 120748.04
721 121232.99
722 121019.84
723 121410.13
724 121465.92
725 121079.92
726 120931.15
727 120924.00
728 121567.01
729 121083.97
730 121225.12
731 121248.01
732 120904.92
733 121145.01
734 121061.80
735 120734.93
736 121069.91
737 121027.95
738 121045.11
739 120980.98
740 121181.01
741 121228.93
742 120949.03
743 121114.02
744 121026.04
745 120944.02
746 120974.06
747 121551.04
748 121021.99
749 121564.87
750 120975.97
751 121009.83
752 121124.03
753 121063.95
754 120980.02
755 120978.12
756 120979.07
757 121057.99
758 121109.96
759 120880.84
760 121258.97
761 120827.91
762 120736.12
763 120697.02
764 121038.91
765 120882.99
766 121274.95
767 121176.00
768 120959.04
769 120887.04
770 120818.14
771 120983.84
772 121170.04
773 120836.02
774 120888.95
775 120782.14
776 120837.93
777 120968.82
778 121090.17
779 120973.11
780 121073.01
781 121243.95
782 121039.15
783 120885.85
784 121034.15
785 121160.98
786 121047.97
787 121253.01
788 121381.04
789 120904.92
790 121261.12
791 121181.01
792 120771.17
793 120870.11
794 121073.01
795 121142.86
796 120922.80
797 121559.14
798 121024.13
799 121340.99
800 121191.98
801 120866.06
802 121701.96
803 120985.03
804 121103.05
805 120823.86
806 121182.20
807 120967.15
808 120918.04
809 120864.87
810 120898.96
811 120903.97
812 120917.08
813 120849.85
814 121161.22
815 120842.93
816 121212.01
817 120965.00
818 121071.10
819 121365.07
820 120862.96
821 121033.91
822 121099.00
823 120973.11
824 121425.87
825 120789.05
826 121186.97
827 120828.15
828 121418.00
829 121387.00
830 120937.82
831 120819.09
832 121314.05
833 121413.95
834 120993.85
835 121234.89
836 121979.00
837 121383.19
838 120795.01
839 121140.96
840 120895.15
841 121169.09
842 121263.98
843 121217.01
844 120911.12
845 121139.05
846 121210.10
847 121088.03
848 121043.92
849 121883.87
850 121426.82
851 120865.11
852 120915.17
853 121047.02
854 121190.07
855 120773.08
856 121155.02
857 120962.14
858 121589.90
859 121093.03
860 121278.05
861 120918.04
862 120822.91
863 121212.01
864 120921.85
865 121044.16
866 121246.10
867 121450.90
868 121351.00
869 121011.02
870 121007.92
871 121071.82
872 120841.98
873 120827.91
874 121341.94
875 121349.10
876 120978.12
877 120929.96
878 120844.84
879 120938.06
880 121174.10
881 121069.91
882 121371.03
883 121086.12
884 120873.93
885 120919.94
886 121302.84
887 121417.05
888 120992.90
889 120838.88
890 120984.08
891 121195.08
892 121028.90
893 120921.13
894 121304.99
895 120894.91
896 120903.02
897 120865.11
898 121133.09
899 121179.82
900 121201.99
901 121139.05
902 120969.06
903 120980.98
904 120981.93
905 120944.98
906 120919.94
907 121120.93
908 121171.95
909 121058.94
910 120830.06
911 120984.79
912 121184.11
913 121211.05
914 121057.03
915 121366.02
916 120934.01
917 121323.82
918 120950.22
919 121159.08
920 120785.95
921 120917.08
922 120971.92
923 121010.07
924 121064.90
925 121147.16
926 121134.04
927 121423.01
928 120993.85
929 121069.19
930 121164.08
931 121196.99
932 121500.02
933 120880.13
934 120989.08
935 120998.14
936 121296.88
937 121086.84
938 121252.06
939 120970.96
940 121115.92
941 121084.21
942 120905.16
943 121249.91
944 121122.12
945 121576.79
946 120879.17
947 121209.14
948 121033.91
949 120990.04
950 121285.92
951 120886.09
952 120893.00
953 121448.99
954 121255.16
955 121369.12
956 121037.01
957 121128.80
958 121181.96
959 121116.88
960 121055.13
961 121454.95
962 121114.97
963 120988.85
964 120954.99
965 121057.99
966 121258.02
967 121605.87
968 121081.83
969 121086.12
970 120967.86
971 121146.20
972 121104.96
973 121148.11
974 121313.10
975 120934.96
976 121180.06
977 121168.85
978 120984.08
979 120912.79
980 121129.99
981 121211.05
982 121271.85
983 121099.00
984 121522.90
985 121310.00
986 121102.81
987 121150.02
988 120887.99
989 121026.04
990 120986.94
991 120844.84
992 121222.02
993 120860.10
994 121085.88
995 120916.13
996 121226.07
997 121363.88
998 120876.07
999 121094.94
1000 121280.91
1001 121099.23
1002 120882.03
1003 121197.22
1004 121344.09
1005 120823.86
1006 121001.01
1007 120987.18
1008 121089.94
1009 121067.05
1010 121234.89
1011 121109.96
1012 121021.99
1013 120935.92
1014 121275.19
1015 121088.98
1016 120937.11
1017 121000.05
1018 121053.93
1019 121057.99
1020 120985.98
1021 121208.19
1022 121033.19
1023 120952.13
1024 121135.95
1025 120769.02
1026 121001.01
1027 121044.87
1028 120867.01
1029 121088.03
1030 120875.12
1031 120769.98
1032 121042.97
1033 120862.01
1034 121084.93
1035 120913.98
1036 120993.85
1037 120985.03
1038 121032.95
1039 121028.90
1040 121031.05
1041 121034.15
1042 121034.15
1043 121032.00
1044 121016.03
1045 121036.05
1046 120973.83
1047 121032.00
1048 121025.09
1049 121004.82
1050 121029.85
1051 121011.02
1052 121025.09
1053 120980.02
1054 121026.99
1055 121062.99
1056 121006.97
1057 120989.08
1058 121021.03
1059 121011.97
1060 121022.94
1061 121028.90
1062 121026.04
1063 121041.06
1064 121034.15
1065 120972.87
1066 121040.11
1067 121026.99
1068 121000.05
1069 121034.15
1070 120996.95
1071 121022.22
1072 121008.16
1073 120982.89
1074 121016.03
1075 120944.98
1076 121017.93
1077 120953.08
1078 121024.85
1079 121031.05
1080 121026.99
1081 121033.19
1082 121026.04
1083 121037.96
1084 121033.91
1085 121008.87
1086 121001.01
1087 121009.11
1088 121016.98
1089 121036.05
1090 121032.95
1091 121029.85
1092 121030.09
1093 121036.05
1094 120989.08
1095 120960.95
1096 121007.92
1097 121029.85
1098 121012.93
1099 121035.10
1100 120996.00
1101 120999.81
1102 121016.98
1103 121011.02
1104 121024.13
1105 121008.87
1106 121030.81
1107 121044.87
1108 121006.97
1109 121012.93
1110 121004.82
1111 120918.04
1112 121011.02
1113 120981.93
1114 121014.12
1115 120954.99
1116 121011.02
1117 121038.20
1118 121024.13
1119 120953.08
1120 121026.04
1121 121008.87
1122 121015.79
1123 121017.93
1124 121025.80
1125 121021.03
1126 121025.09
1127 121026.99
1128 120953.08
1129 121029.85
1130 121014.12
1131 121028.90
1132 121012.93
1133 121035.10
1134 121039.15
1135 120954.99
1136 121029.14
1137 121019.84
1138 120976.92
1139 120999.81
1140 121027.95
1141 121015.07
1142 121000.05
1143 120990.04
1144 121011.02
1145 121019.84
1146 121006.97
1147 121035.10
1148 121028.18
1149 121001.96
1150 121037.01
1151 120968.10
1152 120961.90
1153 120990.04
1154 121009.83
1155 120954.04
1156 121006.01
1157 121066.09
1158 121024.13
1159 121019.12
1160 121033.19
1161 121020.08
1162 121026.04
1163 121026.04
1164 121029.85
1165 121031.05
1166 121031.05
1167 121031.05
1168 121032.00
1169 120999.81
1170 121029.85
1171 121016.98
1172 121029.85
1173 121023.89
1174 121036.05
1175 120890.86
1176 121001.96
1177 121008.16
1178 121020.08
1179 121022.94
1180 121018.17
1181 121026.99
1182 121025.09
1183 121027.95
1184 121019.12
1185 121036.05
1186 121028.18
1187 121019.12
1188 121035.10
1189 121026.04
1190 121028.90
1191 120931.86
1192 120934.01
1193 120975.02
1194 121033.91
1195 121037.96
1196 121034.86
1197 120942.12
1198 121001.96
1199 121021.03
1200 121016.03
1201 121021.99
1202 121062.99
1203 121032.95
1204 121043.92
1205 121032.95
1206 121012.21
1207 121016.98
1208 121011.02
1209 121021.03
1210 121020.08
1211 121023.89
1212 121024.85
1213 121009.83
1214 121023.89
1215 120948.79
1216 121027.95
1217 121016.98
1218 121025.80
1219 121021.99
1220 120943.07
1221 121132.14
1222 121029.85
1223 120933.06
1224 121037.01
1225 121042.01
1226 121037.96
1227 121008.87
1228 120964.05
1229 121039.15
1230 121047.02
1231 121007.92
1232 120947.84
1233 120985.98
1234 121020.08
1235 121008.87
1236 121012.93
1237 121049.17
1238 120994.81
1239 121025.09
1240 120996.95
1241 120997.91
1242 121030.09
1243 121010.07
1244 121033.91
1245 121015.79
1246 121002.20
1247 121026.99
1248 121005.06
1249 121037.96
1250 121009.11
1251 121040.11
1252 121011.02
1253 120994.09
1254 121016.03
1255 120953.08
1256 121015.07
1257 121038.91
1258 121025.09
1259 121039.87
1260 121026.04
1261 120971.92
1262 121001.01
1263 121006.01
1264 121073.96
1265 121027.95
1266 120997.91
1267 121032.00
1268 121042.01
1269 121000.05
1270 121103.05
1271 121015.07
1272 120969.06
1273 120981.93
1274 121026.99
1275 120940.92
1276 121031.05
1277 121023.18
1278 120996.00
1279 121040.11
1280 121006.97
1281 120956.90
1282 121011.02
1283 121013.88
1284 121012.93
1285 121021.03
1286 121068.00
1287 121006.97
1288 121021.03
1289 121028.90
1290 121029.14
1291 121027.95
1292 121026.99
1293 120992.18
1294 120991.95
1295 120967.15
1296 121014.12
1297 121006.97
1298 121016.98
1299 120970.96
