1300
0 121163.13
1 121047.02
2 121020.79
3 120974.06
4 121029.85
5 121042.01
6 121045.11
7 121032.00
8 121032.00
9 121051.07
10 121044.16
11 121018.89
12 121030.09
13 121004.10
14 120961.90
15 120991.95
16 121042.01
17 121026.04
18 121035.10
19 121017.93
20 121022.94
21 121022.94
22 121035.10
23 121022.94
24 121016.03
25 121016.98
26 121017.93
27 121021.99
28 121026.04
29 121032.00
30 121051.79
31 121018.17
32 121068.00
33 120929.00
34 121016.03
35 121001.96
36 121034.15
37 121042.97
38 120970.01
39 121015.79
40 121028.90
41 121032.00
42 120923.04
43 121016.03
44 121032.00
45 121064.19
46 121027.95
47 121011.02
48 121029.14
49 121037.96
50 121029.14
51 121010.78
52 121019.12
53 121014.12
54 121030.09
55 121001.96
56 121026.99
57 121042.97
58 121050.83
59 121017.93
60 121013.88
61 121027.95
62 121033.19
63 121047.97
64 121030.09
65 121001.96
66 121022.94
67 121035.81
68 121042.97
69 121027.95
70 121010.07
71 121037.96
72 121021.03
73 121031.05
74 120939.97
75 121025.09
76 121012.93
77 121013.88
78 121008.16
79 121027.95
80 121028.18
81 121041.06
82 120999.10
83 121035.10
84 121061.09
85 121026.04
86 121016.03
87 121038.91
88 121011.97
89 121035.81
90 121032.00
91 121008.87
92 121011.97
93 121025.09
94 120851.04
95 120993.14
96 120888.23
97 120924.00
98 120846.03
99 120997.19
100 120822.19
101 121021.03
102 121091.84
103 121316.91
104 121958.02
105 121674.06
106 121098.04
107 123368.98
108 122452.02
109 121852.16
110 124047.99
111 124164.10
112 124441.15
113 124189.85
114 124303.82
115 124614.00
116 126055.96
117 124459.98
118 125104.90
119 124145.03
120 124946.83
121 126160.86
122 123672.96
123 124398.95
124 123607.87
125 123797.89
126 123703.00
127 124655.96
128 125291.11
129 124482.87
130 124707.94
131 123660.09
132 124695.06
133 123862.03
134 124754.91
135 125463.01
136 125284.91
137 123559.95
138 123687.03
139 123844.15
140 125427.01
141 123800.04
142 123799.09
143 123759.03
144 124120.00
145 124588.97
146 124669.08
147 123844.86
148 124124.05
149 124080.90
150 125715.02
151 123198.03
152 126605.03
153 124814.03
154 124608.04
155 125015.02
156 124172.93
157 122687.10
158 124525.07
159 126236.92
160 123760.94
161 124754.91
162 123939.99
163 123851.06
164 125445.13
165 123107.19
166 123117.92
167 123026.85
168 126155.85
169 123907.09
170 124026.06
171 123976.95
172 123950.96
173 125569.11
174 123089.08
175 125221.01
176 124916.08
177 124717.95
178 124850.03
179 123403.07
180 123932.84
181 124156.95
182 124237.06
183 123400.93
184 125320.91
185 126076.94
186 124377.97
187 124354.12
188 124490.02
189 122649.91
190 122974.87
191 123270.99
192 125705.00
193 124171.97
194 124184.13
195 124361.99
196 125051.98
197 123251.91
198 123873.00
199 124792.10
200 125617.03
201 123929.02
202 123812.91
203 122896.19
204 123765.95
205 124698.16
206 124599.93
207 124364.85
208 126432.90
209 123087.88
210 123619.08
211 125128.98
212 123633.15
213 123668.19
214 123531.10
215 123394.01
216 124073.98
217 124922.04
218 124374.87
219 123489.86
220 123107.91
221 123182.77
222 125240.80
223 123268.13
224 123939.99
225 124071.12
226 123874.19
227 124037.98
228 124790.91
229 123828.89
230 124436.86
231 123576.16
232 123687.98
233 124478.10
234 122814.89
235 123544.22
236 123737.10
237 125271.08
238 124217.03
239 124509.81
240 123345.14
241 123172.04
242 124089.96
243 123226.88
244 124189.14
245 123258.11
246 123687.98
247 123576.16
248 124459.03
249 125024.08
250 123569.01
251 124238.97
252 124315.02
253 123560.91
254 125210.05
255 124573.95
256 123767.14
257 124673.84
258 123654.84
259 123590.95
260 125483.99
261 123733.04
262 124773.03
263 126173.97
264 124678.85
265 124076.13
266 124588.01
267 124852.90
268 124832.87
269 123203.04
270 124969.96
271 123183.97
272 124248.98
273 125073.91
274 124053.96
275 123402.12
276 124260.19
277 124838.83
278 124094.96
279 125662.09
280 124143.12
281 125154.02
282 124907.97
283 124125.00
284 125722.89
285 124336.00
286 125070.81
287 124933.00
288 124351.98
289 124398.95
290 125030.04
291 124102.12
292 123426.20
293 123573.06
294 124353.89
295 125278.00
296 124233.96
297 123960.97
298 123642.92
299 123721.84
300 125494.00
301 122969.87
302 124473.81
303 123669.86
304 123898.03
305 124515.06
306 125195.03
307 124467.13
308 123094.08
309 123326.78
310 123167.99
311 124823.09
312 123721.84
313 123797.89
314 125585.08
315 123975.99
316 123332.02
317 123910.90
318 123834.13
319 124979.02
320 124002.93
321 125679.02
322 124307.87
323 124912.02
324 123587.85
325 123497.01
326 123215.20
327 124805.93
328 124381.07
329 123503.92
330 125041.01
331 124743.22
332 125034.81
333 123471.02
334 122985.12
335 123767.85
336 123650.07
337 124055.86
338 124143.84
339 124610.19
340 123644.83
341 123800.04
342 122946.98
343 124709.13
344 123839.86
345 124700.78
346 124667.17
347 123884.92
348 124718.90
349 124680.04
350 123590.95
351 124732.97
352 124048.95
353 125728.85
354 125524.04
355 124740.12
356 123108.86
357 123634.82
358 123753.07
359 123598.10
360 122785.09
361 122843.03
362 122842.07
363 122832.06
364 123992.92
365 123245.95
366 122924.09
367 122913.12
368 122722.86
369 123425.96
370 123756.89
371 123435.97
372 122903.11
373 122798.92
374 123003.01
375 123589.99
376 123631.00
377 123481.99
378 123432.87
379 123270.03
380 123379.95
381 123117.92
382 124059.92
383 123410.94
384 123569.97
385 123051.88
386 122807.98
387 123419.05
388 123322.96
389 123858.21
390 122809.89
391 123809.10
392 122894.05
393 123143.91
394 123986.96
395 123295.07
396 122993.95
397 123202.80
398 123222.11
399 123198.03
400 123423.10
401 123625.99
402 123214.01
403 123306.99
404 123646.02
405 123088.84
406 123030.90
407 123342.04
408 124254.94
409 124400.14
410 123811.01
411 123548.03
412 123025.89
413 123277.90
414 123235.94
415 123000.86
416 123553.99
417 124005.79
418 123329.16
419 123071.91
420 123077.15
421 123846.05
422 122949.12
423 123341.08
424 123127.94
425 123946.19
426 123734.95
427 123109.10
428 123924.97
429 123545.17
430 123281.96
431 122792.01
432 123427.15
433 123524.90
434 123571.16
435 123362.06
436 123375.89
437 123687.03
438 123251.91
439 123104.10
440 123659.13
441 123901.13
442 123389.96
443 123481.99
444 123560.91
445 123044.01
446 123394.97
447 122562.89
448 123188.97
449 123580.93
450 124360.08
451 123327.02
452 123626.95
453 123667.96
454 123445.03
455 123179.91
456 122940.06
457 123227.12
458 122949.12
459 123898.03
460 123458.86
461 123052.12
462 123478.17
463 123208.05
464 123242.14
465 123256.92
466 123215.91
467 123243.09
468 123806.95
469 123582.84
470 123231.89
471 123225.21
472 122768.88
473 123270.03
474 123514.89
475 123636.96
476 123737.10
477 123550.18
478 122918.13
479 123342.99
480 122855.90
481 123421.91
482 122694.97
483 122923.14
484 123492.96
485 123834.13
486 123353.00
487 122939.11
488 123348.00
489 123398.07
490 122885.94
491 123046.88
492 123286.96
493 123526.81
494 123860.12
495 123445.03
496 123214.96
497 123111.01
498 122828.96
499 122747.90
500 122941.97
501 123586.18
502 123360.87
503 123628.14
504 123214.01
505 123206.85
506 123328.21
507 123214.96
508 123332.98
509 123102.90
510 122967.00
511 123717.07
512 123232.84
513 123206.14
514 122684.00
515 123127.94
516 123201.13
517 122905.02
518 123169.90
519 123756.89
520 123644.83
521 123357.06
522 122874.02
523 123176.10
524 122762.92
525 123566.87
526 123751.88
527 123080.97
528 122751.95
529 122925.04
530 122860.91
531 123531.10
532 123478.89
533 122883.08
534 123116.97
535 122699.98
536 123578.07
537 123702.05
538 123639.82
539 123281.00
540 122853.99
541 123020.89
542 123264.07
543 123516.80
544 124027.97
545 123473.88
546 123405.22
547 123224.02
548 123023.99
549 123382.81
550 123317.00
551 124217.99
552 123179.91
553 123543.02
554 123446.94
555 123124.12
556 123399.97
557 123026.13
558 123132.94
559 123072.15
560 123625.99
561 123513.94
562 123747.83
563 123323.92
564 123371.84
565 123667.96
566 122997.05
567 123013.97
568 123323.92
569 123561.14
570 123344.90
571 123440.98
572 123903.04
573 123718.02
574 123048.07
575 123691.08
576 123358.96
577 123188.97
578 123547.08
579 123494.86
580 124193.91
581 124264.00
582 122875.93
583 122838.02
584 123233.08
585 122498.99
586 123025.89
587 123370.17
588 123079.06
589 123332.98
590 123310.80
591 123081.92
592 123013.02
593 123169.90
594 123534.92
595 123672.01
596 123762.13
597 123225.93
598 123669.15
599 123481.99
600 123656.03
601 123115.06
602 123281.00
603 123317.00
604 123818.16
605 123331.07
606 123181.10
607 123669.15
608 123528.96
609 123101.00
610 123008.97
611 123417.85
612 124260.19
613 123523.00
614 123571.87
615 123244.05
616 123152.97
617 122704.98
618 120899.92
619 121392.01
620 121337.89
621 121310.95
622 121361.02
623 121114.97
624 121351.00
625 121057.99
626 120829.11
627 121294.98
628 121273.04
629 121524.10
630 121232.03
631 121142.86
632 121121.88
633 121421.10
634 121346.00
635 121232.03
636 121437.79
637 121078.97
638 121660.95
639 121290.92
640 121006.97
641 121064.90
642 120862.96
643 121268.99
644 120896.10
645 121059.89
646 121081.11
647 121274.95
648 121075.15
649 121167.90
650 121216.06
651 121701.96
652 120808.84
653 120949.98
654 121501.92
655 121053.93
656 120901.11
657 120835.78
658 121109.96
659 121139.05
660 121228.93
661 120895.15
662 121280.91
663 121013.88
664 121261.84
665 120865.11
666 121253.01
667 121188.16
668 121097.09
669 121111.87
670 120916.84
671 121140.00
672 121267.08
673 121453.05
674 121541.02
675 120995.04
676 120999.10
677 121120.21
678 121259.93
679 121150.02
680 121028.90
681 121120.93
682 120990.04
683 121857.88
684 120918.99
685 121632.10
686 121096.85
687 121363.88
688 121018.89
689 121073.96
690 121051.79
691 120774.03
692 120927.10
693 121141.91
694 121372.94
695 120986.94
696 120989.08
697 120867.97
698 120987.18
699 120914.94
700 121717.93
701 121300.94
702 121230.13
703 121228.93
704 121363.88
705 121332.88
706 121146.92
707 121018.89
708 121042.97
709 120930.91
710 121068.00
711 120950.94
712 121052.98
713 121094.94
714 121302.13
715 121120.93
716 121939.90
717 121200.08
718 120978.83
719 121448.99
720 121064.19
721 121163.85
722 121021.99
723 121001.96
724 121061.09
725 120887.04
726 121252.78
727 120867.97
728 120980.02
729 120785.00
730 121345.04
731 121823.07
732 120945.22
733 120966.91
734 121281.86
735 120935.92
736 120943.07
737 120874.88
738 121128.08
739 120885.13
740 121005.06
741 120776.89
742 120771.88
743 121005.06
744 121185.06
745 121054.89
746 121174.81
747 121038.91
748 121380.09
749 121205.09
750 120792.87
751 121080.88
752 121174.81
753 121134.04
754 121479.03
755 120980.98
756 120936.87
757 120793.10
758 121199.85
759 121454.95
760 120800.02
761 120936.16
762 121190.07
763 121140.00
764 120950.22
765 121176.00
766 121337.89
767 121151.92
768 120980.02
769 121074.91
770 121209.86
771 120965.96
772 120971.92
773 120946.17
774 121244.19
775 121048.93
776 120858.91
777 121319.06
778 120970.96
779 120790.00
780 120872.97
781 120738.98
782 120915.17
783 120969.06
784 120962.86
785 120810.99
786 121282.10
787 120851.99
788 121231.08
789 121233.94
790 120798.11
791 121079.92
792 121068.95
793 121118.07
794 120900.15
795 121189.12
796 121122.12
797 121102.09
798 121099.95
799 120757.10
800 121035.10
801 120851.04
802 120905.16
803 121085.17
804 120869.87
805 121856.93
806 120867.97
807 121102.09
808 121307.13
809 121387.96
810 121191.02
811 120999.81
812 121029.14
813 120795.01
814 120851.04
815 121340.04
816 120857.95
817 121371.98
818 121073.96
819 120955.94
820 120988.85
821 120921.85
822 122020.96
823 120998.86
824 121423.96
825 120991.95
826 121392.01
827 120807.89
828 121063.95
829 121368.89
830 121141.91
831 121347.19
832 121412.99
833 120934.96
834 120662.93
835 121277.09
836 120981.93
837 121078.97
838 121459.01
839 120797.16
840 120763.06
841 120725.15
842 121006.97
843 120891.81
844 121313.10
845 121192.93
846 120967.86
847 121234.89
848 121001.96
849 121295.93
850 121041.06
851 120941.88
852 120870.11
853 120961.19
854 120874.88
855 120844.13
856 121320.01
857 121068.95
858 121028.90
859 120967.86
860 121135.00
861 120625.02
862 121128.80
863 121169.81
864 121217.01
865 120820.05
866 121096.13
867 120913.03
868 121016.98
869 121526.96
870 121006.97
871 121258.97
872 121145.01
873 120638.13
874 120785.00
875 121093.03
876 120857.00
877 121035.10
878 120782.14
879 120954.99
880 120970.96
881 121008.16
882 120702.98
883 120901.82
884 120774.98
885 120898.01
886 121000.05
887 120969.06
888 120948.08
889 121022.94
890 121052.98
891 121258.02
892 121541.98
893 121053.93
894 121203.90
895 121293.78
896 120646.00
897 120878.93
898 121057.99
899 120777.13
900 120808.84
901 120900.87
902 121336.94
903 121006.01
904 121334.08
905 120954.04
906 121101.14
907 120556.83
908 121150.97
909 120935.92
910 120851.04
911 120928.05
912 120874.17
913 120886.80
914 120965.96
915 120785.95
916 121359.11
917 120877.98
918 121275.90
919 120779.99
920 121135.00
921 120973.11
922 120692.97
923 121001.96
924 120939.97
925 121144.77
926 121272.09
927 121046.07
928 121232.99
929 120946.88
930 120793.10
931 121176.00
932 120813.85
933 120787.86
934 121407.03
935 120717.05
936 120934.96
937 121063.95
938 121331.21
939 121040.82
940 120970.96
941 121644.97
942 121253.01
943 120846.03
944 120740.89
945 120757.10
946 121216.06
947 120918.99
948 120727.06
949 120852.23
950 120877.03
951 121015.07
952 120831.97
953 120908.98
954 121045.83
955 120875.12
956 120908.98
957 121262.07
958 120747.09
959 120871.07
960 120673.89
961 121030.81
962 120733.02
963 120874.88
964 121048.93
965 120960.00
966 120908.98
967 121271.13
968 120921.13
969 121026.04
970 120876.79
971 120967.15
972 121087.07
973 120766.88
974 121335.98
975 120887.04
976 121098.04
977 120879.89
978 120970.01
979 120979.79
980 121401.07
981 120870.11
982 120928.05
983 120898.96
984 120801.93
985 121253.97
986 121394.16
987 121065.14
988 121093.99
989 120700.84
990 120831.01
991 120934.01
992 120987.89
993 121096.13
994 120929.00
995 121155.98
996 120984.08
997 121020.08
998 120729.92
999 121037.96
1000 121014.83
1001 120862.01
1002 120949.03
1003 121026.04
1004 120826.01
1005 121348.14
1006 120990.04
1007 120975.02
1008 121066.09
1009 121093.03
1010 121589.90
1011 120764.02
1012 120949.03
1013 120817.90
1014 121309.04
1015 120893.96
1016 120661.97
1017 121061.09
1018 121134.04
1019 121003.87
1020 120936.87
1021 120945.93
1022 121083.02
1023 121088.98
1024 120945.93
1025 121101.14
1026 121383.91
1027 120730.88
1028 121145.96
1029 120758.06
1030 120888.95
1031 120895.86
1032 121080.88
1033 121026.99
1034 120838.17
1035 120879.89
1036 121017.93
1037 121047.97
1038 120918.99
1039 121073.01
1040 121054.89
1041 121065.14
1042 121052.03
1043 121034.86
1044 121039.87
1045 121035.10
1046 121019.12
1047 121034.15
1048 121059.89
1049 121059.89
1050 121047.02
1051 121053.93
1052 121048.93
1053 121046.07
1054 120941.16
1055 121038.91
1056 121031.05
1057 121042.97
1058 121066.81
1059 121035.81
1060 120894.19
1061 121016.03
1062 120994.81
1063 121062.04
1064 121072.05
1065 121050.12
1066 121055.84
1067 121079.92
1068 121052.03
1069 121073.01
1070 121039.87
1071 121024.85
1072 121014.83
1073 121057.99
1074 121044.16
1075 121046.07
1076 121042.01
1077 121042.01
1078 120947.84
1079 121044.16
1080 121058.94
1081 121032.00
1082 121050.12
1083 121060.13
1084 121047.02
1085 121082.07
1086 121047.02
1087 121040.11
1088 121057.99
1089 121063.95
1090 121050.12
1091 121056.08
1092 121042.97
1093 121045.83
1094 121038.91
1095 121039.15
1096 121012.93
1097 121037.96
1098 121054.89
1099 121042.97
1100 121035.81
1101 120985.03
1102 120986.94
1103 121021.99
1104 121051.07
1105 121074.91
1106 121047.97
1107 120974.06
1108 121045.11
1109 121062.99
1110 121046.07
1111 121068.95
1112 121042.01
1113 121062.99
1114 121041.06
1115 121055.84
1116 121027.95
1117 121050.12
1118 120948.08
1119 121077.78
1120 121068.95
1121 121056.08
1122 120981.22
1123 121044.16
1124 121062.04
1125 121036.05
1126 121030.09
1127 121079.92
1128 121040.82
1129 121032.95
1130 121067.05
1131 121035.10
1132 121057.99
1133 121026.04
1134 121037.01
1135 121034.86
1136 121044.87
1137 121057.03
1138 121042.01
1139 121047.97
1140 121074.20
1141 121033.91
1142 121057.03
1143 121099.00
1144 121046.07
1145 121057.03
1146 121040.11
1147 121039.15
1148 121042.01
1149 121069.91
1150 121033.91
1151 121058.94
1152 121046.07
1153 121049.88
1154 121076.11
1155 121038.91
1156 121015.07
1157 121068.00
1158 121044.87
1159 120999.10
1160 121052.98
1161 121044.87
1162 120996.00
1163 121043.92
1164 121057.99
1165 121061.09
1166 120999.81
1167 121032.95
1168 121046.07
1169 121068.95
1170 121073.96
1171 121058.94
1172 121057.03
1173 121050.12
1174 121044.16
1175 121051.79
1176 121013.88
1177 121041.06
1178 121064.90
1179 121040.11
1180 121054.89
1181 121059.89
1182 120982.89
1183 120991.95
1184 120996.00
1185 121056.08
1186 121068.00
1187 121045.11
1188 121062.04
1189 121050.83
1190 121051.07
1191 121044.87
1192 121050.83
1193 121042.01
1194 121050.83
1195 121055.13
1196 121007.92
1197 121059.89
1198 121056.08
1199 120933.06
1200 121047.97
1201 121059.89
1202 120990.04
1203 121009.11
1204 121067.05
1205 121051.79
1206 121057.03
1207 121046.07
1208 121019.84
1209 121027.95
1210 121025.80
1211 121067.05
1212 121037.01
1213 121055.13
1214 121048.93
1215 121042.97
1216 121010.07
1217 120969.06
1218 121054.89
1219 120971.92
1220 121073.01
1221 121062.04
1222 120982.89
1223 121047.97
1224 121059.89
1225 121042.97
1226 120965.00
1227 121036.05
1228 121032.95
1229 121041.06
1230 121078.97
1231 121064.19
1232 121064.90
1233 121058.94
1234 121056.08
1235 121047.02
1236 121018.17
1237 121050.12
1238 121055.84
1239 121033.91
1240 121043.92
1241 121067.05
1242 120976.92
1243 121060.13
1244 121066.09
1245 121052.98
1246 121059.89
1247 121054.89
1248 121017.93
1249 121044.87
1250 121069.19
1251 121041.06
1252 121057.03
1253 121032.00
1254 120947.12
1255 121061.09
1256 121041.06
1257 121079.92
1258 121046.78
1259 121057.99
1260 121052.03
1261 121047.97
1262 120975.97
1263 121044.87
1264 121062.99
1265 121042.97
1266 121049.88
1267 121047.02
1268 121061.80
1269 121046.07
1270 121050.12
1271 121042.01
1272 121050.12
1273 121047.02
1274 121049.88
1275 121048.93
1276 121022.94
1277 121047.97
1278 121073.01
1279 121133.09
1280 121026.99
1281 121034.15
1282 120975.97
1283 121063.23
1284 121038.91
1285 121059.89
1286 121055.13
1287 121050.83
1288 121048.93
1289 121047.02
1290 121044.16
1291 121046.07
1292 120948.08
1293 121038.20
1294 121044.87
1295 121089.22
1296 121013.16
1297 121065.14
1298 121053.93
1299 121051.07
