1300
0 121116.88
1 121041.06
2 120980.02
3 121001.96
4 120991.95
5 121032.00
6 121032.00
7 121014.12
8 120944.98
9 121042.01
10 121035.10
11 121052.03
12 121024.85
13 121034.86
14 121015.07
15 121025.80
16 121006.97
17 121026.99
18 121032.00
19 121016.98
20 120948.08
21 120989.08
22 121004.82
23 121009.11
24 121024.85
25 120981.93
26 121005.77
27 121053.93
28 121011.02
29 121026.99
30 121005.06
31 121020.08
32 121007.92
33 121003.87
34 120991.95
35 121007.92
36 121008.87
37 121009.11
38 121009.11
39 121041.06
40 120940.92
41 121026.99
42 120977.88
43 121067.05
44 121022.94
45 121001.01
46 121018.89
47 121024.85
48 120992.90
49 121016.98
50 120949.03
51 121020.08
52 120984.08
53 121019.12
54 121021.99
55 121016.03
56 121020.08
57 121006.97
58 121013.88
59 121062.04
60 120942.83
61 120949.03
62 120975.97
63 121031.05
64 121026.04
65 121022.22
66 121021.03
67 121016.98
68 121012.93
69 121007.92
70 121045.11
71 121015.07
72 121023.18
73 121010.07
74 120985.03
75 120984.08
76 121022.94
77 121004.10
78 121006.01
79 121016.03
80 120936.16
81 121052.03
82 120973.83
83 120980.98
84 121029.14
85 121021.99
86 121016.98
87 121009.11
88 121008.16
89 120916.84
90 121043.92
91 121018.17
92 120929.00
93 121011.97
94 120903.02
95 121010.07
96 120960.95
97 120836.02
98 121004.10
99 120872.02
100 120797.16
101 120753.05
102 120831.97
103 121024.13
104 121518.14
105 121208.91
106 121181.96
107 121177.91
108 121268.99
109 121129.99
110 120948.08
111 121405.84
112 120798.83
113 121145.01
114 120866.06
115 121095.90
116 121134.04
117 121057.03
118 120859.86
119 120849.13
120 120929.00
121 121850.01
122 120960.95
123 120866.06
124 121181.96
125 121297.12
126 121043.92
127 121140.00
128 120884.90
129 121011.97
130 121529.10
131 121829.03
132 121154.07
133 122029.78
134 120929.00
135 121856.93
136 120925.19
137 121187.93
138 121104.96
139 121198.89
140 120885.13
141 120842.93
142 121333.12
143 122202.16
144 121901.99
145 121150.97
146 120876.07
147 121423.96
148 121562.00
149 120843.89
150 121145.01
151 120942.12
152 121241.81
153 120909.93
154 121010.07
155 121811.87
156 120900.87
157 120878.93
158 121587.99
159 121557.95
160 121397.02
161 121328.83
162 121350.05
163 120783.09
164 121170.04
165 121917.96
166 121676.92
167 121640.21
168 121148.11
169 120710.85
170 121742.96
171 120856.05
172 120887.04
173 121507.88
174 121433.97
175 120905.88
176 122832.06
177 120759.01
178 121012.93
179 122557.88
180 120960.00
181 120993.14
182 120943.07
183 120860.10
184 120887.99
185 121078.97
186 121808.05
187 121451.14
188 121245.15
189 122202.87
190 121148.82
191 121571.06
192 121216.06
193 121838.09
194 121124.98
195 120957.85
196 120930.91
197 120924.95
198 120821.95
199 120800.02
200 120851.99
201 121022.94
202 121480.94
203 120803.83
204 121526.96
205 121201.99
206 121985.91
207 121006.97
208 120995.04
209 121599.91
210 120844.13
211 121014.12
212 121497.87
213 121466.16
214 121602.06
215 121468.07
216 121306.18
217 121385.10
218 121502.88
219 121523.14
220 121238.95
221 121253.01
222 120904.21
223 120846.99
224 121403.93
225 121443.03
226 121199.85
227 121039.15
228 121913.91
229 120920.90
230 121675.97
231 121190.79
232 121550.80
233 121448.04
234 121304.99
235 121956.11
236 121988.06
237 121068.95
238 121829.99
239 121881.96
240 121519.09
241 121565.10
242 121256.11
243 120772.84
244 120683.91
245 121191.98
246 121105.91
247 122037.89
248 122479.92
249 122521.16
250 120793.10
251 121612.07
252 120891.81
253 120855.09
254 121428.01
255 122143.03
256 121178.15
257 120912.08
258 120898.01
259 120733.02
260 121541.02
261 120842.93
262 121448.04
263 120836.02
264 121095.90
265 120699.88
266 121337.18
267 121344.09
268 120696.07
269 121828.08
270 121227.03
271 120903.97
272 121880.05
273 121182.20
274 121459.01
275 122159.00
276 121410.13
277 121313.10
278 121036.05
279 121907.00
280 121625.90
281 121156.93
282 121058.94
283 120815.99
284 121747.02
285 121400.12
286 121224.88
287 120854.85
288 120950.94
289 121243.95
290 121479.99
291 120893.00
292 120728.02
293 120924.95
294 122129.92
295 120750.90
296 121350.05
297 121115.92
298 121328.83
299 121551.99
300 121457.10
301 121466.88
302 122078.90
303 120764.02
304 121310.00
305 121907.95
306 121101.14
307 121389.87
308 121376.99
309 120883.23
310 121119.98
311 120716.09
312 121052.03
313 121958.97
314 120755.20
315 121293.07
316 121286.87
317 121476.89
318 121121.88
319 120946.88
320 121028.90
321 121033.19
322 120828.87
323 120929.00
324 120846.99
325 120628.12
326 120922.80
327 122761.01
328 121526.96
329 120830.06
330 121186.97
331 121005.06
332 121029.85
333 120877.98
334 120737.08
335 121405.12
336 122233.87
337 120754.96
338 121233.94
339 120770.93
340 121834.04
341 121699.09
342 120731.83
343 120740.18
344 121906.04
345 120834.83
346 121452.09
347 121161.94
348 121533.16
349 120987.89
350 120865.11
351 121171.00
352 121472.84
353 120925.19
354 121427.06
355 121954.20
356 120732.07
357 121794.94
358 121205.81
359 120703.94
360 120736.84
361 120856.05
362 120742.08
363 120950.94
364 120845.08
365 120913.98
366 121307.13
367 120646.00
368 120718.96
369 121168.85
370 120723.01
371 120741.13
372 120844.13
373 120711.09
374 120749.95
375 121190.07
376 120851.04
377 121457.10
378 120908.02
379 120898.96
380 121106.86
381 120613.81
382 121100.90
383 121070.86
384 120851.99
385 120941.88
386 120923.04
387 121043.92
388 120892.05
389 120823.14
390 121034.86
391 120813.13
392 120934.96
393 120741.84
394 120775.94
395 121463.06
396 121124.03
397 120790.00
398 120926.86
399 120785.95
400 121001.96
401 120740.18
402 121181.01
403 120801.93
404 120867.97
405 120836.02
406 120918.99
407 120807.17
408 120937.11
409 120903.02
410 120914.94
411 121351.00
412 120893.96
413 120838.17
414 120862.01
415 121011.02
416 121286.87
417 120697.98
418 120917.08
419 120752.10
420 120620.97
421 120810.99
422 120795.97
423 121577.02
424 121123.79
425 120836.02
426 120905.88
427 120832.20
428 121070.15
429 120924.95
430 120948.08
431 121293.07
432 120865.82
433 121016.98
434 121280.91
435 121011.02
436 121031.05
437 121600.87
438 120913.98
439 120732.07
440 120921.13
441 121140.00
442 121004.10
443 120753.05
444 120787.14
445 121279.00
446 121157.17
447 121116.88
448 121121.17
449 121375.08
450 121070.15
451 120876.07
452 120897.05
453 120996.95
454 120852.95
455 120879.17
456 120904.92
457 120939.02
458 121162.89
459 121141.91
460 120949.98
461 120823.14
462 121200.08
463 121271.13
464 120979.07
465 121145.96
466 121151.92
467 120989.80
468 120836.97
469 120751.14
470 121326.92
471 121525.05
472 120839.83
473 120930.19
474 121222.02
475 121513.13
476 120836.02
477 121633.05
478 121041.06
479 120957.85
480 121196.99
481 120768.07
482 121328.12
483 121062.04
484 120934.01
485 120990.99
486 121232.03
487 121232.03
488 121250.87
489 121479.03
490 121275.90
491 121281.15
492 121037.01
493 121830.94
494 121218.20
495 120836.97
496 120640.04
497 120973.11
498 121310.95
499 120980.02
500 121006.01
501 120743.99
502 121842.86
503 121521.00
504 121076.82
505 121279.95
506 120997.91
507 120943.07
508 121368.17
509 121122.12
510 120913.98
511 121145.01
512 122008.80
513 120902.78
514 121171.95
515 121560.10
516 121566.06
517 121243.95
518 121412.99
519 121282.82
520 121134.04
521 121907.95
522 121034.15
523 121862.89
524 121230.13
525 121384.86
526 121292.83
527 120912.08
528 121544.84
529 121088.03
530 121665.95
531 121063.95
532 121125.94
533 120893.00
534 120918.04
535 121199.85
536 121180.06
537 121419.91
538 121220.11
539 121503.83
540 121445.89
541 121690.99
542 121100.90
543 121516.94
544 121392.01
545 121391.06
546 121068.00
547 121047.02
548 120779.99
549 121169.09
550 120791.91
551 120809.08
552 121241.81
553 121082.07
554 120869.16
555 121440.89
556 120893.00
557 121498.11
558 121437.07
559 121732.95
560 121299.98
561 121478.08
562 121274.95
563 120898.96
564 121570.11
565 120986.94
566 120934.01
567 120991.95
568 121308.09
569 121456.15
570 121567.96
571 121852.16
572 121084.93
573 120742.08
574 121281.86
575 121804.00
576 121639.97
577 121389.15
578 121188.16
579 121109.01
580 121001.01
581 121242.05
582 120910.88
583 121356.01
584 121068.95
585 121570.11
586 121690.99
587 121364.12
588 120990.99
589 121680.02
590 120986.94
591 121578.93
592 121695.04
593 121330.02
594 121237.99
595 121312.86
596 121834.99
597 121277.09
598 120763.06
599 121278.05
600 120945.93
601 121099.95
602 121200.08
603 121265.89
604 120960.00
605 121169.09
606 121287.11
607 121376.99
608 120915.89
609 121405.12
610 120909.93
611 121060.13
612 121248.96
613 121201.04
614 121553.18
615 121176.00
616 121449.95
617 121612.07
618 121377.94
619 120912.08
620 121338.13
621 121357.92
622 121278.05
623 121673.11
624 121114.02
625 121325.97
626 121502.16
627 121284.01
628 121002.91
629 121371.98
630 121597.05
631 121275.19
632 121191.02
633 120767.12
634 121515.99
635 121104.96
636 121150.02
637 120967.15
638 121347.90
639 121062.04
640 120844.13
641 121408.22
642 121110.92
643 121205.09
644 121250.87
645 121569.16
646 121155.98
647 121335.03
648 121317.15
649 121088.03
650 121288.06
651 121551.99
652 121644.97
653 120968.10
654 120925.19
655 121193.17
656 121263.03
657 121079.21
658 120909.93
659 121259.93
660 120882.99
661 121180.06
662 121249.91
663 121359.83
664 121223.93
665 121088.03
666 121080.88
667 121833.09
668 121248.96
669 121081.11
670 120788.10
671 120849.13
672 121084.21
673 120944.02
674 121749.88
675 121510.98
676 121459.01
677 121186.97
678 120960.95
679 121175.05
680 120935.92
681 121174.10
682 121345.04
683 121001.01
684 120697.98
685 121068.00
686 121112.11
687 121277.09
688 121249.91
689 121274.95
690 121299.98
691 121037.96
692 120963.81
693 120989.08
694 121444.94
695 121015.07
696 121315.96
697 120903.02
698 121317.86
699 121155.98
700 121125.94
701 121093.03
702 121066.09
703 121035.10
704 121265.89
705 121025.09
706 121649.03
707 120956.90
708 121418.00
709 120929.96
710 120927.81
711 121392.97
712 120791.91
713 121385.10
714 121380.09
715 121329.07
716 121524.10
717 121205.09
718 121332.88
719 121057.99
720 121352.91
721 121444.94
722 121175.05
723 120777.85
724 121202.95
725 121271.13
726 120946.88
727 121161.94
728 121704.82
729 121268.03
730 120795.97
731 121036.05
732 121141.91
733 121304.99
734 121001.01
735 121238.95
736 121699.09
737 121052.98
738 121304.99
739 121265.17
740 121187.93
741 121088.98
742 121210.81
743 120765.21
744 121412.04
745 121778.01
746 121176.00
747 121179.10
748 121362.92
749 120851.04
750 120709.90
751 120852.95
752 121546.03
753 121618.99
754 120965.00
755 120927.10
756 121099.95
757 121805.91
758 121547.94
759 121164.08
760 121344.80
761 120966.91
762 121248.01
763 121438.98
764 121389.87
765 120926.86
766 121355.06
767 121152.88
768 120929.00
769 121551.04
770 121205.81
771 121454.00
772 120963.10
773 121082.78
774 121183.87
775 121379.14
776 120821.95
777 121479.99
778 121191.98
779 120790.96
780 121150.02
781 121358.87
782 121566.06
783 121047.02
784 121612.07
785 120898.01
786 121170.04
787 121028.90
788 121505.02
789 121174.10
790 121304.04
791 121653.80
792 121392.97
793 121552.94
794 121680.97
795 121261.12
796 121179.10
797 121304.99
798 121280.91
799 121563.20
800 121227.03
801 121070.86
802 120875.12
803 121273.99
804 121235.13
805 120799.78
806 121325.02
807 121374.13
808 120877.03
809 120942.83
810 120855.09
811 121150.97
812 120990.99
813 121611.83
814 121028.90
815 121272.09
816 121591.09
817 120918.99
818 121099.95
819 121209.14
820 121254.92
821 121021.99
822 120847.94
823 120949.03
824 121649.98
825 121125.94
826 121650.93
827 121285.92
828 121237.04
829 121013.16
830 120914.94
831 121189.12
832 120845.08
833 121587.04
834 120971.92
835 120990.99
836 121446.13
837 121027.95
838 121309.04
839 121099.95
840 120742.08
841 121199.13
842 120987.89
843 121340.99
844 121095.18
845 121647.12
846 120986.94
847 121273.99
848 121783.02
849 121201.04
850 121208.19
851 121318.10
852 120756.15
853 121163.13
854 121471.88
855 121066.09
856 121595.86
857 121406.08
858 120841.03
859 121397.02
860 121286.15
861 121394.16
862 121521.00
863 121092.08
864 121140.96
865 121480.23
866 121732.00
867 121248.01
868 120862.01
869 121316.91
870 121718.17
871 121135.95
872 121517.90
873 120827.91
874 121532.92
875 121248.01
876 121107.10
877 121352.20
878 121357.92
879 121241.09
880 121619.94
881 121193.89
882 121531.01
883 120823.86
884 121186.97
885 121196.99
886 120965.96
887 121521.95
888 121396.06
889 120885.85
890 121319.06
891 120945.93
892 120965.00
893 120970.01
894 121300.94
895 121099.00
896 121872.90
897 121016.03
898 121012.21
899 121145.01
900 121360.06
901 121563.20
902 121057.99
903 120914.94
904 121185.06
905 121347.90
906 121561.05
907 120948.08
908 120897.05
909 121038.91
910 121310.95
911 120980.98
912 121438.98
913 121676.92
914 121089.22
915 121618.03
916 121401.07
917 121049.88
918 121037.01
919 121273.04
920 121205.09
921 120887.04
922 121237.99
923 121090.89
924 121087.79
925 121090.17
926 121641.87
927 121071.10
928 121028.18
929 121711.02
930 121115.92
931 121374.13
932 121546.98
933 121384.86
934 121078.01
935 121231.08
936 121073.01
937 121026.04
938 121256.11
939 121062.04
940 121457.10
941 121305.94
942 121033.91
943 121502.16
944 121165.99
945 120898.01
946 121732.95
947 121052.98
948 120975.97
949 121490.96
950 121281.15
951 121337.89
952 121085.88
953 120785.00
954 121348.14
955 121244.19
956 121127.13
957 120824.10
958 120987.18
959 121358.87
960 121069.91
961 121345.04
962 121352.91
963 121304.04
964 120724.92
965 120921.85
966 121195.08
967 121161.94
968 121109.96
969 121513.84
970 121416.09
971 120944.02
972 121059.89
973 120801.21
974 121218.92
975 120954.99
976 121221.07
977 121300.94
978 120948.08
979 121711.97
980 121040.11
981 121744.87
982 121551.04
983 120870.11
984 121335.03
985 120924.23
986 121702.91
987 120827.91
988 121814.97
989 121356.01
990 121336.94
991 121639.97
992 121148.11
993 121223.21
994 121325.97
995 121099.95
996 121505.98
997 121180.77
998 121037.96
999 120959.04
1000 121019.12
1001 121175.05
1002 121481.18
1003 121182.20
1004 121870.99
1005 121332.88
1006 121485.95
1007 121227.98
1008 120924.95
1009 121244.91
1010 121005.06
1011 121254.92
1012 121344.80
1013 121423.01
1014 121004.10
1015 121263.98
1016 121187.93
1017 120957.14
1018 121593.00
1019 120919.94
1020 121413.95
1021 120785.95
1022 121008.87
1023 121325.02
1024 120944.98
1025 121141.20
1026 121215.11
1027 120993.85
1028 121685.03
1029 121325.02
1030 121032.00
1031 121139.05
1032 121088.03
1033 121164.08
1034 121407.99
1035 121333.12
1036 121428.97
1037 121373.18
1038 121176.00
1039 120979.07
1040 121017.93
1041 121443.03
1042 120701.79
1043 120961.90
1044 121102.09
1045 121271.85
1046 121122.12
1047 120846.03
1048 121351.00
1049 121385.10
1050 120613.10
1051 121397.02
1052 120815.99
1053 120828.15
1054 121548.89
1055 121036.05
1056 120944.02
1057 120916.13
1058 120990.04
1059 121155.98
1060 121345.04
1061 121064.19
1062 121431.11
1063 121129.04
1064 120916.84
1065 120728.97
1066 121332.17
1067 121119.02
1068 120929.96
1069 121263.03
1070 121156.93
1071 121507.88
1072 121356.96
1073 120836.02
1074 120753.77
1075 121332.88
1076 120980.02
1077 121310.95
1078 120960.00
1079 121022.94
1080 121243.00
1081 120753.05
1082 121303.08
1083 121132.14
1084 121689.08
1085 121075.15
1086 120766.88
1087 121314.05
1088 120934.01
1089 121535.06
1090 121063.95
1091 120965.96
1092 121158.12
1093 121150.97
1094 121316.91
1095 121159.08
1096 120915.89
1097 121257.07
1098 121526.00
1099 121078.97
1100 121472.84
1101 121262.07
1102 121155.02
1103 121031.05
1104 120763.06
1105 121001.01
1106 121283.05
1107 120983.84
1108 120924.95
1109 121314.05
1110 121270.90
1111 121057.03
1112 121469.02
1113 121366.02
1114 121254.21
1115 121337.89
1116 120941.16
1117 121203.90
1118 121284.01
1119 120885.13
1120 120945.93
1121 121486.90
1122 120797.87
1123 120975.97
1124 120936.87
1125 121219.87
1126 120957.14
1127 121036.05
1128 121259.21
1129 120887.99
1130 121368.17
1131 120945.93
1132 120971.92
1133 120885.13
1134 120990.99
1135 121127.13
1136 121145.96
1137 120956.90
1138 121277.09
1139 121243.00
1140 121274.95
1141 121442.08
1142 121300.94
1143 120826.96
1144 121232.99
1145 121137.86
1146 121158.12
1147 120990.04
1148 121003.87
1149 120946.17
1150 121067.05
1151 120980.98
1152 120970.01
1153 120983.12
1154 121161.94
1155 121353.15
1156 120908.02
1157 121436.83
1158 121185.06
1159 121566.06
1160 120864.87
1161 120979.07
1162 121345.04
1163 121181.96
1164 121313.81
1165 121136.90
1166 121204.85
1167 121127.13
1168 121153.12
1169 121207.95
1170 121115.92
1171 121172.90
1172 121184.11
1173 121160.03
1174 121003.15
1175 121136.90
1176 121155.98
1177 121143.10
1178 121209.14
1179 121174.10
1180 121187.93
1181 121129.99
1182 121155.98
1183 121132.85
1184 121145.96
1185 121192.93
1186 121136.90
1187 121160.03
1188 121195.79
1189 121155.02
1190 121133.09
1191 121143.10
1192 121195.79
1193 121171.95
1194 121150.02
1195 121163.85
1196 121166.94
1197 121150.97
1198 121182.92
1199 121138.81
1200 121155.02
1201 121155.98
1202 121148.11
1203 121172.90
1204 121183.87
1205 121212.01
1206 121158.12
1207 121178.15
1208 121156.93
1209 121159.08
1210 121111.15
1211 121145.96
1212 121174.10
1213 121174.10
1214 121160.03
1215 121208.91
1216 121196.03
1217 121172.90
1218 121162.89
1219 121163.85
1220 121152.16
1221 121155.02
1222 121181.96
1223 121141.20
1224 121149.06
1225 121203.90
1226 121161.94
1227 121167.18
1228 121154.07
1229 121159.08
1230 121153.83
1231 121189.12
1232 121150.97
1233 121139.05
1234 121176.00
1235 121168.14
1236 121155.98
1237 121137.86
1238 121096.85
1239 121208.91
1240 121177.20
1241 121174.10
1242 121169.09
1243 121205.09
1244 121171.00
1245 121174.10
1246 121153.12
1247 121170.04
1248 121140.96
1249 121154.07
1250 121150.02
1251 121142.86
1252 121178.87
1253 121171.00
1254 121158.12
1255 121062.99
1256 121042.01
1257 121199.13
1258 121113.06
1259 121169.81
1260 121170.04
1261 121156.93
1262 121155.02
1263 121150.97
1264 121148.11
1265 121141.91
1266 121136.90
1267 121172.90
1268 121196.03
1269 121155.02
1270 121133.09
1271 121142.86
1272 121147.16
1273 121157.17
1274 121129.04
1275 120956.90
1276 121165.99
1277 121149.06
1278 121150.97
1279 121137.86
1280 121145.01
1281 121170.04
1282 121155.98
1283 121153.83
1284 121150.02
1285 121150.97
1286 121120.21
1287 121222.97
1288 121165.99
1289 121192.93
1290 121129.99
1291 121155.98
1292 121167.18
1293 121145.96
1294 121181.96
1295 121113.06
1296 121147.16
1297 121181.96
1298 121132.85
1299 121033.19
