1300
0 121306.90
1 121063.95
2 120997.91
3 121069.91
4 121054.89
5 121058.94
6 121048.93
7 121062.99
8 121051.07
9 121062.99
10 121048.93
11 120967.86
12 120980.02
13 121056.08
14 121069.91
15 120980.98
16 120974.06
17 121051.79
18 121057.99
19 121042.97
20 121044.87
21 121047.97
22 121059.89
23 121056.08
24 121065.14
25 121056.08
26 120987.89
27 121059.18
28 121025.09
29 121052.03
30 121083.02
31 121005.06
32 120988.85
33 121062.99
34 121047.02
35 121033.91
36 121037.01
37 121043.92
38 121052.03
39 121043.92
40 121061.80
41 121066.09
42 121017.93
43 121007.92
44 121073.01
45 121056.08
46 121039.15
47 121048.93
48 121046.07
49 121021.03
50 121048.21
51 121042.97
52 120990.99
53 121054.89
54 121063.95
55 121057.03
56 121067.05
57 121058.94
58 121046.07
59 121050.12
60 121049.88
61 121050.12
62 121014.12
63 120985.03
64 121070.86
65 121039.15
66 121036.05
67 121041.06
68 121042.97
69 121072.05
70 121046.07
71 121013.16
72 120970.96
73 121065.86
74 121070.15
75 121072.05
76 121036.05
77 121041.06
78 121044.16
79 121054.17
80 121052.03
81 121055.84
82 121040.11
83 121032.00
84 121045.11
85 121038.20
86 121050.12
87 121044.16
88 121043.92
89 121055.13
90 121037.96
91 121057.99
92 120919.94
93 121062.04
94 120980.98
95 120987.18
96 120939.02
97 120967.15
98 120996.00
99 121026.04
100 120914.94
101 120977.88
102 121912.00
103 121140.96
104 121877.91
105 122542.14
106 122486.83
107 120923.04
108 121828.08
109 123686.08
110 122046.95
111 122679.00
112 124245.88
113 124533.18
114 124570.13
115 124380.11
116 123612.17
117 124658.11
118 124556.06
119 123903.04
120 123523.00
121 124289.99
122 125201.94
123 125795.13
124 124928.00
125 124983.07
126 125849.96
127 124753.00
128 124603.03
129 125411.99
130 125404.12
131 125226.97
132 125005.96
133 125802.99
134 125137.09
135 124809.03
136 125649.93
137 125328.06
138 124994.04
139 124961.85
140 124809.03
141 125302.08
142 124820.95
143 124727.01
144 125468.97
145 124599.93
146 123696.80
147 125314.00
148 127716.06
149 125952.01
150 124189.14
151 125129.94
152 124275.92
153 123584.03
154 124102.83
155 124909.16
156 124423.03
157 125257.02
158 123329.16
159 124475.00
160 124711.99
161 124439.00
162 124479.06
163 125044.11
164 125038.86
165 125188.83
166 124822.85
167 124813.08
168 125454.19
169 123535.87
170 124484.06
171 123772.14
172 124175.07
173 125036.00
174 123810.05
175 125383.14
176 124562.98
177 125061.99
178 125330.92
179 124212.03
180 124807.83
181 124864.10
182 124130.01
183 123942.85
184 124485.97
185 124549.87
186 124377.01
187 125233.89
188 124503.85
189 124588.01
190 125334.02
191 123567.10
192 124618.05
193 125269.89
194 125108.96
195 124243.97
196 125662.80
197 125959.87
198 124788.05
199 125190.97
200 124473.09
201 125072.00
202 123295.07
203 125121.12
204 124768.97
205 124660.02
206 123981.95
207 124906.06
208 123862.03
209 123821.97
210 124287.84
211 123401.88
212 123365.88
213 123113.87
214 124317.17
215 124526.02
216 122903.82
217 124733.92
218 123492.96
219 123521.09
220 124212.98
221 122779.13
222 125016.93
223 123945.00
224 124773.98
225 123195.89
226 124954.94
227 125152.11
228 123165.85
229 123926.88
230 124752.04
231 123753.07
232 123838.90
233 123464.11
234 124035.12
235 124964.00
236 123805.05
237 124443.05
238 123736.14
239 124246.12
240 126797.20
241 125043.87
242 124933.00
243 124007.94
244 125365.97
245 126980.07
246 124382.02
247 125132.08
248 124183.89
249 124752.04
250 124748.95
251 124672.89
252 124547.96
253 124280.93
254 123553.04
255 124171.97
256 125831.84
257 124086.14
258 125365.97
259 126402.14
260 125404.12
261 123795.03
262 123836.99
263 125220.78
264 124414.92
265 123627.19
266 124516.01
267 124513.15
268 124288.80
269 123744.96
270 125355.96
271 124272.82
272 123745.92
273 125180.96
274 124432.80
275 124997.85
276 124495.03
277 123850.11
278 124443.05
279 124821.19
280 124170.06
281 124028.92
282 124767.07
283 123883.96
284 122905.02
285 124957.08
286 126482.96
287 125582.93
288 123906.14
289 124879.12
290 123268.13
291 124166.01
292 123981.00
293 124194.15
294 125420.09
295 126531.84
296 123939.04
297 124742.98
298 123906.85
299 124686.00
300 123957.87
301 125689.03
302 124933.00
303 124207.02
304 125091.08
305 124013.19
306 125544.07
307 124013.90
308 123762.85
309 125545.02
310 125056.03
311 125235.08
312 124900.10
313 125756.98
314 123579.03
315 124139.07
316 123505.12
317 124104.02
318 124551.06
319 125502.82
320 125509.98
321 123123.17
322 123267.89
323 124592.07
324 124062.06
325 126341.10
326 124681.95
327 123213.05
328 123332.98
329 123862.03
330 125789.17
331 125429.87
332 125560.05
333 124516.01
334 125285.86
335 124629.02
336 125485.90
337 123831.03
338 127995.01
339 124039.89
340 125316.86
341 124629.97
342 125283.00
343 124716.04
344 125447.99
345 125387.91
346 123690.84
347 126255.99
348 126063.11
349 125160.93
350 126976.97
351 124234.91
352 124629.97
353 126899.00
354 125174.05
355 125278.95
356 125321.87
357 125875.95
358 122735.98
359 124281.17
360 125194.07
361 125854.02
362 124898.20
363 124913.93
364 124881.03
365 125444.89
366 125241.99
367 124935.87
368 125103.95
369 125026.94
370 126089.10
371 125175.00
372 125391.96
373 125746.97
374 125868.80
375 125483.99
376 126192.09
377 125409.13
378 122982.03
379 123742.10
380 123323.92
381 124006.99
382 124279.02
383 124160.05
384 123649.84
385 124161.01
386 124730.11
387 124284.98
388 123803.85
389 123990.06
390 123472.21
391 123945.95
392 124086.14
393 122845.89
394 123096.94
395 125615.12
396 125441.07
397 125591.04
398 124883.89
399 126229.05
400 126071.93
401 125247.96
402 126188.99
403 125754.12
404 125782.01
405 125923.16
406 125928.88
407 125355.01
408 126500.13
409 125700.95
410 126549.96
411 125787.97
412 125641.82
413 124257.09
414 124446.87
415 124451.88
416 123394.01
417 123747.83
418 125252.96
419 124324.08
420 123754.98
421 123602.87
422 123401.17
423 123760.94
424 123829.13
425 123691.08
426 123931.17
427 124934.91
428 123631.95
429 123046.16
430 124017.95
431 123587.85
432 124378.92
433 123821.02
434 123186.11
435 122798.20
436 123679.16
437 124262.81
438 123611.21
439 123888.02
440 123528.96
441 123683.93
442 122509.00
443 122820.85
444 124361.99
445 120968.10
446 121815.92
447 122015.00
448 123375.18
449 124087.81
450 124494.79
451 124674.08
452 124404.19
453 124280.93
454 124225.14
455 124593.02
456 124192.00
457 124011.99
458 123686.79
459 125400.07
460 124378.92
461 123652.94
462 123625.99
463 123566.87
464 123245.95
465 123609.07
466 123478.17
467 124442.10
468 123739.00
469 123866.08
470 123600.96
471 124133.83
472 123876.81
473 123670.82
474 124042.03
475 124161.96
476 124275.92
477 123565.91
478 123298.88
479 123734.95
480 123802.90
481 123520.14
482 123806.00
483 124382.97
484 123955.97
485 124340.06
486 123540.16
487 123327.97
488 123625.04
489 124731.06
490 123661.99
491 123882.06
492 124083.04
493 123656.03
494 123117.92
495 122956.04
496 123695.14
497 124171.02
498 123903.04
499 124319.08
500 124093.06
501 123480.08
502 123664.14
503 123137.00
504 123511.08
505 123650.07
506 124241.11
507 124461.89
508 123990.06
509 124529.84
510 123780.97
511 123806.95
512 123352.05
513 123847.01
514 123860.12
515 124488.83
516 124141.93
517 124336.96
518 123326.06
519 124266.86
520 123573.06
521 123224.02
522 123753.07
523 124215.13
524 124198.91
525 124108.79
526 123414.99
527 124004.84
528 124126.91
529 124248.98
530 123888.97
531 123621.94
532 124027.97
533 123718.98
534 124163.87
535 123443.13
536 124712.94
537 123867.99
538 123596.91
539 124215.13
540 123867.99
541 124228.00
542 124322.89
543 123553.99
544 124004.84
545 123672.01
546 124174.12
547 124259.95
548 124428.99
549 124171.02
550 123694.90
551 124315.98
552 123505.12
553 124131.20
554 125648.98
555 123770.00
556 123435.02
557 123975.99
558 123889.21
559 123727.08
560 124176.98
561 121816.87
562 122648.00
563 124287.84
564 124124.05
565 123487.95
566 124171.02
567 124164.10
568 125165.94
569 124423.03
570 125923.87
571 124683.14
572 125999.93
573 124967.81
574 124356.99
575 124578.95
576 124928.95
577 123795.99
578 123211.86
579 124323.13
580 123193.03
581 124330.04
582 124511.00
583 123484.13
584 123745.92
585 123605.01
586 123773.10
587 124269.01
588 123919.96
589 124000.07
590 123963.12
591 123868.94
592 122694.97
593 123092.89
594 123064.99
595 124098.06
596 122930.05
597 123306.04
598 122173.79
599 122981.07
600 123064.99
601 123625.99
602 122921.94
603 123570.92
604 123010.87
605 121299.98
606 121330.02
607 121505.02
608 121079.92
609 121348.14
610 121638.77
611 121186.02
612 122441.05
613 120988.13
614 121624.23
615 120902.06
616 120963.10
617 121216.06
618 121576.79
619 121201.04
620 120962.14
621 121135.95
622 121284.96
623 121017.93
624 121244.91
625 121272.09
626 120993.14
627 121448.99
628 121051.07
629 121650.93
630 121209.86
631 121190.07
632 121128.80
633 121315.00
634 121135.95
635 121150.97
636 121454.00
637 121124.98
638 121448.99
639 121246.10
640 120854.85
641 121425.15
642 120951.18
643 121017.93
644 120909.93
645 121118.07
646 120975.02
647 121029.85
648 121032.00
649 121023.89
650 121168.85
651 120830.06
652 121025.09
653 121236.09
654 120977.88
655 120999.10
656 120865.82
657 120979.07
658 121212.96
659 121288.06
660 120865.11
661 121210.10
662 121122.12
663 121055.84
664 120964.05
665 122020.96
666 120922.09
667 120996.00
668 121211.05
669 120799.06
670 120915.89
671 120918.99
672 120858.91
673 121040.11
674 121093.03
675 121004.10
676 120918.04
677 121130.94
678 121597.05
679 121038.91
680 121338.84
681 120800.02
682 121158.84
683 121861.93
684 120781.18
685 121324.06
686 121026.99
687 120863.91
688 120857.00
689 120796.92
690 120967.86
691 121104.96
692 121181.01
693 121021.03
694 121172.90
695 121263.98
696 121237.04
697 121259.93
698 120890.14
699 120975.97
700 121054.17
701 121014.12
702 121180.06
703 121067.05
704 121551.04
705 121070.86
706 121063.95
707 120776.89
708 120829.82
709 121073.01
710 120874.17
711 121092.08
712 120939.02
713 121047.97
714 121187.93
715 120749.95
716 121124.98
717 120965.00
718 121414.90
719 120816.95
720 121291.16
721 121075.87
722 121231.79
723 120831.01
724 120821.95
725 121203.18
726 120997.91
727 120949.98
728 120955.94
729 121301.89
730 121075.15
731 120924.95
732 121016.98
733 121132.85
734 120880.13
735 120764.02
736 121088.98
737 120937.11
738 121103.05
739 121011.97
740 121177.91
741 120939.02
742 120837.93
743 121348.14
744 120935.92
745 121030.09
746 120999.10
747 120939.02
748 121298.07
749 120948.08
750 121180.06
751 121117.12
752 121457.10
753 121092.08
754 121170.04
755 120971.92
756 121303.08
757 120926.86
758 121393.92
759 120914.94
760 121045.11
761 121207.95
762 121196.03
763 121073.96
764 121114.02
765 120948.08
766 121075.87
767 121239.90
768 121721.98
769 120928.05
770 121374.13
771 121185.06
772 121173.86
773 121088.98
774 121200.08
775 121057.99
776 121279.95
777 121455.91
778 120972.87
779 121207.00
780 121160.03
781 121397.02
782 121243.95
783 121444.94
784 120973.11
785 120919.94
786 120814.09
787 121072.05
788 121515.04
789 121206.05
790 120707.99
791 121359.83
792 121121.17
793 120944.02
794 120937.11
795 120886.09
796 120937.82
797 121087.07
798 121295.93
799 121026.04
800 121206.05
801 121294.98
802 121382.95
803 120882.03
804 121097.09
805 121172.90
806 121129.99
807 120999.81
808 121562.96
809 120826.01
810 121244.19
811 121026.04
812 121065.14
813 120976.92
814 121323.11
815 121232.03
816 120872.97
817 121920.11
818 120762.83
819 121115.92
820 121068.95
821 120964.05
822 120963.81
823 120867.01
824 120936.87
825 121158.12
826 120780.94
827 121000.05
828 121036.05
829 121018.89
830 121114.02
831 120909.93
832 121186.02
833 121072.05
834 120748.04
835 120949.03
836 121237.04
837 120785.00
838 121073.01
839 121267.08
840 121423.96
841 120713.95
842 121053.93
843 121344.09
844 121437.07
845 121008.16
846 121047.02
847 121108.06
848 120985.03
849 121287.11
850 121059.89
851 121057.03
852 121037.01
853 121160.98
854 121147.16
855 121151.92
856 120992.18
857 121114.97
858 121284.01
859 121041.77
860 121202.95
861 121277.09
862 121901.99
863 120943.07
864 121642.83
865 121323.11
866 120872.97
867 121179.10
868 120889.19
869 121078.97
870 121706.96
871 120980.98
872 121201.99
873 120997.91
874 120891.09
875 121037.01
876 120769.02
877 120977.88
878 120995.04
879 120826.96
880 121410.13
881 121075.15
882 121340.99
883 121040.82
884 121498.11
885 121040.11
886 121330.02
887 120702.98
888 121088.98
889 121143.10
890 121331.93
891 120888.95
892 121254.92
893 120776.89
894 120909.93
895 120877.98
896 121353.15
897 121191.02
898 121031.05
899 121365.07
900 121150.02
901 120800.02
902 120996.95
903 120997.91
904 121035.10
905 120936.87
906 120796.92
907 120845.08
908 120918.04
909 121019.12
910 121326.92
911 120988.85
912 120807.17
913 121128.08
914 120793.10
915 121131.90
916 120841.03
917 120879.17
918 120805.98
919 120872.97
920 120782.85
921 121104.00
922 121180.06
923 121145.01
924 120990.99
925 120898.96
926 121273.04
927 120810.03
928 120924.95
929 121155.98
930 120837.93
931 120805.03
932 121032.00
933 121145.01
934 121125.94
935 120902.78
936 120904.92
937 120769.98
938 121071.10
939 120861.05
940 121280.91
941 121274.95
942 121199.85
943 121194.84
944 121186.02
945 121217.97
946 121196.03
947 121340.99
948 120873.21
949 121000.05
950 120990.99
951 121176.00
952 121173.86
953 121159.08
954 121610.88
955 121296.17
956 120793.82
957 120979.07
958 121108.06
959 121173.14
960 121644.02
961 120868.92
962 120876.79
963 120870.11
964 120810.99
965 121335.98
966 121134.04
967 120796.20
968 121651.89
969 121200.08
970 120799.06
971 120876.07
972 120856.05
973 120839.12
974 121255.16
975 120919.94
976 121101.14
977 121181.01
978 120908.98
979 121217.01
980 120997.19
981 121006.97
982 121185.06
983 120834.11
984 121294.98
985 120965.96
986 120753.05
987 121031.05
988 120966.20
989 121132.14
990 121095.90
991 121061.80
992 121349.81
993 120802.16
994 121112.82
995 120960.00
996 121159.79
997 120762.83
998 120988.13
999 121166.94
1000 121401.79
1001 121231.08
1002 121424.91
1003 121132.14
1004 121016.98
1005 121114.02
1006 121320.01
1007 121719.12
1008 120829.11
1009 121726.99
1010 121331.21
1011 120844.13
1012 121006.97
1013 120831.01
1014 121182.20
1015 120889.90
1016 121017.93
1017 121324.06
1018 121145.01
1019 121425.15
1020 121328.83
1021 120760.92
1022 121077.06
1023 120960.00
1024 120981.93
1025 121217.97
1026 121204.85
1027 121121.17
1028 121073.96
1029 120884.90
1030 120754.96
1031 120878.93
1032 120902.06
1033 121026.04
1034 121005.06
1035 121028.90
1036 121018.17
1037 120995.04
1038 121023.89
1039 121023.89
1040 121001.01
1041 121032.95
1042 121024.13
1043 121001.01
1044 120952.84
1045 121021.03
1046 121021.99
1047 121011.97
1048 121013.88
1049 121016.98
1050 121017.93
1051 121016.98
1052 121026.99
1053 121034.15
1054 121038.91
1055 121036.05
1056 120944.98
1057 120966.91
1058 120996.95
1059 121022.94
1060 121006.97
1061 121042.01
1062 121012.93
1063 120991.95
1064 120984.08
1065 120943.07
1066 121008.16
1067 121039.15
1068 121017.93
1069 121053.93
1070 121025.80
1071 120996.95
1072 121029.85
1073 121019.12
1074 121025.09
1075 121021.99
1076 121030.81
1077 120978.12
1078 121026.99
1079 121026.04
1080 120936.87
1081 121030.81
1082 121027.95
1083 121026.04
1084 121030.81
1085 121029.14
1086 120959.04
1087 121028.90
1088 120997.19
1089 120996.95
1090 121015.07
1091 121011.97
1092 121020.08
1093 121012.93
1094 121026.99
1095 121017.93
1096 121032.95
1097 120989.08
1098 121000.05
1099 121011.02
1100 120989.08
1101 120985.98
1102 121027.95
1103 121032.95
1104 121026.99
1105 120933.06
1106 121034.86
1107 121029.14
1108 121007.92
1109 121048.93
1110 121032.00
1111 121042.97
1112 121032.00
1113 121034.86
1114 120963.81
1115 121005.06
1116 121036.05
1117 120976.92
1118 120900.15
1119 121032.95
1120 121039.15
1121 121022.94
1122 121001.01
1123 120980.98
1124 121042.01
1125 121021.99
1126 121024.85
1127 121026.99
1128 121016.98
1129 120997.91
1130 121016.03
1131 121011.02
1132 121018.89
1133 121024.13
1134 121016.98
1135 121032.95
1136 120924.95
1137 120985.98
1138 121045.11
1139 121010.07
1140 121016.98
1141 120938.06
1142 121016.03
1143 121013.16
1144 120973.11
1145 120944.98
1146 121042.97
1147 121032.00
1148 121042.01
1149 121036.05
1150 120971.92
1151 121033.91
1152 121026.99
1153 121001.01
1154 121032.00
1155 120944.98
1156 120964.05
1157 120997.91
1158 121039.15
1159 120939.02
1160 121053.22
1161 121033.91
1162 121042.01
1163 121000.05
1164 121011.02
1165 121042.97
1166 121021.03
1167 121011.02
1168 121016.03
1169 121018.89
1170 121035.10
1171 121026.99
1172 121015.07
1173 121032.00
1174 121020.08
1175 121004.10
1176 121021.99
1177 121006.97
1178 121031.05
1179 121016.98
1180 121037.96
1181 121015.07
1182 121032.00
1183 121025.09
1184 121003.15
1185 120942.12
1186 120933.06
1187 121005.06
1188 121038.91
1189 121029.14
1190 121038.91
1191 121040.11
1192 121038.91
1193 121003.87
1194 121039.15
1195 121047.02
1196 121040.11
1197 120988.13
1198 121043.92
1199 121007.92
1200 121011.02
1201 121037.01
1202 121016.03
1203 120975.02
1204 121016.98
1205 120969.06
1206 121021.99
1207 121034.86
1208 121033.91
1209 120996.00
1210 121033.91
1211 121041.06
1212 121042.97
1213 121028.18
1214 121005.06
1215 121030.81
1216 120931.86
1217 120941.16
1218 121013.88
1219 121028.18
1220 121020.08
1221 121031.05
1222 121029.14
1223 121020.08
1224 121026.99
1225 120975.97
1226 121028.90
1227 121007.20
1228 120978.12
1229 121011.97
1230 120996.00
1231 121031.05
1232 121020.08
1233 121033.91
1234 121037.96
1235 121023.89
1236 121010.07
1237 120982.89
1238 121010.07
1239 120997.91
1240 121016.03
1241 121018.89
1242 121019.12
1243 120903.97
1244 121022.94
1245 121037.96
1246 121019.84
1247 121042.97
1248 121031.05
1249 121045.11
1250 120954.99
1251 121050.12
1252 121033.19
1253 121041.06
1254 121004.82
1255 120975.02
1256 121011.97
1257 120985.98
1258 121011.02
1259 121034.15
1260 121014.83
1261 121025.09
1262 121023.89
1263 121028.90
1264 121023.89
1265 120949.03
1266 121032.00
1267 121018.89
1268 120996.95
1269 121020.08
1270 121043.92
1271 121021.03
1272 120975.02
1273 121018.89
1274 121037.01
1275 121024.13
1276 121027.95
1277 120997.91
1278 121032.00
1279 121040.11
1280 121039.15
1281 120965.96
1282 121081.11
1283 121032.00
1284 120982.17
1285 120913.98
1286 121006.01
1287 121015.07
1288 121018.17
1289 121022.94
1290 121026.04
1291 121041.06
1292 121028.90
1293 121039.15
1294 121002.91
1295 121049.17
1296 121005.06
1297 120811.94
1298 120990.99
1299 121028.90
