1300
0 121143.10
1 121009.11
2 121011.02
3 120980.98
4 120997.91
5 121012.21
6 121015.07
7 120999.10
8 121001.96
9 121044.87
10 120931.86
11 121010.07
12 120997.91
13 120996.00
14 121001.96
15 121037.01
16 121007.92
17 121018.17
18 120968.82
19 121010.07
20 121006.97
21 121011.02
22 121016.03
23 121016.98
24 121040.82
25 121046.07
26 120912.79
27 121007.92
28 121020.08
29 121013.88
30 121026.04
31 121007.92
32 120992.90
33 121006.97
34 120990.04
35 120996.00
36 121012.93
37 121024.13
38 120995.04
39 121021.99
40 121022.94
41 121004.10
42 121001.01
43 120983.12
44 121022.94
45 120987.18
46 120997.91
47 121016.03
48 121017.93
49 121026.99
50 120982.89
51 121024.13
52 120990.04
53 121024.85
54 121020.08
55 121018.89
56 121016.98
57 121011.02
58 121009.11
59 120999.10
60 121010.78
61 121006.01
62 121029.14
63 121007.92
64 121032.95
65 121012.93
66 120917.08
67 121021.03
68 121003.87
69 121011.97
70 121009.11
71 121008.87
72 120979.07
73 121011.02
74 121008.87
75 121007.92
76 121006.97
77 121008.16
78 120999.81
79 121017.93
80 121000.05
81 121006.01
82 120990.04
83 121006.97
84 121000.05
85 121015.07
86 121026.99
87 121032.00
88 121016.03
89 121011.02
90 121019.12
91 120998.86
92 120958.09
93 120851.04
94 120911.12
95 120924.00
96 120852.95
97 120884.90
98 120897.05
99 120999.10
100 121008.16
101 120949.98
102 120976.92
103 121562.96
104 121172.19
105 121025.09
106 121391.06
107 120987.89
108 121514.08
109 121017.93
110 121041.06
111 120815.99
112 120898.01
113 121406.08
114 121310.00
115 121052.98
116 121026.04
117 121083.02
118 121710.06
119 120800.02
120 121531.96
121 121366.98
122 121099.00
123 121730.09
124 121381.04
125 121520.04
126 121188.16
127 121394.87
128 121714.83
129 120841.03
130 121099.95
131 121186.97
132 120927.81
133 120934.96
134 121755.12
135 121345.04
136 121981.14
137 122169.02
138 121248.96
139 120857.95
140 121773.00
141 121237.99
142 121289.01
143 121808.05
144 121129.04
145 121670.01
146 121208.19
147 121248.96
148 121088.03
149 121166.94
150 121114.97
151 122056.01
152 121623.04
153 121891.98
154 122215.99
155 121384.14
156 122216.94
157 121154.79
158 121247.05
159 121313.10
160 121278.05
161 121158.12
162 121129.04
163 121621.85
164 121568.92
165 121557.00
166 120880.84
167 121644.02
168 121901.04
169 121155.98
170 120806.22
171 121454.00
172 121732.95
173 120908.02
174 121593.00
175 121580.12
176 121819.97
177 121401.07
178 120962.86
179 121539.12
180 121432.07
181 121320.01
182 121247.05
183 121810.20
184 121092.08
185 121212.01
186 121740.10
187 120838.88
188 121654.99
189 121895.07
190 121382.00
191 120849.85
192 121305.94
193 121160.98
194 121073.01
195 121457.10
196 120879.89
197 121300.94
198 121806.86
199 120963.10
200 121225.83
201 121369.84
202 121127.84
203 121134.04
204 121687.89
205 120984.08
206 121564.87
207 121208.91
208 122909.07
209 121579.89
210 121440.89
211 121412.04
212 121518.85
213 121768.95
214 120949.98
215 122154.95
216 121917.96
217 121926.07
218 121939.18
219 120999.10
220 120880.13
221 120877.03
222 121778.01
223 121347.90
224 121826.89
225 121928.93
226 120994.81
227 121114.97
228 121237.04
229 122612.00
230 121013.88
231 121227.98
232 121561.05
233 121028.18
234 121459.01
235 120960.95
236 121237.99
237 121480.94
238 121787.07
239 121235.85
240 121373.18
241 121762.99
242 120831.01
243 121052.98
244 121688.13
245 122390.99
246 120993.85
247 120994.81
248 122046.95
249 120915.17
250 121027.95
251 121666.91
252 121016.98
253 121176.00
254 121387.96
255 120903.02
256 121054.17
257 121366.98
258 121083.97
259 120908.98
260 122013.09
261 121086.12
262 121055.13
263 121437.07
264 121737.00
265 121921.78
266 120940.92
267 121152.16
268 121518.14
269 121484.04
270 121207.00
271 120982.89
272 121073.01
273 121121.17
274 121505.02
275 122460.84
276 122035.03
277 120973.11
278 121404.17
279 121970.89
280 121503.83
281 121726.99
282 121337.18
283 121291.16
284 122663.02
285 122759.10
286 121806.14
287 121813.06
288 122378.11
289 121547.94
290 120810.03
291 121263.03
292 122570.04
293 120934.01
294 121068.95
295 121757.98
296 122385.98
297 121580.12
298 121264.93
299 120929.00
300 120917.08
301 120759.01
302 120974.06
303 121093.99
304 121303.08
305 121279.00
306 122443.91
307 120971.92
308 121694.09
309 121526.00
310 121627.09
311 121507.17
312 120816.95
313 121793.99
314 121307.85
315 121508.12
316 121382.00
317 121554.14
318 121357.20
319 121829.99
320 121824.03
321 121053.93
322 121966.12
323 121366.98
324 120964.05
325 121144.06
326 120885.13
327 121495.01
328 120895.15
329 121311.19
330 121447.80
331 123195.17
332 121104.96
333 121211.05
334 120835.07
335 120924.00
336 122668.98
337 121536.97
338 121596.10
339 121865.99
340 120722.06
341 121366.02
342 121452.09
343 122079.13
344 121177.20
345 121087.07
346 121226.07
347 120951.89
348 120912.08
349 121397.97
350 121286.87
351 121129.04
352 121625.90
353 120930.91
354 120973.83
355 120888.95
356 121691.23
357 121288.06
358 121086.12
359 120815.04
360 120971.20
361 121004.10
362 120821.00
363 121113.06
364 121429.20
365 120888.95
366 120790.00
367 120879.89
368 120952.13
369 121125.94
370 121006.01
371 121275.90
372 120931.15
373 120952.13
374 120883.94
375 120916.84
376 120826.96
377 120887.04
378 121141.91
379 120899.20
380 121181.96
381 120914.22
382 121035.10
383 120838.17
384 120802.88
385 120880.13
386 120945.93
387 120975.97
388 120849.13
389 121187.21
390 120725.87
391 121030.09
392 120863.91
393 121124.03
394 120811.94
395 121288.06
396 120889.90
397 121156.93
398 121028.90
399 120879.89
400 121231.08
401 120815.99
402 120972.87
403 120718.00
404 121094.94
405 120867.97
406 120854.85
407 120881.08
408 121074.20
409 120852.95
410 121021.99
411 120787.86
412 121466.16
413 121183.87
414 121346.00
415 121215.82
416 120972.16
417 120941.88
418 120712.04
419 120719.91
420 120919.23
421 120738.03
422 120929.96
423 121420.15
424 120860.10
425 120767.83
426 120975.02
427 120993.14
428 120915.89
429 121663.09
430 120970.01
431 120954.99
432 121050.83
433 120952.84
434 121010.07
435 121342.90
436 120942.12
437 121009.11
438 121211.05
439 120776.89
440 121124.98
441 121287.11
442 120934.96
443 120861.05
444 121003.87
445 120912.08
446 121534.82
447 121021.99
448 120983.12
449 120880.84
450 121183.16
451 121304.04
452 121591.09
453 120887.04
454 120816.23
455 120658.87
456 121501.92
457 121217.97
458 120918.04
459 120918.99
460 120954.99
461 120822.91
462 120925.90
463 121786.12
464 121574.88
465 121122.12
466 121588.95
467 120844.84
468 121494.05
469 121855.02
470 121211.05
471 120994.09
472 121211.05
473 121284.01
474 121585.85
475 121655.94
476 121260.17
477 121340.99
478 120954.04
479 121665.00
480 121778.01
481 121560.10
482 120857.00
483 121412.99
484 121458.05
485 121405.84
486 121329.07
487 121093.99
488 120918.99
489 121151.92
490 121373.89
491 121407.99
492 121383.19
493 121144.06
494 121546.98
495 121558.90
496 121359.11
497 121723.89
498 121155.98
499 121437.79
500 121611.12
501 121631.15
502 121398.21
503 121030.09
504 121775.15
505 121764.18
506 121464.97
507 121867.90
508 121204.85
509 121137.14
510 121655.94
511 121234.89
512 121088.03
513 121254.21
514 121611.12
515 121163.85
516 121256.83
517 121711.02
518 120841.03
519 121065.14
520 121241.09
521 121733.90
522 121294.98
523 121010.07
524 121119.02
525 121410.13
526 121006.01
527 121234.89
528 121490.96
529 121366.02
530 121579.89
531 121263.98
532 121614.93
533 121505.02
534 120776.89
535 121522.90
536 121181.01
537 121699.09
538 121058.94
539 121088.98
540 121545.08
541 121253.01
542 121068.00
543 121033.19
544 121562.96
545 121274.95
546 121554.14
547 121830.94
548 121291.16
549 121196.03
550 120942.12
551 121687.89
552 121315.00
553 121331.21
554 121553.18
555 121607.07
556 121680.97
557 121665.00
558 121459.96
559 121234.89
560 121521.95
561 121371.03
562 121028.18
563 121073.96
564 121043.92
565 121211.05
566 121098.04
567 120804.07
568 121392.01
569 121588.95
570 121234.89
571 121607.07
572 121058.94
573 121249.91
574 121083.97
575 121288.06
576 121489.05
577 121668.82
578 121229.17
579 121182.20
580 121181.96
581 121420.15
582 121397.02
583 120961.19
584 121523.86
585 121268.03
586 121330.02
587 121469.02
588 121458.05
589 121213.91
590 121615.89
591 121668.10
592 121512.17
593 121423.96
594 121248.01
595 121273.99
596 120788.10
597 121304.99
598 120970.96
599 121201.99
600 121254.21
601 121214.15
602 121226.07
603 121112.82
604 121152.88
605 121286.87
606 120941.88
607 121459.96
608 121218.92
609 121866.94
610 121000.05
611 121363.88
612 121191.02
613 121628.05
614 121242.05
615 121361.97
616 121546.03
617 121717.93
618 121307.13
619 121140.96
620 121061.09
621 121561.05
622 121245.15
623 121160.98
624 121252.06
625 121475.93
626 120944.02
627 121363.88
628 120922.09
629 120958.81
630 121253.01
631 121207.00
632 121237.99
633 121076.82
634 121196.99
635 121412.99
636 121875.05
637 121323.11
638 121459.01
639 121614.93
640 121472.12
641 121211.05
642 121195.79
643 121443.03
644 121385.10
645 121438.98
646 121128.08
647 121061.09
648 121588.95
649 120886.09
650 121692.18
651 121575.12
652 121105.19
653 121240.14
654 121722.94
655 121451.14
656 121867.90
657 121181.01
658 121346.00
659 121578.93
660 121389.15
661 121609.93
662 121232.03
663 120991.95
664 121080.88
665 121883.15
666 121474.03
667 121535.06
668 121248.01
669 121126.89
670 121564.87
671 121453.05
672 121340.99
673 121157.17
674 121085.17
675 121145.01
676 121160.98
677 121064.90
678 121138.81
679 121876.00
680 121114.97
681 120936.16
682 121456.86
683 121808.05
684 121294.02
685 120920.90
686 121378.18
687 121649.03
688 121201.04
689 121060.85
690 121476.89
691 121357.92
692 121263.98
693 121314.05
694 121816.87
695 121459.01
696 121595.86
697 121434.93
698 121357.92
699 120806.93
700 121326.92
701 121105.91
702 121088.03
703 121316.91
704 121602.06
705 121591.09
706 121449.95
707 122078.90
708 121662.14
709 121462.11
710 121561.05
711 121177.91
712 121459.01
713 120899.20
714 121515.99
715 121124.03
716 121362.92
717 121407.03
718 121344.09
719 121293.07
720 121260.17
721 121516.94
722 121181.01
723 121333.84
724 121394.16
725 121536.02
726 121554.14
727 121325.02
728 120866.06
729 121588.95
730 121721.03
731 121367.93
732 121468.07
733 121434.93
734 121701.96
735 121739.86
736 121243.00
737 121287.11
738 121348.14
739 121464.97
740 121104.96
741 121701.00
742 121048.21
743 121201.04
744 121371.03
745 121490.96
746 121148.82
747 121297.12
748 121407.99
749 121230.13
750 121723.18
751 121281.15
752 121901.99
753 121059.89
754 121220.11
755 121216.06
756 121389.87
757 121721.03
758 121929.88
759 121234.18
760 121199.13
761 121480.94
762 121230.13
763 121853.11
764 121778.01
765 120920.18
766 121564.87
767 121159.08
768 121256.11
769 121191.98
770 121597.05
771 121178.87
772 121132.85
773 121290.92
774 121855.02
775 121371.03
776 121722.94
777 121068.00
778 121409.18
779 121853.83
780 121777.06
781 121851.92
782 121667.15
783 121764.90
784 120800.97
785 120988.13
786 121185.06
787 121766.09
788 121787.07
789 121006.01
790 121253.01
791 121498.11
792 120903.02
793 121536.02
794 121623.99
795 120941.88
796 121478.08
797 120885.13
798 121535.06
799 121200.08
800 121369.84
801 121101.14
802 121315.00
803 121059.18
804 120756.86
805 121500.97
806 121288.78
807 120940.92
808 121145.01
809 121450.90
810 121483.80
811 121251.82
812 121030.09
813 121285.20
814 121639.01
815 121785.88
816 121157.17
817 121057.03
818 121418.95
819 121740.10
820 121515.99
821 121684.07
822 121141.91
823 121204.85
824 120860.10
825 121171.00
826 121317.15
827 121446.13
828 120821.95
829 121407.03
830 121332.17
831 121389.87
832 121650.93
833 120889.90
834 121149.06
835 121001.96
836 121474.03
837 121128.80
838 121351.00
839 121511.94
840 121026.04
841 120840.07
842 121006.01
843 121187.93
844 121399.88
845 120980.02
846 121582.03
847 121122.12
848 121306.18
849 121037.01
850 121343.14
851 121329.07
852 121436.12
853 121458.05
854 121522.90
855 121662.86
856 121593.00
857 121159.08
858 122008.09
859 121810.91
860 121341.94
861 121311.90
862 121188.16
863 121438.03
864 121078.97
865 121275.90
866 121112.11
867 120903.97
868 121245.86
869 121037.01
870 121628.05
871 121167.90
872 121960.88
873 121495.01
874 121581.08
875 120867.01
876 121059.89
877 121600.15
878 121692.90
879 121294.98
880 121011.02
881 120963.10
882 121362.92
883 121392.01
884 120790.96
885 120877.98
886 121237.99
887 121701.96
888 121347.90
889 121710.06
890 121503.11
891 121443.99
892 121538.16
893 121284.01
894 121203.90
895 120902.06
896 120812.18
897 121202.95
898 120764.97
899 121106.86
900 121096.13
901 121977.09
902 121570.11
903 121082.07
904 121469.97
905 121464.01
906 121181.01
907 121034.86
908 121100.90
909 121222.02
910 121008.87
911 121186.97
912 121228.93
913 121068.00
914 121173.14
915 121052.03
916 122051.00
917 121222.97
918 121736.05
919 121593.95
920 121319.06
921 121678.11
922 121512.89
923 121441.84
924 121922.02
925 121141.91
926 121062.99
927 121515.99
928 121538.88
929 121734.14
930 121300.94
931 120859.86
932 121381.04
933 121740.82
934 121263.03
935 121669.05
936 121402.03
937 121520.04
938 121188.16
939 121363.88
940 121419.19
941 121269.94
942 121022.94
943 121119.98
944 121310.00
945 121411.09
946 121273.99
947 121430.87
948 121294.02
949 121037.96
950 120926.14
951 121536.02
952 121531.01
953 121208.91
954 121156.93
955 121333.12
956 120893.96
957 121529.10
958 120707.04
959 121224.16
960 121392.97
961 120960.00
962 121339.08
963 121218.20
964 121346.00
965 121142.15
966 122026.92
967 120908.02
968 121283.05
969 121447.09
970 121176.00
971 121590.14
972 121026.04
973 121018.89
974 121042.01
975 120983.12
976 121413.95
977 121314.05
978 120869.16
979 121114.02
980 121281.86
981 120995.04
982 121456.86
983 121340.04
984 121603.01
985 121317.15
986 120964.05
987 121382.95
988 121167.18
989 121088.03
990 121304.04
991 121186.97
992 121111.87
993 121533.16
994 121275.19
995 121324.06
996 121133.80
997 121240.14
998 121332.88
999 120921.13
1000 121338.84
1001 121454.00
1002 121459.01
1003 121577.02
1004 121353.86
1005 121052.98
1006 121637.11
1007 121780.87
1008 121513.84
1009 120921.85
1010 121130.94
1011 120967.15
1012 121343.85
1013 121496.20
1014 121192.93
1015 121369.12
1016 121117.12
1017 121330.98
1018 121620.89
1019 121275.19
1020 121102.81
1021 121492.86
1022 121502.88
1023 121521.95
1024 121380.09
1025 121490.96
1026 121073.96
1027 121376.99
1028 121711.97
1029 120858.91
1030 121215.11
1031 122123.00
1032 121095.18
1033 120810.99
1034 121316.91
1035 121277.09
1036 121557.95
1037 121145.96
1038 120914.22
1039 121329.07
1040 121391.06
1041 121007.92
1042 121227.98
1043 121306.90
1044 121464.97
1045 121299.98
1046 121230.84
1047 120886.09
1048 121217.97
1049 121712.92
1050 121526.00
1051 121544.12
1052 121328.83
1053 121253.01
1054 121262.07
1055 121835.95
1056 121047.97
1057 121187.93
1058 120908.02
1059 120651.01
1060 121113.78
1061 120907.78
1062 121123.08
1063 121189.83
1064 121160.03
1065 120627.16
1066 121057.99
1067 121236.09
1068 121339.08
1069 121252.06
1070 120743.99
1071 120948.08
1072 121301.89
1073 121357.20
1074 121212.96
1075 121101.86
1076 121265.89
1077 121565.10
1078 121019.84
1079 121187.93
1080 120810.99
1081 120820.05
1082 121221.07
1083 120989.08
1084 121330.02
1085 121191.02
1086 121129.04
1087 121210.10
1088 121020.08
1089 121368.17
1090 120818.14
1091 121237.99
1092 121301.89
1093 121077.06
1094 121108.06
1095 120910.88
1096 120898.01
1097 121191.98
1098 120965.96
1099 121567.01
1100 121099.00
1101 121327.16
1102 121223.93
1103 120765.92
1104 120927.81
1105 120903.97
1106 121077.06
1107 121228.93
1108 121254.21
1109 121118.07
1110 121238.95
1111 120862.96
1112 121093.03
1113 120933.06
1114 120892.05
1115 120893.00
1116 120993.14
1117 120612.86
1118 120719.91
1119 120844.13
1120 121087.07
1121 120764.97
1122 120987.89
1123 120919.94
1124 121012.93
1125 120751.14
1126 121113.06
1127 120725.87
1128 120920.90
1129 120807.17
1130 121169.09
1131 120799.06
1132 120846.99
1133 120778.08
1134 120806.93
1135 121485.95
1136 120969.06
1137 121121.88
1138 121033.91
1139 121004.82
1140 120859.15
1141 120871.07
1142 120955.23
1143 120887.04
1144 120914.94
1145 120873.93
1146 120987.89
1147 121293.78
1148 120893.96
1149 121023.89
1150 121016.98
1151 120800.97
1152 121016.03
1153 120947.12
1154 120887.99
1155 120929.96
1156 120965.96
1157 121088.03
1158 120956.90
1159 120837.93
1160 120954.99
1161 121243.00
1162 120867.01
1163 120956.90
1164 121162.89
1165 120916.13
1166 120879.89
1167 120923.04
1168 120839.12
1169 120831.97
1170 121253.01
1171 120886.09
1172 120891.81
1173 120914.94
1174 120864.87
1175 121042.01
1176 120781.90
1177 121115.92
1178 120968.10
1179 120923.04
1180 120908.02
1181 121074.20
1182 120951.89
1183 121332.88
1184 120944.02
1185 120888.95
1186 120844.84
1187 120949.98
1188 120887.04
1189 120971.20
1190 120893.96
1191 121296.17
1192 120932.10
1193 120808.12
1194 120949.03
1195 120962.86
1196 120941.88
1197 120853.90
1198 120933.06
1199 120934.96
1200 120932.82
1201 120945.93
1202 120926.86
1203 120951.89
1204 120947.84
1205 120946.88
1206 120913.98
1207 120948.08
1208 120931.15
1209 120944.02
1210 120934.01
1211 120946.88
1212 120939.02
1213 120954.99
1214 120945.93
1215 120954.99
1216 120952.13
1217 120947.84
1218 120953.08
1219 120949.98
1220 120926.14
1221 120954.04
1222 120944.98
1223 120948.08
1224 120945.22
1225 120951.18
1226 120911.84
1227 120957.14
1228 120952.13
1229 120946.88
1230 120902.06
1231 120834.11
1232 120930.91
1233 120955.94
1234 120960.00
1235 120877.03
1236 120965.96
1237 120948.79
1238 120947.12
1239 120953.08
1240 120951.89
1241 120949.98
1242 120944.98
1243 120947.84
1244 120944.98
1245 120943.07
1246 120914.94
1247 120955.94
1248 120862.96
1249 120932.10
1250 120939.97
1251 120956.90
1252 120928.05
1253 120954.99
1254 120936.87
1255 120869.87
1256 120946.17
1257 120945.93
1258 120933.06
1259 120955.94
1260 120933.06
1261 120934.01
1262 120945.93
1263 120934.96
1264 120934.01
1265 120935.92
1266 120913.98
1267 120949.03
1268 120931.86
1269 120936.87
1270 120887.99
1271 120914.94
1272 120921.13
1273 120932.10
1274 120919.94
1275 120864.87
1276 120943.07
1277 120946.17
1278 120935.92
1279 120962.86
1280 120924.00
1281 120931.86
1282 120935.92
1283 120954.99
1284 120929.00
1285 120944.02
1286 120906.83
1287 120944.02
1288 120934.01
1289 120936.16
1290 120949.98
1291 120945.93
1292 120950.22
1293 120940.92
1294 120938.06
1295 120884.90
1296 120934.01
1297 120958.09
1298 120939.02
1299 120928.05
