1300
0 121237.04
1 121135.00
2 121108.77
3 121079.92
4 121041.06
5 121095.90
6 121106.86
7 121109.96
8 121272.09
9 121120.93
10 121032.95
11 121109.01
12 121030.09
13 121121.88
14 121140.00
15 121058.94
16 121083.02
17 121120.93
18 121093.99
19 121105.91
20 121099.95
21 121114.97
22 121083.97
23 121101.86
24 121108.06
25 121159.08
26 121062.04
27 121067.05
28 121119.02
29 121093.03
30 121132.85
31 121135.00
32 121041.06
33 121049.17
34 121120.93
35 121116.16
36 121109.96
37 121127.13
38 121092.80
39 121053.93
40 121114.97
41 121125.94
42 121081.11
43 121143.10
44 121109.01
45 121080.88
46 121114.97
47 121062.04
48 121016.03
49 121125.94
50 121125.94
51 121099.00
52 120983.12
53 121111.87
54 121097.09
55 121125.94
56 121116.88
57 121081.11
58 121102.09
59 121124.98
60 121107.82
61 121125.94
62 121081.11
63 121130.94
64 121090.17
65 121105.91
66 121112.11
67 121124.03
68 120985.03
69 121125.94
70 121123.08
71 121127.13
72 121042.01
73 121097.09
74 121141.91
75 121102.09
76 121073.01
77 121111.87
78 121121.88
79 121122.84
80 121061.09
81 121091.84
82 121078.01
83 121110.92
84 121123.08
85 121104.96
86 121114.02
87 121019.84
88 121123.79
89 121114.97
90 121124.03
91 121110.92
92 121041.06
93 121122.12
94 121073.01
95 121067.05
96 120961.90
97 120994.09
98 120996.95
99 121093.99
100 120952.13
101 121075.15
102 121040.11
103 121857.88
104 121009.11
105 121212.96
106 120918.99
107 120948.08
108 120833.87
109 121011.97
110 120993.85
111 120906.83
112 120988.13
113 121886.01
114 121469.97
115 121670.01
116 122737.88
117 120841.03
118 121419.91
119 121056.08
120 121358.16
121 121821.17
122 120895.15
123 121177.91
124 121628.05
125 121192.93
126 120764.02
127 121853.83
128 121567.01
129 120893.00
130 121090.89
131 121733.90
132 120937.11
133 120867.01
134 121119.02
135 121145.01
136 121896.03
137 120960.00
138 120948.08
139 120899.92
140 121309.04
141 121042.97
142 121157.88
143 121082.07
144 120869.87
145 120800.02
146 121707.92
147 121338.13
148 121196.99
149 121748.92
150 120907.07
151 121248.01
152 121678.11
153 120886.09
154 121456.15
155 121340.04
156 122166.87
157 121184.11
158 121314.05
159 121074.91
160 121609.93
161 120898.96
162 120962.86
163 120912.08
164 121655.23
165 121313.10
166 120938.06
167 121244.19
168 121627.09
169 121810.91
170 121438.03
171 120954.99
172 121235.13
173 122026.92
174 121261.12
175 121256.11
176 121082.07
177 121371.98
178 120958.09
179 121006.97
180 121582.03
181 120776.89
182 121127.84
183 121248.96
184 120885.85
185 121639.01
186 121663.09
187 120876.07
188 121268.99
189 121004.10
190 121107.10
191 121119.02
192 121007.92
193 121671.92
194 121573.93
195 121829.99
196 121597.05
197 121479.03
198 122213.84
199 121460.91
200 121511.94
201 121030.09
202 121932.03
203 120845.08
204 120901.11
205 122037.17
206 121676.92
207 121353.15
208 120757.10
209 121001.96
210 121808.77
211 121252.06
212 121502.16
213 120849.13
214 121384.14
215 121657.85
216 121325.97
217 121304.99
218 120985.03
219 121158.84
220 121217.97
221 121065.14
222 121582.03
223 121905.09
224 121087.07
225 120975.02
226 122137.07
227 120762.11
228 120817.90
229 121218.92
230 121504.07
231 120986.94
232 121412.04
233 120882.03
234 121342.90
235 121027.95
236 121127.13
237 121952.06
238 121467.83
239 121155.98
240 120862.01
241 120862.01
242 120937.11
243 121293.07
244 121881.96
245 122017.15
246 121756.08
247 121083.97
248 122078.18
249 121193.89
250 120958.09
251 121106.86
252 121517.90
253 120932.82
254 120949.98
255 121176.00
256 121385.81
257 120884.90
258 121000.05
259 121644.97
260 121567.96
261 121402.98
262 120721.82
263 120944.02
264 121949.91
265 120970.96
266 120972.16
267 121743.92
268 121156.93
269 121379.14
270 121523.14
271 121084.93
272 121697.90
273 121037.01
274 121817.11
275 121194.12
276 122614.86
277 120870.11
278 120844.13
279 122273.92
280 121470.93
281 121439.93
282 121212.96
283 121446.85
284 121426.82
285 120924.95
286 121142.86
287 120901.11
288 121948.00
289 121868.13
290 121622.09
291 120769.98
292 122274.16
293 120848.89
294 121546.03
295 121507.88
296 121043.92
297 121096.85
298 120934.01
299 120942.12
300 121738.91
301 121954.92
302 121458.05
303 121329.07
304 121945.86
305 120959.04
306 121932.03
307 121155.98
308 120791.91
309 121082.78
310 120914.94
311 121162.89
312 121495.01
313 121454.00
314 122961.04
315 120988.85
316 120928.05
317 120990.99
318 120998.14
319 121495.96
320 121583.94
321 121706.96
322 121160.98
323 121083.97
324 121985.91
325 121592.04
326 121031.05
327 121567.01
328 120982.89
329 121225.12
330 122114.90
331 121123.08
332 121062.99
333 120892.05
334 121611.12
335 121630.91
336 122035.03
337 121629.95
338 122059.82
339 121464.97
340 121726.04
341 121273.04
342 121050.12
343 121607.07
344 121230.84
345 121148.11
346 121013.16
347 121887.92
348 121890.07
349 121020.08
350 121580.12
351 121381.04
352 120903.02
353 121639.01
354 120917.08
355 120850.80
356 121011.97
357 121356.01
358 121128.08
359 121199.13
360 121174.10
361 121469.97
362 121131.90
363 121107.10
364 120927.10
365 121125.94
366 121313.81
367 121454.00
368 121389.87
369 121019.84
370 121027.95
371 121361.97
372 120985.98
373 120982.17
374 120872.97
375 120999.10
376 120790.96
377 120894.91
378 120848.89
379 121016.03
380 120986.94
381 120977.88
382 120902.06
383 120804.07
384 121097.09
385 121154.79
386 121037.96
387 120913.03
388 121310.00
389 120900.87
390 121043.92
391 121386.05
392 121037.01
393 120928.05
394 120996.95
395 121330.98
396 121140.00
397 121517.90
398 121238.95
399 120841.03
400 120985.98
401 120975.02
402 121263.03
403 120728.97
404 121053.93
405 120775.94
406 121129.99
407 121054.89
408 120927.10
409 120925.19
410 120828.15
411 120921.13
412 121321.92
413 121001.96
414 121042.97
415 121654.03
416 120937.82
417 120961.19
418 120975.02
419 121283.05
420 120952.84
421 121093.03
422 120875.12
423 121140.00
424 121461.15
425 120904.92
426 120992.90
427 120870.11
428 120898.01
429 120836.02
430 121575.12
431 120707.99
432 121182.92
433 120934.01
434 120875.84
435 120883.94
436 121094.94
437 120838.17
438 121135.00
439 120872.97
440 120873.93
441 120784.04
442 121001.01
443 120874.88
444 121372.94
445 121474.03
446 121526.00
447 121053.93
448 121544.12
449 121259.93
450 121011.02
451 121383.19
452 121670.96
453 121484.04
454 121488.09
455 121121.88
456 120790.00
457 121026.04
458 120911.84
459 121007.20
460 121017.93
461 121186.02
462 121423.96
463 120881.80
464 121273.99
465 121360.06
466 121520.04
467 120756.86
468 120903.97
469 121285.92
470 121166.94
471 121073.01
472 120915.17
473 120946.17
474 121265.89
475 121849.06
476 120939.97
477 121103.05
478 121001.96
479 121253.01
480 121249.20
481 121652.13
482 121717.93
483 121119.98
484 120975.97
485 120864.15
486 121431.11
487 121521.00
488 121325.02
489 121356.96
490 121157.88
491 120804.07
492 121210.10
493 120861.05
494 121510.98
495 120971.92
496 121171.00
497 122015.00
498 120913.98
499 121584.89
500 121586.80
501 121530.06
502 121728.90
503 121180.06
504 121104.96
505 121356.01
506 120900.87
507 121510.98
508 121446.85
509 121037.01
510 121451.14
511 121097.09
512 121376.99
513 121418.00
514 121201.04
515 121152.16
516 121119.98
517 120851.04
518 121483.09
519 121099.23
520 121205.09
521 121282.82
522 121424.91
523 121042.97
524 120933.06
525 121203.90
526 121398.93
527 121253.01
528 121292.11
529 121449.95
530 121068.95
531 121226.07
532 121231.08
533 121025.09
534 121174.10
535 121273.04
536 121623.04
537 121001.96
538 121711.02
539 121157.88
540 121603.01
541 121346.95
542 121109.96
543 121217.01
544 121762.04
545 121088.98
546 121143.10
547 121866.94
548 121382.00
549 121147.16
550 121505.98
551 121817.83
552 121276.14
553 120949.03
554 121491.91
555 121412.99
556 121042.01
557 121360.06
558 121847.87
559 121331.93
560 121253.97
561 121593.00
562 121257.07
563 121428.01
564 121289.97
565 121232.99
566 121555.09
567 121593.00
568 121610.88
569 121586.80
570 121351.96
571 121593.95
572 121450.90
573 121803.05
574 121378.90
575 121206.05
576 121552.23
577 121428.97
578 121115.92
579 121416.81
580 121861.93
581 121520.04
582 121740.10
583 121465.92
584 121279.00
585 121766.09
586 121062.99
587 121006.97
588 121392.97
589 121155.02
590 121241.09
591 121069.91
592 121115.92
593 121622.80
594 121407.99
595 121522.90
596 121007.92
597 121383.91
598 121359.83
599 120962.14
600 120952.84
601 121613.03
602 121340.04
603 121248.01
604 121037.01
605 121404.17
606 121457.10
607 120998.86
608 120795.01
609 121157.88
610 121152.88
611 121019.84
612 121395.11
613 120988.85
614 121179.10
615 120954.99
616 121112.11
617 121094.94
618 121081.11
619 121201.04
620 121191.98
621 121325.97
622 121392.01
623 121335.03
624 121734.14
625 121011.02
626 121253.97
627 121235.85
628 120964.05
629 120943.07
630 121597.05
631 120995.04
632 121069.91
633 121210.10
634 121373.18
635 121475.93
636 121286.87
637 121634.01
638 121567.96
639 122015.00
640 121407.03
641 121239.90
642 121829.99
643 121143.10
644 121407.03
645 121007.92
646 121488.09
647 121220.11
648 121657.13
649 121181.96
650 121155.98
651 121299.03
652 120817.90
653 120922.09
654 121361.02
655 121323.11
656 120922.09
657 121184.11
658 120982.17
659 121420.86
660 121188.88
661 121697.90
662 121032.00
663 121392.97
664 121163.85
665 121465.92
666 121532.92
667 121327.88
668 121378.90
669 121191.02
670 121192.93
671 121178.87
672 120974.06
673 121512.89
674 121956.11
675 122040.99
676 121099.95
677 121278.05
678 121243.00
679 121371.03
680 121064.19
681 121582.03
682 121994.02
683 121147.16
684 120976.92
685 121292.11
686 121310.00
687 121504.07
688 121446.13
689 121633.05
690 121759.89
691 121461.87
692 121062.99
693 121080.16
694 121201.04
695 121223.93
696 121283.05
697 121189.12
698 121279.95
699 121237.04
700 121743.92
701 121816.16
702 121176.00
703 121860.98
704 121439.93
705 121408.94
706 121268.99
707 121252.78
708 121378.18
709 121603.01
710 121082.07
711 121289.97
712 121191.02
713 120870.11
714 121310.00
715 121313.10
716 121732.95
717 121016.03
718 121349.10
719 121223.93
720 121306.90
721 121748.92
722 121344.09
723 120868.92
724 121154.07
725 121190.79
726 121613.98
727 121176.00
728 121038.91
729 121253.97
730 121362.92
731 121241.09
732 121164.08
733 121235.13
734 121152.16
735 121796.13
736 121531.01
737 121019.84
738 120968.10
739 121401.07
740 121409.89
741 120800.02
742 120978.83
743 121040.11
744 121464.97
745 121526.96
746 120959.04
747 120834.11
748 121477.84
749 121417.05
750 121349.10
751 121119.98
752 121655.94
753 121535.06
754 120826.01
755 121252.78
756 121632.10
757 121290.92
758 121464.01
759 121512.89
760 121515.99
761 121482.85
762 121345.04
763 121212.01
764 121140.96
765 121091.84
766 121568.92
767 121248.01
768 121234.89
769 121285.92
770 121138.81
771 121017.93
772 121173.86
773 121452.09
774 121659.99
775 121143.10
776 120763.06
777 121355.06
778 120981.93
779 120934.96
780 121194.12
781 121025.09
782 120845.08
783 121171.00
784 121538.88
785 121219.87
786 120835.07
787 121548.89
788 121495.01
789 121273.99
790 121355.06
791 121423.01
792 121180.06
793 121313.10
794 121618.99
795 121361.02
796 121135.00
797 121572.02
798 121442.79
799 121217.01
800 121577.02
801 121267.08
802 121391.06
803 121109.01
804 121023.89
805 121269.94
806 121138.81
807 121002.91
808 120929.96
809 121172.90
810 121384.86
811 121167.18
812 121576.07
813 121547.94
814 121566.06
815 120924.00
816 121111.87
817 121607.07
818 121132.85
819 121309.04
820 121535.06
821 121142.86
822 121568.92
823 120872.97
824 121406.08
825 121241.09
826 121515.99
827 121620.18
828 121639.97
829 121073.01
830 121249.91
831 121568.92
832 121582.98
833 120913.03
834 121265.89
835 120965.00
836 121438.03
837 121051.07
838 121138.10
839 121628.05
840 121571.06
841 121084.93
842 121301.17
843 121356.01
844 121540.07
845 121439.93
846 120944.02
847 121588.95
848 121263.03
849 120976.21
850 121418.00
851 121075.15
852 121047.97
853 121239.90
854 120795.01
855 121328.12
856 120815.99
857 121558.90
858 121345.04
859 121508.84
860 121737.96
861 121261.84
862 121231.08
863 121516.94
864 121460.91
865 121325.97
866 121146.20
867 120825.05
868 121040.11
869 121137.86
870 121485.95
871 120891.09
872 121300.94
873 121257.07
874 121274.95
875 121371.03
876 121373.18
877 121082.07
878 122277.98
879 121309.04
880 121318.10
881 121541.98
882 121155.02
883 121470.93
884 121544.12
885 120781.90
886 121534.11
887 120937.11
888 121026.04
889 121380.09
890 121176.96
891 120913.98
892 121026.04
893 121320.96
894 121050.12
895 121378.18
896 121162.89
897 121551.04
898 120863.91
899 121337.89
900 121344.09
901 121119.02
902 122169.97
903 121464.01
904 120742.08
905 121121.88
906 121329.07
907 121458.05
908 121593.00
909 120776.89
910 121570.11
911 120732.07
912 121766.09
913 121356.96
914 121591.09
915 121342.90
916 121162.18
917 121529.82
918 121193.89
919 121402.03
920 121348.86
921 121287.11
922 121103.05
923 121246.10
924 120809.08
925 121082.07
926 120857.95
927 121980.91
928 121305.94
929 120886.09
930 121243.95
931 121681.93
932 120656.97
933 121352.91
934 121245.86
935 121451.14
936 120808.12
937 120819.09
938 121171.95
939 121323.11
940 121454.95
941 121182.92
942 121278.05
943 121284.01
944 121378.90
945 121407.03
946 120934.96
947 121428.97
948 121518.14
949 121313.10
950 121592.04
951 120963.10
952 121428.97
953 121180.06
954 121295.93
955 121499.06
956 121325.97
957 122218.85
958 121073.96
959 121320.96
960 121146.92
961 121430.16
962 121073.01
963 120968.82
964 121665.95
965 121296.17
966 121541.98
967 121013.88
968 121027.95
969 121379.14
970 120925.90
971 121227.98
972 121369.12
973 121466.16
974 120771.88
975 121752.02
976 121337.18
977 121278.05
978 121786.12
979 121349.10
980 121051.07
981 121834.04
982 121382.00
983 120939.97
984 120916.13
985 121280.91
986 121090.89
987 121122.12
988 121474.03
989 121473.79
990 120988.85
991 122256.99
992 121114.02
993 121307.13
994 121428.97
995 121430.16
996 121234.18
997 121073.01
998 121059.18
999 121738.20
1000 121481.90
1001 121131.90
1002 121243.95
1003 121427.06
1004 122107.98
1005 121423.96
1006 121789.93
1007 121049.88
1008 121051.79
1009 121598.01
1010 121553.90
1011 121212.01
1012 121315.00
1013 121207.95
1014 121592.04
1015 120965.00
1016 120912.08
1017 121426.11
1018 121278.05
1019 121282.10
1020 121474.98
1021 120942.12
1022 120990.99
1023 121281.86
1024 121500.02
1025 120893.96
1026 121189.83
1027 121605.87
1028 121221.07
1029 121532.92
1030 121097.80
1031 121213.91
1032 121145.01
1033 121188.16
1034 121330.98
1035 120901.11
1036 120978.12
1037 121459.01
1038 121351.00
1039 121478.08
1040 121502.88
1041 121153.12
1042 120805.03
1043 121943.00
1044 121366.02
1045 120908.02
1046 121187.21
1047 121237.99
1048 121623.04
1049 121262.79
1050 121641.87
1051 121046.07
1052 121367.93
1053 121618.99
1054 120974.06
1055 121114.02
1056 121717.93
1057 121472.12
1058 121664.05
1059 121811.87
1060 121652.13
1061 121347.90
1062 121182.92
1063 121067.05
1064 121065.86
1065 121005.06
1066 121490.96
1067 120919.94
1068 121471.88
1069 120901.11
1070 121071.82
1071 121356.01
1072 121222.97
1073 120987.89
1074 121057.03
1075 121151.92
1076 121452.09
1077 121005.06
1078 120761.16
1079 121392.97
1080 121292.83
1081 120873.93
1082 121227.03
1083 121408.94
1084 121206.05
1085 120860.10
1086 120717.05
1087 121092.08
1088 121136.19
1089 120810.99
1090 120882.99
1091 120746.14
1092 121584.89
1093 121284.01
1094 120778.80
1095 121104.00
1096 121035.10
1097 121025.80
1098 120812.18
1099 120909.21
1100 121257.07
1101 121524.10
1102 120976.21
1103 121093.03
1104 121398.93
1105 120949.98
1106 121279.95
1107 121139.05
1108 121367.93
1109 121312.86
1110 120952.84
1111 121249.91
1112 121130.94
1113 121378.90
1114 120930.91
1115 120900.87
1116 121370.08
1117 120671.99
1118 120787.14
1119 121443.99
1120 121171.95
1121 120815.04
1122 120779.99
1123 120858.91
1124 121359.11
1125 120907.78
1126 120917.08
1127 120767.12
1128 120696.07
1129 121061.09
1130 120969.06
1131 120871.07
1132 120942.83
1133 120929.00
1134 120909.93
1135 120877.03
1136 120887.99
1137 120944.98
1138 120831.97
1139 120975.02
1140 120946.17
1141 121320.96
1142 120930.91
1143 120833.16
1144 120867.01
1145 120948.08
1146 120930.91
1147 120907.07
1148 120949.03
1149 120960.00
1150 121020.08
1151 120877.03
1152 120833.87
1153 120860.10
1154 120991.95
1155 121017.22
1156 120694.88
1157 121087.07
1158 120854.14
1159 120960.95
1160 120982.89
1161 120882.03
1162 120939.97
1163 120749.95
1164 121026.99
1165 120957.14
1166 120949.03
1167 121039.87
1168 121010.07
1169 120949.98
1170 121016.03
1171 121017.93
1172 120896.10
1173 121005.77
1174 121017.93
1175 121011.97
1176 120988.13
1177 121050.12
1178 121008.87
1179 121017.93
1180 121011.02
1181 121010.07
1182 120984.08
1183 121015.07
1184 121019.12
1185 121017.93
1186 121013.16
1187 121011.02
1188 121023.89
1189 121016.98
1190 120953.80
1191 121004.10
1192 120918.04
1193 121018.89
1194 120999.10
1195 121029.14
1196 121005.06
1197 121018.89
1198 121021.99
1199 121013.88
1200 121010.07
1201 121016.03
1202 120983.12
1203 121011.02
1204 121013.16
1205 121013.88
1206 121106.15
1207 121013.88
1208 120980.98
1209 120970.01
1210 120988.85
1211 120977.16
1212 121022.94
1213 121009.11
1214 121005.06
1215 121012.93
1216 121013.88
1217 121012.93
1218 120988.13
1219 121014.12
1220 121012.93
1221 121013.16
1222 120990.99
1223 121027.95
1224 121001.01
1225 121011.02
1226 121016.98
1227 121013.88
1228 121011.02
1229 121009.83
1230 120996.95
1231 121021.99
1232 120990.99
1233 121004.10
1234 121023.18
1235 121021.99
1236 121009.83
1237 121021.03
1238 121033.91
1239 121012.93
1240 121032.95
1241 121019.12
1242 120978.12
1243 121016.03
1244 121011.02
1245 121016.03
1246 121012.93
1247 121021.99
1248 121021.99
1249 121014.12
1250 121012.93
1251 121011.97
1252 121004.10
1253 121020.08
1254 121032.95
1255 121007.92
1256 121012.93
1257 121009.11
1258 121011.97
1259 121013.16
1260 121019.84
1261 121011.02
1262 120983.84
1263 121011.97
1264 121025.09
1265 121022.94
1266 121016.03
1267 121034.86
1268 121026.04
1269 121018.89
1270 121023.89
1271 121015.07
1272 120883.94
1273 121006.97
1274 121021.03
1275 121026.99
1276 121026.04
1277 121011.97
1278 121026.04
1279 121026.99
1280 121017.93
1281 121020.79
1282 120970.96
1283 121013.16
1284 121021.99
1285 121009.11
1286 121003.15
1287 121000.77
1288 121015.07
1289 121013.88
1290 121004.10
1291 120993.85
1292 120996.00
1293 121017.93
1294 120996.95
1295 120994.81
1296 120995.04
1297 121006.01
1298 120972.87
1299 121008.87
