1000
0 121243.95
1 121115.92
2 121114.97
3 121124.03
4 121122.84
5 121143.10
6 121099.00
7 121106.86
8 121084.21
9 121136.90
10 121124.98
11 121122.12
12 121087.79
13 121124.98
14 121079.92
15 121109.01
16 121103.05
17 121109.01
18 121119.02
19 121119.02
20 121119.98
21 121124.03
22 121075.87
23 121100.19
24 121127.13
25 121124.03
26 121121.88
27 121093.99
28 121121.17
29 121116.16
30 121121.17
31 121119.02
32 121126.17
33 121120.93
34 121049.88
35 121099.95
36 121104.96
37 121126.17
38 121108.06
39 121119.98
40 121122.84
41 121127.13
42 121025.09
43 121103.05
44 121119.02
45 121115.92
46 121128.08
47 121127.13
48 121122.12
49 121124.03
50 121113.78
51 121101.14
52 121086.12
53 121122.84
54 121124.03
55 121124.98
56 121116.16
57 121124.98
58 121100.90
59 121104.96
60 121102.09
61 121120.93
62 121115.92
63 121107.10
64 121107.10
65 121097.09
66 121105.91
67 121113.06
68 121104.96
69 121121.17
70 121135.00
71 121125.94
72 121085.17
73 121039.87
74 121038.20
75 121114.02
76 121109.01
77 121119.02
78 121119.98
79 121143.10
80 121094.94
81 121120.93
82 121121.88
83 121130.94
84 121124.03
85 121037.96
86 121107.10
87 121112.82
88 121123.08
89 121127.13
90 121119.98
91 121125.94
92 121093.03
93 121108.77
94 121104.96
95 120975.97
96 120970.96
97 120924.00
98 121072.05
99 120898.01
100 120946.88
101 120969.06
102 121655.94
103 121115.92
104 121106.86
105 120734.93
106 123969.08
107 121429.92
108 122795.10
109 122320.89
110 122242.93
111 123786.93
112 123065.95
113 125643.97
114 124470.00
115 123752.83
116 123974.08
117 123012.07
118 124761.10
119 123865.13
120 124007.94
121 125671.86
122 124917.03
123 125430.11
124 123765.95
125 123847.96
126 123688.94
127 125496.15
128 124067.78
129 127034.19
130 124612.81
131 124330.04
132 124013.90
133 126228.09
134 124683.86
135 126163.96
136 123876.81
137 124608.99
138 124974.97
139 124169.11
140 124019.15
141 124413.97
142 126626.01
143 124044.18
144 125240.80
145 125171.90
146 126206.87
147 124509.10
148 124310.02
149 126586.91
150 124820.95
151 124006.03
152 124352.93
153 124490.98
154 123332.98
155 124062.06
156 123838.19
157 122962.95
158 122810.84
159 125672.10
160 124092.10
161 123728.04
162 125272.04
163 123910.90
164 123782.16
165 124860.05
166 123924.02
167 124476.91
168 125366.93
169 124391.08
170 125175.95
171 125052.21
172 124734.16
173 123673.92
174 123749.02
175 124605.18
176 127039.19
177 123834.13
178 125033.86
179 124253.99
180 124263.05
181 124365.81
182 124323.84
183 124145.98
184 124762.06
185 123646.02
186 125212.91
187 124312.16
188 123826.03
189 123736.14
190 124007.94
191 123759.98
192 123587.13
193 124466.90
194 125548.84
195 126234.05
196 123659.13
197 122200.01
198 122797.01
199 123193.98
200 124162.91
201 122462.03
202 124730.11
203 125549.08
204 123978.14
205 124042.03
206 125602.01
207 123904.94
208 124626.16
209 123641.01
210 123630.05
211 125429.87
212 124253.99
213 125231.03
214 124089.96
215 125243.90
216 124830.96
217 124031.07
218 124495.98
219 123696.09
220 125132.80
221 125811.10
222 123487.00
223 122624.87
224 123997.21
225 122407.91
226 123448.13
227 123941.90
228 123919.01
229 124736.07
230 124469.04
231 123681.07
232 124468.80
233 126020.19
234 124350.07
235 123384.00
236 124876.98
237 123744.01
238 123581.17
239 124475.96
240 123783.83
241 125310.18
242 124884.13
243 125657.08
244 124482.15
245 123743.06
246 123764.04
247 123574.02
248 123352.05
249 124062.06
250 123270.99
251 123986.96
252 123514.89
253 123309.85
254 124365.09
255 124993.09
256 125350.95
257 125783.92
258 124863.86
259 124253.03
260 123316.05
261 124032.02
262 123486.04
263 123225.21
264 125367.88
265 124716.04
266 123107.19
267 123958.83
268 124979.02
269 125092.98
270 124337.20
271 123248.10
272 123172.04
273 123511.08
274 123229.98
275 124309.06
276 124311.92
277 124972.11
278 123265.03
279 125319.96
280 124466.18
281 124202.97
282 123247.15
283 123474.12
284 124073.98
285 122478.96
286 124314.07
287 123321.06
288 124077.08
289 123387.81
290 123480.08
291 124090.19
292 126098.87
293 124448.06
294 123528.96
295 123341.08
296 125342.13
297 123192.79
298 123751.16
299 123934.98
300 123197.79
301 123338.94
302 125324.01
303 123672.96
304 123770.95
305 123764.99
306 123512.98
307 123885.87
308 123654.13
309 124294.04
310 124649.05
311 123821.02
312 126052.86
313 125162.12
314 122779.13
315 124966.86
316 125342.85
317 124401.81
318 123409.99
319 124876.98
320 124770.16
321 124755.86
322 124310.02
323 124089.96
324 124148.85
325 124711.99
326 123328.92
327 124102.12
328 124053.00
329 124334.10
330 124719.86
331 126515.15
332 124819.99
333 125669.96
334 125679.97
335 123958.83
336 124400.14
337 125534.06
338 124600.89
339 124515.06
340 124529.84
341 123604.06
342 123703.96
343 125956.06
344 124315.02
345 123929.98
346 123962.88
347 125432.01
348 123502.02
349 125206.95
350 124247.07
351 126526.83
352 123896.12
353 124991.89
354 123337.98
355 124086.14
356 123935.94
357 123958.11
358 125041.01
359 123373.03
360 123268.13
361 122976.06
362 123291.02
363 123227.83
364 123335.12
365 123177.05
366 123383.05
367 123456.95
368 123741.87
369 122823.95
370 123404.03
371 123688.94
372 124530.08
373 123411.89
374 123281.00
375 123869.90
376 122944.12
377 123306.04
378 123352.05
379 123170.14
380 123628.14
381 123101.00
382 123358.96
383 123921.87
384 122992.99
385 123432.87
386 123973.13
387 123816.97
388 123839.86
389 123649.84
390 123995.07
391 124336.00
392 123911.14
393 123727.08
394 123819.83
395 123855.11
396 123960.97
397 123940.94
398 124034.88
399 124368.19
400 123656.99
401 124060.87
402 123931.88
403 124006.99
404 123811.01
405 123836.99
406 124584.91
407 123914.96
408 123716.12
409 124114.99
410 123928.07
411 123538.02
412 124470.00
413 124113.08
414 123858.93
415 124321.94
416 123481.99
417 123758.08
418 124202.01
419 123911.86
420 123424.77
421 124646.90
422 124063.01
423 123717.07
424 123951.91
425 123262.88
426 123772.14
427 123139.14
428 123636.01
429 123116.97
430 123344.90
431 123651.98
432 123929.98
433 123401.17
434 123538.97
435 123631.00
436 123631.00
437 123546.84
438 123636.96
439 123286.01
440 123551.85
441 123291.97
442 123656.99
443 123448.13
444 123474.12
445 122979.88
446 123665.81
447 122927.90
448 121267.08
449 120970.01
450 121184.11
451 121090.89
452 120895.86
453 121175.05
454 121055.13
455 120829.82
456 120704.89
457 120930.91
458 120847.94
459 120794.06
460 120861.05
461 120679.14
462 120867.97
463 120682.00
464 121002.20
465 120840.07
466 120850.09
467 120775.94
468 120685.82
469 121041.06
470 120915.89
471 121071.10
472 121158.84
473 120723.01
474 120980.98
475 120643.14
476 120765.21
477 120913.03
478 120820.05
479 120795.01
480 120826.96
481 120972.16
482 121171.95
483 120946.88
484 120857.00
485 121042.97
486 121006.01
487 121103.05
488 120918.99
489 121069.19
490 121087.07
491 120886.80
492 121086.12
493 121125.94
494 120921.13
495 120828.87
496 121178.87
497 120829.11
498 121135.95
499 121015.07
500 120870.11
501 121158.12
502 120956.90
503 120915.89
504 121032.00
505 120838.88
506 121064.90
507 120943.07
508 121054.89
509 120920.18
510 120851.04
511 121035.10
512 121253.97
513 120831.01
514 121027.95
515 121011.97
516 120882.99
517 121004.10
518 120743.99
519 120970.96
520 120674.85
521 120749.00
522 121203.90
523 121042.97
524 121100.90
525 121006.01
526 121074.20
527 121011.02
528 120841.03
529 120819.09
530 121139.05
531 121035.81
532 121123.08
533 121073.01
534 120693.92
535 121016.98
536 121048.93
537 120933.06
538 120939.02
539 121007.20
540 121085.17
541 121108.06
542 120695.11
543 120867.97
544 120895.15
545 120905.88
546 121016.03
547 121091.13
548 120898.96
549 120941.16
550 120856.05
551 121200.80
552 121242.05
553 120779.99
554 120893.00
555 120881.08
556 120857.00
557 120893.00
558 120916.13
559 120875.84
560 120901.82
561 121013.16
562 120677.95
563 120813.85
564 120795.97
565 121135.95
566 120965.00
567 121039.87
568 121104.96
569 120852.95
570 120750.90
571 120846.03
572 120683.91
573 120785.00
574 120924.00
575 120868.21
576 121008.16
577 120906.11
578 120908.02
579 120862.01
580 121026.99
581 121087.07
582 120609.05
583 120717.05
584 120893.00
585 121049.17
586 120904.92
587 121013.16
588 121243.00
589 120922.80
590 120894.91
591 120957.14
592 120723.01
593 120949.98
594 120924.00
595 120866.06
596 120825.05
597 120637.18
598 120973.11
599 120821.00
600 120836.02
601 121084.93
602 120903.02
603 120738.03
604 120893.96
605 120969.06
606 121048.93
607 121079.92
608 120852.23
609 121263.03
610 120799.06
611 121052.98
612 120716.81
613 120749.00
614 120904.92
615 120827.20
616 120779.04
617 120801.93
618 120700.12
619 120941.16
620 121062.99
621 120983.12
622 121031.05
623 120849.13
624 120796.92
625 120847.94
626 120753.05
627 121264.93
628 120782.85
629 120692.97
630 120977.88
631 120972.16
632 121004.10
633 120889.19
634 120851.04
635 120924.00
636 120826.01
637 120602.13
638 120921.13
639 120992.18
640 121063.95
641 120974.06
642 121027.95
643 120985.98
644 120809.08
645 120999.10
646 120767.12
647 120982.89
648 121081.11
649 120981.22
650 121129.99
651 121135.95
652 120861.05
653 120968.10
654 120964.05
655 120852.95
656 120994.09
657 120787.14
658 121007.92
659 120749.00
660 121049.88
661 120949.98
662 121296.88
663 120980.98
664 120935.92
665 120962.14
666 120763.06
667 120724.92
668 120835.07
669 121054.89
670 120952.13
671 121014.12
672 120913.98
673 120929.00
674 120833.87
675 121088.98
676 121028.90
677 121019.84
678 121144.06
679 121032.00
680 121034.86
681 120971.20
682 121030.81
683 121081.11
684 120785.95
685 121142.86
686 121103.05
687 120868.92
688 120853.19
689 120923.04
690 120937.11
691 121188.88
692 121063.95
693 120987.89
694 120732.07
695 120944.98
696 120768.07
697 120864.87
698 120932.82
699 121032.00
700 121119.98
701 120851.99
702 121377.94
703 121032.00
704 121166.94
705 120965.96
706 120802.88
707 120959.04
708 120792.87
709 121086.84
710 120881.08
711 120887.04
712 120934.96
713 120674.85
714 120983.12
715 120937.11
716 120965.00
717 121042.01
718 120651.96
719 120815.99
720 120774.03
721 121100.19
722 121142.15
723 120738.98
724 120768.07
725 120984.08
726 120918.04
727 120941.16
728 120885.13
729 121225.12
730 121018.89
731 121237.04
732 120851.04
733 121294.02
734 120980.98
735 121104.00
736 120955.94
737 121054.89
738 121127.13
739 120877.03
740 120815.04
741 120774.03
742 120857.00
743 121135.00
744 121186.97
745 121196.99
746 121094.94
747 120911.12
748 120990.99
749 120923.04
750 120949.03
751 120773.08
752 120736.84
753 121135.95
754 120947.12
755 121180.06
756 121173.14
757 120765.21
758 120846.03
759 120982.17
760 120940.21
761 120743.99
762 120848.89
763 120822.19
764 120850.09
765 120904.21
766 120774.98
767 120969.06
768 121013.88
769 120867.97
770 121161.94
771 121069.19
772 120963.10
773 120997.91
774 121062.99
775 121166.94
776 121088.98
777 121031.05
778 121243.95
779 121042.97
780 120986.94
781 121317.86
782 120805.03
783 120948.08
784 120954.04
785 120927.81
786 121312.14
787 121212.96
788 121083.02
789 121171.00
790 120841.98
791 120927.81
792 120970.01
793 120944.02
794 120931.86
795 120949.03
796 120906.11
797 120833.87
798 120962.14
799 120934.01
800 120960.95
801 120942.12
802 120968.82
803 120869.16
804 120893.00
805 120967.15
806 120956.90
807 120936.16
808 120891.09
809 120954.99
810 120949.03
811 120951.18
812 120949.98
813 120956.18
814 120948.08
815 120963.10
816 120959.04
817 120934.01
818 120928.05
819 120944.02
820 120951.18
821 120964.05
822 120953.08
823 120959.04
824 120958.09
825 120967.86
826 120968.10
827 120967.15
828 120893.96
829 120965.00
830 120947.12
831 120962.14
832 121079.92
833 120967.15
834 120851.04
835 120967.86
836 120749.95
837 120970.01
838 120969.06
839 120966.91
840 120951.89
841 120935.92
842 120959.04
843 120983.12
844 120961.19
845 120946.88
846 120960.95
847 120946.88
848 120868.92
849 120960.95
850 120950.94
851 120926.14
852 120908.02
853 120948.08
854 120969.06
855 120853.19
856 120939.97
857 120952.13
858 120941.16
859 120962.14
860 120946.88
861 120938.06
862 120967.15
863 120949.03
864 120965.96
865 120948.08
866 120960.95
867 120948.08
868 120939.97
869 120955.94
870 120945.93
871 120955.94
872 120950.94
873 120949.03
874 120956.90
875 120944.02
876 120921.85
877 120960.00
878 120925.90
879 120960.00
880 120876.07
881 120960.00
882 120944.02
883 120960.00
884 120950.94
885 120962.14
886 120950.94
887 120965.00
888 120888.95
889 120962.86
890 120939.97
891 120967.15
892 120949.03
893 120965.96
894 120969.06
895 120936.87
896 120940.21
897 120946.17
898 120944.02
899 120945.93
900 120859.15
901 120857.00
902 120946.88
903 120954.04
904 120952.84
905 120960.95
906 120958.09
907 120967.86
908 120872.02
909 120963.10
910 121037.96
911 120965.96
912 120948.08
913 120938.06
914 120960.95
915 120950.94
916 120911.84
917 120749.00
918 120956.90
919 120954.04
920 120862.96
921 120959.04
922 120961.90
923 120958.09
924 120928.05
925 120960.00
926 120948.08
927 120955.94
928 120906.83
929 120961.90
930 120970.01
931 120960.00
932 120935.20
933 120968.10
934 120942.12
935 120965.96
936 120915.89
937 120969.06
938 120963.81
939 120968.10
940 120961.90
941 120931.15
942 120884.90
943 120976.92
944 120950.94
945 120982.89
946 120951.89
947 120908.02
948 120887.04
949 120954.99
950 120963.81
951 120929.96
952 120965.96
953 120968.82
954 120933.77
955 120944.02
956 120908.98
957 120960.95
958 120953.08
959 120945.93
960 120951.89
961 120954.04
962 120864.87
963 120962.14
964 120944.02
965 120931.15
966 120955.23
967 120939.02
968 120885.13
969 120952.13
970 120969.06
971 120957.14
972 120935.92
973 120958.09
974 120949.03
975 120964.05
976 120918.99
977 120960.00
978 120964.05
979 120960.95
980 120969.06
981 120969.06
982 120932.82
983 120933.06
984 120945.93
985 120962.86
986 120924.23
987 120969.06
988 120887.04
989 120970.01
990 121012.93
991 120957.85
992 120929.00
993 120970.01
994 120848.89
995 120907.07
996 120928.05
997 120873.93
998 120838.88
999 120954.04
