1000
0 121405.12
1 121119.98
2 121141.91
3 121124.98
4 121147.16
5 121130.94
6 121155.98
7 121087.07
8 121103.05
9 121150.02
10 121135.00
11 121057.03
12 121106.15
13 121123.08
14 121116.16
15 121133.09
16 121126.17
17 121114.97
18 121155.98
19 121112.82
20 121104.96
21 121136.90
22 121128.80
23 121145.96
24 121126.89
25 121075.87
26 121141.20
27 121107.10
28 121102.09
29 121125.94
30 121119.02
31 121112.11
32 121117.12
33 121120.93
34 121130.94
35 121128.08
36 121135.00
37 121129.04
38 121133.09
39 121129.99
40 121124.98
41 121145.01
42 121142.86
43 121132.85
44 121128.80
45 121141.20
46 121138.10
47 121085.88
48 121129.04
49 121132.85
50 121136.90
51 121076.11
52 121136.90
53 121121.17
54 121109.01
55 121098.04
56 121101.86
57 121197.94
58 121122.12
59 121102.09
60 121135.00
61 121112.11
62 121079.92
63 121123.08
64 121146.92
65 121088.98
66 121084.93
67 121084.93
68 121153.12
69 121144.06
70 121141.91
71 121141.91
72 121137.86
73 121140.00
74 121148.82
75 121111.87
76 121050.12
77 121128.08
78 121139.05
79 121136.19
80 121145.01
81 121136.90
82 121143.82
83 121135.95
84 121138.10
85 121099.95
86 121139.05
87 121092.08
88 121129.04
89 121142.15
90 121129.04
91 121071.10
92 121122.12
93 120963.10
94 120881.08
95 121011.02
96 121002.20
97 120914.94
98 121104.00
99 120990.99
100 120990.04
101 120929.96
102 121001.01
103 120983.12
104 121007.92
105 120960.00
106 121742.01
107 121070.86
108 120955.94
109 121814.97
110 121114.97
111 121522.90
112 120874.17
113 120957.85
114 121405.12
115 121046.78
116 121102.09
117 120870.11
118 121032.00
119 121656.89
120 121021.99
121 121115.92
122 120738.98
123 120830.06
124 122354.98
125 120967.86
126 121290.92
127 121037.96
128 121067.05
129 121404.89
130 121008.87
131 120778.08
132 121123.79
133 121423.01
134 120827.91
135 120861.05
136 121020.79
137 121035.10
138 120848.89
139 120867.01
140 120940.92
141 121582.98
142 120910.17
143 121692.18
144 121011.02
145 121006.01
146 121811.87
147 121114.97
148 120779.04
149 120912.08
150 121593.00
151 121663.09
152 121518.14
153 121362.92
154 121452.09
155 120900.15
156 121155.02
157 120955.94
158 121346.95
159 121050.83
160 121289.01
161 120909.93
162 121346.95
163 121705.06
164 121297.84
165 121514.08
166 120800.02
167 122009.04
168 121171.00
169 121247.05
170 121001.96
171 120930.91
172 121130.94
173 121454.00
174 120935.92
175 121332.88
176 120944.02
177 121240.14
178 120794.06
179 121037.96
180 121747.02
181 120984.79
182 120882.03
183 121551.04
184 121091.84
185 121350.05
186 121114.02
187 121288.06
188 120981.93
189 121214.15
190 121270.90
191 120878.93
192 121594.91
193 121403.93
194 121558.19
195 121608.02
196 120818.85
197 121124.98
198 120845.08
199 120952.13
200 121140.00
201 120951.89
202 121029.85
203 120920.18
204 121542.93
205 120717.76
206 121407.99
207 121232.99
208 120968.10
209 121546.03
210 120692.01
211 121269.94
212 121879.10
213 121248.96
214 121362.92
215 120970.01
216 121649.98
217 122209.07
218 121040.11
219 122211.93
220 121039.15
221 120949.03
222 121557.95
223 121217.97
224 121746.06
225 120798.11
226 120765.92
227 121036.05
228 121320.01
229 120925.90
230 121636.87
231 121052.03
232 121254.92
233 121464.97
234 120877.03
235 121209.86
236 121184.11
237 121791.12
238 120915.17
239 122068.88
240 121144.06
241 120746.85
242 121510.98
243 121144.06
244 122095.11
245 121031.05
246 122119.90
247 121209.14
248 122044.09
249 120926.14
250 121467.11
251 120932.10
252 121177.91
253 121025.09
254 121495.96
255 122469.19
256 121150.97
257 121083.97
258 121309.04
259 121234.89
260 121032.95
261 121500.97
262 120818.85
263 121192.93
264 120753.05
265 121419.91
266 120893.96
267 121180.06
268 120986.94
269 120798.11
270 121575.83
271 121093.99
272 121025.09
273 121971.85
274 120779.99
275 121023.18
276 121492.86
277 120871.07
278 121146.20
279 121685.98
280 121271.13
281 121144.06
282 121361.97
283 121867.90
284 120920.90
285 121486.90
286 121580.12
287 120922.09
288 121137.86
289 121198.89
290 121989.01
291 121045.11
292 121139.05
293 121027.95
294 121643.07
295 122411.01
296 121069.91
297 121002.91
298 122035.98
299 121572.02
300 121118.07
301 121417.05
302 121207.00
303 121265.89
304 121095.18
305 121561.05
306 121004.10
307 121279.00
308 121325.02
309 120854.14
310 121084.93
311 120996.95
312 120980.02
313 121435.17
314 121256.11
315 121506.93
316 121022.94
317 121754.17
318 120982.89
319 121621.13
320 121429.20
321 121408.94
322 120842.93
323 121578.93
324 121032.00
325 121205.09
326 121013.88
327 120932.10
328 121191.02
329 121299.03
330 121773.00
331 121081.83
332 121248.01
333 120893.00
334 121458.05
335 121225.12
336 121289.97
337 121802.09
338 121020.08
339 120882.99
340 121758.94
341 121582.98
342 121388.20
343 121553.18
344 120980.02
345 121070.86
346 120939.97
347 120993.85
348 121765.85
349 121139.05
350 121422.05
351 122349.02
352 121228.93
353 122064.11
354 120882.03
355 121238.95
356 122237.92
357 121210.81
358 121021.03
359 120993.14
360 120790.96
361 121183.87
362 120856.05
363 121255.16
364 120911.12
365 121100.90
366 120956.18
367 121057.99
368 120880.13
369 120913.98
370 120933.06
371 121075.87
372 121049.88
373 120985.03
374 121083.02
375 120914.94
376 121029.14
377 120990.04
378 121254.92
379 121031.05
380 121091.13
381 120960.00
382 120780.94
383 120865.11
384 120955.23
385 120999.10
386 120916.13
387 120918.99
388 120980.02
389 120919.94
390 121037.96
391 121245.15
392 120915.17
393 121081.11
394 121195.08
395 120958.09
396 121001.96
397 120870.83
398 120895.86
399 120875.12
400 121072.05
401 121297.84
402 121331.93
403 120863.91
404 120965.00
405 120963.10
406 121077.06
407 120914.94
408 120974.06
409 121088.03
410 121253.01
411 120810.99
412 120965.00
413 121001.96
414 120947.84
415 120825.05
416 121001.96
417 121290.92
418 120749.95
419 121117.83
420 120955.94
421 121035.10
422 121056.80
423 121112.11
424 120919.94
425 121005.06
426 120914.94
427 120971.92
428 120813.13
429 120967.15
430 120982.17
431 121157.88
432 121013.16
433 120841.03
434 120948.08
435 120885.13
436 121152.88
437 121014.12
438 120965.00
439 121105.19
440 120875.84
441 121214.15
442 120934.96
443 120790.96
444 121136.90
445 120810.03
446 121423.96
447 121268.99
448 120945.93
449 121115.92
450 121065.86
451 121006.01
452 121118.07
453 121006.97
454 121084.93
455 121119.98
456 121491.19
457 121469.97
458 120884.90
459 121327.16
460 121247.05
461 120858.91
462 120870.83
463 121156.22
464 120901.11
465 121433.97
466 121253.97
467 120795.01
468 120938.06
469 120850.80
470 121412.04
471 121088.98
472 120804.07
473 121211.05
474 121727.94
475 120929.96
476 121526.00
477 120997.91
478 121016.98
479 120913.03
480 120880.84
481 120977.16
482 120836.97
483 120954.99
484 121097.09
485 121370.08
486 121382.95
487 121196.03
488 121392.01
489 120871.07
490 120774.03
491 121221.07
492 120875.12
493 121477.84
494 121545.08
495 121251.11
496 120744.94
497 120723.96
498 121160.98
499 121275.19
500 121113.06
501 121274.95
502 121240.14
503 121213.91
504 121218.92
505 121268.99
506 120811.94
507 120777.85
508 121338.84
509 121001.01
510 121484.04
511 121400.83
512 120965.00
513 121080.16
514 120793.10
515 120882.99
516 120893.00
517 121379.85
518 121218.20
519 121280.91
520 121361.97
521 120890.86
522 120894.91
523 120630.03
524 121110.92
525 120991.95
526 121296.88
527 121294.02
528 120902.06
529 120840.07
530 121310.95
531 121232.03
532 121276.14
533 121279.00
534 121419.91
535 121384.14
536 121332.88
537 121677.88
538 120801.21
539 121484.04
540 121202.95
541 120921.85
542 121148.11
543 120848.89
544 121196.03
545 121106.15
546 121072.05
547 121170.04
548 120965.00
549 121557.95
550 121447.09
551 121119.98
552 121293.78
553 120973.83
554 121523.14
555 121097.09
556 121140.96
557 121577.98
558 121018.89
559 120876.07
560 121044.16
561 121266.13
562 121134.04
563 120977.88
564 120965.96
565 121370.08
566 120943.07
567 121223.21
568 120947.12
569 121177.91
570 121025.09
571 121248.01
572 121276.14
573 121083.02
574 120818.14
575 121210.81
576 121000.05
577 121234.89
578 121193.17
579 121021.99
580 120996.95
581 121212.01
582 120965.00
583 121117.83
584 120723.01
585 121147.16
586 121165.04
587 121111.87
588 121320.01
589 121541.98
590 121326.21
591 121308.09
592 121444.94
593 121319.06
594 121767.04
595 121151.92
596 121294.98
597 120939.97
598 121272.09
599 120908.98
600 121273.04
601 121267.08
602 121155.98
603 121003.87
604 121332.17
605 121230.13
606 121099.00
607 121383.91
608 120961.90
609 121176.00
610 120939.02
611 121090.89
612 121313.81
613 121282.10
614 120931.86
615 120750.19
616 120912.79
617 121132.14
618 121170.04
619 121172.90
620 121209.86
621 120939.02
622 121593.00
623 120972.87
624 120954.99
625 121701.00
626 121717.93
627 121203.90
628 121438.03
629 121193.89
630 121418.00
631 121390.10
632 120977.88
633 121376.04
634 121546.03
635 121183.87
636 121207.00
637 121032.00
638 121117.12
639 121414.90
640 121192.93
641 121073.01
642 121035.10
643 121283.05
644 121212.01
645 121254.92
646 120810.03
647 121006.01
648 121430.16
649 121301.89
650 121427.06
651 120758.06
652 121334.08
653 121536.97
654 120997.19
655 121395.83
656 121567.01
657 121436.83
658 121637.82
659 121273.99
660 120817.18
661 121680.97
662 121165.04
663 121424.91
664 121339.80
665 121086.84
666 120916.13
667 120783.09
668 121139.05
669 121016.03
670 121035.10
671 121847.87
672 121239.19
673 121153.12
674 121574.88
675 121201.04
676 121069.91
677 121130.94
678 121500.02
679 120985.98
680 120859.15
681 121166.94
682 120989.08
683 120610.00
684 121428.01
685 121288.06
686 121417.05
687 120928.05
688 120920.18
689 120903.97
690 121087.07
691 121802.09
692 121519.09
693 121206.05
694 121185.06
695 121340.99
696 121216.06
697 121333.84
698 121397.97
699 121198.89
700 121341.94
701 120970.96
702 121258.97
703 121189.12
704 121083.97
705 121673.82
706 121495.01
707 121284.96
708 121404.17
709 121066.09
710 121057.99
711 121360.06
712 120741.13
713 121101.14
714 121157.17
715 121177.91
716 121092.08
717 121211.05
718 120760.20
719 121308.09
720 121248.01
721 121134.04
722 121438.03
723 120946.88
724 121171.95
725 121239.19
726 121304.04
727 121007.92
728 121166.94
729 121217.97
730 121309.04
731 120924.00
732 121334.08
733 121612.07
734 121234.89
735 121493.10
736 121202.95
737 121464.01
738 121055.13
739 120718.00
740 121124.03
741 120800.97
742 121644.02
743 121326.92
744 121448.99
745 121078.01
746 121163.85
747 121387.96
748 121023.89
749 121097.80
750 120687.01
751 120832.92
752 120726.11
753 121545.08
754 121273.99
755 121027.95
756 121206.05
757 121040.82
758 121047.02
759 121153.83
760 121567.01
761 121330.98
762 121155.98
763 121315.00
764 121171.95
765 121291.16
766 121294.02
767 121223.93
768 121490.96
769 121080.88
770 121637.11
771 121157.17
772 121121.88
773 121147.16
774 121212.96
775 121284.96
776 120974.06
777 121001.01
778 121117.12
779 120933.77
780 121012.93
781 121106.15
782 120777.85
783 121295.93
784 121263.03
785 121321.20
786 121098.04
787 121198.89
788 121242.05
789 121049.17
790 121293.07
791 121138.10
792 121079.21
793 121267.08
794 121052.03
795 121138.81
796 121074.20
797 120862.01
798 120723.01
799 120656.01
800 121031.05
801 121029.85
802 121359.11
803 121057.03
804 120734.93
805 121075.15
806 121073.96
807 120910.88
808 121289.01
809 121212.96
810 121232.03
811 121281.15
812 120827.20
813 120946.17
814 120935.92
815 121627.09
816 120925.90
817 121021.99
818 120747.09
819 121127.13
820 121412.99
821 121208.91
822 121194.12
823 120725.15
824 121370.08
825 120939.02
826 121140.00
827 120870.83
828 120827.20
829 121361.97
830 121053.22
831 120918.04
832 120716.09
833 121292.83
834 121193.89
835 121344.09
836 121073.96
837 121536.02
838 120876.79
839 121090.89
840 120975.02
841 120824.81
842 120718.96
843 121327.88
844 121175.05
845 120779.99
846 121131.90
847 121590.14
848 121555.09
849 121088.98
850 120766.16
851 121434.93
852 121312.86
853 121546.98
854 120747.09
855 120835.07
856 121728.90
857 121257.07
858 120999.10
859 121254.92
860 120998.86
861 121670.96
862 121037.01
863 120694.16
864 121608.97
865 120838.17
866 121556.04
867 120723.01
868 121094.94
869 121196.99
870 120976.92
871 121089.94
872 121080.88
873 120941.88
874 121107.10
875 121511.94
876 121245.86
877 121211.05
878 120937.82
879 120826.96
880 122082.00
881 120901.11
882 121214.87
883 120783.09
884 121443.99
885 121359.11
886 120921.85
887 120878.93
888 121488.09
889 121181.01
890 120926.86
891 121238.95
892 121146.92
893 120884.18
894 120785.95
895 121237.99
896 120993.14
897 121438.03
898 121093.03
899 121392.01
900 121218.20
901 121026.99
902 121476.17
903 121167.90
904 120810.03
905 121054.17
906 120928.05
907 120948.08
908 120777.85
909 120960.00
910 120763.06
911 121011.02
912 120862.01
913 121058.23
914 121432.07
915 120679.14
916 121148.11
917 121069.91
918 120960.95
919 121574.88
920 120906.11
921 121331.93
922 121513.84
923 121048.93
924 121000.05
925 120924.00
926 121175.05
927 121011.02
928 120908.98
929 120844.13
930 121220.83
931 120882.99
932 120661.02
933 121070.86
934 120985.98
935 120991.95
936 120874.88
937 121011.02
938 120861.05
939 120841.98
940 120949.98
941 121190.07
942 120953.08
943 120725.87
944 121045.11
945 121023.89
946 120994.09
947 121026.99
948 121139.05
949 120879.17
950 121120.93
951 120649.81
952 120872.97
953 121364.12
954 120804.07
955 121499.06
956 120886.09
957 120868.92
958 120971.92
959 121567.01
960 121142.86
961 120682.00
962 120705.13
963 121037.01
964 120970.96
965 120993.85
966 121016.03
967 120944.98
968 121011.02
969 121061.09
970 121010.07
971 121009.83
972 121018.89
973 121046.07
974 121023.89
975 121032.95
976 121021.99
977 121035.10
978 121032.95
979 121001.96
980 121057.99
981 121016.03
982 120928.05
983 121023.89
984 121044.16
985 121023.89
986 121047.02
987 121062.99
988 121011.97
989 120990.99
990 121012.21
991 121045.11
992 121004.10
993 121026.99
994 121020.08
995 121037.01
996 121026.04
997 121029.14
998 121044.16
999 121024.13
