1000
0 121265.89
1 121029.85
2 120969.06
3 120965.00
4 120992.90
5 121055.84
6 121033.91
7 120956.90
8 120959.04
9 121039.15
10 121016.98
11 121014.12
12 120918.99
13 121007.20
14 120991.95
15 120983.12
16 120941.88
17 121014.12
18 121011.02
19 121020.08
20 121016.98
21 120985.03
22 120995.04
23 121003.87
24 121006.01
25 121007.92
26 121002.91
27 120991.95
28 121037.01
29 121020.79
30 121003.15
31 120997.91
32 120931.86
33 121016.98
34 121042.01
35 120943.07
36 120969.06
37 121026.04
38 121023.89
39 120966.91
40 121048.93
41 121024.85
42 120977.88
43 120968.10
44 121004.82
45 120990.99
46 121033.19
47 120993.85
48 121011.02
49 121011.02
50 121018.17
51 121020.08
52 120975.97
53 121020.08
54 121000.05
55 120990.04
56 121011.02
57 121096.85
58 121029.85
59 121014.12
60 120967.86
61 121023.18
62 120992.90
63 120955.94
64 121008.87
65 121016.03
66 121017.93
67 121022.94
68 121011.02
69 121016.03
70 121023.89
71 121027.95
72 120929.00
73 120964.05
74 120892.05
75 120970.01
76 121026.99
77 121011.02
78 120964.05
79 121012.93
80 121048.93
81 121018.89
82 120986.94
83 120955.94
84 121005.06
85 120942.12
86 121032.95
87 121016.98
88 120962.14
89 121026.04
90 121026.04
91 121002.91
92 120968.82
93 121010.07
94 120948.08
95 120970.01
96 120834.11
97 120853.90
98 120924.00
99 121148.11
100 120935.92
101 120862.01
102 120840.07
103 121017.93
104 121083.02
105 121389.87
106 121398.93
107 122344.97
108 123695.14
109 121994.02
110 122348.07
111 122082.00
112 123098.13
113 123929.02
114 125274.90
115 126013.99
116 126170.87
117 123409.99
118 124300.96
119 125841.14
120 125803.95
121 125766.99
122 125875.00
123 126775.03
124 126846.08
125 127015.83
126 126451.02
127 128085.14
128 126411.20
129 126609.80
130 125344.04
131 126405.95
132 125260.11
133 126235.01
134 126098.87
135 126362.09
136 127108.10
137 124523.88
138 123998.88
139 125550.03
140 125401.02
141 123946.91
142 125747.92
143 126405.95
144 126168.01
145 124686.00
146 125087.98
147 124439.95
148 125445.84
149 126184.94
150 126115.08
151 126362.09
152 124440.91
153 126149.18
154 124768.97
155 124909.16
156 126270.06
157 123835.09
158 123898.98
159 123320.10
160 125306.13
161 123935.22
162 125756.03
163 123975.99
164 124869.11
165 123623.85
166 124383.93
167 123770.95
168 125344.99
169 123199.22
170 125951.05
171 124181.99
172 125262.02
173 125386.00
174 124897.96
175 123876.09
176 124374.87
177 123509.88
178 123494.15
179 124159.10
180 125320.91
181 125244.86
182 126631.98
183 123224.02
184 123767.85
185 124106.88
186 124106.17
187 125622.99
188 123996.97
189 125091.08
190 125030.04
191 124156.00
192 124080.18
193 124408.96
194 124982.12
195 124039.17
196 123981.95
197 123886.11
198 124897.00
199 123022.08
200 123938.08
201 126279.12
202 125264.88
203 124333.14
204 125329.02
205 126105.07
206 124361.99
207 125027.89
208 124277.83
209 124166.97
210 124431.13
211 124138.12
212 123981.95
213 124562.03
214 124727.96
215 124009.13
216 125838.04
217 124444.96
218 125204.09
219 126360.18
220 125401.02
221 124574.90
222 125278.95
223 124301.91
224 122923.14
225 123528.00
226 123363.02
227 125117.06
228 123346.09
229 124354.84
230 125148.06
231 124388.93
232 123600.96
233 123590.95
234 123812.20
235 124523.88
236 122962.95
237 126336.81
238 125895.98
239 123871.09
240 124495.98
241 125442.03
242 123808.86
243 124397.99
244 124735.12
245 126412.15
246 123313.90
247 123665.09
248 124314.07
249 124288.08
250 125132.08
251 124625.92
252 124432.09
253 125185.97
254 124364.85
255 123673.92
256 125200.99
257 124228.95
258 125453.00
259 124584.91
260 124283.08
261 123992.92
262 125659.94
263 124953.03
264 124073.98
265 125963.93
266 124017.95
267 124288.08
268 124940.87
269 124228.95
270 125111.82
271 126183.99
272 124610.90
273 127368.21
274 124729.87
275 125238.90
276 123590.95
277 123633.15
278 125304.94
279 123631.95
280 123479.84
281 123402.12
282 123492.00
283 123564.96
284 124464.04
285 126177.07
286 124468.09
287 124989.99
288 124942.06
289 123620.99
290 124385.83
291 124524.83
292 126183.03
293 123779.77
294 123538.97
295 124552.01
296 123888.97
297 124549.87
298 125497.82
299 124545.10
300 124474.05
301 124583.96
302 123754.98
303 125895.02
304 124443.05
305 124585.15
306 126243.11
307 123556.85
308 126019.00
309 124451.88
310 123497.96
311 125114.92
312 123495.10
313 123206.14
314 124598.03
315 126418.83
316 124542.00
317 124791.86
318 125430.11
319 123824.12
320 125758.89
321 125694.04
322 124858.86
323 124852.90
324 123296.02
325 123267.89
326 123241.19
327 124052.05
328 123878.96
329 123790.03
330 124273.06
331 123981.95
332 124651.19
333 124948.02
334 125885.01
335 125905.99
336 123122.93
337 124089.96
338 124013.90
339 124055.86
340 124055.86
341 124889.85
342 125090.12
343 124947.07
344 124964.00
345 124783.99
346 124237.06
347 124387.03
348 124325.99
349 124135.02
350 124840.02
351 124916.08
352 125857.11
353 124974.97
354 125828.98
355 124172.21
356 124153.85
357 124171.97
358 124314.07
359 124517.92
360 123796.94
361 123206.14
362 123420.95
363 123902.08
364 123871.09
365 123404.98
366 123516.80
367 123168.95
368 123347.04
369 124260.19
370 123564.00
371 123970.03
372 123595.00
373 123929.02
374 123518.94
375 123962.88
376 124230.86
377 123829.84
378 124169.83
379 124069.93
380 124418.02
381 123759.03
382 123934.03
383 123720.88
384 123821.97
385 123693.94
386 124260.90
387 124064.92
388 123945.95
389 123751.88
390 123693.94
391 123356.10
392 123342.04
393 124140.02
394 123587.85
395 123753.79
396 124118.09
397 124094.01
398 123972.89
399 123986.01
400 123550.89
401 123439.07
402 124400.14
403 123549.94
404 123933.08
405 123995.07
406 123272.90
407 122897.86
408 123811.96
409 124069.93
410 123472.93
411 123982.91
412 124500.99
413 123126.03
414 123992.20
415 124326.94
416 123456.95
417 123430.97
418 123812.91
419 123084.07
420 124132.87
421 123299.12
422 123723.98
423 123611.93
424 123788.83
425 124086.86
426 123476.98
427 123461.96
428 124114.99
429 123248.10
430 124011.99
431 123842.00
432 123584.03
433 123481.04
434 123327.97
435 123350.14
436 123954.06
437 123703.00
438 123625.04
439 123054.98
440 123993.87
441 124076.13
442 123480.08
443 123255.97
444 122932.91
445 122747.90
446 124235.87
447 123516.08
448 123862.03
449 120974.06
450 120820.05
451 120749.00
452 120990.99
453 120922.80
454 121000.05
455 120841.03
456 120868.92
457 120900.15
458 121021.03
459 121191.02
460 120994.81
461 120970.96
462 120970.96
463 121228.93
464 121068.00
465 120909.93
466 120701.07
467 120870.11
468 120900.87
469 121153.12
470 121091.13
471 120934.96
472 120768.07
473 120963.81
474 121209.14
475 121038.91
476 121068.95
477 121005.77
478 120923.04
479 120982.17
480 121016.03
481 120996.95
482 121017.93
483 120888.95
484 120962.14
485 120950.94
486 121004.10
487 121165.99
488 120899.92
489 121119.98
490 121026.99
491 120861.05
492 121155.98
493 120919.94
494 121282.82
495 120815.04
496 120824.10
497 120861.05
498 120867.97
499 120894.19
500 121138.10
501 120937.11
502 120963.81
503 120707.99
504 120797.16
505 120949.03
506 120957.14
507 120887.99
508 121059.18
509 121099.00
510 120828.15
511 120954.99
512 120831.97
513 120840.79
514 120855.09
515 120924.00
516 121239.90
517 120726.11
518 120696.07
519 120866.06
520 120809.08
521 120805.98
522 121211.05
523 120810.99
524 121078.01
525 121049.88
526 121055.13
527 121059.18
528 121135.00
529 120736.12
530 120846.99
531 121042.01
532 121231.08
533 121145.96
534 121242.05
535 121068.00
536 120913.98
537 120858.91
538 120975.97
539 121280.91
540 120960.00
541 121163.13
542 120866.06
543 121039.15
544 120937.11
545 121072.05
546 120927.10
547 120932.10
548 121212.96
549 120887.04
550 120908.98
551 120975.02
552 120986.94
553 120852.95
554 120939.02
555 121248.01
556 120944.02
557 120887.99
558 120759.96
559 120885.13
560 120814.80
561 121137.86
562 120755.91
563 120734.93
564 121289.97
565 120956.18
566 120757.10
567 120816.95
568 120951.89
569 120860.10
570 120781.90
571 121130.94
572 121154.07
573 120697.98
574 121051.07
575 121109.01
576 120951.89
577 120922.09
578 121091.84
579 121122.84
580 120791.91
581 121057.99
582 121073.01
583 120774.98
584 121284.96
585 121005.06
586 120960.95
587 121230.84
588 121052.03
589 120872.97
590 120961.90
591 120815.04
592 120985.03
593 120893.96
594 120970.01
595 121148.82
596 120970.01
597 121000.05
598 120793.82
599 120829.11
600 120836.02
601 120867.01
602 121003.87
603 120800.97
604 120822.91
605 120786.91
606 120988.85
607 121082.07
608 120834.11
609 120893.00
610 120954.04
611 120962.14
612 120841.03
613 120790.96
614 121025.09
615 120684.15
616 120886.09
617 121040.11
618 120769.98
619 120750.90
620 121095.90
621 121052.03
622 121062.04
623 121109.01
624 120759.96
625 120776.89
626 120706.08
627 121225.12
628 121150.97
629 121094.94
630 120831.01
631 120800.02
632 121203.18
633 120977.16
634 120996.00
635 121006.01
636 120779.04
637 120729.92
638 120841.03
639 120988.13
640 120970.96
641 120779.04
642 121305.94
643 121310.95
644 120990.99
645 120920.90
646 120922.09
647 120921.85
648 120893.00
649 120977.88
650 120826.96
651 121036.05
652 120972.87
653 121102.09
654 120903.02
655 120777.13
656 121197.94
657 121102.09
658 121178.15
659 121114.97
660 120862.96
661 121004.10
662 120900.87
663 121028.18
664 120872.97
665 121089.94
666 120631.93
667 121142.15
668 120930.19
669 120834.11
670 121025.09
671 121040.11
672 121076.11
673 120867.01
674 121205.09
675 120806.93
676 120896.10
677 120896.10
678 120836.97
679 121023.89
680 121042.01
681 120968.10
682 120996.00
683 120978.83
684 120794.06
685 120903.02
686 120906.11
687 121084.93
688 120924.95
689 120951.89
690 121140.96
691 120922.09
692 120882.03
693 120769.02
694 120887.99
695 121134.04
696 120905.16
697 120950.94
698 120724.92
699 120761.16
700 120857.00
701 120867.01
702 121077.78
703 121138.10
704 120985.03
705 121035.81
706 120761.16
707 120769.02
708 120786.19
709 121026.99
710 120811.94
711 121066.09
712 121091.13
713 121055.13
714 120746.14
715 120825.05
716 120887.99
717 120775.94
718 120880.84
719 120862.96
720 120856.05
721 120714.90
722 121356.96
723 120716.09
724 120717.05
725 120810.99
726 121303.08
727 120972.16
728 120980.02
729 120625.97
730 121208.19
731 121126.17
732 121269.94
733 121104.00
734 120926.86
735 121134.04
736 120785.00
737 120941.88
738 121170.04
739 120871.07
740 120809.79
741 120896.10
742 120877.98
743 121212.01
744 120976.92
745 121070.86
746 120978.12
747 121099.95
748 120712.04
749 120862.01
750 120700.84
751 120944.02
752 121145.01
753 120759.96
754 120796.92
755 121014.12
756 121127.84
757 120846.99
758 120926.14
759 120802.88
760 120896.10
761 121023.89
762 120772.12
763 120888.95
764 120793.10
765 120819.09
766 120985.98
767 121145.01
768 121112.11
769 120951.89
770 120804.07
771 121061.09
772 121073.96
773 120737.79
774 121052.03
775 120938.06
776 120985.03
777 121268.03
778 121002.91
779 120898.96
780 121008.87
781 120887.04
782 120898.01
783 120946.17
784 120914.94
785 120989.80
786 120862.01
787 120907.07
788 120814.09
789 120973.11
790 121249.91
791 121048.21
792 121003.15
793 121045.11
794 121049.88
795 121050.83
796 121052.03
797 121056.08
798 120960.00
799 121059.89
800 121050.83
801 121058.94
802 121052.98
803 121057.03
804 121052.98
805 121065.14
806 121062.04
807 120976.92
808 121015.07
809 121052.03
810 121037.01
811 121053.93
812 121046.07
813 121052.98
814 121016.03
815 121057.99
816 121082.07
817 121061.09
818 121010.07
819 121057.99
820 120981.93
821 121057.03
822 121022.94
823 121053.93
824 121041.06
825 121043.92
826 121047.97
827 120983.12
828 121016.03
829 121051.07
830 121061.09
831 121033.91
832 121058.94
833 121088.98
834 121054.89
835 121002.91
836 121056.08
837 121057.03
838 121021.03
839 121044.87
840 121059.18
841 121056.08
842 121064.90
843 121037.01
844 121030.09
845 121079.92
846 121039.87
847 120979.07
848 121016.03
849 121036.05
850 121084.93
851 121045.11
852 121016.03
853 121052.03
854 121069.91
855 121055.13
856 121054.17
857 121052.98
858 121067.05
859 121054.89
860 121062.04
861 121032.95
862 120948.08
863 121035.10
864 121028.90
865 121036.05
866 121019.12
867 120996.95
868 121049.17
869 120995.04
870 120975.97
871 121070.15
872 121050.12
873 121068.95
874 121052.98
875 121034.15
876 121056.08
877 121032.95
878 120963.81
879 121034.86
880 121044.16
881 121014.12
882 121011.97
883 121036.05
884 121076.11
885 121017.93
886 121001.01
887 120970.01
888 121024.13
889 121054.89
890 121041.06
891 121052.03
892 121051.07
893 121058.94
894 121059.89
895 121062.04
896 121055.84
897 121035.10
898 121032.00
899 121039.87
900 121106.15
901 121061.80
902 121026.99
903 121061.09
904 120950.94
905 121057.99
906 121059.89
907 121000.05
908 121062.99
909 121050.12
910 121064.90
911 121052.98
912 121067.05
913 121099.00
914 121038.91
915 121030.09
916 121039.87
917 121036.77
918 121044.16
919 120939.02
920 121044.87
921 121062.99
922 121019.84
923 121011.97
924 121048.93
925 121057.99
926 121057.03
927 120970.01
928 121031.05
929 121050.12
930 121036.05
931 121000.05
932 121062.04
933 121040.11
934 121032.95
935 121042.01
936 121055.13
937 121049.88
938 121056.08
939 120969.06
940 121056.80
941 121086.12
942 121059.89
943 120968.10
944 121018.89
945 121064.90
946 121078.01
947 121001.96
948 121012.93
949 121054.89
950 120996.00
951 121059.18
952 121057.03
953 121061.80
954 121053.22
955 121062.04
956 121057.03
957 121061.09
958 121079.92
959 121062.99
960 121063.95
961 121033.91
962 121034.15
963 121047.02
964 121049.88
965 120970.01
966 121052.98
967 121053.93
968 121029.85
969 121076.11
970 121042.01
971 121042.97
972 121046.07
973 121050.12
974 121044.87
975 121059.89
976 121066.09
977 121067.05
978 121041.06
979 121062.04
980 121048.93
981 121031.05
982 121055.84
983 121051.07
984 121063.95
985 121056.08
986 121062.04
987 120990.99
988 120999.81
989 121052.03
990 121055.84
991 121056.08
992 121062.99
993 121073.01
994 121033.91
995 121041.06
996 121053.93
997 121046.07
998 121024.13
999 120969.06
