1000
0 121237.04
1 121141.91
2 121114.02
3 121083.97
4 121133.09
5 121121.88
6 121098.04
7 121089.94
8 121106.15
9 121150.02
10 121104.96
11 121077.06
12 121119.98
13 121117.12
14 121069.91
15 121135.00
16 121099.00
17 121128.08
18 121100.90
19 121102.09
20 121118.07
21 121114.97
22 121117.12
23 121123.08
24 121117.12
25 121124.98
26 121121.88
27 121103.05
28 121121.88
29 121068.00
30 121124.98
31 121110.92
32 121089.94
33 121113.06
34 121009.11
35 121122.84
36 121090.89
37 121113.06
38 121121.88
39 121099.00
40 121114.97
41 121104.00
42 121093.03
43 121116.16
44 121108.06
45 121123.08
46 121116.88
47 121109.96
48 121104.96
49 121123.08
50 121108.06
51 121054.89
52 121110.92
53 121068.95
54 121075.15
55 121123.08
56 121100.90
57 120994.09
58 121102.81
59 121109.01
60 121129.99
61 121116.88
62 121119.98
63 121099.00
64 121124.03
65 121110.92
66 121145.96
67 121099.95
68 121077.06
69 121080.16
70 121107.82
71 121129.04
72 121137.14
73 121097.09
74 121060.13
75 121108.06
76 121069.19
77 121111.87
78 121120.93
79 121122.84
80 121105.91
81 121096.85
82 121109.01
83 121121.88
84 121124.03
85 121124.03
86 121125.94
87 121050.83
88 121067.05
89 121140.96
90 121109.96
91 121071.10
92 121101.86
93 121112.11
94 120924.00
95 121140.96
96 121019.84
97 121083.97
98 120961.90
99 121000.05
100 120999.81
101 121008.16
102 121503.11
103 121016.03
104 121217.01
105 121857.17
106 122745.99
107 121236.09
108 121898.89
109 122066.97
110 124440.91
111 122885.94
112 124117.14
113 124432.09
114 123542.07
115 124188.90
116 123975.04
117 124279.98
118 122698.07
119 122664.93
120 124192.95
121 123571.16
122 122637.03
123 124233.01
124 124182.94
125 124014.85
126 123696.09
127 123772.86
128 123858.93
129 124463.08
130 126187.80
131 123831.99
132 123579.98
133 124300.96
134 126038.07
135 124500.99
136 125078.92
137 125190.02
138 126807.93
139 123355.15
140 124547.96
141 125178.10
142 124483.11
143 123628.14
144 126041.89
145 126927.85
146 123476.98
147 125818.97
148 123955.01
149 125000.00
150 124886.04
151 123841.05
152 124878.17
153 123636.01
154 122171.88
155 122115.14
156 124539.85
157 124736.07
158 122916.94
159 124239.92
160 123852.01
161 124547.96
162 123256.21
163 123915.20
164 123076.92
165 123224.97
166 122040.03
167 122421.98
168 124224.19
169 123826.03
170 122690.92
171 122564.08
172 123411.89
173 123625.99
174 124042.99
175 122632.03
176 124943.97
177 122657.06
178 123095.99
179 123562.81
180 125745.06
181 123419.05
182 123498.92
183 123496.06
184 123121.02
185 123808.86
186 122252.94
187 122578.14
188 123218.77
189 122919.80
190 124383.93
191 123219.01
192 124064.92
193 123126.98
194 122549.06
195 122350.93
196 122508.05
197 123495.82
198 123489.86
199 124096.87
200 125015.02
201 123332.02
202 124773.98
203 124111.18
204 124861.96
205 122539.04
206 124176.98
207 123251.91
208 122387.89
209 122439.15
210 124260.19
211 122735.02
212 123584.99
213 124004.84
214 123269.08
215 122291.09
216 122845.17
217 124433.99
218 122991.09
219 123795.03
220 123131.04
221 123903.99
222 123515.13
223 122041.94
224 121845.96
225 123656.99
226 121991.16
227 122233.15
228 123029.95
229 122680.19
230 123560.19
231 124511.00
232 123015.17
233 122737.88
234 123554.94
235 123565.91
236 122270.82
237 123631.95
238 122852.09
239 123687.03
240 122765.06
241 122635.84
242 122637.03
243 123312.00
244 122610.81
245 122643.95
246 122601.99
247 124096.87
248 123193.98
249 124245.88
250 122497.80
251 122591.97
252 122529.03
253 124038.93
254 123371.84
255 123188.97
256 123353.96
257 122383.83
258 123302.22
259 123195.17
260 123768.81
261 123077.15
262 124079.94
263 122560.98
264 124145.03
265 122564.08
266 124606.13
267 123044.01
268 122869.01
269 123145.10
270 122859.00
271 123839.86
272 122193.10
273 123615.98
274 122785.09
275 123600.01
276 122793.91
277 123744.01
278 124168.16
279 122611.05
280 122890.00
281 122606.04
282 122826.10
283 123384.00
284 122496.84
285 122555.02
286 123272.90
287 124055.15
288 122432.95
289 122125.15
290 124588.97
291 124381.07
292 125406.03
293 123884.92
294 123649.12
295 123598.81
296 123121.98
297 125150.92
298 123591.90
299 123520.14
300 122842.07
301 123101.00
302 123121.02
303 123888.97
304 122380.97
305 123180.15
306 123196.13
307 123867.03
308 123794.79
309 124953.03
310 123106.00
311 123780.97
312 122233.15
313 125304.94
314 122192.86
315 123147.96
316 123894.93
317 123019.93
318 122334.96
319 123195.17
320 123997.93
321 123186.11
322 122647.05
323 123646.02
324 123560.91
325 122987.03
326 122589.83
327 122617.96
328 123504.88
329 123492.96
330 123396.16
331 124227.05
332 122741.94
333 123494.15
334 122590.07
335 122564.79
336 122802.97
337 122828.96
338 122933.15
339 123415.95
340 123621.94
341 122766.97
342 124284.03
343 122541.90
344 123053.79
345 124119.04
346 123009.92
347 121981.14
348 122051.00
349 122683.05
350 122408.87
351 123955.97
352 122673.99
353 123477.94
354 123097.90
355 122348.79
356 124699.12
357 124118.80
358 122345.21
359 122030.02
360 122699.02
361 122294.90
362 122087.00
363 121979.00
364 122648.00
365 122459.17
366 122215.03
367 122250.08
368 122561.93
369 122606.99
370 122451.07
371 122056.96
372 122479.20
373 123063.09
374 122800.83
375 122700.93
376 122184.99
377 122385.03
378 123238.80
379 122655.15
380 122115.14
381 122789.14
382 121914.15
383 122109.89
384 122612.95
385 122521.88
386 123014.93
387 122280.84
388 123249.05
389 122441.05
390 122407.20
391 122275.11
392 122577.19
393 122627.97
394 122205.02
395 122484.92
396 123126.03
397 122698.07
398 122141.12
399 122642.99
400 122472.05
401 122060.06
402 122498.99
403 122543.10
404 122274.16
405 122372.87
406 122926.00
407 122287.03
408 122401.00
409 121930.84
410 122776.99
411 122589.83
412 122890.00
413 122494.94
414 122473.00
415 122001.89
416 122363.81
417 122473.00
418 122388.12
419 123032.09
420 122212.89
421 122402.91
422 122530.94
423 122057.20
424 122336.86
425 122635.13
426 121921.06
427 122687.82
428 122584.10
429 123456.95
430 122086.05
431 122529.03
432 122344.02
433 122262.00
434 122445.11
435 122262.95
436 122917.89
437 122762.92
438 122643.95
439 122529.98
440 122466.80
441 122252.94
442 122340.92
443 122150.90
444 122356.18
445 122498.99
446 122138.02
447 122542.14
448 121080.16
449 121119.98
450 120754.00
451 121016.98
452 120903.97
453 120829.82
454 120789.05
455 120829.82
456 120705.84
457 120823.14
458 120988.85
459 120801.93
460 121011.02
461 120749.00
462 121158.12
463 121077.06
464 120745.90
465 120893.96
466 120979.07
467 120793.10
468 121052.03
469 120943.07
470 120977.88
471 120613.10
472 120973.11
473 120815.04
474 120867.01
475 120853.19
476 120754.00
477 120877.03
478 121010.07
479 120933.06
480 120682.00
481 120895.15
482 120768.07
483 120745.90
484 120619.06
485 120949.03
486 121160.03
487 120856.05
488 120857.00
489 121057.99
490 120942.12
491 121054.89
492 120742.08
493 121006.97
494 120898.96
495 120805.03
496 120860.82
497 120744.94
498 120779.04
499 120985.98
500 120679.14
501 121001.01
502 121001.01
503 120828.87
504 120987.18
505 120954.04
506 120956.90
507 120788.81
508 120793.10
509 120965.96
510 120733.98
511 120823.14
512 120977.16
513 120836.02
514 120994.09
515 120851.99
516 120850.09
517 120769.98
518 120784.04
519 120898.96
520 120921.85
521 120656.01
522 121006.01
523 120918.99
524 121145.01
525 120939.02
526 120991.95
527 120903.02
528 120895.15
529 120821.95
530 120725.15
531 120773.79
532 120795.97
533 120993.14
534 120885.13
535 120850.09
536 121068.95
537 120814.09
538 121289.97
539 121115.92
540 120840.07
541 120911.84
542 121105.91
543 120939.97
544 120965.00
545 120725.87
546 121015.07
547 121019.12
548 120833.87
549 121053.93
550 120718.96
551 120949.03
552 120976.21
553 120921.13
554 120887.99
555 120735.17
556 120903.97
557 120640.99
558 120949.98
559 120963.10
560 120949.98
561 120769.98
562 120887.04
563 121129.99
564 120996.00
565 120713.00
566 120879.89
567 120816.95
568 120941.88
569 120773.79
570 120862.01
571 121026.04
572 120934.01
573 120732.07
574 120783.09
575 121158.12
576 120867.97
577 120803.83
578 121050.83
579 121143.82
580 121012.93
581 120832.92
582 120685.82
583 121040.11
584 120702.03
585 120779.99
586 121049.17
587 120819.09
588 120975.02
589 120909.21
590 120682.95
591 120949.98
592 121105.91
593 120795.01
594 121029.85
595 121015.07
596 120872.97
597 120939.97
598 120850.09
599 120903.02
600 120802.88
601 121087.79
602 120788.10
603 121013.88
604 120800.97
605 120973.11
606 120796.92
607 120986.94
608 121158.84
609 121057.03
610 120925.19
611 120975.97
612 120756.15
613 121023.89
614 120909.93
615 120968.10
616 121043.92
617 120877.98
618 120975.97
619 120769.02
620 120730.88
621 121096.13
622 121102.09
623 120890.14
624 120714.19
625 120866.06
626 120892.05
627 120850.09
628 120740.89
629 120747.09
630 120884.18
631 120961.90
632 120756.86
633 120980.02
634 120697.98
635 120955.94
636 120990.99
637 120805.03
638 121065.14
639 120785.00
640 120759.96
641 121072.05
642 121014.83
643 120916.13
644 120910.88
645 120954.04
646 120963.10
647 120864.87
648 120805.03
649 120809.08
650 121021.03
651 120877.03
652 120668.17
653 120692.97
654 120976.92
655 120913.98
656 120865.11
657 120856.05
658 120965.00
659 120787.86
660 120993.85
661 120732.07
662 120925.19
663 120923.04
664 120764.97
665 120886.09
666 120673.89
667 120812.18
668 121008.87
669 121074.91
670 120682.00
671 120786.91
672 121071.10
673 120863.91
674 120936.87
675 120729.21
676 120690.82
677 120977.88
678 120840.07
679 120935.92
680 121044.87
681 120851.99
682 121001.01
683 120818.14
684 120772.84
685 120921.13
686 120751.14
687 120986.94
688 121092.08
689 120868.92
690 120873.93
691 120814.80
692 120940.92
693 120739.94
694 120831.01
695 120831.01
696 120758.06
697 120850.09
698 121050.83
699 120778.08
700 121133.09
701 120829.11
702 120793.10
703 121062.99
704 120807.89
705 120970.01
706 120890.14
707 120771.88
708 120721.10
709 121166.94
710 120876.07
711 120918.04
712 120928.05
713 120932.10
714 121104.96
715 120790.96
716 120895.15
717 121190.79
718 121023.18
719 121014.83
720 121324.06
721 121018.89
722 120980.02
723 120685.10
724 120942.83
725 120819.09
726 120707.99
727 120952.13
728 120887.04
729 121088.03
730 120954.99
731 120908.02
732 120913.03
733 121139.05
734 120909.93
735 120809.08
736 120814.09
737 121057.03
738 121068.00
739 121026.99
740 120876.07
741 120891.09
742 120972.87
743 121175.05
744 120790.00
745 120863.91
746 121054.89
747 120758.77
748 120737.08
749 120760.92
750 120861.05
751 120818.14
752 121254.21
753 121090.17
754 120929.00
755 121052.98
756 121124.03
757 120960.00
758 120790.00
759 120964.05
760 120791.91
761 120963.10
762 121088.98
763 121133.09
764 120903.97
765 121166.94
766 121018.89
767 121069.19
768 120979.07
769 121019.12
770 121119.02
771 120687.01
772 120781.90
773 120891.09
774 120859.86
775 120927.10
776 121141.91
777 121169.09
778 120708.94
779 120853.90
780 120905.88
781 120942.12
782 121169.09
783 120786.91
784 120809.08
785 120965.96
786 120759.01
787 120817.90
788 121191.98
789 121285.92
790 120953.08
791 121046.07
792 121050.83
793 121047.02
794 121009.11
795 121052.98
796 121035.10
797 121032.95
798 121062.99
799 121062.99
800 121063.95
801 121027.95
802 121058.23
803 121042.97
804 121016.03
805 121065.86
806 121010.07
807 121005.06
808 121061.09
809 121065.14
810 121066.81
811 121052.98
812 121035.81
813 121071.10
814 121047.97
815 120983.12
816 121052.98
817 121076.11
818 121055.13
819 121006.97
820 121067.05
821 120921.13
822 121076.11
823 121053.93
824 121008.87
825 121057.99
826 120998.14
827 121062.99
828 120912.08
829 121049.88
830 121062.99
831 121052.03
832 121028.18
833 121057.03
834 121047.02
835 121032.00
836 121055.84
837 121045.11
838 121059.89
839 121154.07
840 121068.00
841 121018.89
842 121037.01
843 121038.91
844 121020.08
845 121078.01
846 121062.04
847 121010.07
848 120960.00
849 121033.91
850 121093.03
851 121062.99
852 121021.99
853 121001.96
854 121045.11
855 121060.85
856 121057.03
857 121048.93
858 121007.92
859 121076.82
860 121048.93
861 121011.02
862 121053.93
863 121069.91
864 121062.99
865 121038.91
866 120974.06
867 121055.84
868 121045.11
869 121072.05
870 121057.03
871 120953.08
872 121069.19
873 121042.97
874 121015.07
875 121054.89
876 121048.93
877 121052.98
878 121040.11
879 121036.05
880 121105.91
881 121057.99
882 121030.09
883 121057.99
884 121016.98
885 121060.13
886 121004.10
887 121067.05
888 121068.00
889 121000.05
890 121044.16
891 121056.80
892 121051.07
893 121065.86
894 121061.09
895 121037.01
896 121057.99
897 121061.09
898 120965.96
899 120980.98
900 121065.14
901 121067.05
902 121044.87
903 121076.11
904 121034.86
905 121057.03
906 120987.89
907 121113.06
908 121064.90
909 121029.85
910 121005.06
911 121043.92
912 121028.18
913 120994.09
914 121068.00
915 121062.99
916 121040.11
917 121002.91
918 121066.81
919 121033.19
920 121072.05
921 121043.92
922 120999.10
923 121052.03
924 120954.99
925 121068.95
926 121010.07
927 121068.95
928 121056.08
929 121047.02
930 120931.86
931 121057.03
932 121068.00
933 121063.95
934 121006.97
935 121034.86
936 121057.99
937 120961.90
938 121056.08
939 121061.80
940 121062.99
941 121005.06
942 121045.11
943 121127.13
944 121058.94
945 121039.15
946 120976.92
947 121050.12
948 121067.05
949 121050.12
950 121045.11
951 121045.83
952 121055.13
953 121026.04
954 121050.83
955 121057.99
956 121034.86
957 121032.00
958 121047.97
959 121047.02
960 121047.02
961 121055.84
962 121055.13
963 121067.05
964 121021.03
965 121046.07
966 120996.95
967 121056.80
968 121033.19
969 121069.91
970 120996.00
971 120985.98
972 121093.03
973 121069.91
974 121016.03
975 121001.96
976 121048.93
977 121073.96
978 121059.89
979 121006.97
980 121066.09
981 121057.03
982 121068.00
983 120986.94
984 121029.14
985 121065.14
986 120980.02
987 121010.07
988 121071.10
989 121052.03
990 121001.96
991 121038.91
992 121053.22
993 121047.02
994 121049.88
995 121089.94
996 121065.86
997 121016.98
998 121031.05
999 120996.95
