1120
0 121360.06
1 121110.92
2 121077.06
3 121085.88
4 120900.87
5 121124.98
6 121126.17
7 121121.88
8 121122.12
9 121127.84
10 121138.10
11 121121.17
12 121115.92
13 121114.02
14 121139.05
15 121116.88
16 121116.16
17 121121.17
18 121114.97
19 121115.92
20 121114.97
21 121120.93
22 121122.12
23 121129.04
24 121088.03
25 121103.05
26 121109.96
27 121117.12
28 121119.98
29 121124.03
30 121119.98
31 121103.05
32 121108.06
33 121128.08
34 121100.19
35 121093.99
36 121111.15
37 121088.03
38 121096.13
39 121160.98
40 121104.96
41 121110.92
42 121105.19
43 121062.99
44 121075.87
45 121103.05
46 121097.80
47 121119.02
48 121115.92
49 121114.02
50 121145.01
51 121112.82
52 121109.96
53 121118.07
54 121106.15
55 121135.95
56 121097.09
57 121114.97
58 121091.84
59 121119.98
60 121128.08
61 121117.12
62 121116.88
63 121115.92
64 121088.03
65 121120.93
66 121119.02
67 121114.97
68 121114.97
69 121119.98
70 121107.10
71 121120.93
72 121117.12
73 121128.08
74 121119.02
75 121114.02
76 121124.03
77 121119.98
78 121122.12
79 121114.02
80 121118.07
81 121119.98
82 121104.96
83 121106.15
84 120993.14
85 121116.88
86 121113.06
87 121119.98
88 121114.02
89 121119.98
90 121122.12
91 121114.97
92 121124.98
93 121091.13
94 121095.90
95 121114.97
96 120987.89
97 120990.04
98 121011.97
99 121103.05
100 121081.11
101 121110.92
102 121102.09
103 121140.00
104 121104.96
105 120934.96
106 121605.87
107 120934.01
108 121171.95
109 121113.06
110 121287.11
111 120975.97
112 121001.01
113 120996.95
114 121156.93
115 121166.94
116 121226.07
117 120887.04
118 121454.00
119 121057.03
120 122245.07
121 121361.02
122 121789.22
123 121764.90
124 121053.93
125 121212.96
126 121136.90
127 120908.98
128 121545.08
129 121334.08
130 121252.06
131 121189.83
132 121557.00
133 120966.91
134 122339.01
135 122282.03
136 121043.92
137 121818.07
138 121213.91
139 121075.87
140 121011.02
141 120975.97
142 121042.01
143 121006.01
144 121146.92
145 121052.98
146 121003.87
147 121437.07
148 121002.91
149 121283.05
150 120978.12
151 121414.90
152 121423.96
153 120999.81
154 122091.05
155 120955.94
156 121953.01
157 121504.07
158 121400.83
159 122220.99
160 121015.07
161 122151.85
162 121047.02
163 121745.11
164 121057.99
165 121001.96
166 122170.21
167 121597.77
168 121065.14
169 121660.95
170 121608.02
171 121757.03
172 121666.91
173 120996.95
174 121277.09
175 121750.12
176 120898.01
177 121871.95
178 120785.95
179 120971.92
180 122551.92
181 121008.87
182 121080.88
183 121970.89
184 121298.07
185 121114.97
186 121425.87
187 120921.13
188 122082.95
189 121264.22
190 120892.05
191 120815.99
192 120965.96
193 121902.94
194 121155.98
195 121653.08
196 121281.15
197 121038.91
198 122590.07
199 121666.91
200 121171.95
201 121854.07
202 120998.14
203 121437.07
204 120971.20
205 120905.16
206 121001.01
207 121484.04
208 121464.01
209 121610.88
210 121737.96
211 121474.03
212 121104.96
213 123100.04
214 121051.07
215 121114.02
216 122028.11
217 121052.03
218 121018.89
219 120961.90
220 121028.18
221 121999.03
222 121096.85
223 120901.11
224 121006.97
225 121495.01
226 121330.98
227 121895.07
228 120969.06
229 121041.06
230 121060.13
231 120975.02
232 121937.04
233 121658.09
234 121191.02
235 121044.87
236 121484.04
237 120985.03
238 120900.87
239 122022.87
240 120937.11
241 121206.05
242 120882.99
243 121210.81
244 121208.91
245 121144.06
246 121351.96
247 121446.85
248 121026.99
249 120931.15
250 121110.92
251 121371.03
252 121484.04
253 121511.94
254 120950.94
255 121482.13
256 121288.06
257 121115.92
258 121809.01
259 121001.01
260 121062.04
261 120934.96
262 121330.98
263 121689.08
264 120944.98
265 121041.06
266 121051.07
267 120911.12
268 121124.98
269 121011.97
270 120896.82
271 120913.98
272 120911.12
273 122385.98
274 121781.11
275 121174.10
276 121502.88
277 120930.91
278 121603.01
279 121013.88
280 121470.93
281 121037.01
282 121335.98
283 121644.97
284 122192.14
285 121238.23
286 121242.05
287 120907.07
288 121057.03
289 121626.14
290 121631.86
291 121145.96
292 121793.99
293 121163.13
294 121591.81
295 121213.91
296 121325.02
297 122043.85
298 121036.05
299 121572.97
300 121398.93
301 122015.00
302 120924.00
303 121706.01
304 121050.83
305 121299.03
306 121015.07
307 120909.93
308 121665.00
309 121684.07
310 121038.91
311 121762.04
312 121469.97
313 121175.05
314 121377.94
315 121349.10
316 122082.95
317 121135.00
318 121634.01
319 121578.22
320 121278.05
321 121186.02
322 121646.88
323 121682.88
324 120849.85
325 120806.93
326 120880.13
327 122240.07
328 121164.08
329 121068.95
330 121567.01
331 121535.06
332 120974.06
333 121384.86
334 121001.01
335 121937.99
336 120934.01
337 121232.99
338 121604.92
339 121766.09
340 122107.03
341 121016.03
342 121206.05
343 120935.92
344 122436.05
345 121636.87
346 121459.96
347 121729.85
348 120965.00
349 122769.83
350 121582.98
351 120882.99
352 121318.10
353 121150.02
354 121115.92
355 122413.16
356 120872.02
357 121916.06
358 121603.97
359 120928.05
360 120877.03
361 121088.98
362 121035.10
363 121073.01
364 121443.99
365 121078.97
366 121053.93
367 121036.05
368 120749.95
369 120972.87
370 121115.21
371 121263.03
372 120993.85
373 120913.03
374 121108.06
375 120902.06
376 121003.87
377 121222.02
378 121129.04
379 120803.12
380 120785.95
381 121028.90
382 121095.90
383 120965.00
384 121309.04
385 120955.94
386 120984.08
387 121179.10
388 120966.91
389 120934.01
390 121150.02
391 121073.01
392 120961.90
393 121074.91
394 121695.04
395 120997.91
396 120841.03
397 121046.07
398 120902.06
399 120883.94
400 121192.93
401 121049.17
402 120860.10
403 121006.97
404 121459.96
405 120969.06
406 120908.02
407 120939.97
408 121048.93
409 120952.13
410 121042.97
411 120894.91
412 121052.03
413 120975.97
414 121057.03
415 121788.98
416 121190.07
417 120904.92
418 120942.12
419 121124.03
420 121409.89
421 121024.13
422 121018.89
423 121813.06
424 121004.10
425 120741.84
426 121029.85
427 120798.83
428 121070.15
429 121157.88
430 120982.89
431 121073.96
432 121140.96
433 121064.90
434 120930.19
435 121385.81
436 121201.99
437 120910.17
438 121174.10
439 121492.86
440 121153.83
441 121180.77
442 121088.98
443 121861.93
444 120821.00
445 121409.89
446 121034.15
447 121032.00
448 121126.89
449 121075.87
450 121178.87
451 120923.04
452 121095.90
453 121021.99
454 121151.92
455 121050.83
456 121299.98
457 121344.80
458 120829.11
459 121259.93
460 120785.00
461 121071.10
462 121335.03
463 121366.02
464 121408.94
465 121253.01
466 121258.02
467 121049.17
468 120898.01
469 121379.85
470 121330.02
471 120786.91
472 120752.81
473 120769.02
474 121548.89
475 121371.03
476 121338.13
477 121196.03
478 121129.99
479 121462.11
480 121362.92
481 121798.99
482 120883.94
483 121119.98
484 121511.94
485 122159.00
486 121037.96
487 120929.96
488 121088.03
489 121768.95
490 121067.05
491 121159.08
492 120975.02
493 121076.82
494 121184.11
495 121319.06
496 121456.15
497 120895.86
498 120852.95
499 121670.96
500 120821.00
501 121205.09
502 121507.17
503 121073.01
504 121675.01
505 121147.16
506 121160.03
507 121495.01
508 121216.06
509 121025.09
510 121304.99
511 121802.81
512 121110.20
513 121026.99
514 121439.93
515 121335.03
516 121512.89
517 121099.00
518 121071.10
519 121175.05
520 121588.95
521 121320.96
522 121513.13
523 121472.84
524 121512.89
525 121626.85
526 121469.02
527 121117.12
528 121223.21
529 121453.05
530 120671.03
531 121495.01
532 121759.89
533 121316.19
534 121614.93
535 121326.92
536 121171.00
537 121669.05
538 121184.11
539 121129.04
540 121332.88
541 121464.01
542 121052.98
543 121014.12
544 121511.94
545 121593.00
546 120894.91
547 121207.00
548 121145.96
549 121691.94
550 121545.08
551 121156.93
552 121488.09
553 121132.14
554 121038.91
555 121300.94
556 121732.00
557 121025.09
558 121520.04
559 120843.89
560 121576.07
561 121205.09
562 121266.13
563 121597.05
564 120815.04
565 121114.02
566 121062.99
567 121170.04
568 121653.80
569 121439.93
570 121543.17
571 121209.14
572 121394.16
573 121237.04
574 121577.98
575 120903.02
576 121742.01
577 120619.06
578 121416.81
579 121105.19
580 121535.06
581 121296.88
582 120905.16
583 121552.94
584 120861.05
585 120977.88
586 120929.00
587 121856.93
588 121473.07
589 121260.88
590 121284.01
591 121171.00
592 121428.97
593 120913.98
594 121336.94
595 121544.12
596 121406.08
597 121912.96
598 121359.83
599 121676.21
600 121220.11
601 121407.03
602 121322.15
603 121091.13
604 120796.20
605 121256.11
606 121153.83
607 121395.11
608 121279.95
609 121371.03
610 120882.99
611 121247.05
612 121338.13
613 121501.92
614 121133.09
615 121183.87
616 121180.06
617 121634.01
618 120940.92
619 121730.09
620 121303.80
621 120986.94
622 121381.04
623 121297.12
624 121481.90
625 121010.07
626 121152.88
627 121655.94
628 121271.13
629 121223.93
630 121175.05
631 121402.98
632 121356.01
633 121270.18
634 121433.02
635 121503.11
636 121426.11
637 121173.14
638 121101.14
639 121155.98
640 121104.96
641 121269.94
642 121490.96
643 121760.85
644 121294.02
645 121438.98
646 121221.07
647 121656.89
648 120943.07
649 121201.04
650 121536.02
651 121418.00
652 121264.93
653 120967.86
654 121395.11
655 121251.11
656 121563.20
657 121429.92
658 121505.02
659 121179.82
660 121199.85
661 120929.96
662 121515.99
663 121220.11
664 121291.16
665 121437.07
666 120931.86
667 121378.18
668 121453.05
669 121185.06
670 121230.84
671 121289.01
672 121484.99
673 121016.98
674 121613.03
675 121233.22
676 121701.96
677 121445.89
678 121395.11
679 121294.98
680 121099.00
681 121346.95
682 121356.01
683 121508.12
684 121122.12
685 121062.99
686 120932.10
687 121102.09
688 121728.18
689 121370.08
690 120966.20
691 120937.11
692 121749.88
693 120992.90
694 121217.01
695 121490.96
696 121007.92
697 120907.07
698 121204.85
699 121557.00
700 121098.04
701 121054.89
702 121011.02
703 121267.08
704 120981.93
705 121290.92
706 121464.97
707 121253.97
708 121110.92
709 121358.87
710 121130.94
711 121067.05
712 121317.86
713 120956.18
714 121182.92
715 121510.98
716 121309.04
717 121402.03
718 120913.98
719 121093.03
720 121361.97
721 121321.92
722 120896.10
723 121450.90
724 120795.01
725 121380.09
726 120935.92
727 121192.93
728 121327.16
729 121021.03
730 121523.86
731 121497.87
732 121376.99
733 121557.00
734 121172.90
735 121321.92
736 121330.98
737 121356.96
738 121229.89
739 121196.99
740 121509.08
741 120805.03
742 120790.96
743 121085.88
744 121054.17
745 120927.81
746 121287.11
747 121244.91
748 121603.97
749 121049.17
750 121560.10
751 121382.95
752 121277.81
753 121201.99
754 121576.07
755 121114.02
756 122030.02
757 121365.07
758 121076.11
759 121546.03
760 121475.22
761 121479.99
762 121163.85
763 120879.89
764 120960.00
765 121527.91
766 121200.08
767 121071.10
768 121510.98
769 121983.05
770 121154.07
771 120925.90
772 121037.01
773 121181.01
774 121346.00
775 121037.96
776 121469.97
777 120884.18
778 121215.82
779 121450.90
780 121595.86
781 120774.03
782 121295.93
783 121473.07
784 121225.12
785 121057.03
786 121294.02
787 120783.09
788 121541.02
789 121031.05
790 120905.16
791 121099.95
792 121078.01
793 121362.92
794 120836.02
795 120815.99
796 120889.90
797 121428.97
798 120794.06
799 121086.84
800 121146.20
801 121709.11
802 120868.92
803 121403.93
804 121055.13
805 121370.08
806 120915.89
807 121077.06
808 120916.13
809 121313.81
810 121335.03
811 121324.06
812 121416.09
813 121342.90
814 121100.90
815 121325.97
816 121046.07
817 121039.87
818 121336.94
819 121054.89
820 121073.01
821 121120.93
822 121665.95
823 121196.99
824 121164.08
825 121512.89
826 121666.19
827 121301.17
828 121471.88
829 121292.11
830 121693.85
831 120991.95
832 121400.83
833 121284.01
834 121191.02
835 121975.90
836 121293.07
837 121188.88
838 120903.02
839 121235.13
840 121469.02
841 121381.04
842 121117.12
843 121331.93
844 121279.95
845 121439.93
846 121732.00
847 121088.03
848 121398.93
849 121448.04
850 121690.99
851 121343.85
852 121309.04
853 121375.80
854 121339.80
855 120924.95
856 121055.84
857 121226.07
858 120922.09
859 121073.01
860 121573.21
861 121265.89
862 121181.01
863 121567.01
864 120887.04
865 121231.08
866 121292.83
867 121114.02
868 121253.97
869 121782.06
870 121337.89
871 121351.00
872 121083.97
873 121587.99
874 120958.09
875 121252.06
876 121632.10
877 121127.13
878 120797.16
879 121350.05
880 121484.99
881 121620.89
882 121440.89
883 121263.98
884 121515.04
885 121441.13
886 121353.15
887 121504.07
888 121922.02
889 121511.94
890 121269.94
891 121362.92
892 121456.86
893 121422.77
894 121081.83
895 121501.92
896 121227.98
897 121340.99
898 121237.04
899 121165.99
900 121325.97
901 120793.82
902 121775.15
903 120960.00
904 121627.09
905 121329.07
906 121527.91
907 121110.92
908 121057.99
909 121083.02
910 120996.95
911 121359.11
912 121412.04
913 121724.84
914 121286.87
915 120926.14
916 120907.78
917 121182.92
918 120939.97
919 121061.09
920 121572.97
921 121046.07
922 120990.99
923 121616.13
924 121137.14
925 121222.97
926 121051.07
927 121341.94
928 121246.10
929 121030.09
930 121738.91
931 121048.93
932 120954.99
933 121510.98
934 121505.02
935 121203.90
936 121147.16
937 120970.96
938 121085.88
939 121083.02
940 121025.80
941 120966.91
942 121634.01
943 120898.01
944 121632.10
945 121067.05
946 121459.01
947 121544.12
948 120815.99
949 120944.98
950 121165.99
951 121603.97
952 121082.07
953 121814.97
954 121162.89
955 121681.93
956 121130.94
957 121078.01
958 120940.92
959 121202.95
960 120802.88
961 121083.97
962 121098.04
963 121022.94
964 120900.15
965 121212.96
966 120882.03
967 121061.09
968 120811.94
969 120784.04
970 120966.91
971 121293.07
972 120878.93
973 120970.01
974 121110.92
975 120737.08
976 121017.93
977 120819.09
978 120980.02
979 120851.04
980 121414.90
981 120918.99
982 121009.83
983 121055.13
984 121052.03
985 121054.89
986 121044.87
987 121031.05
988 120924.95
989 120904.92
990 120959.04
991 121088.98
992 121515.04
993 120953.08
994 121291.88
995 121052.03
996 121590.14
997 120837.93
998 120965.96
999 120897.05
1000 121182.92
1001 121010.07
1002 121088.03
1003 121150.02
1004 121056.08
1005 121092.08
1006 121001.96
1007 120854.85
1008 120699.17
1009 121451.85
1010 121203.90
1011 121063.95
1012 121013.16
1013 121152.16
1014 120934.01
1015 121166.94
1016 120966.91
1017 121103.05
1018 121478.08
1019 120955.94
1020 120887.99
1021 121160.03
1022 120921.13
1023 121438.98
1024 121644.97
1025 120887.99
1026 121051.07
1027 121153.83
1028 121156.93
1029 121179.82
1030 121065.86
1031 121062.04
1032 121074.20
1033 121108.06
1034 121150.02
1035 120978.12
1036 121129.04
1037 121191.02
1038 121165.04
1039 121120.93
1040 121154.07
1041 121158.84
1042 121166.94
1043 121099.00
1044 121121.88
1045 121198.89
1046 121161.94
1047 121112.82
1048 120967.86
1049 121146.20
1050 121125.94
1051 121191.02
1052 120996.00
1053 121147.87
1054 121173.86
1055 121165.99
1056 121129.99
1057 121199.13
1058 121148.82
1059 121128.08
1060 121164.80
1061 121159.08
1062 121105.19
1063 121093.99
1064 121179.10
1065 121177.20
1066 121117.83
1067 121129.99
1068 121147.87
1069 121176.96
1070 121156.93
1071 121112.11
1072 121121.17
1073 121160.03
1074 121110.92
1075 121129.04
1076 121128.08
1077 121153.12
1078 121155.02
1079 121174.10
1080 121155.02
1081 121159.08
1082 121185.06
1083 121093.99
1084 121124.03
1085 121174.81
1086 121176.96
1087 121157.88
1088 121016.03
1089 121099.00
1090 121063.95
1091 121148.11
1092 121160.03
1093 121143.10
1094 121180.06
1095 121159.08
1096 121162.18
1097 121185.06
1098 121190.07
1099 121128.08
1100 121115.92
1101 121166.94
1102 121151.92
1103 121102.09
1104 121186.02
1105 121150.97
1106 121124.98
1107 121181.96
1108 121189.12
1109 121127.84
1110 121202.95
1111 121170.04
1112 121108.06
1113 121122.12
1114 121171.00
1115 121129.04
1116 121139.05
1117 121165.99
1118 121169.09
1119 121153.12
