1120
0 121248.96
1 121120.93
2 121116.88
3 121109.01
4 121120.93
5 120965.96
6 121116.88
7 121157.88
8 121099.95
9 121122.12
10 121113.06
11 121119.98
12 121110.92
13 121122.12
14 121104.00
15 121081.11
16 121042.97
17 121104.00
18 121120.93
19 121146.92
20 121135.95
21 121124.98
22 121105.91
23 121103.05
24 121124.03
25 121124.98
26 121125.94
27 121121.88
28 121096.85
29 121104.00
30 121144.06
31 121122.12
32 121104.96
33 121112.11
34 121119.02
35 121104.00
36 121090.89
37 121101.14
38 121115.92
39 121103.05
40 121106.86
41 121122.84
42 121121.88
43 121120.93
44 121088.98
45 121042.01
46 121113.06
47 121104.96
48 121110.20
49 121121.17
50 121122.12
51 121116.88
52 121100.90
53 121104.00
54 121150.97
55 121111.87
56 121119.02
57 121119.98
58 121120.93
59 121100.90
60 121103.05
61 121045.11
62 121121.88
63 121141.91
64 121100.19
65 121104.96
66 121106.15
67 121105.91
68 121121.17
69 121113.06
70 121109.01
71 121119.98
72 121104.00
73 121099.95
74 121106.86
75 121116.16
76 121073.01
77 121116.88
78 121124.98
79 121106.86
80 121080.16
81 121119.98
82 121124.03
83 121120.93
84 121171.95
85 121034.15
86 121022.94
87 121109.01
88 121115.21
89 121124.03
90 121113.06
91 121124.03
92 121105.91
93 120971.92
94 121159.08
95 121047.02
96 120960.00
97 120941.88
98 121132.85
99 121047.02
100 121016.03
101 120948.08
102 120831.97
103 120865.11
104 120949.98
105 122171.88
106 121320.96
107 121430.87
108 121399.16
109 122421.03
110 122323.04
111 122343.06
112 123153.92
113 126538.99
114 122361.18
115 123096.94
116 122812.99
117 122895.96
118 124227.05
119 123693.94
120 122800.11
121 124188.90
122 122391.94
123 123401.88
124 122920.04
125 123069.05
126 123070.00
127 123528.00
128 122615.10
129 122789.14
130 122801.07
131 123520.85
132 122764.11
133 123543.98
134 123620.99
135 122980.83
136 123611.93
137 122777.94
138 123687.03
139 122939.83
140 123463.87
141 122837.07
142 124433.04
143 122965.10
144 123836.04
145 123131.99
146 122365.95
147 123019.93
148 123166.08
149 122729.06
150 123396.87
151 122483.97
152 124344.11
153 123253.11
154 125006.20
155 123483.90
156 122734.07
157 124389.17
158 123517.99
159 123556.85
160 122520.92
161 122549.06
162 124213.93
163 123554.94
164 124770.88
165 122941.97
166 123786.93
167 123706.82
168 124036.07
169 123184.20
170 124726.06
171 122262.95
172 122281.07
173 123828.89
174 124744.89
175 123080.02
176 124084.00
177 123071.91
178 123328.92
179 124897.00
180 122318.98
181 122281.07
182 122287.03
183 122166.16
184 124073.03
185 124655.01
186 124014.14
187 123053.79
188 124681.00
189 122338.06
190 123940.94
191 123921.16
192 123795.99
193 123851.06
194 123198.99
195 123034.00
196 122992.04
197 123150.11
198 122883.08
199 122811.08
200 124907.02
201 123687.98
202 123877.05
203 123044.01
204 123708.01
205 122242.21
206 123780.01
207 123679.88
208 124566.08
209 123676.06
210 123407.13
211 123471.02
212 123509.17
213 124483.11
214 122970.10
215 124351.02
216 122743.84
217 123278.86
218 122577.91
219 122700.93
220 124060.87
221 123131.99
222 122327.80
223 122406.96
224 123259.07
225 123098.85
226 122962.00
227 124570.13
228 123076.92
229 123018.03
230 122396.95
231 123081.92
232 123861.07
233 123095.04
234 122910.98
235 123111.01
236 124677.90
237 122474.91
238 122509.00
239 124125.96
240 122620.11
241 122616.77
242 123814.11
243 123942.14
244 124595.17
245 123676.06
246 123632.91
247 121906.04
248 123756.89
249 122742.89
250 123822.93
251 123517.04
252 122740.03
253 125337.12
254 122828.96
255 122889.04
256 124382.02
257 122734.79
258 122866.15
259 122829.91
260 125237.94
261 124454.98
262 122770.07
263 124626.87
264 123804.09
265 122932.20
266 123198.99
267 123025.18
268 122755.05
269 123674.87
270 123397.83
271 122782.95
272 122963.91
273 123903.99
274 123278.86
275 122174.98
276 123665.09
277 123015.88
278 123692.04
279 124615.91
280 123780.97
281 122426.99
282 123369.93
283 122406.96
284 123501.06
285 125105.14
286 122815.13
287 123676.06
288 123611.93
289 123617.17
290 123712.06
291 122972.01
292 123736.14
293 123826.98
294 122280.12
295 123712.06
296 123708.96
297 122975.11
298 122350.93
299 124796.87
300 123287.92
301 124196.77
302 123960.02
303 123187.07
304 123952.15
305 123180.15
306 122513.06
307 123090.03
308 123528.96
309 123687.03
310 124326.94
311 125096.08
312 122597.22
313 124905.11
314 123380.90
315 123730.90
316 123499.16
317 122743.13
318 123005.87
319 123078.82
320 123147.96
321 124612.09
322 124633.07
323 124051.81
324 122273.92
325 122961.04
326 124763.01
327 124595.88
328 122406.01
329 124778.99
330 122400.05
331 124487.16
332 124118.09
333 123353.00
334 124109.03
335 125283.00
336 123456.95
337 123436.93
338 122912.17
339 123735.90
340 123878.96
341 123710.87
342 124073.98
343 122478.01
344 123714.92
345 123909.00
346 122956.99
347 123869.90
348 124648.09
349 123715.88
350 123357.06
351 122446.06
352 123856.07
353 123987.91
354 124773.03
355 124712.94
356 122048.14
357 123028.99
358 123984.81
359 122186.90
360 122797.01
361 121950.86
362 122268.92
363 122207.16
364 122081.04
365 122216.22
366 122066.02
367 122876.88
368 122300.15
369 122888.80
370 122304.92
371 122088.19
372 122630.12
373 121466.88
374 122191.91
375 122662.07
376 122197.87
377 122428.18
378 122435.09
379 122196.91
380 122832.06
381 122270.82
382 122519.97
383 122937.92
384 122182.13
385 122350.93
386 123343.94
387 122696.88
388 122384.07
389 122262.95
390 122388.84
391 122405.05
392 122862.82
393 122669.94
394 122541.90
395 122242.93
396 122240.07
397 123018.98
398 122264.86
399 123049.97
400 122571.95
401 122402.19
402 122509.00
403 122568.13
404 123064.99
405 122500.90
406 122056.01
407 121979.00
408 122807.03
409 122318.98
410 122525.22
411 122373.10
412 122986.08
413 122313.98
414 122155.90
415 122538.09
416 122499.94
417 122619.15
418 122186.90
419 122387.89
420 121733.19
421 123080.02
422 122519.97
423 122583.15
424 122769.12
425 122646.09
426 122521.88
427 122967.96
428 122978.93
429 122672.08
430 122717.14
431 122304.92
432 122755.05
433 122088.91
434 122772.93
435 122627.97
436 122526.88
437 122570.99
438 122443.20
439 122617.01
440 122445.11
441 123099.09
442 122082.00
443 122278.21
444 122589.11
445 122704.03
446 122353.08
447 122439.86
448 122420.79
449 122120.86
450 122011.90
451 122627.02
452 122866.87
453 122478.96
454 122323.04
455 122953.18
456 122306.11
457 122047.19
458 121957.06
459 122404.81
460 122030.97
461 122218.85
462 122567.89
463 122641.09
464 122320.18
465 122493.98
466 122530.94
467 122449.16
468 123246.91
469 123028.04
470 122397.18
471 122291.09
472 122705.94
473 122578.14
474 122611.05
475 122139.93
476 122383.12
477 122267.96
478 122696.88
479 122789.86
480 122411.01
481 122258.90
482 122020.01
483 122459.17
484 122179.99
485 122638.94
486 122231.01
487 122977.97
488 122267.01
489 123192.07
490 122159.00
491 122370.96
492 121970.89
493 122689.96
494 122776.99
495 122763.87
496 122524.02
497 122251.99
498 122546.20
499 123287.92
500 122695.92
501 122519.02
502 122837.07
503 122333.05
504 122281.07
505 121737.96
506 121680.02
507 120882.03
508 121528.15
509 121011.02
510 121276.14
511 121285.92
512 120836.97
513 121229.89
514 121101.86
515 121157.88
516 121245.15
517 121340.99
518 121055.13
519 120809.08
520 121034.86
521 121574.88
522 121310.00
523 121030.09
524 120877.98
525 121479.99
526 121114.97
527 121031.05
528 121181.96
529 121402.03
530 120841.03
531 121067.05
532 120980.98
533 121263.03
534 121159.08
535 121160.98
536 121017.93
537 121135.95
538 120849.85
539 121055.84
540 121263.03
541 120769.98
542 120920.90
543 120921.85
544 121198.18
545 120970.96
546 121368.17
547 120968.10
548 121022.94
549 121064.90
550 120964.05
551 120786.19
552 121328.12
553 121150.02
554 121219.87
555 121137.14
556 121311.19
557 121530.06
558 121162.89
559 121263.03
560 121091.13
561 121290.92
562 121048.93
563 120962.86
564 121142.15
565 120849.13
566 120833.87
567 121270.18
568 120810.03
569 121257.07
570 121078.97
571 121295.93
572 121342.18
573 121488.09
574 120988.13
575 120897.05
576 121244.91
577 121413.95
578 121160.03
579 120883.94
580 121100.90
581 120834.11
582 121218.92
583 121047.02
584 121057.99
585 121181.96
586 120885.13
587 121121.88
588 121057.03
589 121391.06
590 121068.00
591 121157.17
592 121187.93
593 121211.05
594 121341.94
595 121289.97
596 121024.13
597 121114.02
598 121201.99
599 120975.02
600 120918.99
601 121171.00
602 120923.04
603 121011.97
604 120911.12
605 121171.00
606 121269.94
607 120950.22
608 120877.98
609 121212.01
610 120936.87
611 121049.88
612 121186.97
613 120844.84
614 121392.97
615 121025.80
616 121024.85
617 121171.00
618 121261.12
619 121084.93
620 121112.11
621 121102.09
622 120800.02
623 121161.94
624 121119.02
625 120839.83
626 121062.99
627 120972.87
628 121091.84
629 120836.02
630 121173.14
631 121205.09
632 121090.89
633 120886.80
634 121111.87
635 121106.15
636 121118.07
637 121036.05
638 120820.05
639 120877.03
640 120872.02
641 121137.86
642 121292.83
643 120784.04
644 121028.90
645 120862.01
646 121059.89
647 121192.22
648 121221.07
649 120861.05
650 120831.97
651 121222.02
652 121114.02
653 120879.17
654 121019.12
655 121127.13
656 121542.93
657 121162.89
658 120841.98
659 121155.98
660 120759.96
661 121096.85
662 120926.86
663 121083.97
664 121367.93
665 121026.99
666 121022.94
667 121081.11
668 121048.93
669 121055.13
670 121307.13
671 120967.86
672 121280.91
673 121328.12
674 121135.00
675 120957.14
676 120970.01
677 121042.97
678 120980.02
679 121352.20
680 120936.87
681 121294.98
682 120787.14
683 120977.16
684 120723.01
685 120873.93
686 120997.91
687 121342.90
688 121057.03
689 120942.12
690 120941.16
691 120826.01
692 121273.04
693 121160.03
694 121136.90
695 121033.91
696 121100.90
697 120954.99
698 121023.18
699 120951.89
700 120862.96
701 120872.02
702 121164.08
703 121004.82
704 120821.95
705 120986.94
706 121232.03
707 121003.87
708 120970.01
709 121111.87
710 120970.01
711 120970.01
712 121014.12
713 121006.97
714 121351.96
715 121042.01
716 121031.05
717 120838.17
718 121052.03
719 121069.91
720 120854.85
721 120718.96
722 120902.06
723 120881.08
724 121068.00
725 120944.02
726 121048.93
727 121067.05
728 120974.06
729 121320.01
730 120676.99
731 121223.93
732 121145.01
733 121330.02
734 121192.93
735 121098.04
736 120994.81
737 120908.02
738 121205.81
739 121318.82
740 121462.11
741 121063.95
742 121306.90
743 121044.87
744 121191.98
745 121094.94
746 121155.98
747 121042.97
748 121240.85
749 120895.86
750 120885.13
751 121396.06
752 121058.94
753 121361.02
754 121099.95
755 120996.00
756 121194.12
757 121006.97
758 121187.93
759 121176.00
760 120882.03
761 121143.10
762 120908.98
763 121298.07
764 120802.88
765 120866.06
766 120806.93
767 121418.00
768 121057.99
769 120805.03
770 121224.16
771 120917.08
772 120893.00
773 120821.95
774 120825.05
775 121105.91
776 120967.15
777 121020.08
778 121076.11
779 120883.94
780 121021.03
781 120881.80
782 120867.97
783 121043.92
784 120893.96
785 120671.99
786 120975.02
787 121135.00
788 120683.19
789 120814.80
790 121091.13
791 121032.00
792 121087.07
793 121070.86
794 121207.95
795 120974.06
796 120987.89
797 120816.95
798 120994.09
799 120974.06
800 120998.14
801 121053.93
802 120986.94
803 120957.14
804 121106.15
805 121128.08
806 120962.14
807 121242.05
808 121227.98
809 121345.04
810 121097.09
811 120980.98
812 120971.92
813 121433.97
814 121042.97
815 120843.17
816 121160.98
817 121284.01
818 120953.80
819 121156.22
820 121103.05
821 121168.14
822 121012.93
823 121192.93
824 120748.04
825 121083.97
826 120790.00
827 121021.99
828 121032.95
829 120938.06
830 121406.79
831 120858.19
832 121330.02
833 120894.91
834 120944.98
835 120952.13
836 121076.11
837 121118.07
838 120997.91
839 121072.05
840 121231.08
841 120719.19
842 120915.89
843 120980.02
844 120792.87
845 120967.86
846 121160.98
847 121388.91
848 121387.00
849 120733.02
850 120908.02
851 121021.99
852 121119.98
853 121298.79
854 121236.09
855 121247.05
856 121227.98
857 121240.14
858 120790.00
859 121138.10
860 120813.13
861 121078.01
862 121011.02
863 121344.09
864 120809.08
865 120967.15
866 120855.09
867 120939.02
868 121252.06
869 120968.10
870 121006.01
871 120873.93
872 121090.89
873 121103.05
874 121139.05
875 121102.09
876 121135.00
877 121102.09
878 121062.04
879 121113.06
880 121103.05
881 121016.03
882 121114.97
883 121097.09
884 121059.89
885 121116.16
886 121063.95
887 121118.07
888 121129.04
889 121116.88
890 121090.89
891 121114.97
892 121133.09
893 121037.96
894 121061.09
895 121096.13
896 121050.12
897 121094.94
898 121118.07
899 121105.91
900 121109.01
901 121132.85
902 121051.07
903 121094.94
904 121032.00
905 121099.95
906 121113.78
907 121118.78
908 121101.14
909 121128.80
910 121115.92
911 121095.90
912 121158.84
913 121099.95
914 121083.02
915 121117.83
916 121127.84
917 121116.88
918 121073.01
919 121062.99
920 121120.21
921 121137.86
922 121124.03
923 121107.82
924 121031.05
925 121116.88
926 121142.86
927 121118.07
928 121136.90
929 121127.13
930 121135.00
931 121129.99
932 121064.19
933 121132.14
934 121191.98
935 121140.96
936 121021.03
937 121134.04
938 121135.95
939 121136.90
940 120913.98
941 121138.10
942 121123.08
943 121110.20
944 121052.03
945 121119.98
946 121119.98
947 121116.16
948 121131.18
949 121119.98
950 121136.19
951 121124.03
952 121118.07
953 121120.93
954 121120.93
955 121129.99
956 121129.99
957 121131.90
958 121149.78
959 121135.00
960 121050.83
961 121100.19
962 121134.04
963 121091.84
964 121136.90
965 121110.92
966 121101.86
967 121116.16
968 121150.97
969 121119.98
970 121068.95
971 121125.94
972 121102.81
973 121124.98
974 121120.21
975 121137.14
976 121133.80
977 121038.91
978 121127.13
979 121126.17
980 121029.14
981 121117.12
982 121123.08
983 121088.98
984 121048.93
985 121142.86
986 121114.97
987 121114.02
988 121123.08
989 121118.07
990 121138.81
991 121075.87
992 121124.98
993 121099.95
994 121127.84
995 121119.98
996 121144.06
997 121129.99
998 121107.82
999 121132.85
1000 121094.94
1001 121098.04
1002 121159.79
1003 121118.07
1004 121093.03
1005 121124.98
1006 121132.14
1007 121123.08
1008 121131.90
1009 121115.92
1010 121130.94
1011 121124.03
1012 121140.00
1013 121196.03
1014 121134.04
1015 121093.99
1016 121133.09
1017 121137.14
1018 121130.94
1019 121119.02
1020 121130.94
1021 121104.00
1022 121132.14
1023 121093.99
1024 121068.00
1025 121114.02
1026 121140.00
1027 121154.79
1028 121140.96
1029 121118.07
1030 121144.06
1031 121141.91
1032 121094.94
1033 121140.00
1034 121109.96
1035 121133.09
1036 121120.93
1037 121144.06
1038 121119.02
1039 121147.87
1040 121119.02
1041 121139.05
1042 121118.07
1043 121087.07
1044 121079.21
1045 121133.80
1046 121124.03
1047 121137.14
1048 121067.05
1049 121142.86
1050 121137.14
1051 121145.01
1052 121141.91
1053 121141.20
1054 121129.99
1055 121057.99
1056 121123.08
1057 121132.85
1058 121137.86
1059 121131.90
1060 121040.82
1061 121129.04
1062 121140.00
1063 121088.03
1064 121065.86
1065 121099.00
1066 121129.99
1067 121117.83
1068 121132.14
1069 121154.07
1070 121136.90
1071 121133.80
1072 121138.81
1073 121132.85
1074 121140.00
1075 121137.86
1076 121140.00
1077 121136.19
1078 121142.15
1079 121132.14
1080 121139.05
1081 121128.08
1082 121121.88
1083 121108.06
1084 121056.08
1085 121117.12
1086 121144.06
1087 121135.95
1088 121121.88
1089 121140.00
1090 121119.02
1091 121152.16
1092 121122.12
1093 121087.07
1094 121127.13
1095 121137.14
1096 121118.07
1097 121137.86
1098 121124.03
1099 121132.14
1100 121046.07
1101 121138.10
1102 121114.02
1103 121119.02
1104 121142.15
1105 121123.08
1106 121139.05
1107 121119.98
1108 121070.15
1109 121119.02
1110 121098.04
1111 121135.00
1112 121122.12
1113 121128.08
1114 121121.88
1115 121129.99
1116 121121.88
1117 121126.17
1118 121119.98
1119 121125.94
