1120
0 121263.98
1 121153.12
2 121132.85
3 121149.78
4 121145.01
5 121128.08
6 121123.08
7 121155.02
8 121140.00
9 121159.79
10 121068.00
11 121135.95
12 121131.18
13 121100.90
14 121145.96
15 121136.90
16 121139.05
17 121136.90
18 121109.96
19 121119.02
20 121129.99
21 121139.05
22 121144.06
23 121135.95
24 121114.97
25 121137.14
26 121117.83
27 121118.78
28 121129.04
29 121134.04
30 121114.02
31 121082.78
32 121127.13
33 121124.98
34 121163.13
35 121139.05
36 121032.95
37 121141.91
38 121156.22
39 121132.14
40 121116.88
41 121130.23
42 121103.05
43 121134.04
44 121117.83
45 121125.22
46 121114.97
47 121137.14
48 121132.14
49 121141.91
50 121078.01
51 121121.88
52 121129.04
53 121125.94
54 121137.86
55 121129.04
56 121142.15
57 121119.02
58 121121.17
59 121135.00
60 121143.10
61 121143.10
62 121114.97
63 121149.06
64 121175.05
65 121126.89
66 121134.04
67 121137.86
68 121173.14
69 121126.17
70 121122.12
71 121113.06
72 121131.90
73 121136.90
74 121136.19
75 121141.91
76 121132.85
77 121157.88
78 121129.99
79 121122.12
80 121132.14
81 121139.05
82 121124.03
83 121138.81
84 121119.98
85 121105.91
86 121135.95
87 121137.86
88 121134.04
89 121132.14
90 121089.94
91 121116.88
92 121124.98
93 120949.03
94 121142.86
95 121021.99
96 120929.00
97 120975.97
98 121145.01
99 121109.96
100 121047.02
101 120909.93
102 122175.22
103 120814.09
104 121806.86
105 121147.16
106 121898.89
107 122153.04
108 121770.14
109 122681.14
110 122088.91
111 122860.91
112 124550.82
113 122714.04
114 124747.99
115 124313.12
116 122159.96
117 124778.99
118 124626.16
119 123719.93
120 124400.14
121 125468.02
122 124717.00
123 122389.08
124 124931.10
125 122365.00
126 123244.05
127 124020.10
128 124041.08
129 124699.12
130 124042.99
131 123952.15
132 124051.09
133 123082.88
134 122418.17
135 124985.93
136 122409.11
137 123256.92
138 123712.78
139 123610.02
140 122792.01
141 123538.97
142 123489.86
143 123011.11
144 123588.09
145 122802.97
146 122726.92
147 123708.96
148 123960.02
149 123135.09
150 125118.97
151 122801.07
152 122915.98
153 123744.96
154 123046.16
155 122444.15
156 123398.07
157 124228.95
158 124277.11
159 123458.15
160 123516.80
161 125968.93
162 124183.89
163 123533.96
164 123441.93
165 124022.01
166 123145.10
167 123084.07
168 123224.97
169 123098.13
170 123371.84
171 123337.03
172 123996.02
173 122297.05
174 124691.01
175 123033.05
176 123575.93
177 122416.97
178 122587.92
179 122574.09
180 123395.92
181 123480.08
182 122666.84
183 124151.95
184 124066.11
185 123469.11
186 122609.14
187 122723.10
188 122694.97
189 122318.98
190 123401.88
191 122524.02
192 122303.96
193 122865.20
194 122754.10
195 122779.13
196 123405.93
197 124336.96
198 122917.89
199 125078.92
200 122808.93
201 122962.00
202 123631.00
203 126222.13
204 124532.94
205 122810.13
206 123708.96
207 123342.99
208 122531.89
209 123064.04
210 123463.87
211 124497.89
212 123668.91
213 123775.96
214 123630.05
215 123814.11
216 122247.93
217 124014.85
218 123792.89
219 123083.83
220 123829.13
221 124740.84
222 124874.11
223 122505.90
224 124832.87
225 124290.94
226 125668.05
227 122588.87
228 122534.99
229 124768.02
230 122455.12
231 123167.04
232 122584.10
233 123677.02
234 122725.01
235 122642.99
236 123301.03
237 124918.22
238 122856.86
239 122781.04
240 122940.06
241 123619.08
242 124691.01
243 123147.01
244 124082.09
245 123217.82
246 123363.97
247 123539.92
248 123600.96
249 122833.97
250 123589.04
251 123181.82
252 123019.93
253 124614.00
254 122538.09
255 123847.01
256 122982.98
257 123193.03
258 123284.82
259 123703.00
260 124301.20
261 124890.80
262 124051.09
263 123447.90
264 125747.92
265 123462.20
266 125293.97
267 123789.07
268 123801.23
269 122972.97
270 123046.16
271 122112.04
272 124481.92
273 123831.03
274 124310.02
275 125228.88
276 124616.86
277 122803.93
278 125166.18
279 122833.97
280 123737.10
281 122803.93
282 123396.87
283 122639.89
284 122521.88
285 123720.17
286 122601.99
287 124656.92
288 123040.91
289 123862.03
290 122832.06
291 123742.82
292 122950.08
293 122409.11
294 123065.95
295 122919.08
296 123307.94
297 122496.84
298 123640.06
299 124073.03
300 123121.02
301 123343.94
302 123192.79
303 123816.01
304 122540.95
305 123558.04
306 122817.99
307 122745.99
308 122792.96
309 123656.99
310 125181.20
311 122743.13
312 123686.08
313 124626.16
314 122775.08
315 125260.11
316 123514.89
317 122871.88
318 123651.98
319 122896.19
320 125202.89
321 122769.12
322 123155.12
323 123518.94
324 123291.97
325 123548.03
326 123409.99
327 124851.94
328 122578.86
329 123384.95
330 123854.16
331 123085.02
332 122534.04
333 123412.13
334 124758.01
335 124246.12
336 124720.10
337 123909.95
338 123158.22
339 122525.93
340 123293.88
341 123629.09
342 124109.98
343 122730.02
344 124262.09
345 124181.03
346 122770.07
347 124273.06
348 122695.21
349 122797.97
350 123456.00
351 122290.13
352 122502.09
353 124114.99
354 123315.10
355 123351.10
356 122413.87
357 123166.08
358 123144.15
359 122204.07
360 122017.15
361 122296.09
362 122228.86
363 122251.03
364 122216.94
365 122452.02
366 122520.21
367 121907.00
368 122146.13
369 122729.06
370 122082.95
371 122490.17
372 122191.91
373 122246.03
374 122244.12
375 122164.96
376 122287.03
377 122715.00
378 122347.12
379 122265.10
380 122373.10
381 122890.00
382 122488.98
383 122389.08
384 123093.13
385 122084.14
386 122141.84
387 122598.17
388 122496.84
389 122293.00
390 122684.96
391 122667.07
392 122548.10
393 122059.82
394 122616.05
395 122878.07
396 122161.87
397 122563.84
398 122638.94
399 122243.88
400 122508.05
401 122381.93
402 122371.91
403 122249.84
404 122081.04
405 122654.91
406 122128.01
407 122030.97
408 122313.98
409 122544.05
410 122322.80
411 122253.89
412 122174.02
413 122220.99
414 122179.99
415 122095.82
416 122265.10
417 122071.03
418 122443.91
419 122533.80
420 123126.98
421 122251.03
422 123111.96
423 122685.91
424 122640.85
425 122669.94
426 122234.11
427 122700.93
428 122288.23
429 123044.97
430 122674.94
431 121946.10
432 122158.05
433 123373.99
434 122092.01
435 122228.15
436 122687.10
437 122516.16
438 122567.89
439 122587.92
440 122433.90
441 122571.95
442 123023.03
443 122033.12
444 122442.96
445 122342.11
446 122167.11
447 122284.89
448 122277.98
449 122745.99
450 122150.90
451 122307.06
452 122558.12
453 123056.89
454 122740.03
455 122606.04
456 122648.95
457 121976.14
458 122641.80
459 122199.06
460 122677.09
461 122659.92
462 122298.00
463 122576.95
464 122338.06
465 122246.03
466 122095.11
467 122499.94
468 121922.02
469 122035.98
470 122184.04
471 122272.97
472 122761.01
473 122785.09
474 122375.97
475 122220.99
476 123035.91
477 122333.05
478 122442.01
479 122459.89
480 122490.17
481 122364.04
482 122594.12
483 122219.80
484 121970.18
485 122328.04
486 122060.06
487 122473.96
488 122619.87
489 122733.83
490 122573.85
491 122075.08
492 122159.96
493 122375.97
494 122343.06
495 121990.92
496 122900.96
497 122730.97
498 121973.99
499 122247.93
500 122282.98
501 121579.89
502 122067.93
503 122392.89
504 122540.00
505 121009.11
506 120777.13
507 120731.12
508 120877.03
509 120887.99
510 121259.93
511 121021.03
512 121062.04
513 121068.00
514 121043.92
515 121078.01
516 121201.99
517 120893.00
518 121065.86
519 121160.98
520 120998.14
521 120893.00
522 121296.17
523 121158.12
524 121208.91
525 120915.89
526 121008.16
527 120885.13
528 120861.05
529 121246.10
530 121118.78
531 120960.00
532 120863.91
533 120927.81
534 120653.15
535 120795.97
536 120947.84
537 121011.02
538 120877.98
539 120929.96
540 121004.10
541 121095.90
542 121214.87
543 120780.94
544 120995.04
545 120842.93
546 120890.14
547 120886.09
548 121062.99
549 121036.05
550 120982.89
551 120899.20
552 120818.85
553 121052.98
554 121112.11
555 120882.99
556 120996.00
557 120941.88
558 120932.10
559 120927.81
560 121206.05
561 120799.06
562 120973.83
563 121069.91
564 120920.90
565 121119.02
566 120859.86
567 121109.96
568 120815.99
569 121253.97
570 120901.11
571 120959.04
572 120942.12
573 120841.98
574 121011.97
575 121007.92
576 121203.90
577 121358.87
578 120984.08
579 121299.03
580 121062.99
581 120810.03
582 121006.01
583 120868.92
584 120877.98
585 120975.97
586 120791.91
587 120786.91
588 121114.97
589 120994.09
590 121224.88
591 121017.93
592 120822.91
593 121160.03
594 121536.02
595 120783.09
596 120737.08
597 120764.02
598 121114.02
599 120922.80
600 121088.98
601 120838.88
602 121270.90
603 121175.05
604 121105.91
605 120828.87
606 120771.88
607 120893.96
608 121062.99
609 121164.80
610 120916.13
611 121010.07
612 121053.93
613 120790.96
614 120979.07
615 120960.95
616 120888.95
617 121050.83
618 120707.04
619 120918.99
620 120998.14
621 120902.06
622 120850.80
623 121281.86
624 121038.20
625 120970.96
626 120865.11
627 121034.86
628 120738.98
629 120804.07
630 121007.20
631 120839.12
632 121131.90
633 120782.85
634 120924.95
635 121086.12
636 121263.03
637 121148.82
638 121078.97
639 120892.05
640 120887.99
641 120877.98
642 120942.83
643 120854.14
644 121093.03
645 120821.95
646 121011.02
647 121160.98
648 120825.05
649 120846.03
650 120970.96
651 120874.88
652 121008.87
653 121121.17
654 121102.81
655 120748.04
656 120706.08
657 120859.15
658 121001.96
659 120962.14
660 120694.16
661 120993.14
662 121052.03
663 120936.16
664 121146.20
665 120882.99
666 120846.99
667 120924.95
668 120794.06
669 121010.07
670 120812.18
671 120828.15
672 120995.04
673 121227.03
674 120970.96
675 120968.10
676 121058.94
677 120809.08
678 121035.81
679 121029.85
680 121035.10
681 120844.13
682 121099.00
683 120911.12
684 120783.09
685 121052.98
686 120828.87
687 121151.92
688 120996.95
689 121056.08
690 120860.10
691 120951.18
692 121052.03
693 120947.84
694 120818.14
695 121081.83
696 120936.87
697 121004.10
698 120853.90
699 120785.95
700 121248.01
701 121148.11
702 120939.02
703 121016.98
704 121017.93
705 121010.07
706 121140.00
707 120932.10
708 120833.87
709 120864.87
710 120926.86
711 120750.90
712 120810.99
713 120954.04
714 120707.04
715 120787.86
716 121001.96
717 121116.16
718 120841.98
719 120796.20
720 121046.07
721 120874.88
722 120893.96
723 121023.89
724 121253.97
725 120955.94
726 120825.05
727 121069.91
728 120718.00
729 121128.08
730 121261.12
731 120789.05
732 121140.96
733 121124.03
734 121111.15
735 121060.13
736 120921.13
737 120933.06
738 120925.19
739 120758.06
740 121320.96
741 120951.18
742 120934.01
743 120827.91
744 120837.93
745 120876.07
746 121115.92
747 121098.04
748 121006.97
749 121160.03
750 121205.09
751 120770.93
752 121265.89
753 120816.95
754 121191.02
755 121162.89
756 121134.04
757 121068.00
758 121329.07
759 120770.93
760 121036.05
761 121640.21
762 121011.02
763 120949.03
764 121252.06
765 121152.88
766 120912.79
767 120913.98
768 120912.08
769 120790.00
770 121433.97
771 120966.20
772 120774.03
773 120901.11
774 121062.99
775 120827.91
776 120903.97
777 121377.94
778 121311.19
779 121257.07
780 120982.89
781 120792.87
782 121047.97
783 120830.77
784 120904.92
785 120862.96
786 121538.88
787 120739.22
788 121166.23
789 120949.03
790 121102.09
791 120865.11
792 120784.04
793 121135.95
794 120970.96
795 120965.00
796 120976.92
797 121030.81
798 120864.87
799 120917.80
800 120862.01
801 120935.92
802 120765.92
803 121023.89
804 121022.94
805 121078.01
806 121042.01
807 120957.85
808 121099.00
809 120825.05
810 120963.10
811 120908.02
812 120885.85
813 121091.84
814 120934.01
815 120909.93
816 121052.03
817 120966.20
818 121104.96
819 121070.15
820 121133.09
821 121169.09
822 120960.00
823 121217.97
824 120949.98
825 120918.04
826 120771.17
827 120830.06
828 120846.99
829 121003.15
830 120846.03
831 120988.85
832 120905.88
833 121222.02
834 121002.91
835 120946.17
836 120755.91
837 121067.05
838 121143.10
839 121020.08
840 120931.86
841 121094.94
842 120930.91
843 121119.02
844 120887.99
845 121294.98
846 120857.00
847 120968.10
848 120756.15
849 120775.94
850 120873.93
851 121196.03
852 121414.90
853 121057.99
854 120898.96
855 121272.09
856 120815.99
857 120957.14
858 121312.14
859 120897.05
860 121299.03
861 120926.86
862 120960.95
863 121021.99
864 120791.91
865 120968.82
866 120996.00
867 121080.88
868 120966.91
869 121201.04
870 120858.91
871 120883.94
872 121032.00
873 120925.19
874 121029.14
875 121014.12
876 121037.96
877 120984.08
878 120996.95
879 121006.01
880 121031.05
881 121019.12
882 121005.06
883 121026.04
884 120981.93
885 120955.94
886 121016.03
887 121038.91
888 121016.98
889 121042.01
890 120994.09
891 121009.11
892 121037.96
893 121018.89
894 121032.00
895 121017.93
896 121006.01
897 121003.87
898 121021.99
899 121025.09
900 120973.11
901 121032.95
902 121036.05
903 121037.96
904 120975.97
905 120983.12
906 121012.93
907 121038.91
908 121026.04
909 120973.83
910 120986.94
911 121026.04
912 121021.99
913 121215.11
914 121104.96
915 121038.91
916 121115.92
917 121133.80
918 121132.85
919 121115.92
920 121078.97
921 121128.08
922 121129.99
923 121037.96
924 121140.96
925 121129.99
926 121084.93
927 121140.00
928 121012.93
929 121110.92
930 121007.92
931 121119.98
932 121105.19
933 121122.12
934 121113.06
935 121125.22
936 121106.15
937 121125.94
938 121111.87
939 121125.94
940 121059.89
941 121124.98
942 121140.96
943 121136.19
944 121088.03
945 121135.00
946 121139.05
947 121129.04
948 121073.01
949 121048.93
950 120990.99
951 121118.07
952 121114.02
953 121114.02
954 121118.07
955 121119.02
956 121114.97
957 121129.99
958 121146.92
959 121134.04
960 121077.78
961 121131.90
962 121135.95
963 121112.11
964 121145.01
965 121121.17
966 121076.11
967 121119.98
968 121134.04
969 121114.97
970 121092.80
971 121128.08
972 121035.10
973 121134.04
974 121129.04
975 121120.93
976 121021.03
977 121139.05
978 121136.90
979 121139.05
980 121057.03
981 121135.95
982 121141.91
983 121141.91
984 121140.96
985 121140.96
986 121154.07
987 121076.11
988 121116.88
989 121109.96
990 121089.94
991 121127.13
992 121132.14
993 121131.90
994 121080.88
995 121137.14
996 121140.96
997 121140.96
998 121160.03
999 121123.08
1000 121097.80
1001 121124.98
1002 121104.00
1003 121125.94
1004 121112.11
1005 121130.94
1006 121104.96
1007 121132.14
1008 121133.09
1009 121143.82
1010 121095.90
1011 121058.94
1012 121114.97
1013 121131.18
1014 121134.04
1015 121141.91
1016 121129.99
1017 121143.10
1018 121135.95
1019 121135.95
1020 120975.97
1021 121160.98
1022 121140.96
1023 121095.90
1024 121078.01
1025 121122.12
1026 121135.00
1027 121145.96
1028 121142.15
1029 121109.01
1030 121042.01
1031 121118.07
1032 121145.01
1033 121131.90
1034 121026.99
1035 121139.05
1036 121130.94
1037 121078.01
1038 121129.04
1039 121124.03
1040 121107.10
1041 121074.91
1042 121121.88
1043 121124.98
1044 121140.00
1045 121127.84
1046 121130.94
1047 121109.01
1048 121133.09
1049 121112.11
1050 121132.14
1051 121127.13
1052 121131.18
1053 121124.98
1054 121127.84
1055 121127.13
1056 121103.05
1057 121133.09
1058 121144.06
1059 121138.10
1060 121054.89
1061 121115.92
1062 121110.92
1063 121128.08
1064 121129.99
1065 121134.04
1066 121129.99
1067 121137.86
1068 121134.04
1069 121138.81
1070 121140.00
1071 121115.92
1072 121120.93
1073 121151.92
1074 121138.10
1075 121118.07
1076 121143.10
1077 121131.90
1078 121118.07
1079 121146.20
1080 121082.78
1081 121097.09
1082 121116.88
1083 121124.03
1084 121123.08
1085 121137.86
1086 121133.09
1087 121140.96
1088 121134.04
1089 121131.18
1090 121102.81
1091 121083.02
1092 121118.07
1093 121142.15
1094 121052.98
1095 121092.08
1096 121145.01
1097 121117.83
1098 121110.92
1099 121134.04
1100 121062.99
1101 121114.02
1102 121158.84
1103 121124.03
1104 121086.84
1105 121130.94
1106 121135.00
1107 121131.90
1108 121140.00
1109 121126.89
1110 121099.00
1111 121028.18
1112 121090.89
1113 121120.21
1114 121119.98
1115 121122.84
1116 121111.87
1117 121128.08
1118 121124.03
1119 121137.14
