1120
0 121240.14
1 121150.02
2 121107.10
3 121118.07
4 121037.01
5 121126.89
6 121077.06
7 121081.83
8 121114.02
9 121117.12
10 121124.03
11 121121.88
12 121117.12
13 121105.19
14 121078.01
15 121113.06
16 121094.94
17 121100.90
18 121104.96
19 121109.01
20 121121.88
21 121114.97
22 121093.99
23 121119.02
24 121107.10
25 121122.84
26 121111.15
27 121036.05
28 121073.96
29 121064.19
30 121093.99
31 121054.17
32 121105.91
33 121083.02
34 121112.11
35 121094.94
36 121102.81
37 121125.94
38 121104.96
39 121061.80
40 121061.09
41 121082.07
42 121114.02
43 121140.00
44 121121.88
45 121067.05
46 121037.96
47 121155.02
48 121089.22
49 121071.10
50 121157.88
51 121042.01
52 121082.07
53 121122.12
54 121097.09
55 121119.98
56 121104.00
57 121093.99
58 121111.87
59 121099.00
60 121122.12
61 121109.96
62 121124.03
63 121113.06
64 121099.00
65 121049.17
66 121034.15
67 121101.86
68 121120.93
69 121077.06
70 121118.07
71 121034.86
72 121118.07
73 121090.89
74 121080.16
75 121104.00
76 121093.03
77 121109.01
78 121104.96
79 121121.17
80 121114.97
81 121122.84
82 121123.79
83 121047.02
84 121108.06
85 121124.98
86 121119.02
87 121032.95
88 121043.92
89 121110.20
90 121109.96
91 121042.97
92 121119.98
93 121135.95
94 121062.04
95 120903.97
96 120963.10
97 121016.98
98 121012.93
99 121032.00
100 120947.12
101 120864.87
102 120994.81
103 120905.88
104 122206.93
105 121254.92
106 122229.81
107 121501.92
108 122567.89
109 122928.14
110 122471.09
111 124027.01
112 122432.95
113 123843.19
114 123991.01
115 124540.09
116 123980.05
117 124093.06
118 123014.21
119 123735.90
120 122486.83
121 123970.99
122 124824.05
123 123036.15
124 125634.19
125 125446.08
126 125044.82
127 125593.19
128 124087.10
129 124056.10
130 123342.04
131 124050.14
132 125297.07
133 123804.09
134 123884.92
135 124647.86
136 126603.84
137 124845.98
138 124207.02
139 125973.94
140 124139.07
141 123420.00
142 124799.01
143 123366.83
144 124956.13
145 122390.03
146 123262.88
147 124017.00
148 124561.07
149 125912.19
150 125138.04
151 122754.10
152 124544.86
153 124800.92
154 123765.95
155 123919.01
156 122586.01
157 122895.00
158 123561.14
159 123729.94
160 123090.98
161 123286.96
162 122570.04
163 123485.09
164 122442.96
165 123877.05
166 122393.13
167 123939.99
168 122266.05
169 124681.00
170 123106.00
171 122987.99
172 123747.83
173 123131.99
174 123322.01
175 122586.01
176 124983.07
177 123329.88
178 123570.20
179 122405.05
180 123241.90
181 122890.00
182 123048.07
183 123007.06
184 123795.99
185 123836.99
186 122765.78
187 124643.09
188 124711.04
189 123560.91
190 123026.13
191 122190.95
192 123231.89
193 122641.09
194 124830.96
195 122155.90
196 123873.00
197 123004.91
198 123060.94
199 122242.93
200 123965.98
201 122107.98
202 124491.93
203 122832.06
204 122739.08
205 124319.08
206 123549.94
207 123720.88
208 123438.84
209 124327.90
210 122545.00
211 122804.16
212 123429.06
213 123471.02
214 122749.09
215 123523.00
216 123352.05
217 123453.86
218 124088.05
219 124126.91
220 124436.14
221 122470.14
222 122640.13
223 122639.89
224 122733.83
225 125030.99
226 123517.04
227 123542.07
228 124122.86
229 124135.02
230 122670.89
231 122576.00
232 123294.83
233 124009.85
234 122796.06
235 122581.01
236 124822.85
237 124157.91
238 123317.96
239 125869.99
240 123219.97
241 123450.04
242 124207.02
243 122510.91
244 125126.12
245 124222.99
246 124590.87
247 122672.08
248 123361.11
249 125324.01
250 122797.97
251 123873.95
252 122812.03
253 124625.92
254 122905.02
255 123605.97
256 123625.99
257 123045.92
258 123731.14
259 123642.92
260 123033.05
261 123144.87
262 124458.07
263 122972.01
264 123715.88
265 122812.99
266 124534.85
267 124452.83
268 123932.12
269 122956.99
270 122966.05
271 123092.17
272 123720.88
273 122225.05
274 124805.21
275 123214.01
276 123051.88
277 122128.01
278 125458.96
279 123165.13
280 123975.99
281 124656.20
282 123775.96
283 122106.08
284 124090.19
285 123032.09
286 123022.08
287 124796.15
288 122079.13
289 122606.04
290 124477.86
291 124757.05
292 122977.97
293 122783.90
294 124556.06
295 124068.02
296 124081.13
297 123090.98
298 124011.99
299 122581.96
300 122720.00
301 123438.84
302 124080.90
303 122462.03
304 122670.89
305 124385.12
306 122477.05
307 123362.06
308 122642.04
309 123100.04
310 123190.88
311 122731.21
312 124806.17
313 123134.14
314 122215.03
315 124673.84
316 125693.08
317 122271.78
318 122457.03
319 122437.00
320 122498.99
321 123194.93
322 125128.98
323 123812.91
324 125819.92
325 122698.07
326 123452.90
327 124784.95
328 125134.94
329 123226.88
330 122904.06
331 123667.00
332 123437.17
333 123617.89
334 122609.14
335 124131.20
336 122895.00
337 122550.01
338 123157.02
339 124023.91
340 122869.97
341 123075.96
342 123067.14
343 124972.11
344 122175.22
345 123852.97
346 123873.00
347 124703.17
348 122184.04
349 124818.09
350 123132.94
351 123699.90
352 123048.07
353 123842.00
354 123852.01
355 123094.08
356 123147.01
357 123291.02
358 122431.04
359 123357.06
360 122128.96
361 122523.07
362 122161.15
363 122686.86
364 122128.01
365 122750.04
366 122555.97
367 122134.92
368 122478.01
369 122380.97
370 122826.10
371 122493.98
372 123203.99
373 122013.81
374 123317.96
375 122229.10
376 123097.90
377 121907.95
378 122215.03
379 122428.89
380 122111.08
381 122813.94
382 122520.92
383 122890.95
384 122408.87
385 122338.06
386 122447.97
387 122513.06
388 123138.19
389 122551.20
390 122251.03
391 122476.82
392 122677.09
393 122574.81
394 122807.03
395 122585.06
396 122988.94
397 122686.15
398 122642.99
399 122754.10
400 122140.88
401 122450.83
402 122422.93
403 122606.04
404 122570.99
405 122226.00
406 122209.07
407 123403.07
408 122824.91
409 122320.18
410 123131.99
411 122179.99
412 122270.11
413 122117.04
414 122710.94
415 122061.97
416 122354.03
417 122532.13
418 122275.11
419 122607.95
420 122813.94
421 122514.96
422 122005.94
423 122712.14
424 122109.17
425 122552.16
426 122620.82
427 122416.97
428 122336.86
429 122224.09
430 122176.17
431 122033.12
432 122722.86
433 122457.98
434 122532.84
435 122573.85
436 122565.03
437 122334.96
438 122981.07
439 122401.00
440 122658.01
441 122715.95
442 121967.08
443 122834.92
444 122099.16
445 122751.00
446 122284.17
447 123030.90
448 122625.11
449 122260.09
450 122648.00
451 121847.15
452 122311.83
453 122119.90
454 122432.95
455 122014.05
456 122228.15
457 122568.13
458 122521.88
459 122039.08
460 122323.04
461 122698.07
462 122229.81
463 123258.11
464 122246.03
465 122614.86
466 121922.97
467 122982.03
468 122375.97
469 122952.94
470 122112.04
471 123680.11
472 122323.04
473 122642.99
474 122483.02
475 122472.05
476 122744.08
477 121988.06
478 122303.96
479 122596.98
480 122219.09
481 122526.88
482 122297.05
483 122231.96
484 122011.90
485 122082.95
486 122710.94
487 122194.05
488 122308.97
489 122284.89
490 122203.11
491 122274.88
492 121956.11
493 122281.07
494 122255.09
495 122245.79
496 122134.92
497 122210.98
498 122407.91
499 122255.09
500 121844.05
501 122195.96
502 121245.86
503 121905.09
504 122442.96
505 121063.95
506 121259.93
507 121109.01
508 121407.03
509 121235.13
510 121026.99
511 121104.00
512 120937.11
513 121214.15
514 121074.91
515 121000.05
516 121108.06
517 121011.02
518 121092.08
519 120882.03
520 121006.97
521 120990.04
522 121198.89
523 121131.90
524 121200.08
525 121139.05
526 120941.88
527 121145.01
528 121199.85
529 120926.14
530 120929.00
531 120815.99
532 121315.96
533 121232.03
534 121201.04
535 120957.14
536 121371.98
537 120960.00
538 121111.15
539 121310.95
540 121604.20
541 120934.96
542 120859.86
543 121274.95
544 120929.00
545 121136.90
546 120888.95
547 121281.15
548 121001.96
549 121051.07
550 120869.16
551 121197.94
552 121115.92
553 121114.97
554 120995.04
555 121102.09
556 121234.89
557 121000.05
558 121297.84
559 120913.03
560 121212.96
561 121113.06
562 121034.86
563 121089.94
564 121172.90
565 121085.17
566 121618.99
567 121119.02
568 121207.00
569 121059.89
570 121212.01
571 121172.90
572 121218.92
573 121088.03
574 120893.00
575 121173.14
576 121402.98
577 120988.13
578 121106.15
579 121070.86
580 120785.00
581 120942.12
582 121034.86
583 120931.86
584 120904.92
585 121208.91
586 121062.04
587 121090.17
588 121262.07
589 120927.81
590 120844.13
591 120779.99
592 121294.98
593 121133.09
594 121643.07
595 120764.02
596 121134.04
597 121236.09
598 121066.81
599 120795.97
600 121066.09
601 121331.93
602 121270.90
603 121046.07
604 121161.94
605 121140.00
606 121255.16
607 120860.10
608 121049.17
609 120898.01
610 121082.07
611 120997.19
612 121215.11
613 121019.12
614 121459.96
615 121062.99
616 121083.02
617 121228.93
618 120770.93
619 120780.94
620 120672.94
621 120841.03
622 120997.91
623 121360.06
624 121155.98
625 120815.04
626 120920.90
627 120805.03
628 120709.18
629 121454.00
630 120842.93
631 120853.90
632 121300.94
633 120865.11
634 120956.90
635 120826.01
636 120931.86
637 120839.12
638 121038.91
639 120975.97
640 120838.17
641 121212.01
642 121272.09
643 120865.11
644 120781.90
645 120843.17
646 120898.01
647 121099.00
648 120921.13
649 121412.99
650 121061.09
651 121263.98
652 120950.94
653 121175.05
654 121007.92
655 120975.02
656 120894.91
657 121076.11
658 120857.00
659 120776.18
660 121325.02
661 121139.05
662 120967.86
663 120968.10
664 120832.20
665 120898.96
666 120918.99
667 121171.00
668 121393.92
669 121259.93
670 120977.88
671 120954.99
672 120745.90
673 120839.83
674 120889.90
675 121001.96
676 121057.99
677 121293.07
678 120939.97
679 121155.98
680 120818.14
681 120806.93
682 120858.19
683 121057.99
684 120851.99
685 121073.01
686 120743.99
687 121064.90
688 120842.93
689 121472.84
690 121253.97
691 120969.06
692 121023.89
693 120927.10
694 120901.82
695 120929.00
696 121005.06
697 121153.83
698 121132.14
699 121351.96
700 121017.93
701 121009.11
702 121346.95
703 120991.95
704 120908.02
705 120937.82
706 120983.12
707 121128.08
708 120878.22
709 121238.95
710 121098.04
711 121043.21
712 120827.91
713 121021.03
714 120732.07
715 121285.92
716 121295.21
717 121011.02
718 120998.86
719 121068.95
720 120745.90
721 120829.11
722 121061.09
723 121310.00
724 120844.13
725 120826.01
726 121018.89
727 120772.84
728 121483.09
729 121218.92
730 121284.01
731 121363.88
732 120989.08
733 120849.13
734 121112.11
735 120733.02
736 120801.93
737 121160.03
738 121217.97
739 120816.95
740 121156.93
741 121163.13
742 121128.08
743 121225.12
744 120998.14
745 121227.98
746 120864.15
747 121276.86
748 120890.14
749 120851.99
750 121026.04
751 120960.00
752 120769.98
753 121240.85
754 120964.05
755 120750.90
756 121057.03
757 121160.03
758 120911.12
759 120858.91
760 121003.87
761 121142.15
762 121051.07
763 121491.91
764 121001.96
765 120872.97
766 121072.05
767 121042.97
768 120999.10
769 120642.90
770 120954.99
771 120834.11
772 121529.82
773 120718.00
774 121214.15
775 121072.05
776 121067.05
777 121113.06
778 121199.13
779 121149.06
780 121063.95
781 121001.96
782 121886.97
783 121234.89
784 120873.93
785 120861.05
786 120939.97
787 120790.00
788 120774.03
789 121039.87
790 121212.01
791 121016.98
792 121105.19
793 120950.94
794 120656.97
795 121064.19
796 120953.08
797 121147.87
798 120855.09
799 120803.12
800 121337.18
801 121189.12
802 121389.87
803 121093.99
804 120856.05
805 121303.08
806 121052.03
807 121099.00
808 121118.07
809 120888.95
810 120862.96
811 121031.05
812 121248.01
813 120951.89
814 120850.80
815 120962.14
816 121078.01
817 121408.94
818 120998.14
819 120819.81
820 121006.97
821 121025.09
822 121110.92
823 121062.04
824 121157.17
825 121025.09
826 120833.87
827 121172.90
828 121074.91
829 120936.87
830 120774.03
831 121237.99
832 121247.05
833 121283.05
834 121581.08
835 121170.04
836 121234.89
837 121085.88
838 120859.15
839 120965.96
840 121231.79
841 120821.95
842 121155.98
843 121021.99
844 120959.04
845 120973.83
846 121117.83
847 120759.96
848 121227.03
849 120947.84
850 121342.18
851 121214.87
852 121047.02
853 120921.13
854 121236.09
855 120963.10
856 120696.78
857 120890.14
858 120803.83
859 120841.98
860 121124.98
861 121062.99
862 121238.95
863 121176.00
864 121146.92
865 121080.88
866 121114.02
867 121333.84
868 121189.83
869 121295.93
870 120911.12
871 120988.13
872 120978.12
873 121112.82
874 121110.92
875 121113.06
876 121100.90
877 121118.07
878 121093.03
879 121098.04
880 121103.05
881 121109.01
882 121063.95
883 121116.16
884 121079.92
885 121112.11
886 121093.99
887 121119.02
888 121047.02
889 121124.03
890 121097.09
891 121032.95
892 121051.07
893 121132.85
894 121107.10
895 121109.01
896 121114.02
897 121113.06
898 121120.93
899 121125.94
900 121088.98
901 121095.18
902 121071.10
903 121102.81
904 121139.05
905 121106.15
906 121108.06
907 121074.91
908 121032.00
909 121109.01
910 121131.18
911 121109.96
912 121064.90
913 121127.13
914 121086.84
915 121040.11
916 121003.87
917 121124.98
918 121102.09
919 121092.08
920 121109.96
921 121113.06
922 121083.97
923 121112.82
924 121101.14
925 121156.93
926 121112.11
927 121094.94
928 121073.96
929 121096.85
930 121098.04
931 121099.95
932 121104.96
933 121112.11
934 121118.07
935 121119.02
936 121087.07
937 121093.99
938 121097.09
939 121099.00
940 121099.00
941 121058.94
942 121073.96
943 121142.15
944 121101.86
945 121151.21
946 121109.96
947 121083.02
948 121024.13
949 121107.82
950 121046.07
951 121109.01
952 121112.11
953 121108.06
954 121118.07
955 121117.12
956 121124.03
957 121092.08
958 121129.04
959 121107.10
960 121100.90
961 121114.97
962 121073.01
963 121115.92
964 121118.07
965 121091.13
966 121118.07
967 121132.85
968 120982.89
969 121091.13
970 121095.90
971 121097.09
972 121011.02
973 121119.98
974 121119.02
975 121093.03
976 121119.98
977 121099.95
978 121052.03
979 121093.99
980 120985.03
981 121115.92
982 121051.07
983 121114.97
984 121114.97
985 121066.09
986 121097.80
987 121114.97
988 121036.05
989 121087.07
990 121110.92
991 121048.93
992 121076.11
993 121127.13
994 121095.90
995 121066.09
996 121100.90
997 121093.03
998 121109.96
999 121099.00
1000 121112.11
1001 121120.93
1002 121073.01
1003 121107.10
1004 121073.96
1005 121117.83
1006 121098.04
1007 121130.94
1008 121116.16
1009 121055.84
1010 121120.93
1011 121119.98
1012 121085.17
1013 121105.19
1014 121108.06
1015 121094.94
1016 121114.97
1017 121104.00
1018 121182.92
1019 121110.92
1020 121129.04
1021 121115.21
1022 121079.92
1023 121108.06
1024 121126.17
1025 121114.97
1026 121029.85
1027 121127.13
1028 121051.07
1029 121099.00
1030 121140.00
1031 121111.87
1032 121073.01
1033 121084.93
1034 121093.03
1035 121092.80
1036 121156.93
1037 121072.05
1038 121069.91
1039 121119.98
1040 121093.03
1041 121056.08
1042 121085.88
1043 121083.02
1044 121090.17
1045 121100.90
1046 121104.00
1047 121125.94
1048 121026.99
1049 121119.02
1050 121119.98
1051 121090.89
1052 121031.05
1053 121137.86
1054 121119.98
1055 121071.10
1056 121091.84
1057 121098.04
1058 121116.16
1059 121125.94
1060 121085.88
1061 121094.94
1062 121078.01
1063 121118.07
1064 121103.05
1065 121124.98
1066 121107.10
1067 121093.03
1068 120980.98
1069 121108.06
1070 121115.92
1071 121109.01
1072 121124.03
1073 121085.17
1074 121092.08
1075 121097.09
1076 121109.01
1077 121108.06
1078 121115.21
1079 121113.06
1080 121126.17
1081 121117.12
1082 121084.21
1083 121118.07
1084 121092.08
1085 121113.06
1086 121111.15
1087 121117.83
1088 121018.17
1089 121131.90
1090 121109.96
1091 121101.14
1092 121111.87
1093 121119.02
1094 121086.84
1095 121129.99
1096 121088.98
1097 121069.19
1098 121100.90
1099 121128.08
1100 121037.96
1101 121061.09
1102 121081.11
1103 121090.89
1104 121108.06
1105 121119.02
1106 121110.92
1107 121088.98
1108 121038.91
1109 121101.86
1110 121064.19
1111 121112.11
1112 121094.94
1113 121122.12
1114 121118.07
1115 121122.84
1116 121122.12
1117 121125.94
1118 121089.94
1119 121123.08
