1120
0 121255.87
1 121143.10
2 121037.96
3 121080.16
4 121105.91
5 121139.05
6 121140.96
7 121141.91
8 121128.08
9 121138.81
10 121083.02
11 121124.98
12 121099.00
13 121135.95
14 121135.95
15 121023.89
16 121132.14
17 121144.06
18 121117.83
19 121159.08
20 121119.98
21 121035.10
22 121127.13
23 121120.93
24 121136.19
25 121166.94
26 121124.03
27 121141.91
28 121123.79
29 121140.96
30 121135.00
31 121069.91
32 121062.04
33 121135.00
34 121125.94
35 121133.09
36 121124.98
37 121122.12
38 121145.96
39 121036.05
40 121112.11
41 121072.05
42 121126.89
43 121110.92
44 121129.99
45 121124.03
46 121136.90
47 121113.06
48 121132.85
49 121116.16
50 121140.00
51 121124.03
52 121042.97
53 121140.00
54 121127.13
55 121058.94
56 121126.89
57 121106.86
58 121129.99
59 121145.01
60 121146.20
61 121129.99
62 121095.90
63 121133.09
64 121114.02
65 121131.18
66 121125.94
67 121138.10
68 121131.18
69 121104.96
70 121135.00
71 121115.92
72 121048.93
73 121116.16
74 121144.06
75 121119.02
76 121085.88
77 121121.88
78 121123.08
79 121129.99
80 121128.08
81 121130.94
82 121096.13
83 121137.14
84 121114.02
85 121140.00
86 121111.87
87 121138.10
88 121116.88
89 121131.90
90 121140.00
91 121110.92
92 121124.03
93 121133.80
94 121110.92
95 121069.91
96 120886.09
97 120954.99
98 121060.85
99 121106.86
100 121140.00
101 121149.06
102 122937.20
103 121458.05
104 121109.01
105 121231.08
106 121144.06
107 121963.02
108 121040.82
109 121076.11
110 121460.91
111 121121.88
112 120850.09
113 120860.10
114 121165.99
115 121006.97
116 120913.03
117 121591.09
118 120969.06
119 121853.11
120 121056.08
121 120961.90
122 120898.96
123 120929.00
124 121493.10
125 120890.86
126 121042.97
127 121203.90
128 120839.12
129 121791.12
130 120966.91
131 121386.05
132 121246.10
133 120936.87
134 121382.00
135 120878.22
136 121374.85
137 120776.89
138 120879.17
139 121624.95
140 121078.01
141 121156.93
142 120844.84
143 121628.05
144 121204.14
145 121086.12
146 121372.94
147 120985.98
148 120861.05
149 121967.08
150 120784.04
151 121209.86
152 120869.87
153 120975.02
154 121979.95
155 120735.88
156 121180.06
157 121040.82
158 122248.89
159 120726.82
160 120898.01
161 122238.16
162 121721.03
163 120977.16
164 121143.10
165 120925.90
166 121114.97
167 120816.95
168 121123.08
169 120844.84
170 121228.93
171 121212.01
172 121263.98
173 121466.16
174 121378.90
175 120767.12
176 121247.05
177 121633.05
178 121682.88
179 120928.05
180 121498.11
181 121582.98
182 121495.01
183 121505.02
184 122009.99
185 121289.01
186 120872.02
187 120851.99
188 121808.05
189 121133.80
190 121258.02
191 121320.01
192 121212.96
193 120871.07
194 121142.15
195 121181.96
196 121658.80
197 121634.96
198 120893.96
199 121637.82
200 120902.78
201 122358.08
202 121674.06
203 121900.80
204 120785.95
205 121374.13
206 121425.87
207 121834.99
208 120908.98
209 121363.16
210 120812.89
211 121167.90
212 121018.89
213 121561.05
214 120692.97
215 122410.06
216 121392.97
217 121253.97
218 121309.04
219 120891.81
220 121860.98
221 120850.09
222 121086.84
223 120917.08
224 121176.96
225 121855.97
226 121427.06
227 121758.94
228 121382.00
229 121196.03
230 121036.05
231 121080.88
232 120990.04
233 121175.05
234 121167.18
235 121797.08
236 121119.02
237 122242.93
238 120841.03
239 121266.84
240 120754.00
241 120851.99
242 121560.10
243 120736.84
244 120887.99
245 121212.96
246 121478.08
247 121557.00
248 120781.18
249 121380.09
250 121179.82
251 120745.18
252 121307.85
253 122071.98
254 121257.78
255 120829.82
256 120881.08
257 121838.81
258 121865.99
259 122164.01
260 120896.10
261 121632.10
262 120751.14
263 121416.09
264 120760.92
265 121005.06
266 121062.04
267 121294.98
268 121732.00
269 120871.07
270 121271.13
271 120999.10
272 121165.99
273 121424.91
274 120954.99
275 121074.91
276 121472.84
277 121119.98
278 121001.96
279 120900.87
280 121567.96
281 121048.93
282 121398.93
283 120844.13
284 120808.12
285 121209.86
286 120903.02
287 120943.07
288 121989.01
289 120828.15
290 122040.03
291 121661.19
292 121572.02
293 121934.89
294 121765.85
295 121075.15
296 121114.97
297 121777.06
298 121531.96
299 121323.11
300 121561.05
301 121632.10
302 121565.10
303 121298.79
304 121418.00
305 121906.04
306 121586.08
307 121876.00
308 120979.79
309 120813.13
310 121021.99
311 121387.00
312 122416.97
313 122725.01
314 121044.87
315 120721.10
316 122215.99
317 121348.14
318 120895.15
319 120895.86
320 121809.01
321 122205.02
322 121521.00
323 121528.86
324 121367.93
325 120883.94
326 121310.00
327 121481.18
328 121051.07
329 121266.13
330 121140.96
331 121225.83
332 121172.90
333 120916.84
334 121119.98
335 121230.84
336 122251.03
337 121559.86
338 121075.15
339 121334.08
340 122079.13
341 121886.97
342 121156.22
343 120913.98
344 121364.12
345 121870.04
346 121086.12
347 121689.08
348 121268.03
349 122387.17
350 122564.79
351 121452.09
352 121109.01
353 121502.88
354 120944.02
355 121236.09
356 120934.01
357 121510.98
358 121092.08
359 120952.84
360 120917.80
361 120987.18
362 120993.85
363 120943.07
364 121099.95
365 120842.93
366 120842.93
367 121670.96
368 121016.98
369 121067.05
370 121028.90
371 120918.04
372 120893.00
373 120893.00
374 120813.13
375 120916.13
376 120794.06
377 120872.97
378 120965.00
379 120845.08
380 121025.09
381 121165.04
382 120800.02
383 121279.00
384 120951.89
385 121232.99
386 120938.06
387 120865.11
388 121007.92
389 120914.94
390 120852.95
391 120715.86
392 121452.09
393 121465.92
394 120743.04
395 121006.01
396 120861.05
397 120781.90
398 120805.03
399 120983.12
400 120934.96
401 120875.12
402 120908.98
403 121432.07
404 121049.88
405 121005.06
406 120973.11
407 121191.98
408 120920.90
409 121321.92
410 121266.84
411 120890.86
412 121253.97
413 120873.21
414 121051.07
415 121004.10
416 121074.91
417 121170.04
418 120928.05
419 120988.85
420 121237.04
421 121144.06
422 121416.09
423 121365.79
424 121154.07
425 121121.17
426 120916.13
427 120984.79
428 121397.97
429 121462.82
430 120898.96
431 120913.03
432 121062.04
433 121154.07
434 120939.97
435 120834.11
436 120955.94
437 121137.86
438 121082.07
439 120944.98
440 121102.09
441 121283.05
442 121232.99
443 121537.92
444 121665.95
445 120857.95
446 121079.92
447 120799.06
448 120953.08
449 121627.09
450 121189.83
451 120713.00
452 121237.04
453 120953.08
454 120913.03
455 121405.12
456 120745.90
457 121217.97
458 121256.11
459 120958.81
460 121377.94
461 121012.93
462 120868.92
463 121321.92
464 120858.91
465 120800.02
466 121400.83
467 121382.95
468 121715.07
469 120944.98
470 121144.06
471 121285.20
472 121026.04
473 121580.84
474 121113.06
475 121407.99
476 121831.89
477 121122.12
478 121063.95
479 121510.03
480 121357.92
481 121589.90
482 121004.82
483 121297.12
484 120996.00
485 121216.06
486 120985.98
487 121165.04
488 121038.91
489 121220.11
490 121201.04
491 121106.15
492 121361.97
493 121129.04
494 121052.98
495 120984.08
496 121474.03
497 121291.88
498 121456.86
499 121036.05
500 121078.01
501 120914.94
502 121294.02
503 121301.89
504 121142.15
505 121081.83
506 121642.11
507 121335.03
508 121723.89
509 121155.02
510 121459.01
511 121198.18
512 121198.89
513 121340.04
514 121204.14
515 121271.85
516 120984.08
517 121638.06
518 121320.96
519 121016.98
520 121294.98
521 121401.79
522 121243.95
523 121199.85
524 121408.94
525 121033.91
526 121150.97
527 121409.18
528 121206.05
529 121073.01
530 121351.96
531 121063.95
532 121049.17
533 121850.97
534 121591.09
535 121373.89
536 121416.09
537 121533.16
538 121446.85
539 121546.03
540 121325.02
541 122000.93
542 120896.82
543 120902.06
544 121095.90
545 121397.97
546 121157.88
547 121045.11
548 121922.97
549 121536.02
550 121222.97
551 121434.93
552 121304.04
553 121134.04
554 121113.06
555 121339.80
556 121704.10
557 121613.98
558 121275.90
559 121148.11
560 121598.96
561 120779.04
562 121172.90
563 121401.07
564 121351.96
565 121378.18
566 121510.03
567 121392.97
568 121322.15
569 121508.12
570 121054.89
571 121340.99
572 121366.98
573 121070.15
574 121089.94
575 121326.92
576 121024.85
577 121201.99
578 121358.16
579 121358.16
580 121464.01
581 121478.08
582 121043.92
583 120924.00
584 121395.11
585 121602.06
586 121130.94
587 121078.97
588 120893.96
589 121510.03
590 121553.90
591 121030.09
592 121656.89
593 121122.12
594 121455.91
595 121731.04
596 121346.95
597 121191.02
598 121199.85
599 120975.97
600 121173.86
601 121362.92
602 120939.02
603 121014.83
604 121202.95
605 121472.84
606 121184.83
607 121301.89
608 121158.12
609 121199.13
610 121629.95
611 121196.99
612 121304.99
613 120979.79
614 121347.90
615 121026.04
616 121272.80
617 121128.08
618 121226.07
619 120998.14
620 120918.04
621 121580.12
622 121202.95
623 121239.19
624 121621.13
625 121120.93
626 121107.10
627 120923.04
628 121273.04
629 121433.97
630 120913.98
631 121793.03
632 121500.02
633 121293.07
634 121248.01
635 120862.01
636 121056.08
637 121395.11
638 121431.11
639 121280.19
640 121185.06
641 121143.10
642 121061.80
643 121289.97
644 121278.05
645 121042.97
646 121071.10
647 121140.00
648 121209.86
649 121369.12
650 121124.03
651 121344.09
652 121146.92
653 121375.08
654 121322.87
655 121274.95
656 121289.97
657 121252.06
658 121258.97
659 121161.94
660 121517.18
661 122010.95
662 121119.98
663 121109.96
664 121480.94
665 120973.11
666 121030.81
667 121131.90
668 121648.07
669 121526.00
670 121117.12
671 121020.79
672 121487.14
673 121734.86
674 121032.00
675 121829.99
676 121293.07
677 121423.01
678 121118.07
679 121232.03
680 120841.98
681 121244.91
682 121009.11
683 121125.94
684 120934.96
685 121587.04
686 121261.12
687 121402.03
688 121199.13
689 121561.05
690 121056.08
691 121093.99
692 121071.10
693 121171.00
694 121268.99
695 121251.11
696 121557.00
697 121564.15
698 121459.96
699 120805.03
700 121232.99
701 121610.16
702 121107.10
703 121458.77
704 121407.99
705 121136.19
706 121119.98
707 121689.80
708 121215.11
709 121374.85
710 121431.11
711 120794.06
712 120949.98
713 121723.18
714 120929.96
715 121603.97
716 121184.11
717 121492.86
718 121366.02
719 121423.01
720 121869.09
721 121428.01
722 121245.86
723 120960.95
724 121433.02
725 121087.07
726 121109.01
727 121274.95
728 121361.97
729 121255.87
730 121256.83
731 121758.94
732 121757.98
733 121355.06
734 121341.94
735 120961.90
736 121365.07
737 121350.05
738 121502.88
739 121548.89
740 121397.02
741 120808.12
742 121479.99
743 121000.05
744 121565.10
745 121083.97
746 121129.99
747 121161.94
748 121143.10
749 121340.99
750 121477.13
751 121402.03
752 121123.79
753 121741.06
754 121682.88
755 121368.89
756 121223.93
757 121003.87
758 121506.93
759 121227.98
760 121294.98
761 121297.12
762 121654.03
763 121085.17
764 121038.91
765 121629.95
766 121371.03
767 121439.93
768 121530.06
769 121070.15
770 121495.96
771 121735.10
772 121188.88
773 121693.85
774 121376.04
775 121240.85
776 121014.12
777 121376.04
778 121294.98
779 121500.02
780 121214.15
781 121313.81
782 121158.12
783 121489.05
784 121047.02
785 121263.03
786 121288.06
787 121312.14
788 120778.08
789 121462.82
790 121250.15
791 121136.19
792 121352.91
793 121350.05
794 121364.83
795 121379.14
796 121138.10
797 121057.03
798 120917.08
799 121093.99
800 121395.11
801 121385.81
802 121273.04
803 121264.93
804 121232.03
805 121253.01
806 120983.12
807 121438.98
808 121095.90
809 121397.02
810 121187.93
811 121465.92
812 121196.03
813 121237.04
814 121453.05
815 121073.96
816 121016.03
817 121051.07
818 121637.82
819 121377.94
820 121550.08
821 121345.04
822 121608.97
823 121151.92
824 120940.21
825 121133.09
826 121177.91
827 121425.87
828 121208.91
829 121295.93
830 120727.06
831 121203.90
832 121255.16
833 121345.04
834 121464.01
835 121471.88
836 120996.95
837 121002.20
838 121804.00
839 121284.01
840 121078.97
841 120900.15
842 121199.13
843 120861.05
844 121241.09
845 121568.92
846 121658.09
847 120897.05
848 121101.86
849 121357.92
850 121268.99
851 121563.91
852 121474.03
853 121409.89
854 120944.98
855 121254.92
856 121119.98
857 121613.98
858 121362.92
859 121242.05
860 120931.15
861 121480.94
862 121044.87
863 121446.85
864 121086.12
865 121286.87
866 121483.09
867 121003.87
868 121145.01
869 121595.86
870 120908.98
871 121167.90
872 121006.97
873 121268.99
874 121400.83
875 121433.97
876 121129.04
877 121044.87
878 121129.04
879 121294.98
880 121304.99
881 121060.13
882 121395.11
883 121119.98
884 120831.01
885 121019.12
886 121002.91
887 120999.10
888 121087.79
889 121153.83
890 121117.12
891 120970.01
892 121149.06
893 121395.11
894 121002.91
895 121178.87
896 121289.97
897 120627.16
898 121118.07
899 120951.18
900 121146.92
901 121319.06
902 121233.94
903 121414.90
904 121467.11
905 121535.06
906 121336.94
907 120914.94
908 121018.17
909 121577.02
910 121361.02
911 121318.10
912 121461.87
913 121363.88
914 120953.08
915 121237.99
916 121253.97
917 121241.09
918 120990.99
919 121268.99
920 121210.10
921 120821.00
922 121147.87
923 121294.02
924 121005.06
925 121853.83
926 120939.97
927 121342.90
928 120984.08
929 120898.01
930 121114.02
931 121191.98
932 120988.13
933 121096.85
934 121637.11
935 121139.05
936 121079.21
937 121118.07
938 121038.91
939 121226.07
940 121001.01
941 120945.93
942 121278.05
943 120754.00
944 121107.10
945 121002.91
946 121160.98
947 121159.08
948 120892.05
949 121073.96
950 121192.93
951 121383.91
952 120815.99
953 121015.79
954 121361.02
955 120958.81
956 120963.81
957 121096.85
958 121160.03
959 121218.92
960 121201.99
961 120901.11
962 121324.06
963 120957.14
964 120910.88
965 121260.88
966 120956.90
967 121162.89
968 120889.90
969 120923.04
970 121550.08
971 121596.10
972 121011.97
973 121006.01
974 120860.10
975 121163.85
976 121318.10
977 120868.92
978 121141.91
979 120749.00
980 121352.91
981 121369.12
982 120980.02
983 120815.99
984 120996.95
985 121576.07
986 121092.08
987 121171.95
988 120939.97
989 121376.99
990 120974.06
991 121076.11
992 121019.12
993 121424.91
994 120950.94
995 121164.08
996 120963.10
997 120975.97
998 120945.93
999 121026.04
1000 121021.99
1001 120941.16
1002 121417.05
1003 120821.00
1004 121043.92
1005 121037.01
1006 121094.94
1007 121096.85
1008 121065.14
1009 121112.82
1010 121099.95
1011 121099.00
1012 121097.09
1013 121111.15
1014 121090.89
1015 121075.87
1016 121107.10
1017 121123.08
1018 121128.08
1019 121034.15
1020 121106.86
1021 121110.92
1022 121143.10
1023 121113.78
1024 121114.97
1025 121110.92
1026 121116.88
1027 121128.08
1028 121119.98
1029 121124.03
1030 121121.17
1031 121115.92
1032 121110.92
1033 121111.15
1034 121113.06
1035 121086.84
1036 121083.02
1037 121114.97
1038 121122.12
1039 121117.12
1040 121117.12
1041 121119.02
1042 121114.97
1043 121116.88
1044 121114.97
1045 121067.05
1046 121114.97
1047 121080.16
1048 121115.92
1049 121118.07
1050 121111.15
1051 121106.86
1052 121117.12
1053 121115.92
1054 121107.10
1055 121081.11
1056 121111.87
1057 121099.00
1058 121105.91
1059 121048.93
1060 121074.91
1061 121123.08
1062 121167.90
1063 121104.96
1064 121118.07
1065 121116.16
1066 121049.88
1067 121109.01
1068 121124.98
1069 121125.94
1070 121135.00
1071 121121.17
1072 121114.97
1073 121114.97
1074 121130.94
1075 121045.11
1076 121109.96
1077 121114.97
1078 121116.16
1079 121109.01
1080 121104.96
1081 121123.08
1082 121114.97
1083 121095.18
1084 121121.88
1085 121111.15
1086 121129.99
1087 121118.07
1088 121113.06
1089 121075.87
1090 121135.00
1091 121124.03
1092 121121.88
1093 121116.88
1094 121113.06
1095 121079.92
1096 121133.09
1097 121129.04
1098 121119.98
1099 121022.94
1100 121004.82
1101 121109.96
1102 121126.17
1103 121112.11
1104 121109.01
1105 121111.87
1106 121112.11
1107 121120.93
1108 121113.06
1109 121123.08
1110 121110.92
1111 121129.04
1112 121114.97
1113 121114.97
1114 121116.16
1115 121081.11
1116 121121.88
1117 121113.06
1118 121164.08
1119 121105.91
