1120
0 121243.95
1 121148.82
2 121115.92
3 121099.00
4 121089.94
5 121112.11
6 121119.98
7 121131.90
8 121129.99
9 121150.97
10 121133.09
11 121114.97
12 121106.86
13 121151.92
14 121129.99
15 121095.18
16 121114.97
17 121135.95
18 121114.97
19 121157.88
20 121128.08
21 121088.03
22 121091.13
23 121112.11
24 121116.88
25 121139.05
26 121165.99
27 121089.94
28 121115.92
29 121123.08
30 121142.86
31 121047.02
32 121080.88
33 121126.17
34 121135.00
35 121140.00
36 121107.10
37 121090.17
38 121133.09
39 121105.91
40 121111.87
41 121126.89
42 121150.97
43 121072.05
44 121080.16
45 121127.13
46 121119.98
47 121124.98
48 121124.98
49 121137.86
50 121136.90
51 121122.84
52 121047.02
53 121103.05
54 121149.06
55 121130.94
56 121088.98
57 121117.83
58 121119.98
59 121117.83
60 121134.04
61 121082.07
62 121099.00
63 121101.14
64 121112.11
65 121130.94
66 121159.08
67 121078.97
68 121104.96
69 121116.88
70 121124.98
71 121120.93
72 121053.93
73 121132.14
74 121151.92
75 121108.77
76 121066.09
77 121117.83
78 121114.97
79 121135.00
80 121135.95
81 121119.02
82 121079.92
83 121143.10
84 121120.93
85 121116.88
86 121114.02
87 121126.89
88 121133.09
89 121128.08
90 121118.07
91 121129.04
92 121055.13
93 121041.06
94 121061.09
95 121131.90
96 120996.00
97 121021.03
98 120968.10
99 121139.05
100 121154.79
101 121126.89
102 121168.85
103 122445.11
104 121091.13
105 120903.97
106 120995.04
107 121433.97
108 120898.96
109 121176.00
110 121729.14
111 120903.02
112 121053.93
113 121263.98
114 120964.05
115 120865.11
116 121125.94
117 121040.11
118 121176.00
119 121067.05
120 121044.87
121 120888.95
122 121536.97
123 121334.08
124 120945.93
125 121374.85
126 120964.05
127 120889.90
128 120865.82
129 121233.94
130 122172.12
131 121068.00
132 120995.04
133 121676.92
134 120821.95
135 121500.02
136 121191.98
137 121324.06
138 120976.92
139 121074.91
140 122739.08
141 121237.04
142 121153.12
143 121012.93
144 120923.04
145 122340.92
146 121490.00
147 121659.04
148 121059.89
149 121105.91
150 121328.12
151 120810.03
152 121320.96
153 121119.98
154 120943.78
155 121101.14
156 121166.94
157 121274.95
158 121510.03
159 121069.91
160 121706.01
161 120946.88
162 121161.94
163 121973.04
164 121721.98
165 121797.80
166 120810.99
167 121668.10
168 121650.93
169 121538.88
170 121585.85
171 120954.04
172 121579.17
173 121049.88
174 121285.92
175 121510.03
176 121191.98
177 121223.93
178 121092.08
179 120978.12
180 120975.02
181 121001.01
182 121437.07
183 121541.98
184 120983.12
185 121542.93
186 122484.21
187 121693.13
188 120985.98
189 121459.01
190 121524.81
191 121172.90
192 121865.03
193 121377.94
194 121210.81
195 121590.14
196 121627.09
197 121540.07
198 121415.85
199 121557.00
200 121191.98
201 121260.88
202 120978.12
203 121075.87
204 121156.93
205 121420.15
206 121823.07
207 122372.15
208 121897.94
209 121491.91
210 121615.89
211 121842.86
212 121097.09
213 121673.11
214 122006.89
215 121055.84
216 121669.05
217 121740.10
218 121044.87
219 122211.93
220 120857.95
221 121310.00
222 122247.93
223 121039.87
224 121013.88
225 121524.10
226 121597.05
227 121160.98
228 121721.98
229 122420.07
230 121018.89
231 121448.99
232 120990.99
233 121324.06
234 121863.13
235 121250.15
236 121787.79
237 120939.02
238 121432.78
239 121474.98
240 120928.05
241 121522.19
242 121063.95
243 121037.96
244 121104.96
245 121577.98
246 122154.00
247 121044.16
248 121593.95
249 122015.00
250 122350.93
251 121131.90
252 121408.94
253 121191.98
254 120977.16
255 122472.05
256 121044.87
257 120867.97
258 121227.03
259 121155.98
260 122701.88
261 121044.87
262 120978.12
263 120980.02
264 121257.07
265 120898.96
266 121816.16
267 121412.99
268 121563.91
269 121021.99
270 121349.10
271 121721.98
272 121129.99
273 121832.13
274 121034.86
275 121900.08
276 121659.04
277 120893.96
278 120990.04
279 120972.87
280 120948.08
281 121837.14
282 120882.03
283 121121.88
284 120958.09
285 121386.05
286 122561.93
287 121680.02
288 121736.05
289 121490.96
290 121193.17
291 120930.91
292 121159.08
293 120852.95
294 121145.01
295 121371.03
296 121150.97
297 121952.06
298 121056.08
299 121687.17
300 121251.11
301 121827.13
302 121132.14
303 121049.88
304 121737.96
305 121961.83
306 121600.87
307 121649.98
308 121536.02
309 121395.11
310 121479.03
311 121986.15
312 121905.09
313 122001.89
314 121603.01
315 121993.06
316 122070.79
317 121003.87
318 121353.15
319 121031.05
320 121205.09
321 121060.85
322 120953.80
323 121061.80
324 121786.12
325 121465.92
326 121340.99
327 121155.02
328 121215.11
329 120879.17
330 121057.03
331 120960.95
332 120859.15
333 121180.06
334 121228.93
335 121373.89
336 122045.99
337 122508.05
338 121231.79
339 121187.93
340 121562.00
341 121669.05
342 121165.99
343 121370.08
344 121489.05
345 121192.93
346 122091.05
347 121083.97
348 120964.05
349 121376.99
350 121058.94
351 121671.20
352 121395.11
353 121562.96
354 121728.90
355 121368.89
356 121593.00
357 120913.98
358 121929.88
359 121320.01
360 120968.10
361 121279.95
362 121109.01
363 121366.98
364 121239.19
365 121173.86
366 121078.01
367 120997.91
368 121060.13
369 120873.93
370 120781.90
371 121176.00
372 121496.92
373 120990.04
374 121072.05
375 120919.94
376 121098.04
377 120984.08
378 121006.01
379 121160.03
380 121062.99
381 121201.99
382 121073.01
383 120950.94
384 121026.99
385 121092.08
386 121142.15
387 121049.17
388 120924.00
389 120802.88
390 120953.08
391 121639.97
392 121239.90
393 121067.05
394 121004.82
395 121062.99
396 121215.11
397 120955.94
398 121949.91
399 120902.06
400 121518.14
401 121469.97
402 121504.07
403 121002.91
404 120947.12
405 121028.18
406 121116.88
407 121088.03
408 121363.16
409 121138.81
410 120953.08
411 121682.88
412 121232.03
413 121035.10
414 120983.12
415 121438.98
416 121203.90
417 121248.96
418 121515.99
419 121205.09
420 121756.08
421 121113.78
422 120993.14
423 120949.03
424 121420.15
425 121247.05
426 120908.02
427 121812.82
428 121227.98
429 121526.96
430 121222.02
431 120939.97
432 121307.13
433 121330.98
434 121041.06
435 120804.79
436 120953.08
437 121214.87
438 121348.86
439 120934.01
440 120912.08
441 121409.89
442 121070.86
443 121058.94
444 121271.13
445 120775.94
446 121348.86
447 121397.97
448 120846.99
449 121675.97
450 120841.98
451 121109.96
452 121201.99
453 121126.17
454 120985.98
455 121051.07
456 121548.89
457 121618.03
458 121464.97
459 121263.03
460 121011.02
461 121373.89
462 121284.01
463 121145.01
464 121764.18
465 120968.10
466 121888.88
467 121731.04
468 121005.06
469 121701.00
470 121303.80
471 121031.05
472 121000.05
473 121315.00
474 121268.03
475 121042.97
476 121654.03
477 121068.00
478 121422.05
479 121918.92
480 120966.20
481 121610.16
482 121080.16
483 121793.99
484 121319.06
485 121176.96
486 121044.87
487 121106.15
488 121299.03
489 121319.06
490 121544.12
491 121259.93
492 120886.09
493 121577.02
494 121313.81
495 121382.95
496 121382.95
497 120916.13
498 121193.89
499 121391.06
500 121266.13
501 121231.08
502 121339.08
503 121587.99
504 121532.92
505 121297.84
506 121119.02
507 121245.86
508 121609.93
509 121219.16
510 121349.10
511 121734.86
512 121784.93
513 121510.98
514 121538.88
515 121757.98
516 121365.07
517 121250.15
518 121115.92
519 121585.85
520 121103.05
521 121621.85
522 121351.00
523 122166.16
524 121717.93
525 121444.94
526 121533.16
527 121134.04
528 121376.99
529 121610.16
530 121614.22
531 121153.12
532 121536.02
533 121145.01
534 121334.08
535 121524.10
536 121408.94
537 121463.06
538 121547.94
539 121006.01
540 120965.96
541 121268.03
542 121453.05
543 121387.00
544 120901.82
545 121121.88
546 121129.04
547 121186.97
548 121452.81
549 121397.02
550 121757.03
551 121363.16
552 121290.92
553 121299.98
554 121456.86
555 121198.89
556 121355.06
557 121554.14
558 121088.03
559 121108.06
560 121212.01
561 121079.92
562 121162.18
563 121406.79
564 120949.98
565 121686.94
566 121668.82
567 121272.09
568 121442.08
569 121070.86
570 121600.87
571 121245.15
572 121400.12
573 121839.05
574 121086.12
575 121201.04
576 121438.98
577 121629.95
578 121007.92
579 121010.07
580 121832.85
581 121654.03
582 121074.91
583 121369.12
584 121239.90
585 121218.92
586 121136.90
587 121416.09
588 121342.90
589 121503.83
590 121699.09
591 121107.10
592 121527.91
593 121343.85
594 121352.91
595 121281.86
596 121400.83
597 121325.97
598 121083.02
599 121258.97
600 121448.04
601 121088.98
602 121093.03
603 121559.14
604 121221.07
605 121410.13
606 121197.94
607 121558.90
608 121044.16
609 121275.90
610 121751.07
611 121014.12
612 121233.94
613 121287.11
614 121552.94
615 121639.97
616 121565.10
617 121364.83
618 121428.01
619 122060.06
620 121924.88
621 121289.97
622 121327.16
623 121051.07
624 121007.92
625 121093.03
626 121180.06
627 121427.06
628 121469.02
629 121480.94
630 121218.92
631 121240.85
632 121466.88
633 120938.06
634 120990.04
635 121751.07
636 121017.22
637 121454.00
638 121804.95
639 121255.87
640 121454.00
641 121530.06
642 121594.19
643 121525.05
644 121451.14
645 121603.01
646 121464.97
647 121037.01
648 121087.07
649 121659.04
650 121724.84
651 121461.15
652 120754.00
653 121995.93
654 121103.05
655 121340.99
656 121102.09
657 121412.04
658 121279.95
659 120970.01
660 120837.93
661 120733.98
662 121446.13
663 121823.07
664 121841.91
665 121477.13
666 121124.03
667 121681.93
668 121752.98
669 121274.95
670 121500.97
671 121539.12
672 121642.11
673 121055.84
674 121360.06
675 121680.97
676 121319.06
677 121156.93
678 121317.86
679 121502.88
680 121280.19
681 121526.96
682 121853.11
683 121062.99
684 121744.16
685 121587.99
686 120987.18
687 121510.98
688 121778.96
689 121248.01
690 121222.02
691 121181.01
692 121171.95
693 121452.09
694 121300.94
695 121088.03
696 121145.01
697 121773.96
698 122071.03
699 121304.99
700 121042.97
701 121241.81
702 121597.05
703 120921.13
704 121407.03
705 121524.10
706 121508.12
707 121067.05
708 121712.92
709 121131.18
710 121013.88
711 121092.08
712 121287.82
713 121596.10
714 120959.04
715 121171.00
716 122182.13
717 121224.88
718 121746.06
719 121587.99
720 121210.10
721 121071.10
722 121608.02
723 121337.89
724 121618.03
725 120776.18
726 120933.06
727 121711.02
728 121569.87
729 121486.90
730 121201.99
731 121594.91
732 121074.20
733 121894.84
734 120927.81
735 121382.95
736 121221.07
737 121459.96
738 122185.95
739 120911.12
740 121474.98
741 121405.84
742 121172.19
743 121258.97
744 121249.91
745 121493.82
746 121412.04
747 121495.96
748 121474.98
749 121505.02
750 121658.09
751 121758.94
752 121539.12
753 121256.83
754 121582.03
755 121291.88
756 120913.03
757 121421.10
758 121590.85
759 121929.17
760 121702.19
761 120836.97
762 121727.94
763 121096.85
764 121855.02
765 121370.08
766 121141.91
767 121345.04
768 121617.08
769 121299.98
770 121697.19
771 121621.85
772 121134.04
773 121535.06
774 121414.90
775 121504.07
776 121613.03
777 121464.01
778 121129.99
779 121675.97
780 121572.02
781 121549.13
782 121438.03
783 121786.12
784 121162.89
785 121071.10
786 121438.03
787 120970.01
788 121644.97
789 121691.94
790 121273.04
791 120855.09
792 121565.10
793 121832.13
794 121399.88
795 120850.09
796 121438.98
797 121623.04
798 121563.91
799 121261.12
800 121694.09
801 121543.88
802 121381.04
803 121549.84
804 121145.01
805 121387.96
806 121144.06
807 121380.81
808 120804.07
809 121557.00
810 121033.91
811 120967.86
812 121591.81
813 121644.97
814 121302.13
815 121112.82
816 121531.96
817 121359.11
818 120977.88
819 120805.98
820 121486.90
821 121201.99
822 121313.81
823 121387.96
824 120897.05
825 121559.14
826 121323.82
827 121119.98
828 120903.02
829 121631.86
830 121326.92
831 121572.02
832 120999.10
833 121989.97
834 121716.02
835 121020.08
836 121652.84
837 121428.01
838 121215.11
839 120836.97
840 121245.86
841 121563.91
842 121762.99
843 121173.86
844 121199.85
845 121459.96
846 121495.01
847 121381.04
848 121417.05
849 121270.90
850 121282.10
851 121164.80
852 121357.92
853 121043.92
854 120661.97
855 120998.86
856 121670.01
857 121315.96
858 121058.94
859 121221.07
860 121346.95
861 121830.94
862 121283.05
863 121145.96
864 121146.92
865 121366.02
866 121258.02
867 120881.08
868 121330.02
869 121553.18
870 121171.95
871 121643.78
872 121180.06
873 121499.06
874 120695.83
875 121130.94
876 121068.95
877 120786.91
878 122122.05
879 121690.99
880 121218.20
881 121524.10
882 120846.03
883 121124.03
884 121267.80
885 121195.79
886 121087.07
887 121151.92
888 120826.01
889 121217.01
890 121280.91
891 120787.14
892 121273.04
893 121435.17
894 121327.88
895 121098.04
896 121253.97
897 121753.93
898 121526.00
899 121451.14
900 121169.09
901 121321.92
902 121391.06
903 121320.01
904 121168.14
905 120834.11
906 121402.98
907 121385.10
908 121244.91
909 120983.84
910 120967.15
911 121559.14
912 120855.09
913 121070.15
914 120975.02
915 121891.98
916 121300.94
917 121149.06
918 121168.14
919 120853.19
920 120774.98
921 121079.92
922 121431.11
923 121634.01
924 121881.96
925 121137.86
926 121214.87
927 121353.86
928 121083.02
929 121500.97
930 121332.88
931 121444.23
932 121710.06
933 120968.10
934 120999.81
935 121039.87
936 121425.87
937 121014.12
938 121706.96
939 121336.94
940 120965.00
941 121160.98
942 120962.86
943 121439.93
944 121570.11
945 121243.95
946 121490.00
947 120802.16
948 120801.93
949 121003.87
950 121682.88
951 121073.96
952 121246.10
953 121400.12
954 120874.88
955 120896.10
956 120847.94
957 120827.91
958 121255.16
959 120809.79
960 121046.78
961 120882.99
962 121289.97
963 120891.09
964 121443.03
965 120748.04
966 120670.08
967 120700.12
968 121453.05
969 121315.00
970 121479.03
971 121254.92
972 120934.96
973 121183.87
974 121262.07
975 121200.08
976 120759.96
977 120751.14
978 121263.03
979 121308.09
980 121098.04
981 121304.04
982 120790.00
983 120920.90
984 120810.99
985 120905.88
986 120846.03
987 120793.10
988 120938.06
989 121047.97
990 121007.92
991 120934.96
992 120949.98
993 120989.08
994 120939.02
995 121017.93
996 120934.96
997 120990.99
998 121000.05
999 120967.15
1000 120969.06
1001 120802.88
1002 120961.90
1003 121003.87
1004 120994.09
1005 120971.92
1006 120982.17
1007 120970.01
1008 120979.07
1009 120944.98
1010 120893.00
1011 121009.83
1012 121003.15
1013 120976.21
1014 120991.95
1015 120964.05
1016 120969.06
1017 120990.99
1018 120962.86
1019 120980.02
1020 120958.09
1021 120950.94
1022 121020.08
1023 120992.90
1024 120983.12
1025 120976.92
1026 120980.98
1027 120980.02
1028 120966.91
1029 120965.00
1030 121031.05
1031 120990.99
1032 120931.86
1033 120993.85
1034 120965.00
1035 120971.92
1036 121032.00
1037 120966.91
1038 121006.01
1039 121000.05
1040 120974.06
1041 120973.11
1042 120950.94
1043 120961.90
1044 120978.12
1045 120962.86
1046 120975.02
1047 120957.14
1048 120970.01
1049 120989.08
1050 121003.87
1051 120971.92
1052 120938.06
1053 121032.95
1054 121014.12
1055 120979.07
1056 120986.94
1057 120974.06
1058 120967.86
1059 120970.01
1060 120963.10
1061 120964.05
1062 121032.95
1063 120963.10
1064 121004.82
1065 120959.04
1066 120984.08
1067 120991.95
1068 120977.16
1069 120981.93
1070 121071.10
1071 120973.11
1072 120986.94
1073 120965.00
1074 120971.92
1075 120963.81
1076 121016.98
1077 121024.85
1078 121009.83
1079 120996.95
1080 120841.03
1081 120963.10
1082 121007.92
1083 120963.10
1084 120978.12
1085 120995.04
1086 120974.06
1087 121023.18
1088 121010.78
1089 120965.00
1090 120975.02
1091 120959.04
1092 121021.03
1093 120989.08
1094 120989.08
1095 120979.07
1096 120974.06
1097 120972.16
1098 120898.96
1099 121015.79
1100 120928.05
1101 120985.03
1102 121012.21
1103 120976.21
1104 120995.04
1105 120970.01
1106 120974.06
1107 121001.96
1108 120968.10
1109 120983.12
1110 120996.95
1111 120971.92
1112 120949.98
1113 120974.06
1114 121019.84
1115 120948.08
1116 120993.85
1117 120992.90
1118 121016.98
1119 120982.17
