1120
0 121253.97
1 121129.99
2 121129.04
3 121120.21
4 121093.03
5 121109.01
6 121126.89
7 121012.93
8 121107.82
9 121130.94
10 121123.79
11 121119.98
12 121121.17
13 121124.98
14 121078.97
15 121140.00
16 121120.93
17 121033.91
18 121132.14
19 121130.94
20 121102.81
21 121098.04
22 121099.95
23 121102.09
24 121016.98
25 121021.03
26 121119.98
27 121118.07
28 121125.94
29 121107.10
30 121144.06
31 121114.02
32 121104.96
33 121099.00
34 121078.97
35 121118.07
36 121119.98
37 121050.12
38 121116.16
39 121107.10
40 121109.96
41 121119.98
42 121116.16
43 121119.98
44 121119.02
45 121115.92
46 121114.97
47 121011.97
48 121116.16
49 121115.92
50 121119.98
51 121122.12
52 121124.98
53 121124.98
54 121083.97
55 121104.00
56 121124.98
57 120996.95
58 121114.97
59 121115.92
60 121109.96
61 121111.87
62 121109.96
63 121105.91
64 121165.04
65 121112.11
66 121117.12
67 121119.02
68 121119.98
69 121110.92
70 121094.94
71 121083.97
72 121101.86
73 121018.17
74 121078.01
75 121103.05
76 121104.96
77 121061.09
78 121088.03
79 121106.86
80 121104.00
81 121116.16
82 121103.05
83 121112.11
84 121122.84
85 121123.08
86 121081.11
87 121099.00
88 121094.94
89 121051.07
90 121121.17
91 121066.09
92 121116.16
93 121103.05
94 121099.95
95 121014.83
96 120941.88
97 120989.08
98 121124.03
99 121057.03
100 121047.97
101 121135.00
102 122519.02
103 121093.99
104 121052.03
105 121364.12
106 121119.98
107 121696.95
108 121052.98
109 120982.89
110 121010.07
111 121039.87
112 120849.13
113 120954.99
114 121690.99
115 120852.95
116 120754.96
117 121953.01
118 121279.95
119 122516.87
120 120903.97
121 120982.89
122 122380.97
123 121053.93
124 120839.83
125 121021.99
126 120889.90
127 120902.06
128 121516.94
129 121062.04
130 122429.85
131 121112.11
132 121374.85
133 120842.93
134 121285.92
135 121248.01
136 121773.96
137 120955.94
138 121042.01
139 121009.11
140 121102.09
141 120918.99
142 121096.13
143 121936.08
144 121403.93
145 121527.91
146 121217.01
147 121508.12
148 121093.03
149 121485.95
150 120820.05
151 121235.13
152 122147.08
153 120949.98
154 121047.02
155 120802.16
156 120990.04
157 120994.09
158 121833.80
159 120681.05
160 120943.07
161 121396.06
162 121056.08
163 121066.09
164 121581.08
165 121921.06
166 121244.91
167 120736.12
168 120851.04
169 121513.84
170 120856.05
171 120996.00
172 120929.96
173 120910.88
174 120976.92
175 120985.98
176 121540.07
177 121018.17
178 121272.09
179 121205.09
180 121546.98
181 120804.07
182 121577.02
183 120986.22
184 121171.00
185 121273.04
186 121879.82
187 121894.12
188 121018.17
189 120917.08
190 121063.95
191 121121.88
192 121535.06
193 120953.08
194 121277.09
195 121897.94
196 121663.81
197 121593.95
198 121172.90
199 121312.86
200 121299.98
201 121011.97
202 122011.90
203 120908.02
204 122152.09
205 121028.90
206 121681.93
207 120830.06
208 121123.08
209 120715.86
210 121236.09
211 120970.96
212 121132.14
213 121690.99
214 121523.14
215 121328.12
216 122081.04
217 120840.07
218 121765.14
219 120901.11
220 121711.02
221 121647.12
222 120767.12
223 120961.90
224 120913.98
225 121063.95
226 121097.09
227 121711.97
228 121005.06
229 120838.88
230 120959.04
231 121744.87
232 122090.10
233 121168.85
234 121140.00
235 121068.00
236 121114.02
237 121114.97
238 121217.01
239 121293.07
240 120919.94
241 122391.94
242 120849.13
243 120934.01
244 121763.94
245 120967.15
246 121021.99
247 121026.99
248 121030.09
249 120976.92
250 120924.00
251 121263.03
252 121474.03
253 121693.85
254 121727.94
255 121355.06
256 120951.89
257 121519.09
258 121884.11
259 121511.94
260 120943.07
261 121164.08
262 121020.08
263 120920.18
264 120987.89
265 120851.04
266 122369.05
267 120989.08
268 120774.98
269 120863.20
270 121669.05
271 121316.19
272 120772.12
273 121174.81
274 120948.08
275 121353.86
276 121212.01
277 121358.87
278 120950.94
279 120826.96
280 121196.03
281 121241.09
282 120980.02
283 122578.14
284 120968.10
285 121570.83
286 121881.96
287 121376.99
288 121111.87
289 121453.05
290 121650.93
291 121580.12
292 121160.03
293 120800.97
294 121163.13
295 121806.86
296 120824.10
297 121351.96
298 121867.90
299 121243.00
300 120839.12
301 121635.91
302 121696.00
303 121037.96
304 121076.82
305 121511.94
306 120916.13
307 120933.06
308 120986.94
309 121339.08
310 120723.96
311 121303.08
312 121062.04
313 120800.02
314 121979.00
315 120854.14
316 121058.94
317 121649.03
318 122592.93
319 121553.18
320 121826.89
321 121338.13
322 122036.93
323 121391.06
324 121364.83
325 121332.88
326 121193.89
327 120810.99
328 121553.18
329 120840.07
330 121593.00
331 121614.93
332 121303.08
333 121079.21
334 121235.13
335 120820.05
336 121117.12
337 121082.07
338 121683.84
339 120957.14
340 120842.93
341 122262.95
342 121680.97
343 121418.00
344 121105.91
345 120898.01
346 121068.95
347 121932.03
348 121227.98
349 120973.11
350 121785.16
351 120992.18
352 121041.06
353 121006.97
354 120882.99
355 121292.83
356 121431.11
357 121072.05
358 121243.00
359 120987.18
360 121325.97
361 120859.86
362 120690.82
363 121109.96
364 121243.00
365 120980.02
366 120970.01
367 120929.00
368 121142.15
369 120834.83
370 120959.04
371 121047.97
372 121180.06
373 120774.03
374 121361.02
375 121175.05
376 121469.97
377 120816.95
378 120840.07
379 121608.02
380 121108.06
381 120887.99
382 120885.85
383 121468.07
384 121020.08
385 120975.02
386 120844.13
387 121118.07
388 120779.99
389 120973.83
390 121192.93
391 120989.08
392 121011.02
393 120706.80
394 121064.90
395 121118.07
396 120954.04
397 120848.18
398 120778.08
399 120978.12
400 120902.06
401 120849.13
402 120993.85
403 121037.01
404 120909.93
405 120752.81
406 121015.07
407 120901.11
408 121345.04
409 120970.96
410 120889.19
411 121469.97
412 121130.94
413 121021.03
414 120856.05
415 120840.07
416 120831.97
417 120917.08
418 120965.00
419 121011.97
420 120805.03
421 120873.93
422 121600.87
423 120841.98
424 120998.14
425 120965.00
426 121253.97
427 120841.98
428 120642.19
429 121263.98
430 120805.03
431 121534.11
432 120813.85
433 120891.09
434 121377.94
435 121013.16
436 121608.97
437 121205.09
438 121179.10
439 120713.00
440 120706.08
441 121222.97
442 121798.99
443 121325.97
444 120800.02
445 120846.03
446 121171.95
447 120866.06
448 120846.03
449 120847.94
450 121303.08
451 121254.92
452 121418.00
453 120878.22
454 120907.07
455 120954.99
456 121046.07
457 120845.08
458 121753.93
459 121349.81
460 121549.13
461 120805.03
462 120975.97
463 121203.18
464 120976.92
465 121159.79
466 121424.91
467 120895.15
468 121128.08
469 120958.09
470 121366.98
471 121217.01
472 121320.01
473 121130.94
474 120788.81
475 121273.99
476 120877.98
477 121213.91
478 120801.93
479 120747.09
480 120917.08
481 121412.04
482 121381.04
483 121603.01
484 121304.04
485 121279.95
486 120853.19
487 121090.17
488 121119.98
489 121320.96
490 121392.97
491 121225.12
492 121236.09
493 121128.08
494 121218.20
495 120785.95
496 121169.81
497 121114.02
498 120965.00
499 121217.97
500 121207.00
501 121340.04
502 121182.20
503 121223.93
504 121328.83
505 121026.04
506 121393.92
507 121148.11
508 120786.91
509 121355.06
510 121109.96
511 121411.09
512 120976.92
513 121231.79
514 121633.05
515 121047.02
516 121305.94
517 120870.11
518 121203.90
519 121048.93
520 121201.99
521 121116.88
522 121467.11
523 121483.80
524 121209.86
525 121517.18
526 120899.20
527 120921.13
528 121111.87
529 121396.06
530 120821.00
531 120887.04
532 121148.11
533 121232.99
534 121113.06
535 121722.94
536 121294.02
537 121713.88
538 121027.95
539 120803.83
540 121335.98
541 120767.12
542 121186.02
543 121011.97
544 121746.06
545 121787.07
546 121311.90
547 121325.97
548 121178.87
549 121451.85
550 121506.93
551 120907.07
552 121493.82
553 120975.02
554 120819.09
555 121736.05
556 121330.02
557 121277.09
558 121549.84
559 121787.07
560 121248.01
561 120934.96
562 121122.12
563 121331.93
564 121248.96
565 121221.07
566 120844.13
567 121176.00
568 121484.04
569 121209.14
570 121039.15
571 121106.86
572 121106.86
573 121294.98
574 121129.99
575 120741.13
576 121371.03
577 121375.08
578 121104.96
579 121664.05
580 121703.15
581 121418.00
582 121391.06
583 121300.94
584 121433.97
585 121114.97
586 121315.00
587 121273.99
588 121136.90
589 121927.98
590 121294.98
591 120899.92
592 121003.15
593 121181.01
594 121085.88
595 121647.12
596 121259.93
597 121232.03
598 121273.04
599 121515.04
600 121302.13
601 121035.10
602 121117.12
603 120836.02
604 120975.02
605 121358.87
606 121749.16
607 121578.93
608 121295.93
609 120984.08
610 121250.15
611 121097.09
612 121739.86
613 120753.05
614 121122.12
615 120903.97
616 120828.15
617 121103.05
618 121108.06
619 120790.00
620 121247.05
621 121207.00
622 121599.91
623 121433.02
624 121076.82
625 121334.08
626 121835.95
627 121301.89
628 121206.05
629 121472.12
630 121336.94
631 121321.92
632 121073.01
633 120846.03
634 121083.02
635 121002.91
636 121677.16
637 121289.01
638 120754.96
639 121438.98
640 121371.98
641 121183.16
642 121603.01
643 121705.06
644 121529.10
645 121128.08
646 121414.90
647 121172.90
648 121301.89
649 121534.11
650 120760.92
651 121114.97
652 121131.90
653 121210.10
654 121258.02
655 121874.09
656 121548.89
657 121487.14
658 121123.08
659 121328.83
660 121353.15
661 121725.80
662 121142.86
663 121547.94
664 121255.87
665 120921.13
666 121138.10
667 121399.88
668 121340.99
669 120988.85
670 121450.19
671 121593.95
672 120915.89
673 121208.19
674 121249.91
675 121774.91
676 121402.03
677 121463.06
678 121238.95
679 121371.03
680 121439.93
681 121003.15
682 121578.93
683 121594.91
684 121232.03
685 121456.86
686 121373.89
687 120733.02
688 121389.15
689 121214.15
690 120738.98
691 120963.81
692 121834.04
693 121277.81
694 121345.04
695 121491.91
696 121156.93
697 121649.03
698 120898.96
699 120980.98
700 121380.09
701 121633.05
702 121590.85
703 121497.15
704 120956.18
705 121444.94
706 121225.12
707 121101.86
708 121032.95
709 121104.96
710 121406.08
711 121251.11
712 121699.09
713 121297.12
714 120822.91
715 121340.99
716 121011.97
717 121622.09
718 121670.01
719 121330.98
720 121299.98
721 121499.78
722 121294.98
723 121299.03
724 121328.83
725 121032.95
726 120965.96
727 121184.11
728 121258.02
729 121435.88
730 121510.03
731 121531.01
732 120926.14
733 121362.92
734 121294.98
735 120655.78
736 121361.02
737 121206.05
738 121508.12
739 121371.03
740 121289.97
741 121354.82
742 120877.98
743 121211.05
744 122069.84
745 121451.14
746 121083.02
747 120845.79
748 120850.09
749 121617.08
750 121310.00
751 121248.01
752 121306.18
753 122109.17
754 120810.99
755 121258.97
756 121003.87
757 121586.08
758 121147.16
759 121269.94
760 121050.12
761 121579.17
762 121099.95
763 121115.92
764 121180.06
765 121352.20
766 121588.23
767 120924.00
768 120546.10
769 121106.86
770 121524.81
771 121071.10
772 121297.12
773 121155.98
774 121107.82
775 121509.08
776 121670.01
777 120793.10
778 121111.87
779 121057.03
780 121021.03
781 121088.98
782 121291.88
783 121232.03
784 121268.03
785 121382.00
786 121250.15
787 121037.01
788 120995.04
789 120977.16
790 120844.84
791 121124.98
792 120950.94
793 121544.12
794 121395.11
795 121169.09
796 121154.07
797 121448.99
798 121102.09
799 121305.94
800 121379.14
801 121517.90
802 121487.14
803 121780.87
804 121562.96
805 121271.85
806 121355.06
807 121438.03
808 120890.14
809 121284.96
810 121014.83
811 121279.00
812 121470.93
813 120934.96
814 121016.98
815 121392.01
816 121330.98
817 121191.02
818 121026.99
819 121160.98
820 120837.93
821 120862.96
822 121452.09
823 121764.90
824 120846.03
825 121583.22
826 120876.07
827 121312.14
828 121304.04
829 120775.94
830 120803.83
831 120762.11
832 120903.97
833 121746.06
834 121040.11
835 121344.09
836 121139.05
837 120839.83
838 121150.97
839 121288.06
840 121674.06
841 120910.17
842 121099.00
843 121119.98
844 121428.01
845 121434.93
846 120630.03
847 121369.12
848 121371.03
849 121023.18
850 120711.09
851 121412.04
852 121345.04
853 121781.11
854 121144.06
855 121517.90
856 121560.10
857 121581.08
858 121463.06
859 121287.82
860 120935.92
861 120898.01
862 121324.78
863 120873.93
864 121223.93
865 121297.12
866 121386.05
867 120892.05
868 121216.06
869 121445.18
870 121042.01
871 121277.09
872 120934.01
873 121798.99
874 121306.90
875 121263.03
876 121607.78
877 121190.07
878 120740.89
879 121330.02
880 121119.02
881 121056.08
882 121727.94
883 120822.91
884 121343.14
885 121207.95
886 121397.97
887 121712.92
888 121191.98
889 121533.87
890 121629.95
891 120923.04
892 121289.97
893 121157.17
894 121175.05
895 121299.98
896 121404.89
897 120906.11
898 121483.09
899 121427.06
900 121435.17
901 121013.88
902 121450.90
903 121121.88
904 121105.91
905 120785.00
906 121193.89
907 121072.05
908 121197.94
909 121030.09
910 121253.97
911 120949.98
912 121476.89
913 120908.02
914 120980.02
915 120885.85
916 121169.09
917 121088.98
918 121232.99
919 121078.97
920 121417.05
921 121017.93
922 121432.07
923 121431.11
924 120762.83
925 120759.01
926 120838.17
927 121281.15
928 121489.05
929 120957.14
930 121075.15
931 120823.86
932 121036.05
933 121371.03
934 121193.17
935 121643.07
936 121362.92
937 121124.03
938 121571.06
939 120884.90
940 121147.16
941 121335.98
942 120980.98
943 121351.00
944 120980.98
945 121078.97
946 121115.92
947 121062.99
948 120877.98
949 120874.17
950 121263.03
951 121145.01
952 121372.94
953 121515.99
954 120830.06
955 121039.15
956 121283.05
957 121321.92
958 121725.08
959 121104.96
960 121062.04
961 121436.12
962 121396.06
963 121102.81
964 121001.01
965 120962.86
966 120862.96
967 120967.15
968 121397.02
969 121006.97
970 120927.10
971 121224.16
972 121294.98
973 121012.93
974 121043.92
975 121278.05
976 121244.91
977 120818.14
978 121026.99
979 120947.12
980 120771.88
981 120913.98
982 121379.14
983 121152.16
984 120801.93
985 120743.04
986 120841.98
987 121145.96
988 121333.12
989 120740.89
990 120970.96
991 120851.04
992 121264.93
993 120803.12
994 120999.81
995 120944.98
996 120921.85
997 121006.97
998 121027.95
999 120862.01
1000 120960.00
1001 120709.18
1002 120926.14
1003 121116.88
1004 121016.03
1005 120837.93
1006 120948.08
1007 121110.92
1008 121304.99
1009 120740.18
1010 120960.00
1011 120891.09
1012 121131.90
1013 120800.02
1014 120733.02
1015 120898.01
1016 120909.93
1017 121057.03
1018 120910.17
1019 120839.83
1020 120867.01
1021 120981.93
1022 121114.02
1023 121091.13
1024 121062.04
1025 121107.10
1026 121068.00
1027 121088.98
1028 121060.85
1029 120906.11
1030 121114.97
1031 121128.08
1032 121099.95
1033 121093.03
1034 121107.82
1035 121093.03
1036 121099.00
1037 121099.95
1038 121114.97
1039 121094.94
1040 121110.92
1041 121124.98
1042 121054.17
1043 121122.84
1044 121118.07
1045 121113.78
1046 121119.02
1047 121028.90
1048 121121.17
1049 121108.06
1050 121120.93
1051 121118.07
1052 121109.96
1053 121082.07
1054 121093.03
1055 121109.96
1056 121118.07
1057 121120.93
1058 121123.79
1059 121073.01
1060 121117.12
1061 121117.83
1062 121049.17
1063 121115.21
1064 121114.02
1065 121111.87
1066 121088.03
1067 121096.85
1068 121074.91
1069 121062.99
1070 121119.98
1071 121108.06
1072 121099.00
1073 121087.07
1074 121114.02
1075 121111.87
1076 121114.02
1077 121121.88
1078 121119.02
1079 121117.83
1080 121107.10
1081 121114.02
1082 121042.97
1083 121110.92
1084 121109.01
1085 121104.96
1086 121109.01
1087 121133.80
1088 121124.98
1089 121129.99
1090 121119.02
1091 121122.84
1092 121100.90
1093 121088.03
1094 121093.03
1095 121093.99
1096 121119.98
1097 121121.88
1098 121115.92
1099 121078.97
1100 121088.03
1101 121176.00
1102 121037.96
1103 121115.21
1104 121113.06
1105 121119.02
1106 121109.96
1107 121105.91
1108 121113.06
1109 121037.01
1110 121116.16
1111 121115.92
1112 121111.15
1113 121074.91
1114 121114.02
1115 121110.92
1116 121113.06
1117 121130.94
1118 121108.06
1119 121129.99
