1120
0 121237.04
1 121139.05
2 121110.92
3 121080.88
4 121053.93
5 121124.98
6 121120.93
7 121127.13
8 121106.15
9 121131.18
10 121099.95
11 121036.05
12 121120.93
13 121140.00
14 121027.95
15 121044.16
16 121129.04
17 121117.12
18 121119.02
19 121143.82
20 121056.08
21 121070.15
22 121126.89
23 121126.17
24 121063.95
25 121119.02
26 121116.88
27 121129.04
28 121057.03
29 121094.94
30 121119.02
31 121032.00
32 120920.90
33 121097.80
34 121124.03
35 121107.82
36 121121.88
37 121120.93
38 121066.09
39 121103.05
40 121119.02
41 121119.02
42 121133.09
43 121118.07
44 121058.94
45 121121.88
46 121115.92
47 121106.86
48 121104.96
49 121112.11
50 121077.78
51 121043.92
52 121076.82
53 121079.92
54 121120.93
55 121095.90
56 121057.99
57 121103.05
58 121104.96
59 121042.01
60 121085.17
61 121124.98
62 121109.96
63 121089.94
64 121115.92
65 121111.15
66 121114.02
67 121120.21
68 121119.02
69 121055.84
70 121115.92
71 121076.82
72 121126.89
73 121111.87
74 121033.19
75 121114.02
76 121105.91
77 121056.08
78 121110.92
79 121119.98
80 121115.92
81 121121.88
82 121087.07
83 121085.88
84 121099.95
85 121099.00
86 121118.07
87 121119.02
88 121135.00
89 121128.08
90 121056.08
91 121030.09
92 121075.15
93 121124.03
94 121089.94
95 121034.86
96 121068.95
97 121010.07
98 121060.85
99 121057.99
100 121064.90
101 120779.04
102 121869.80
103 120954.04
104 121528.86
105 120895.86
106 121664.05
107 122000.93
108 121831.89
109 120995.04
110 121689.08
111 123203.04
112 124197.96
113 127068.04
114 124227.05
115 126544.00
116 123924.97
117 124873.88
118 124909.16
119 125535.96
120 126830.10
121 128522.16
122 126871.11
123 127666.95
124 128495.93
125 126726.87
126 126770.02
127 127589.94
128 126524.93
129 128504.99
130 127656.94
131 127624.99
132 127346.04
133 127352.95
134 126147.03
135 126576.90
136 127236.84
137 125527.86
138 125057.22
139 126334.91
140 126303.91
141 125371.93
142 124643.80
143 125255.11
144 125391.96
145 127171.99
146 125952.01
147 127398.97
148 125762.94
149 125643.01
150 126381.16
151 126428.84
152 125662.09
153 124592.78
154 125349.04
155 123668.91
156 125308.04
157 123507.98
158 124264.00
159 125239.13
160 124421.12
161 124090.91
162 125001.19
163 123294.83
164 123152.02
165 125725.98
166 125622.99
167 124034.88
168 123710.87
169 123758.08
170 126177.07
171 125642.06
172 123907.09
173 123366.83
174 123439.07
175 124275.92
176 125034.81
177 124171.02
178 125173.09
179 124804.97
180 124738.93
181 124725.10
182 123943.81
183 124616.15
184 124624.01
185 123018.03
186 125318.05
187 124531.03
188 125398.87
189 123430.97
190 124091.86
191 123279.09
192 124762.06
193 124088.05
194 124660.97
195 124981.16
196 124977.11
197 123935.94
198 124646.90
199 124878.17
200 125351.91
201 125571.01
202 122862.10
203 125304.94
204 124277.83
205 124323.84
206 125051.98
207 125312.81
208 124783.04
209 124531.98
210 124444.01
211 124485.02
212 124460.94
213 124691.01
214 123991.01
215 126287.94
216 125506.88
217 124727.96
218 125669.00
219 123139.14
220 124604.94
221 124386.07
222 125076.06
223 124367.00
224 124449.01
225 124264.96
226 124415.87
227 125221.01
228 123527.05
229 124463.08
230 123806.95
231 123710.16
232 125941.04
233 123624.09
234 124960.90
235 123534.92
236 124027.01
237 123505.83
238 124269.01
239 123941.90
240 124116.18
241 123888.02
242 124488.12
243 124537.94
244 123561.86
245 124341.01
246 124454.02
247 124187.95
248 125095.13
249 124205.11
250 125753.88
251 123929.98
252 124017.00
253 125449.18
254 125030.99
255 124576.09
256 125639.92
257 124409.91
258 123474.12
259 123836.99
260 123542.07
261 125058.89
262 125954.15
263 123646.97
264 126167.06
265 124944.93
266 124833.82
267 125866.17
268 126524.21
269 125524.04
270 124111.89
271 123462.92
272 125041.96
273 124998.09
274 124165.77
275 123054.98
276 123903.04
277 125754.12
278 124076.84
279 124780.18
280 122946.98
281 125695.94
282 124531.98
283 126904.96
284 123605.97
285 123858.21
286 126287.94
287 126128.91
288 125118.97
289 125560.05
290 123672.01
291 124011.04
292 124717.95
293 123815.06
294 125530.00
295 123142.96
296 124773.03
297 125638.96
298 124384.88
299 124581.10
300 125393.15
301 124521.02
302 124811.17
303 124313.12
304 124588.97
305 125374.08
306 123928.07
307 124139.79
308 123476.98
309 124508.86
310 124431.85
311 123770.00
312 124361.99
313 124289.99
314 124166.01
315 124346.02
316 124131.92
317 124104.02
318 124161.01
319 123895.88
320 124705.08
321 123844.86
322 123767.14
323 126160.86
324 125437.97
325 125103.95
326 124515.06
327 125988.96
328 124327.90
329 124562.03
330 124080.90
331 124101.16
332 123468.16
333 123640.06
334 125080.11
335 124475.96
336 124147.18
337 123489.14
338 123461.96
339 125066.04
340 124402.05
341 123970.99
342 124828.10
343 124024.87
344 125375.03
345 124692.92
346 125331.16
347 126359.94
348 124948.98
349 126296.04
350 124426.13
351 125415.80
352 123613.12
353 124305.01
354 124155.04
355 124750.14
356 124140.98
357 124078.99
358 124153.85
359 123929.98
360 123168.95
361 123440.03
362 123959.06
363 123666.05
364 123318.91
365 123066.90
366 123795.99
367 124183.89
368 124089.00
369 124192.00
370 124099.97
371 123915.91
372 123868.94
373 123538.97
374 123711.11
375 123585.94
376 124026.06
377 123096.94
378 123263.12
379 123106.96
380 123845.10
381 123847.01
382 123183.97
383 123739.96
384 123618.13
385 123907.09
386 124122.14
387 123821.97
388 124158.86
389 124166.97
390 123966.93
391 123374.94
392 123149.87
393 123744.96
394 124616.86
395 124032.97
396 123975.99
397 123671.05
398 124381.07
399 123712.06
400 123466.97
401 123576.16
402 123389.96
403 124338.87
404 123447.90
405 123625.04
406 123688.94
407 124100.92
408 123866.08
409 123741.15
410 123816.97
411 124034.88
412 123975.04
413 123264.07
414 123763.80
415 123402.83
416 123550.18
417 123818.16
418 124378.92
419 124158.86
420 123430.97
421 123859.88
422 123243.09
423 122836.11
424 123751.88
425 123798.85
426 123677.97
427 123427.15
428 123551.85
429 123366.12
430 124138.83
431 123495.82
432 123716.83
433 123320.82
434 123849.87
435 123528.96
436 123918.06
437 123525.86
438 124267.10
439 124200.11
440 123030.90
441 123518.94
442 123620.99
443 124386.07
444 123816.97
445 124226.09
446 123491.05
447 123065.95
448 123979.81
449 124203.92
450 124253.03
451 123385.91
452 123461.01
453 123657.94
454 124190.09
455 123239.99
456 123972.89
457 123731.14
458 123570.92
459 123764.04
460 123163.94
461 124073.03
462 123028.04
463 123993.16
464 123519.90
465 123771.91
466 123506.07
467 123638.15
468 123847.01
469 124106.88
470 124459.98
471 123577.12
472 124198.91
473 123629.09
474 123011.83
475 123700.86
476 124346.02
477 123954.06
478 123543.02
479 124222.99
480 124111.89
481 123779.06
482 123299.84
483 124449.97
484 123918.06
485 123724.94
486 123672.96
487 123557.09
488 124099.02
489 123421.91
490 123921.87
491 124511.00
492 123431.92
493 123528.96
494 123960.02
495 123759.98
496 123032.09
497 123143.91
498 123645.07
499 122812.03
500 123683.93
501 122555.02
502 121858.84
503 121723.18
504 122602.94
505 121063.95
506 120929.00
507 120700.12
508 121185.06
509 121609.93
510 120807.89
511 120757.82
512 120693.92
513 120981.93
514 120874.88
515 120817.90
516 120947.12
517 121135.95
518 120882.99
519 120927.10
520 120877.03
521 120915.17
522 121462.11
523 120999.10
524 120893.00
525 120803.12
526 121000.05
527 121321.92
528 120869.87
529 121021.03
530 120889.90
531 120778.08
532 121263.03
533 120898.01
534 121166.94
535 120970.96
536 120709.90
537 120733.98
538 121051.79
539 120736.12
540 120876.07
541 120836.97
542 120984.08
543 120924.00
544 120901.82
545 121094.94
546 121038.91
547 120883.94
548 120740.18
549 121343.14
550 121366.98
551 121615.89
552 120962.14
553 120963.10
554 120882.03
555 120908.02
556 120979.07
557 121150.02
558 121194.12
559 120651.96
560 121150.97
561 120984.08
562 121068.95
563 121007.92
564 121009.83
565 121097.09
566 120924.95
567 120744.94
568 120646.95
569 121122.12
570 120792.15
571 121293.07
572 121047.97
573 121047.02
574 121036.05
575 121128.08
576 121145.01
577 120566.13
578 120789.05
579 120958.81
580 121169.09
581 121051.07
582 120821.95
583 120677.95
584 121056.08
585 121232.03
586 121054.17
587 120929.96
588 121093.99
589 120975.02
590 121099.00
591 121096.13
592 120990.99
593 120769.02
594 120747.09
595 121042.97
596 120779.99
597 121006.97
598 120872.02
599 120974.78
600 120890.86
601 120833.87
602 121093.03
603 121078.97
604 120817.90
605 120724.92
606 120959.04
607 121001.96
608 120707.99
609 121001.01
610 121078.01
611 120933.06
612 120774.03
613 120797.87
614 120975.02
615 120875.84
616 120927.10
617 120943.78
618 120985.03
619 120825.05
620 120910.88
621 120923.04
622 120983.12
623 120814.09
624 120654.11
625 121047.02
626 120808.12
627 120786.91
628 121009.11
629 120845.08
630 120690.82
631 120825.05
632 120774.98
633 120846.03
634 120854.14
635 120814.09
636 120804.79
637 120913.98
638 120964.05
639 121159.08
640 120666.03
641 120862.96
642 121067.05
643 121004.10
644 121289.01
645 120715.86
646 120718.00
647 120572.09
648 120718.00
649 120939.97
650 120807.89
651 120985.98
652 120790.00
653 121346.95
654 121268.99
655 120875.84
656 120718.00
657 121087.07
658 120749.00
659 120674.85
660 120805.03
661 120980.98
662 120940.92
663 120769.98
664 120720.15
665 120673.89
666 120779.99
667 120985.03
668 121194.12
669 120726.11
670 121097.09
671 120936.87
672 120754.00
673 120707.04
674 120980.98
675 120975.02
676 120807.89
677 121165.04
678 121142.86
679 121359.11
680 121456.15
681 120889.90
682 120957.14
683 121110.92
684 121222.02
685 120759.96
686 120870.11
687 120753.05
688 120767.83
689 121032.95
690 120919.94
691 120651.96
692 120913.98
693 120817.90
694 120884.90
695 120896.82
696 121183.87
697 121353.86
698 120865.82
699 120915.17
700 120919.23
701 121160.03
702 120856.05
703 120846.03
704 120939.97
705 121353.15
706 120813.13
707 120799.06
708 121191.98
709 121006.97
710 120866.06
711 120640.04
712 120845.08
713 120583.06
714 120751.14
715 120992.18
716 121345.04
717 121186.97
718 121006.97
719 120790.00
720 120833.16
721 120798.11
722 121231.08
723 120783.81
724 120902.06
725 121138.10
726 121171.95
727 120781.18
728 121039.15
729 120907.07
730 120948.08
731 121128.08
732 120885.13
733 121108.06
734 120929.96
735 120879.17
736 120966.20
737 120723.01
738 121045.11
739 121090.89
740 120696.07
741 120998.14
742 120975.97
743 120671.99
744 120781.18
745 120944.98
746 120877.03
747 121002.91
748 120965.96
749 120990.99
750 121263.03
751 120887.99
752 120646.00
753 120795.97
754 120820.05
755 120997.91
756 121182.92
757 120944.98
758 120659.83
759 120898.96
760 120824.10
761 120984.08
762 120811.94
763 120868.92
764 121065.14
765 120970.01
766 120925.90
767 120873.93
768 120986.94
769 120852.95
770 120792.87
771 121057.99
772 120893.96
773 120689.87
774 120835.07
775 120907.07
776 121094.23
777 120984.08
778 120800.97
779 121109.96
780 120848.89
781 120795.01
782 120985.03
783 120821.00
784 121006.01
785 120744.94
786 121027.95
787 120579.96
788 121131.90
789 121281.15
790 120954.04
791 120808.12
792 121056.08
793 121057.03
794 121102.09
795 121020.08
796 120877.98
797 120989.80
798 120785.00
799 120872.02
800 120986.94
801 120977.16
802 120654.11
803 121207.95
804 121176.96
805 121283.05
806 120858.91
807 121097.09
808 120778.80
809 120774.03
810 121255.16
811 121047.02
812 121068.95
813 120973.83
814 121084.21
815 121258.97
816 121026.99
817 120957.14
818 120716.09
819 120792.87
820 120920.18
821 121299.98
822 120739.94
823 120736.12
824 120747.09
825 120857.00
826 121176.96
827 120785.95
828 120818.14
829 120692.01
830 121390.10
831 120962.86
832 120728.02
833 120892.05
834 121172.19
835 121114.02
836 120702.98
837 120743.04
838 120995.04
839 120790.00
840 121273.99
841 120624.07
842 121106.15
843 121171.00
844 120602.85
845 121013.16
846 120732.07
847 121034.86
848 120965.00
849 121052.03
850 120919.94
851 121125.94
852 120982.89
853 120991.23
854 121123.08
855 120989.08
856 121306.90
857 120965.00
858 121238.95
859 121233.94
860 120912.08
861 121700.05
862 120667.93
863 121256.83
864 120991.95
865 120959.04
866 120869.87
867 121226.07
868 121226.07
869 120907.07
870 120982.89
871 121057.99
872 121020.08
873 121032.95
874 121075.87
875 121042.97
876 121071.10
877 121043.92
878 121003.87
879 121020.08
880 121061.09
881 121032.95
882 121047.97
883 120976.21
884 121061.09
885 121057.03
886 121065.86
887 121035.10
888 121029.14
889 121038.91
890 121011.97
891 121046.07
892 121036.05
893 121046.07
894 121040.82
895 121047.02
896 121083.97
897 121050.12
898 121009.11
899 121013.88
900 121069.19
901 121050.12
902 121042.97
903 120847.94
904 121062.99
905 121056.08
906 121060.13
907 121021.99
908 121053.93
909 121043.92
910 121056.80
911 121015.07
912 120984.08
913 121065.14
914 121064.90
915 121039.87
916 121033.91
917 121046.07
918 121043.92
919 121015.07
920 121055.13
921 121035.10
922 121056.08
923 120982.89
924 121055.13
925 121056.08
926 121061.09
927 121057.03
928 121026.99
929 121060.13
930 121028.90
931 121026.99
932 121040.11
933 121040.11
934 121044.87
935 121042.01
936 121047.02
937 121046.07
938 121046.07
939 121010.07
940 121054.17
941 121068.95
942 120958.09
943 121021.03
944 120980.98
945 121037.96
946 121054.89
947 121050.83
948 121021.03
949 121056.08
950 121066.09
951 121052.98
952 120972.16
953 121011.02
954 121003.87
955 121063.95
956 121065.86
957 121068.95
958 121067.05
959 121017.93
960 121037.01
961 121035.81
962 121047.02
963 120985.03
964 121074.91
965 121069.91
966 121059.18
967 120996.00
968 121057.99
969 121052.03
970 121046.07
971 121053.93
972 120969.06
973 121052.03
974 121042.97
975 121052.98
976 121042.97
977 121055.84
978 121044.16
979 121016.98
980 121042.01
981 121059.18
982 121045.11
983 121058.94
984 121032.00
985 121006.97
986 121045.83
987 121052.98
988 121052.98
989 121046.07
990 121057.99
991 121053.22
992 121062.99
993 121058.94
994 121055.13
995 121030.09
996 121028.90
997 121039.15
998 121040.11
999 121012.93
1000 121047.97
1001 121041.77
1002 121051.79
1003 120975.02
1004 121112.11
1005 121067.05
1006 121026.04
1007 121032.00
1008 121047.02
1009 121040.82
1010 121047.97
1011 121042.01
1012 121049.17
1013 121041.06
1014 121047.97
1015 121063.95
1016 121054.17
1017 121055.13
1018 121052.03
1019 121009.83
1020 121060.13
1021 121055.13
1022 121059.18
1023 121021.03
1024 121055.13
1025 121029.85
1026 121060.13
1027 121070.15
1028 121062.99
1029 120999.81
1030 121061.09
1031 121065.14
1032 121068.95
1033 121065.86
1034 121065.14
1035 121036.05
1036 121065.86
1037 121042.01
1038 121053.93
1039 121012.93
1040 121062.04
1041 121059.18
1042 121056.08
1043 120992.90
1044 121057.03
1045 121018.89
1046 121062.99
1047 121039.15
1048 121030.09
1049 121057.03
1050 120932.82
1051 121052.98
1052 121021.99
1053 121052.98
1054 121059.89
1055 121051.07
1056 121061.09
1057 121057.99
1058 121059.18
1059 121014.12
1060 121025.09
1061 121036.05
1062 121038.91
1063 121040.82
1064 121041.06
1065 120960.00
1066 121109.96
1067 121055.13
1068 121021.03
1069 121055.84
1070 121044.87
1071 121058.94
1072 121015.79
1073 120981.93
1074 121027.95
1075 121057.99
1076 121058.94
1077 121064.19
1078 121058.94
1079 121014.83
1080 121062.99
1081 121037.01
1082 121068.00
1083 120987.18
1084 121065.14
1085 121064.19
1086 121032.00
1087 121041.06
1088 121053.93
1089 121064.90
1090 121057.03
1091 121067.05
1092 121062.04
1093 121032.95
1094 121066.81
1095 121054.17
1096 121033.91
1097 121061.09
1098 121052.03
1099 121021.99
1100 121052.03
1101 121037.96
1102 121050.12
1103 121062.04
1104 120980.02
1105 121058.94
1106 121090.17
1107 121059.18
1108 121068.00
1109 121059.18
1110 121066.09
1111 121060.13
1112 121048.93
1113 121055.84
1114 121008.16
1115 121058.94
1116 121039.15
1117 121060.85
1118 121083.97
1119 121064.90
