575
0 121722.94
1 121711.02
2 121650.93
3 121567.01
4 121647.12
5 121578.93
6 121638.06
7 121552.94
8 121626.14
9 121655.94
10 121582.03
11 121592.04
12 121670.01
13 121590.14
14 121659.04
15 121570.11
16 121643.07
17 121658.09
18 121715.07
19 121651.89
20 121713.88
21 121649.03
22 121562.00
23 121649.98
24 121660.95
25 121492.86
26 121690.99
27 121479.03
28 121557.00
29 121599.91
30 121538.16
31 121582.98
32 121659.04
33 121564.87
34 121649.03
35 121568.20
36 121712.92
37 121649.98
38 121704.10
39 121634.01
40 121554.14
41 121641.87
42 121464.01
43 121640.92
44 121706.96
45 121631.15
46 121687.89
47 121583.94
48 121654.99
49 121662.14
50 121577.98
51 121659.04
52 121560.10
53 121645.93
54 121565.10
55 121649.98
56 121553.18
57 121628.05
58 121688.84
59 121614.93
60 121675.01
61 121605.16
62 121665.95
63 121580.84
64 121669.05
65 121572.02
66 121556.04
67 121570.83
68 121510.03
69 121694.09
70 121618.99
71 121685.98
72 121610.88
73 121649.98
74 121708.87
75 121644.02
76 121561.05
77 121627.09
78 121566.06
79 121644.97
80 121695.04
81 121630.91
82 121685.98
83 121607.07
84 121673.11
85 121603.01
86 121665.00
87 121536.97
88 121611.12
89 121680.02
90 121599.20
91 121671.92
92 121600.15
93 121680.97
94 121585.85
95 121665.95
96 121579.89
97 121657.13
98 121546.98
99 121623.99
100 121679.07
101 121597.05
102 121678.11
103 121602.77
104 121665.95
105 121485.95
106 121680.02
107 121640.21
108 121575.12
109 121662.14
110 121686.94
111 121607.07
112 121641.87
113 121569.16
114 121642.11
115 121698.86
116 121629.00
117 121681.93
118 121599.91
119 121679.07
120 121598.01
121 121685.03
122 121613.03
123 121540.07
124 121596.81
125 121521.00
126 121578.93
127 121649.98
128 121562.00
129 121631.86
130 121698.14
131 121628.05
132 121690.03
133 121598.01
134 121681.93
135 121597.05
136 121527.91
137 121577.98
138 121554.14
139 121656.18
140 121691.94
141 121602.06
142 121679.07
143 121603.97
144 121619.94
145 121546.03
146 121615.17
147 121592.04
148 121512.89
149 121572.02
150 121634.01
151 121565.82
152 121643.07
153 121565.82
154 121629.95
155 121692.90
156 121631.86
157 121692.90
158 121608.97
159 121695.04
160 121605.87
161 121680.97
162 121611.12
163 121690.03
164 121625.90
165 121562.00
166 121604.20
167 121531.96
168 121599.91
169 121670.01
170 121582.98
171 121667.15
172 121579.89
173 121659.04
174 121578.93
175 121648.07
176 121567.01
177 121640.92
178 121706.01
179 121636.15
180 121690.03
181 121632.10
182 121688.13
183 121603.01
184 121678.83
185 121613.98
186 121665.95
187 121586.08
188 121683.84
189 121587.99
190 121665.95
191 121598.96
192 121687.17
193 121571.06
194 121649.03
195 121567.96
196 121618.99
197 121696.00
198 121626.85
199 121680.02
200 121595.86
201 121683.12
202 121594.91
203 121674.06
204 121586.08
205 121516.94
206 121577.98
207 121655.94
208 121575.12
209 121656.89
210 121574.16
211 121650.93
212 121561.05
213 121612.07
214 121562.96
215 121638.06
216 121564.15
217 121644.97
218 121556.04
219 121629.95
220 121684.07
221 121613.03
222 121629.00
223 121601.82
224 121672.87
225 121563.20
226 121656.89
227 121586.08
228 121503.83
229 121568.92
230 121640.92
231 121563.91
232 121636.15
233 121696.95
234 121671.92
235 121694.09
236 121629.00
237 121686.94
238 121753.93
239 121668.10
240 121601.82
241 121668.10
242 121583.94
243 121625.19
244 121545.08
245 121606.83
246 121541.98
247 121619.94
248 121676.92
249 121598.01
250 121664.05
251 121585.85
252 121663.81
253 121577.02
254 121659.99
255 121573.93
256 121646.88
257 121562.96
258 121636.15
259 121699.81
260 121638.06
261 121696.00
262 121620.89
263 121681.93
264 121610.16
265 121555.09
266 121608.02
267 121536.97
268 121591.09
269 121649.98
270 121567.01
271 121635.91
272 121696.95
273 121634.01
274 121686.94
275 121482.13
276 121680.97
277 121591.09
278 121677.16
279 121582.03
280 121666.91
281 121577.02
282 121657.85
283 121713.16
284 121638.06
285 121588.95
286 121639.01
287 121697.19
288 121625.90
289 121566.06
290 121598.96
291 121675.97
292 121608.97
293 121552.94
294 121587.99
295 121540.07
296 121595.86
297 121662.14
298 121584.18
299 121521.23
300 121469.97
301 121530.06
302 121594.19
303 121505.98
304 121565.10
305 121497.15
306 121694.80
307 121629.00
308 121693.85
309 121603.01
310 121557.95
311 121618.99
312 121684.07
313 121614.93
314 121667.15
315 121550.80
316 121660.95
317 121593.95
318 121680.02
319 121565.10
320 121635.91
321 121696.00
322 121634.96
323 121683.12
324 121603.01
325 121546.98
326 121587.99
327 121667.86
328 121578.93
329 121657.85
330 121573.93
331 121646.88
332 121558.90
333 121637.11
334 121580.84
335 121644.97
336 121565.10
337 121614.93
338 121557.95
339 121634.96
340 121696.00
341 121629.00
342 121663.09
343 121599.91
344 121680.97
345 121600.15
346 121555.09
347 121623.04
348 121645.93
349 121557.00
350 121634.96
351 121574.16
352 121639.97
353 121659.99
354 121577.98
355 121651.89
356 121565.10
357 121640.92
358 121693.13
359 121623.99
360 121778.96
361 121598.01
362 121677.88
363 121604.92
364 121670.01
365 121582.03
366 121646.88
367 121563.91
368 121649.98
369 121699.09
370 121637.11
371 121692.90
372 121613.03
373 121682.88
374 121603.01
375 121671.92
376 121581.08
377 121668.10
378 121572.02
379 121647.83
380 121566.06
381 121642.83
382 121572.02
383 121623.04
384 121580.12
385 121524.10
386 121578.93
387 121660.95
388 121629.95
389 121475.93
390 121659.99
391 121578.93
392 121652.13
393 121567.96
394 121644.97
395 121559.86
396 121632.10
397 121701.96
398 121639.97
399 121696.95
400 121634.01
401 121685.03
402 121608.02
403 121678.11
404 121604.92
405 121526.00
406 121583.94
407 121662.86
408 121573.93
409 121654.03
410 121573.21
411 121649.03
412 121562.96
413 121639.97
414 121699.81
415 121633.05
416 121546.98
417 121604.20
418 121679.07
419 121609.93
420 121675.01
421 121591.09
422 121664.05
423 121578.93
424 121657.13
425 121588.95
426 121639.01
427 121550.08
428 121634.01
429 121569.16
430 121639.01
431 121557.00
432 121623.99
433 121545.08
434 121615.89
435 121682.88
436 121607.07
437 121666.91
438 121592.04
439 121665.95
440 121570.11
441 121665.00
442 121576.07
443 121654.03
444 121564.87
445 121639.01
446 121699.09
447 121626.14
448 121569.87
449 121636.87
450 121694.09
451 121608.02
452 121680.97
453 121598.96
454 121664.05
455 121627.09
456 121655.94
457 121572.02
458 121653.08
459 121583.94
460 121634.01
461 121578.93
462 121644.02
463 121700.05
464 121622.09
465 121557.95
466 121556.04
467 121523.86
468 121586.08
469 121521.00
470 121459.01
471 121653.08
472 121576.07
473 121645.93
474 121528.15
475 121604.92
476 121661.19
477 121719.84
478 121653.08
479 121468.07
480 121647.12
481 121695.04
482 121631.86
483 121687.89
484 121612.07
485 121541.98
486 121593.95
487 121667.15
488 121536.02
489 121659.99
490 121575.12
491 121646.88
492 121570.11
493 121649.98
494 121567.96
495 121558.90
496 121627.09
497 121569.16
498 121642.83
499 121655.94
500 121573.93
501 121652.13
502 121571.78
503 121649.03
504 121557.00
505 121493.10
506 121690.99
507 121620.18
508 121688.13
509 121609.93
510 121528.15
511 121673.11
512 121592.04
513 121680.02
514 121618.03
515 121670.01
516 121585.13
517 121659.04
518 121572.97
519 121655.94
520 121571.06
521 121500.97
522 121562.00
523 121627.81
524 121559.86
525 121499.06
526 121563.91
527 121630.19
528 121545.79
529 121598.96
530 121683.12
531 121696.00
532 121615.89
533 121550.08
534 121617.08
535 121677.88
536 121600.15
537 121673.11
538 121587.04
539 121666.19
540 121576.07
541 121656.18
542 121562.96
543 121639.97
544 121706.01
545 121498.82
546 121696.00
547 121625.90
548 121678.11
549 121594.19
550 121549.13
551 121609.93
552 121677.88
553 121595.86
554 121526.00
555 121592.04
556 121659.04
557 121580.12
558 121655.94
559 121561.05
560 121646.17
561 121701.00
562 121634.01
563 121696.95
564 121621.13
565 121681.93
566 121588.95
567 121531.01
568 121582.03
569 121659.99
570 121614.93
571 121650.93
572 121834.99
573 121635.91
574 121574.16
