700
0 121386.05
1 121130.94
2 121212.01
3 121128.80
4 121015.07
5 121114.97
6 121055.13
7 121099.00
8 121134.04
9 121141.91
10 121124.98
11 121127.13
12 121117.83
13 121113.06
14 121069.19
15 121106.86
16 121150.97
17 121108.06
18 121063.95
19 121135.00
20 121154.07
21 121038.91
22 121131.18
23 121129.04
24 121140.00
25 121117.12
26 121114.97
27 121124.98
28 121135.95
29 121127.13
30 121118.78
31 121124.03
32 121046.07
33 121121.17
34 121103.05
35 121128.08
36 121124.03
37 121121.17
38 121124.03
39 121132.85
40 121126.89
41 121125.94
42 121124.03
43 121115.92
44 121114.02
45 121107.10
46 121128.80
47 121119.02
48 121140.00
49 121118.07
50 121132.14
51 121129.04
52 121103.05
53 121129.04
54 121099.00
55 121104.00
56 121111.87
57 121121.88
58 121045.11
59 121129.04
60 121130.94
61 121122.12
62 121099.00
63 121110.92
64 121103.76
65 121118.07
66 121114.97
67 121126.89
68 121112.11
69 121124.03
70 121119.02
71 121096.13
72 121107.10
73 121112.11
74 121088.03
75 121132.85
76 121131.18
77 121130.94
78 121090.17
79 121114.97
80 121131.18
81 121103.05
82 121120.93
83 121129.04
84 121123.08
85 121129.99
86 121134.04
87 121112.11
88 121121.88
89 121123.79
90 121080.16
91 121104.00
92 121124.03
93 121025.09
94 121130.94
95 121040.82
96 121061.09
97 120948.08
98 121036.05
99 121111.87
100 121058.94
101 121143.10
102 120975.02
103 121072.05
104 121795.89
105 120936.87
106 121931.79
107 120760.92
108 121839.05
109 122466.80
110 122403.14
111 122024.06
112 122805.83
113 123406.89
114 126307.96
115 124686.00
116 125204.09
117 123999.12
118 124917.03
119 124823.09
120 127209.90
121 125459.91
122 127027.03
123 125571.97
124 125530.00
125 126235.96
126 125993.97
127 126458.88
128 125766.99
129 126531.84
130 126590.97
131 127520.08
132 127642.15
133 126380.92
134 127186.06
135 127226.11
136 128668.07
137 127577.07
138 125144.96
139 127447.84
140 126456.02
141 126742.84
142 126744.99
143 127552.03
144 128098.96
145 127220.87
146 126505.85
147 126562.12
148 127079.96
149 126479.15
150 126218.80
151 128504.04
152 126838.92
153 126560.93
154 125914.10
155 128134.01
156 125460.86
157 126537.08
158 128162.86
159 125462.06
160 127267.12
161 126327.04
162 126469.85
163 125437.97
164 126687.05
165 126571.89
166 126434.09
167 125739.10
168 125252.96
169 126171.11
170 125778.91
171 125883.10
172 124234.91
173 126821.99
174 125741.96
175 126007.08
176 126216.89
177 126008.99
178 124459.98
179 126497.98
180 127268.08
181 126588.82
182 126466.04
183 126141.07
184 126643.90
185 127676.96
186 127833.13
187 126272.92
188 125478.98
189 126286.03
190 126204.97
191 126114.85
192 126026.87
193 126422.88
194 126387.12
195 128510.00
196 127741.10
197 127691.98
198 125921.96
199 124418.97
200 124988.08
201 126815.08
202 125561.00
203 125339.03
204 125423.91
205 123484.85
206 126379.01
207 124166.97
208 124792.10
209 125377.18
210 124465.94
211 124707.22
212 124500.04
213 125101.09
214 125614.88
215 125693.08
216 125079.15
217 125360.01
218 125111.82
219 125965.83
220 125869.04
221 124955.18
222 125372.89
223 125585.08
224 126188.04
225 125976.09
226 124424.93
227 126392.84
228 126069.07
229 126058.82
230 126612.90
231 125085.12
232 125033.14
233 124230.15
234 124627.83
235 125471.12
236 123933.08
237 127208.95
238 124397.99
239 124495.98
240 126321.08
241 125857.11
242 125488.04
243 127627.13
244 125213.86
245 124288.08
246 124037.03
247 127002.95
248 125813.01
249 125054.12
250 125215.05
251 124448.06
252 125950.81
253 125207.19
254 127537.97
255 124852.90
256 124719.86
257 125268.94
258 125299.93
259 125082.02
260 124994.99
261 123121.98
262 121085.17
263 122728.11
264 121742.96
265 122375.01
266 121501.21
267 122669.94
268 120915.17
269 121760.85
270 122504.95
271 122263.91
272 120836.97
273 123473.88
274 121006.01
275 122152.09
276 120957.14
277 122508.05
278 121810.20
279 121587.04
280 121454.95
281 122976.06
282 122031.21
283 122833.01
284 121182.92
285 121362.92
286 122029.78
287 121295.93
288 121826.89
289 121874.09
290 121848.82
291 121535.06
292 121426.11
293 122088.19
294 121874.09
295 121989.01
296 120974.06
297 121582.98
298 121155.98
299 122006.89
300 121612.07
301 122378.11
302 121658.09
303 120878.93
304 121658.09
305 120936.16
306 121597.05
307 122180.94
308 120877.03
309 121637.82
310 121260.88
311 121404.89
312 121820.93
313 120891.09
314 121654.03
315 122188.09
316 122175.93
317 121232.99
318 121887.21
319 123379.95
320 120874.17
321 121552.94
322 121927.02
323 121072.05
324 122700.93
325 121589.90
326 121515.04
327 121438.98
328 121302.84
329 121214.15
330 121635.91
331 120872.02
332 121114.97
333 121991.16
334 121014.83
335 122595.07
336 122382.88
337 122198.10
338 123810.05
339 121909.86
340 121259.93
341 120921.85
342 121921.06
343 121949.91
344 121728.18
345 123162.03
346 122245.79
347 121596.81
348 121394.87
349 121380.81
350 121824.03
351 120911.84
352 120990.99
353 121493.10
354 121423.01
355 122037.17
356 120825.05
357 122305.15
358 122222.90
359 120947.84
360 120929.96
361 120908.02
362 120853.19
363 120852.95
364 120918.04
365 121028.90
366 120917.08
367 121001.96
368 120818.14
369 120855.81
370 120985.03
371 120929.00
372 120893.00
373 120653.87
374 120974.06
375 120895.15
376 121232.99
377 121042.01
378 120774.98
379 121400.83
380 121109.96
381 120998.86
382 120940.92
383 120958.81
384 120878.93
385 121242.05
386 120991.95
387 121024.13
388 121127.13
389 120970.96
390 120866.06
391 120865.11
392 120842.93
393 120866.06
394 120844.13
395 120957.14
396 120815.99
397 121109.96
398 121165.04
399 120897.05
400 121081.83
401 120982.89
402 120901.11
403 120860.82
404 120848.89
405 121017.93
406 121248.96
407 120819.09
408 121054.17
409 121265.89
410 120619.06
411 121186.02
412 121052.03
413 120990.04
414 121080.88
415 120992.90
416 120850.09
417 121128.08
418 120933.06
419 120785.00
420 120978.83
421 121083.97
422 121119.98
423 121133.09
424 121079.92
425 121011.02
426 120888.95
427 120961.90
428 120784.04
429 120866.78
430 120838.88
431 121217.97
432 120810.03
433 121077.06
434 120694.88
435 120988.85
436 121073.96
437 120929.96
438 120870.83
439 120791.91
440 121135.00
441 120881.08
442 120825.05
443 121006.97
444 121017.93
445 121029.14
446 121047.02
447 121263.03
448 120982.17
449 121008.87
450 121030.09
451 120988.13
452 120824.81
453 121168.85
454 120803.83
455 120655.06
456 121024.13
457 120960.95
458 120896.10
459 120877.98
460 120799.06
461 120836.02
462 120959.04
463 120721.10
464 121118.07
465 121154.07
466 120944.02
467 121063.95
468 120976.92
469 120868.92
470 120704.89
471 120878.93
472 121109.01
473 120761.87
474 120819.09
475 121060.85
476 121004.10
477 121227.98
478 121179.10
479 120845.08
480 120991.95
481 121057.03
482 120816.95
483 120788.10
484 121243.95
485 121009.11
486 120996.95
487 121201.99
488 121004.82
489 120958.09
490 120968.10
491 121072.05
492 120977.88
493 121188.16
494 120914.94
495 120960.95
496 120823.14
497 121228.93
498 121069.19
499 120960.00
500 121024.85
501 120960.95
502 120862.01
503 120965.00
504 120998.86
505 121392.01
506 121177.91
507 120927.10
508 120750.19
509 121068.95
510 120994.81
511 121039.15
512 120898.01
513 120836.02
514 120884.90
515 120781.90
516 120707.99
517 120933.06
518 120743.04
519 120697.02
520 120736.84
521 121196.03
522 121091.84
523 120990.99
524 120856.05
525 121055.13
526 120703.94
527 121114.02
528 120754.96
529 120827.91
530 121061.09
531 120646.00
532 120820.05
533 120891.09
534 120918.99
535 120965.96
536 121053.22
537 120872.02
538 121216.06
539 121101.86
540 120940.92
541 120836.02
542 120960.95
543 120826.01
544 120931.15
545 120890.14
546 120767.83
547 120820.05
548 120891.09
549 120742.08
550 121041.06
551 120913.03
552 120979.07
553 121657.85
554 120771.17
555 121057.99
556 121057.03
557 121052.98
558 121062.04
559 121032.00
560 121059.89
561 121058.94
562 121057.03
563 121068.00
564 121065.14
565 121058.94
566 121003.87
567 121037.96
568 121048.21
569 121035.81
570 121039.15
571 121052.03
572 121063.95
573 121056.08
574 120990.99
575 121066.09
576 121050.83
577 120972.16
578 121049.88
579 121057.99
580 121062.99
581 121062.99
582 121057.99
583 121056.08
584 121058.94
585 121048.93
586 120973.11
587 120990.99
588 120959.04
589 121064.90
590 121053.93
591 121034.15
592 121047.97
593 121009.83
594 121042.01
595 121052.03
596 121017.93
597 121046.07
598 120957.14
599 121062.04
600 121058.23
601 121062.04
602 121062.04
603 121060.13
604 121070.86
605 121062.99
606 121024.13
607 121061.09
608 121042.01
609 121066.09
610 121062.04
611 121055.13
612 121071.82
613 121064.90
614 121067.05
615 121065.86
616 121061.09
617 121061.09
618 121070.15
619 121059.89
620 121056.08
621 121063.95
622 121071.82
623 121064.90
624 121063.95
625 121058.94
626 121000.05
627 121064.19
628 121016.03
629 121047.02
630 121051.07
631 121068.95
632 121057.03
633 121061.80
634 121066.09
635 121064.90
636 121057.03
637 121065.86
638 121039.15
639 121060.85
640 121055.13
641 121063.95
642 121065.14
643 121055.84
644 121050.12
645 121045.83
646 121045.11
647 121050.12
648 121022.94
649 121046.07
650 121049.88
651 121057.03
652 121050.83
653 121051.07
654 121051.07
655 121052.98
656 121052.98
657 121042.01
658 120941.88
659 121053.93
660 121052.98
661 121052.03
662 121064.19
663 121047.02
664 121046.07
665 121045.83
666 121040.11
667 121039.15
668 121021.99
669 121051.07
670 121068.00
671 121038.91
672 121045.11
673 121045.11
674 121059.89
675 121051.07
676 120965.96
677 121023.18
678 121059.18
679 121085.88
680 121068.00
681 121077.06
682 121052.03
683 121042.97
684 121040.11
685 121073.01
686 121037.01
687 121047.02
688 121037.96
689 121042.01
690 121068.00
691 121087.07
692 121037.01
693 121070.86
694 121062.04
695 121083.02
696 121063.23
697 121066.09
698 121058.94
699 121100.90
