700
0 121182.92
1 121038.91
2 121038.91
3 121047.97
4 121037.96
5 121042.97
6 121045.11
7 121027.95
8 121029.14
9 121051.79
10 121045.11
11 121047.97
12 121045.11
13 121042.01
14 121046.07
15 121026.04
16 121071.10
17 121030.09
18 121032.00
19 121047.02
20 121042.01
21 120986.94
22 121045.11
23 121039.15
24 121021.99
25 121021.99
26 121032.00
27 120971.92
28 121016.98
29 121044.16
30 121023.89
31 121014.83
32 121046.07
33 121063.95
34 121032.00
35 121026.04
36 121028.90
37 121043.21
38 121033.91
39 121028.18
40 121026.04
41 121041.06
42 121023.89
43 121027.23
44 121035.10
45 121042.97
46 121046.07
47 121042.01
48 121013.16
49 121020.08
50 121040.82
51 121028.18
52 121006.01
53 121029.14
54 121038.91
55 121039.87
56 121043.21
57 121046.07
58 121062.04
59 120948.08
60 121027.95
61 120922.09
62 121044.16
63 121040.11
64 121044.87
65 121046.07
66 121030.09
67 121019.84
68 121007.20
69 120984.08
70 121018.89
71 121045.11
72 121042.97
73 121041.06
74 121027.95
75 121052.98
76 121021.99
77 121039.87
78 121041.06
79 121043.92
80 121043.92
81 121045.83
82 121049.17
83 121029.14
84 120949.03
85 121038.91
86 121047.02
87 121042.97
88 121048.21
89 120972.87
90 121045.11
91 121038.91
92 121082.07
93 120868.92
94 121042.01
95 120935.20
96 120944.02
97 120885.85
98 120882.99
99 121002.91
100 120868.21
101 120838.17
102 120871.07
103 121004.82
104 120833.16
105 120990.04
106 120857.95
107 122460.84
108 121710.06
109 121613.98
110 122314.93
111 122310.16
112 122173.79
113 123405.93
114 123512.03
115 123176.10
116 123316.05
117 124021.05
118 122290.13
119 123486.04
120 124221.09
121 122588.16
122 124815.94
123 124881.03
124 123250.96
125 123213.05
126 123996.97
127 123004.91
128 122816.09
129 123101.00
130 123008.01
131 123059.03
132 123816.01
133 122935.06
134 123125.08
135 123806.95
136 123631.95
137 122528.08
138 123763.08
139 122631.07
140 123605.97
141 124663.83
142 122913.12
143 122226.00
144 123927.12
145 123900.89
146 122967.96
147 123573.06
148 122311.83
149 123134.14
150 122298.00
151 123856.07
152 123559.00
153 122947.93
154 122637.03
155 122807.03
156 124445.92
157 124476.91
158 122596.03
159 122534.99
160 123421.91
161 122647.05
162 123660.09
163 124420.88
164 122669.94
165 123003.01
166 123028.04
167 125303.03
168 123909.00
169 122817.04
170 124552.97
171 124270.92
172 123560.19
173 123260.97
174 123270.03
175 123342.99
176 122620.11
177 123240.95
178 124091.15
179 123165.85
180 123025.89
181 124660.97
182 123797.89
183 123587.85
184 124294.04
185 123656.99
186 123702.05
187 122925.04
188 123564.00
189 124334.10
190 122704.98
191 123351.10
192 124194.15
193 122372.87
194 122435.81
195 123447.18
196 122395.99
197 123018.03
198 122340.92
199 123714.92
200 123068.09
201 122887.13
202 122629.88
203 122241.02
204 123674.87
205 122933.15
206 122041.94
207 123556.14
208 122936.96
209 123715.88
210 123553.04
211 122597.93
212 122677.09
213 123404.03
214 123646.97
215 122941.97
216 122429.13
217 123704.91
218 123072.15
219 123582.84
220 123630.05
221 122541.19
222 122267.96
223 123711.82
224 124474.05
225 123799.09
226 123023.03
227 123893.98
228 123825.79
229 122373.82
230 123151.06
231 123072.15
232 123854.88
233 124682.90
234 124681.00
235 122777.94
236 122772.93
237 123572.11
238 124653.10
239 123985.05
240 123153.92
241 123255.97
242 122277.02
243 122797.97
244 122606.99
245 123220.92
246 123234.03
247 123077.87
248 123692.99
249 123612.88
250 123467.92
251 121793.99
252 123603.82
253 122905.02
254 123460.05
255 122641.09
256 124428.99
257 123430.97
258 122576.95
259 122781.99
260 123200.89
261 122288.94
262 122365.95
263 123492.96
264 122847.08
265 122730.97
266 123115.06
267 124963.05
268 124791.86
269 122399.09
270 122611.05
271 122274.88
272 124505.04
273 122530.94
274 123414.04
275 123259.07
276 121870.99
277 123046.16
278 122550.01
279 123551.85
280 120978.83
281 122517.11
282 122203.11
283 123017.07
284 122524.02
285 120970.96
286 120903.02
287 122063.88
288 121099.95
289 122322.08
290 121360.06
291 121163.13
292 121243.95
293 120949.03
294 120862.96
295 121748.92
296 121534.82
297 121107.10
298 123564.00
299 121035.10
300 121814.01
301 121569.87
302 120882.03
303 121352.91
304 122133.02
305 120961.90
306 121374.85
307 120970.01
308 122371.20
309 122391.94
310 122130.16
311 120797.16
312 122319.94
313 122143.03
314 121238.95
315 121152.16
316 120819.81
317 123186.83
318 122251.03
319 121300.94
320 122001.17
321 121232.99
322 121225.12
323 121052.03
324 122185.95
325 122178.08
326 121119.98
327 122586.97
328 123370.17
329 121040.11
330 122291.80
331 122285.13
332 122058.87
333 121886.97
334 121822.12
335 121756.08
336 122437.00
337 122207.88
338 121250.87
339 121371.98
340 122125.15
341 123709.92
342 122009.04
343 120852.95
344 121178.15
345 121471.17
346 122158.05
347 122148.99
348 122109.17
349 121169.09
350 121093.99
351 121942.04
352 121805.91
353 123084.07
354 121382.95
355 122256.04
356 122259.14
357 122849.94
358 121901.99
359 120965.00
360 120903.97
361 120949.03
362 120864.15
363 120867.01
364 120798.11
365 120810.99
366 120967.15
367 120996.95
368 120844.84
369 121097.09
370 121011.02
371 121184.83
372 120758.06
373 121082.07
374 120782.85
375 121222.02
376 121294.02
377 120866.06
378 120960.00
379 120853.90
380 121114.97
381 120932.10
382 121138.10
383 120846.03
384 121047.02
385 120910.88
386 121113.06
387 120834.11
388 120957.85
389 121119.98
390 121170.04
391 121160.03
392 120834.83
393 121007.20
394 121174.10
395 120876.79
396 120925.19
397 121253.01
398 120830.06
399 120795.97
400 120993.85
401 121088.98
402 120824.10
403 121042.97
404 120826.01
405 120913.03
406 120980.02
407 120823.86
408 120831.01
409 121108.06
410 121081.11
411 120876.07
412 121009.83
413 121110.20
414 121052.03
415 121107.10
416 121005.06
417 120974.78
418 120903.97
419 120895.15
420 121241.09
421 121026.04
422 120937.11
423 121349.10
424 121070.15
425 120911.12
426 120819.09
427 120913.03
428 120876.07
429 120889.90
430 121002.91
431 120990.04
432 121210.81
433 120994.09
434 120851.04
435 120882.99
436 120769.02
437 121076.11
438 120843.89
439 121039.87
440 121109.01
441 121151.92
442 121107.10
443 120743.04
444 121167.90
445 120917.80
446 120861.05
447 121201.04
448 121114.02
449 120982.89
450 121172.19
451 121076.11
452 120997.91
453 121180.06
454 120906.83
455 120810.99
456 121104.96
457 120981.93
458 120917.08
459 121048.93
460 121000.05
461 121166.94
462 120893.00
463 120720.15
464 120906.11
465 121068.95
466 120893.00
467 120900.15
468 121070.15
469 121067.05
470 120779.99
471 121139.05
472 120735.88
473 120904.92
474 120963.10
475 120960.00
476 120809.08
477 121021.99
478 120951.18
479 120810.99
480 121098.04
481 120800.02
482 120857.95
483 120733.02
484 120796.20
485 120864.15
486 121060.85
487 120943.07
488 121367.93
489 121044.16
490 120733.98
491 120814.80
492 120790.00
493 120932.10
494 120939.97
495 120943.07
496 120927.10
497 121122.12
498 120924.95
499 120691.78
500 120840.07
501 120754.00
502 120933.06
503 120873.93
504 121068.00
505 120825.05
506 120630.03
507 120946.88
508 120815.04
509 120867.97
510 120857.95
511 120850.09
512 121127.13
513 121063.95
514 121128.08
515 121279.95
516 120967.86
517 120755.20
518 120758.06
519 120951.89
520 120964.05
521 121062.99
522 120828.15
523 121027.95
524 121010.07
525 120950.94
526 120822.91
527 121141.91
528 120936.87
529 121001.96
530 120888.95
531 121245.15
532 120979.07
533 120960.00
534 120982.17
535 120841.03
536 121027.95
537 120893.00
538 121168.14
539 120805.03
540 121253.01
541 121015.07
542 121050.12
543 121125.94
544 121010.07
545 120934.01
546 120990.99
547 121310.95
548 121246.10
549 120849.13
550 120815.99
551 120867.97
552 120900.15
553 121185.06
554 121307.13
555 120975.02
556 121066.81
557 120985.03
558 121055.84
559 121089.22
560 121060.13
561 121060.85
562 121042.01
563 121044.16
564 121046.07
565 121060.13
566 121063.95
567 120950.94
568 121064.90
569 121043.92
570 120987.18
571 121063.95
572 121058.94
573 121064.90
574 121055.13
575 121047.97
576 121063.95
577 121060.13
578 121067.05
579 121032.95
580 121052.98
581 121073.96
582 121047.97
583 121032.95
584 121064.90
585 121074.91
586 121043.92
587 121059.89
588 121065.86
589 121088.03
590 120994.09
591 121051.07
592 121071.10
593 121055.13
594 121054.89
595 121059.18
596 121055.13
597 121067.05
598 121051.07
599 121021.03
600 120939.97
601 121088.98
602 121057.03
603 121026.04
604 121068.95
605 121062.99
606 121063.95
607 121085.17
608 121077.06
609 121057.03
610 121037.96
611 121062.99
612 120950.22
613 121011.97
614 121064.90
615 121077.06
616 121065.14
617 121065.14
618 121064.90
619 121067.05
620 121076.11
621 121047.02
622 121047.02
623 120965.00
624 121047.97
625 121037.01
626 121050.12
627 121069.91
628 121075.15
629 121047.97
630 120995.04
631 121063.95
632 121084.93
633 121052.98
634 121073.96
635 121057.03
636 121040.11
637 121057.99
638 121057.99
639 121026.04
640 121055.13
641 121070.86
642 121052.03
643 121043.92
644 121050.83
645 121068.95
646 120983.84
647 121068.00
648 121071.10
649 121072.05
650 121008.87
651 121042.01
652 121063.95
653 121083.97
654 121065.86
655 121065.14
656 121048.93
657 121051.07
658 121057.99
659 121019.84
660 121065.14
661 121066.09
662 121047.97
663 121008.16
664 121052.98
665 121065.86
666 121072.05
667 121066.09
668 121068.95
669 121042.01
670 120961.90
671 121057.03
672 121053.93
673 121066.81
674 121067.05
675 121071.10
676 121047.02
677 121047.02
678 121058.94
679 121060.85
680 121064.90
681 121066.09
682 121067.05
683 121053.93
684 121049.17
685 121056.08
686 121062.04
687 121062.04
688 121100.90
689 121069.19
690 121002.91
691 121060.13
692 121052.03
693 121058.94
694 121056.08
695 121062.99
696 121072.05
697 121065.14
698 121026.99
699 121021.99
