700
0 121123.08
1 121030.09
2 121004.10
3 120960.00
4 121013.88
5 121027.95
6 120889.90
7 120989.08
8 121026.04
9 121020.08
10 121011.02
11 121017.93
12 121008.87
13 121026.04
14 121012.93
15 120947.84
16 121016.98
17 121015.07
18 121011.02
19 121023.89
20 121030.09
21 120953.08
22 121015.79
23 121015.79
24 121021.03
25 120950.94
26 121004.10
27 120992.90
28 121011.02
29 120981.93
30 120987.18
31 120992.90
32 121005.06
33 121007.92
34 121011.97
35 121012.93
36 121008.87
37 121026.04
38 121016.98
39 121028.90
40 121020.08
41 120964.05
42 121022.94
43 121013.88
44 121022.94
45 120932.10
46 121025.09
47 120973.11
48 121027.95
49 120993.85
50 121032.00
51 121006.01
52 120959.04
53 121008.16
54 120987.89
55 121008.16
56 121001.96
57 121014.12
58 121007.92
59 120939.97
60 121016.98
61 121007.92
62 120943.07
63 121026.99
64 121001.01
65 120944.98
66 121011.02
67 120977.88
68 121016.98
69 121019.12
70 121025.80
71 120996.00
72 120987.89
73 121022.94
74 120991.23
75 120990.04
76 121011.02
77 121005.06
78 121017.93
79 121015.07
80 121017.93
81 121014.12
82 121025.80
83 121016.03
84 120998.14
85 120855.09
86 120999.10
87 121015.07
88 121001.01
89 121016.03
90 121010.07
91 121013.16
92 121014.12
93 120898.01
94 120976.21
95 120995.04
96 120839.12
97 120926.86
98 121043.92
99 120963.10
100 121017.93
101 120973.83
102 120897.05
103 121014.83
104 122418.88
105 120958.09
106 121055.13
107 120890.14
108 122063.16
109 122143.98
110 121948.96
111 121371.03
112 122798.92
113 122524.98
114 125155.93
115 122509.96
116 122799.87
117 122694.02
118 122639.18
119 122291.09
120 123380.90
121 122502.09
122 125034.81
123 122144.94
124 123087.88
125 123878.96
126 122985.12
127 122745.99
128 123107.91
129 121886.97
130 124014.85
131 122828.01
132 122848.99
133 124405.15
134 123487.95
135 123583.79
136 123609.07
137 124237.06
138 125082.97
139 122789.86
140 122604.85
141 121811.87
142 123574.97
143 122956.04
144 122987.03
145 122106.79
146 123705.15
147 124500.99
148 123025.18
149 123006.11
150 123296.98
151 124148.13
152 122699.02
153 123355.15
154 123516.08
155 123529.91
156 123103.86
157 122829.20
158 123542.07
159 123516.08
160 123455.05
161 123079.06
162 123989.82
163 123202.09
164 122494.94
165 123297.21
166 124094.96
167 122115.14
168 122155.19
169 121966.12
170 122955.08
171 123520.85
172 122846.13
173 123729.94
174 123146.06
175 122587.92
176 123347.04
177 122597.93
178 122839.93
179 122682.81
180 123214.96
181 122781.04
182 123418.81
183 123291.97
184 122859.00
185 122591.02
186 123002.05
187 123237.13
188 122976.06
189 123995.07
190 123281.00
191 122411.97
192 122472.05
193 122566.94
194 123224.97
195 123208.05
196 122635.13
197 123509.88
198 123458.15
199 123257.88
200 124403.00
201 123605.01
202 124367.00
203 123641.01
204 122778.89
205 122855.90
206 122892.86
207 122884.04
208 122898.10
209 122697.11
210 122471.81
211 122679.00
212 123557.09
213 122695.92
214 121831.18
215 122660.16
216 123019.93
217 122176.17
218 123862.98
219 122342.11
220 124063.01
221 122964.86
222 122919.08
223 122889.04
224 121935.84
225 123472.21
226 123447.90
227 123597.86
228 122967.00
229 122018.10
230 122099.16
231 122529.03
232 122554.06
233 122458.93
234 123385.91
235 123223.07
236 123369.93
237 122403.14
238 124961.14
239 123261.93
240 123968.12
241 123187.07
242 122939.11
243 123043.06
244 123559.95
245 123783.83
246 122385.98
247 122534.99
248 122522.83
249 123292.92
250 124069.93
251 123338.94
252 124120.00
253 122463.23
254 121608.97
255 122936.96
256 122910.98
257 121273.99
258 122627.97
259 122684.00
260 121905.09
261 122033.12
262 121218.92
263 122487.07
264 121384.14
265 121484.99
266 121423.01
267 122830.87
268 122561.93
269 121741.06
270 122715.95
271 121870.99
272 122617.01
273 121931.79
274 121072.05
275 121447.09
276 121228.93
277 121634.01
278 122141.12
279 123054.03
280 122230.05
281 121246.10
282 121786.83
283 121119.02
284 122738.12
285 122043.13
286 121837.14
287 122555.97
288 122025.01
289 122274.88
290 121472.12
291 120790.00
292 122690.92
293 124321.94
294 121680.97
295 121068.95
296 121526.96
297 122415.07
298 122555.97
299 122479.92
300 122406.96
301 120839.12
302 121570.11
303 121455.91
304 122310.88
305 122311.12
306 121694.09
307 120998.14
308 122454.17
309 121459.01
310 121168.85
311 121134.04
312 121909.14
313 121837.14
314 120917.08
315 121108.06
316 122590.07
317 122378.83
318 121644.02
319 122346.88
320 122366.19
321 121874.81
322 121012.93
323 121188.16
324 121008.87
325 121001.01
326 121686.94
327 120915.89
328 120809.79
329 121465.21
330 122122.05
331 122003.08
332 120943.07
333 121475.93
334 121278.05
335 122302.06
336 122467.99
337 121169.09
338 120841.03
339 122082.95
340 121690.99
341 121666.91
342 121230.13
343 121267.08
344 122138.02
345 120952.84
346 121913.91
347 121140.96
348 121019.12
349 120828.87
350 123135.09
351 122225.05
352 121058.94
353 122735.98
354 121798.04
355 121037.01
356 121099.00
357 121784.93
358 121217.97
359 120731.12
360 121011.02
361 120903.02
362 121068.00
363 120878.93
364 120848.18
365 120981.93
366 120884.90
367 120999.10
368 120968.10
369 120869.87
370 120930.19
371 120958.09
372 120940.92
373 121150.02
374 120964.05
375 120846.03
376 120821.00
377 120919.23
378 121231.08
379 120937.11
380 120898.01
381 120727.06
382 120870.11
383 120929.00
384 121120.93
385 121002.20
386 120763.06
387 121025.09
388 121026.04
389 120945.93
390 120815.99
391 121233.94
392 121203.90
393 120934.01
394 120803.12
395 120882.99
396 121054.89
397 121022.94
398 120980.98
399 121119.98
400 120992.90
401 120781.18
402 121153.83
403 121030.09
404 121089.94
405 121195.08
406 120846.03
407 120887.99
408 121161.94
409 120908.02
410 120990.99
411 120969.06
412 120995.04
413 120788.10
414 120729.92
415 120820.05
416 120852.95
417 121028.90
418 120956.90
419 120851.04
420 120924.95
421 120749.95
422 121222.97
423 120787.14
424 121239.90
425 120754.96
426 120898.01
427 121122.12
428 121026.99
429 121215.11
430 120903.02
431 121103.05
432 120823.86
433 120777.85
434 120919.94
435 120930.91
436 120960.00
437 120974.06
438 120888.95
439 120767.12
440 120905.88
441 121014.12
442 120787.14
443 120992.90
444 120988.85
445 121221.78
446 121022.94
447 120872.97
448 120835.07
449 120893.00
450 120924.00
451 121068.00
452 120950.22
453 121030.09
454 120857.95
455 120772.84
456 120899.20
457 120880.13
458 120793.10
459 120872.97
460 120890.86
461 120787.14
462 120982.89
463 120835.07
464 120801.93
465 120803.83
466 120901.11
467 121030.09
468 120781.90
469 121027.23
470 121253.01
471 120893.00
472 120857.95
473 120957.14
474 121045.11
475 120990.99
476 121015.79
477 121006.97
478 121117.12
479 120923.04
480 120846.99
481 121069.91
482 121014.12
483 121090.17
484 121106.86
485 120777.13
486 121097.09
487 121163.85
488 120894.91
489 120790.96
490 120894.91
491 121042.97
492 120974.06
493 120992.90
494 120963.10
495 120803.12
496 120934.96
497 120834.11
498 120941.88
499 120903.97
500 120979.07
501 120774.03
502 120777.13
503 121029.14
504 120834.83
505 120854.85
506 120823.86
507 120973.11
508 120867.01
509 121217.01
510 120840.07
511 120759.01
512 120877.98
513 120862.96
514 120876.07
515 121145.96
516 120771.17
517 121006.01
518 120799.06
519 120843.89
520 121032.00
521 120938.06
522 120738.03
523 120966.91
524 121083.02
525 120898.96
526 120764.02
527 120752.10
528 120840.07
529 121083.02
530 120798.83
531 121000.05
532 121176.00
533 121117.12
534 120817.90
535 121011.02
536 120869.16
537 120903.97
538 120978.12
539 120902.06
540 121022.94
541 121120.93
542 120787.86
543 120890.86
544 120875.84
545 120876.07
546 120845.08
547 120934.01
548 120964.05
549 121093.03
550 120985.98
551 120898.01
552 120762.11
553 120821.00
554 121045.83
555 121047.02
556 121458.05
557 120978.12
558 121026.99
559 120967.86
560 120993.14
561 120999.81
562 121001.96
563 121021.99
564 121011.97
565 121013.88
566 120948.08
567 121005.06
568 121038.91
569 121030.09
570 120969.06
571 121032.95
572 121072.05
573 120975.97
574 120998.86
575 121039.87
576 121014.12
577 120942.12
578 121075.87
579 121005.06
580 120987.89
581 121021.03
582 121011.02
583 121027.95
584 120909.93
585 121025.09
586 121032.95
587 121037.01
588 121034.86
589 121032.00
590 121039.15
591 121034.15
592 120982.17
593 121040.11
594 121027.95
595 121047.02
596 121031.05
597 121012.93
598 121002.91
599 120991.95
600 121041.06
601 121006.97
602 121035.81
603 120981.93
604 121038.91
605 121034.86
606 121037.96
607 121034.15
608 121031.05
609 121037.01
610 121032.00
611 120964.05
612 121062.99
613 120975.02
614 121048.93
615 121037.01
616 121086.84
617 121044.87
618 121021.99
619 120970.96
620 121038.91
621 121037.96
622 121050.12
623 121012.93
624 120959.04
625 121017.93
626 121033.91
627 121024.85
628 121034.15
629 121046.07
630 121032.00
631 120960.00
632 121032.00
633 121035.10
634 121034.86
635 120978.12
636 121094.94
637 121010.07
638 121001.01
639 120990.04
640 121021.03
641 121032.00
642 121026.99
643 121032.95
644 121030.09
645 121040.82
646 121039.87
647 121016.98
648 121011.02
649 120963.10
650 121026.99
651 121032.00
652 121029.85
653 120957.14
654 121026.04
655 121040.11
656 121026.04
657 121047.02
658 121036.05
659 121012.93
660 120989.08
661 121024.85
662 121035.10
663 121069.91
664 120941.88
665 121011.97
666 121027.95
667 121015.07
668 121033.91
669 120949.03
670 121035.10
671 121023.18
672 121033.91
673 120954.99
674 121035.10
675 121019.84
676 121042.01
677 121023.89
678 121043.21
679 120983.12
680 121006.01
681 121010.07
682 121011.02
683 121032.00
684 121026.04
685 121032.00
686 121026.04
687 121045.11
688 121027.95
689 121043.21
690 121026.04
691 121050.12
692 121031.05
693 120988.13
694 121023.18
695 121043.92
696 121027.95
697 121001.01
698 121035.10
699 120988.13
