700
0 121185.06
1 121078.97
2 121071.82
3 121014.83
4 121037.96
5 120925.19
6 121042.01
7 121093.99
8 121029.14
9 121052.98
10 121037.01
11 121054.89
12 120979.79
13 121057.03
14 121071.10
15 121059.18
16 121045.83
17 121052.98
18 121022.94
19 121057.03
20 121072.05
21 121070.86
22 121014.12
23 121047.02
24 121072.05
25 121058.94
26 121045.11
27 121005.06
28 121006.01
29 121052.03
30 121094.23
31 121062.04
32 120978.12
33 121065.86
34 121048.93
35 121037.96
36 121053.93
37 121041.06
38 121038.91
39 121047.97
40 121062.99
41 121051.07
42 121063.95
43 121055.84
44 121065.86
45 121071.10
46 121035.10
47 120963.10
48 121026.99
49 121062.04
50 121043.92
51 121059.89
52 120985.98
53 121058.94
54 121033.91
55 121065.14
56 121061.80
57 121011.97
58 121068.00
59 121043.92
60 121066.09
61 121050.83
62 121114.02
63 121057.99
64 121022.94
65 121060.13
66 121047.97
67 121059.18
68 121016.98
69 121042.01
70 121047.02
71 121042.97
72 120960.00
73 121054.89
74 121044.87
75 121066.81
76 121006.01
77 121046.07
78 121059.89
79 121026.99
80 121063.95
81 121054.17
82 121070.86
83 121061.09
84 121045.11
85 121061.09
86 121052.03
87 121081.11
88 121011.97
89 121026.04
90 121053.93
91 121047.02
92 120991.95
93 121042.01
94 121041.06
95 121065.86
96 120960.95
97 121024.13
98 121023.89
99 120992.90
100 120846.99
101 121053.93
102 121068.00
103 120996.00
104 121067.05
105 120891.09
106 121006.97
107 121023.18
108 121685.98
109 121042.97
110 120932.10
111 120960.95
112 120804.07
113 120780.94
114 120899.92
115 120843.89
116 120908.98
117 121100.19
118 121069.91
119 121100.90
120 120979.79
121 121031.05
122 121299.03
123 121513.13
124 121062.99
125 121165.04
126 121038.91
127 120816.95
128 120994.81
129 121222.97
130 121061.09
131 120976.92
132 121074.91
133 121046.07
134 121353.86
135 121134.04
136 120918.04
137 121044.87
138 120898.96
139 120959.04
140 121032.00
141 121152.88
142 120886.80
143 121081.83
144 120980.02
145 120857.95
146 121482.85
147 121049.88
148 120764.02
149 120970.96
150 121222.97
151 121099.95
152 121699.09
153 120889.90
154 120906.11
155 120934.01
156 120818.85
157 120948.08
158 120907.07
159 121001.96
160 120925.90
161 120968.10
162 120954.04
163 121227.03
164 121076.11
165 120958.09
166 121078.97
167 121474.98
168 120893.96
169 121647.83
170 121061.09
171 121322.87
172 121163.13
173 121011.02
174 120962.86
175 120939.02
176 120965.00
177 120820.05
178 121012.93
179 121593.00
180 121369.12
181 121190.07
182 120746.14
183 120900.87
184 121505.98
185 120991.95
186 120855.09
187 121010.07
188 120983.84
189 120938.06
190 120916.13
191 120985.03
192 121387.00
193 121042.97
194 121016.03
195 120914.94
196 121096.85
197 121067.05
198 121012.93
199 120959.04
200 120934.01
201 121969.94
202 120927.10
203 120918.04
204 121177.20
205 120964.05
206 121421.10
207 121005.06
208 120805.98
209 120761.87
210 121104.00
211 121198.18
212 121239.90
213 121744.16
214 120924.95
215 121471.88
216 120903.97
217 120966.91
218 121199.13
219 120905.88
220 121010.07
221 121907.95
222 121083.02
223 121192.93
224 120972.16
225 121043.21
226 120889.90
227 120773.08
228 121385.81
229 121198.89
230 121407.03
231 120980.02
232 120956.18
233 120858.91
234 120973.11
235 121407.99
236 120944.98
237 121584.18
238 121350.05
239 120987.18
240 120901.11
241 120899.20
242 121171.95
243 121513.84
244 121125.22
245 121156.93
246 121237.99
247 120876.07
248 120984.08
249 120732.07
250 121906.04
251 121023.18
252 121024.13
253 120920.90
254 120831.01
255 122282.98
256 121629.00
257 120911.84
258 121002.91
259 121051.07
260 120839.12
261 120838.88
262 121392.97
263 120970.01
264 121054.17
265 120793.10
266 120682.95
267 121417.05
268 121014.12
269 121021.99
270 120666.98
271 120970.01
272 121558.19
273 120839.12
274 121178.15
275 120701.07
276 121431.11
277 120935.92
278 120900.87
279 120764.97
280 120806.93
281 121425.87
282 121024.85
283 120816.95
284 121113.06
285 120874.88
286 120892.05
287 121186.02
288 121549.84
289 121355.06
290 121351.00
291 121299.03
292 120952.13
293 121083.97
294 121069.91
295 120861.05
296 121251.82
297 120748.04
298 121436.12
299 120763.06
300 121233.94
301 121357.92
302 121170.04
303 120943.07
304 120883.94
305 121254.92
306 121432.07
307 121201.99
308 121235.13
309 120809.08
310 121047.02
311 122058.87
312 121318.82
313 121368.89
314 120782.85
315 121112.11
316 121268.99
317 120801.21
318 121171.95
319 120797.16
320 121071.10
321 121062.99
322 121011.97
323 121716.98
324 120905.16
325 120589.97
326 121115.92
327 120784.04
328 120948.08
329 121178.15
330 120822.19
331 121365.07
332 121791.12
333 121434.93
334 120738.98
335 121266.13
336 121185.06
337 120851.99
338 120882.03
339 121127.13
340 120816.95
341 120759.01
342 121145.01
343 121672.15
344 121361.97
345 121397.97
346 120904.21
347 120954.04
348 121503.11
349 120766.16
350 121329.07
351 120757.10
352 121101.86
353 120862.96
354 121644.97
355 121307.13
356 121227.03
357 121196.99
358 121840.00
359 120712.04
360 120846.03
361 120826.96
362 120793.10
363 120745.90
364 120960.95
365 120849.85
366 120903.97
367 120892.05
368 120738.98
369 120783.09
370 120991.95
371 120833.87
372 120772.84
373 120729.92
374 120860.10
375 120737.08
376 120865.82
377 120768.07
378 120918.99
379 120892.05
380 120836.97
381 120953.08
382 120821.00
383 120778.08
384 120810.99
385 121054.89
386 120659.11
387 121010.07
388 120895.86
389 120793.10
390 121343.14
391 120836.02
392 120815.99
393 120710.85
394 120785.95
395 120874.88
396 121329.07
397 120921.13
398 120811.94
399 120851.04
400 121006.97
401 120893.00
402 120998.14
403 120922.09
404 120985.98
405 121677.16
406 120628.83
407 120754.96
408 121064.90
409 120774.03
410 121147.87
411 120886.09
412 121073.96
413 120800.02
414 121279.00
415 120836.02
416 121279.00
417 120912.08
418 121162.89
419 120902.06
420 121339.08
421 121182.92
422 121320.01
423 121078.97
424 120792.15
425 121054.89
426 120784.04
427 120816.95
428 120963.10
429 121077.78
430 120900.87
431 121459.96
432 120928.05
433 121267.08
434 121227.98
435 120903.97
436 120842.93
437 121130.23
438 120724.92
439 120907.07
440 121180.06
441 121186.02
442 120822.91
443 120891.81
444 121017.93
445 121104.00
446 121380.81
447 120911.12
448 121477.84
449 121155.98
450 121288.06
451 121168.85
452 121024.13
453 121240.85
454 121460.91
455 120918.04
456 121078.97
457 120924.00
458 121339.08
459 120940.92
460 121407.99
461 120966.91
462 121056.08
463 120948.08
464 121256.83
465 120648.86
466 120980.02
467 120984.08
468 121283.05
469 121119.02
470 121433.97
471 121600.87
472 121552.94
473 121176.96
474 121132.14
475 121347.19
476 121445.89
477 121220.83
478 121346.00
479 121396.78
480 121484.04
481 121047.97
482 121566.06
483 121329.07
484 120924.00
485 121502.88
486 121506.21
487 121577.98
488 121217.97
489 120969.06
490 121053.22
491 121176.96
492 121604.92
493 121054.89
494 121181.96
495 121224.88
496 121031.05
497 121170.04
498 121436.12
499 121037.01
500 121184.83
501 121236.09
502 121234.89
503 121351.00
504 121395.11
505 121644.02
506 121442.08
507 121388.91
508 120918.04
509 121107.10
510 121282.10
511 120924.00
512 121576.07
513 121020.79
514 121181.01
515 121481.18
516 121223.93
517 121374.85
518 121364.12
519 121377.94
520 121213.91
521 121427.06
522 121296.88
523 121757.03
524 120944.98
525 121281.86
526 121058.94
527 121270.90
528 120782.14
529 121379.85
530 121530.06
531 121314.05
532 121494.05
533 121512.17
534 121378.90
535 120999.10
536 121173.86
537 121731.04
538 121322.87
539 121261.12
540 121050.83
541 121009.83
542 121400.12
543 121034.86
544 121437.07
545 120827.91
546 120970.01
547 120980.98
548 122201.92
549 121094.94
550 121272.09
551 120948.08
552 120764.02
553 121402.98
554 121191.98
555 121386.05
556 121273.04
557 121047.97
558 121439.22
559 120992.90
560 121390.10
561 121225.83
562 121130.23
563 121288.06
564 120697.02
565 121356.01
566 121286.87
567 121462.11
568 121209.14
569 121132.14
570 121186.02
571 121151.92
572 121299.03
573 120908.98
574 120929.96
575 121698.86
576 121023.89
577 120916.13
578 121214.15
579 120836.02
580 120877.03
581 121511.94
582 121289.97
583 121380.09
584 121329.07
585 121128.08
586 121813.06
587 120990.99
588 121211.05
589 121111.15
590 121459.96
591 121201.99
592 121010.07
593 121508.12
594 121232.03
595 121937.99
596 121394.16
597 121640.92
598 121508.84
599 121275.90
600 121407.03
601 121239.19
602 121508.12
603 120660.07
604 120997.91
605 121378.90
606 121407.99
607 120953.08
608 120840.07
609 120847.94
610 120954.99
611 120866.06
612 121007.92
613 120830.06
614 120975.97
615 120733.02
616 120711.09
617 120799.06
618 121006.97
619 120903.97
620 120785.00
621 121188.16
622 121041.06
623 120784.04
624 120908.98
625 120760.92
626 121271.13
627 120855.09
628 121027.95
629 121275.90
630 120816.95
631 120845.08
632 120883.94
633 121020.08
634 120851.99
635 121190.07
636 121017.93
637 121119.02
638 120971.92
639 120839.83
640 120816.95
641 120871.07
642 121142.86
643 120880.13
644 120907.07
645 120707.99
646 120705.84
647 121011.97
648 120916.13
649 120738.03
650 120848.18
651 121309.04
652 120723.01
653 120854.14
654 121153.12
655 120986.94
656 120852.95
657 120980.98
658 120843.89
659 121250.87
660 120888.95
661 121063.95
662 120911.84
663 120867.97
664 121132.85
665 120873.93
666 120861.77
667 120988.13
668 121073.01
669 120803.83
670 120774.98
671 120834.11
672 120996.00
673 120756.86
674 120839.12
675 120815.99
676 120929.00
677 120971.20
678 120953.08
679 120851.99
680 121007.92
681 120917.80
682 120770.93
683 121080.88
684 121061.09
685 120932.10
686 120868.21
687 121212.96
688 120867.97
689 120878.93
690 120755.91
691 120911.84
692 120887.99
693 120903.02
694 120874.88
695 120709.90
696 120702.03
697 120905.16
698 120985.03
699 120709.90
