700
0 121233.94
1 121140.96
2 121128.08
3 121112.11
4 121124.03
5 121114.02
6 121121.17
7 121120.93
8 121113.06
9 121107.10
10 121105.91
11 121105.91
12 121075.87
13 121121.88
14 121114.02
15 121046.07
16 121068.95
17 121096.85
18 121111.15
19 121103.05
20 121076.82
21 121124.98
22 121109.01
23 121118.07
24 121068.00
25 121015.07
26 121120.93
27 121114.97
28 121106.86
29 121122.84
30 121135.95
31 121124.03
32 121104.96
33 121125.94
34 121112.11
35 121042.97
36 121067.05
37 121119.02
38 121114.97
39 121110.92
40 121109.96
41 121115.92
42 121109.96
43 121109.01
44 121107.10
45 121117.12
46 121026.99
47 121103.05
48 121104.96
49 121121.17
50 121104.96
51 121105.91
52 121044.87
53 121116.88
54 121101.86
55 121047.02
56 121099.95
57 121105.91
58 121106.15
59 121102.81
60 121096.85
61 121119.02
62 121099.95
63 121104.96
64 121109.01
65 121125.94
66 121093.99
67 121101.86
68 121105.91
69 121114.02
70 121125.94
71 121113.06
72 121124.03
73 121108.06
74 121123.08
75 121040.11
76 121070.15
77 121121.88
78 121116.16
79 121124.03
80 121119.02
81 121109.01
82 121119.02
83 121104.00
84 121114.02
85 121068.00
86 121103.05
87 121119.02
88 121152.88
89 121114.02
90 121110.92
91 121112.11
92 121027.95
93 120998.14
94 121114.02
95 120904.92
96 121034.15
97 121090.89
98 121130.94
99 121104.96
100 121127.84
101 121110.92
102 123134.14
103 121140.96
104 121059.89
105 121037.96
106 121124.98
107 121484.99
108 121077.06
109 121088.03
110 121023.89
111 121095.90
112 120805.03
113 121101.86
114 120818.85
115 120909.93
116 121098.04
117 121168.14
118 121166.94
119 121235.13
120 121148.82
121 121138.10
122 121005.06
123 121185.06
124 120841.98
125 121089.94
126 121037.96
127 121024.85
128 121202.95
129 121196.99
130 121130.94
131 121070.86
132 121043.92
133 121042.01
134 121028.90
135 121044.87
136 121631.86
137 121123.08
138 121412.04
139 120940.92
140 121134.04
141 121328.12
142 121175.05
143 121099.00
144 121239.90
145 121124.98
146 121392.97
147 121155.98
148 121248.96
149 121116.16
150 121168.14
151 121063.95
152 120929.00
153 120908.02
154 121127.13
155 121116.88
156 121016.03
157 121092.08
158 121207.00
159 121401.07
160 121411.09
161 121125.94
162 121204.85
163 121829.99
164 121176.00
165 121060.85
166 121075.87
167 121067.05
168 121150.97
169 121152.88
170 121178.87
171 121576.07
172 121052.98
173 121099.00
174 121100.90
175 121133.09
176 121067.05
177 121340.99
178 121068.95
179 121154.07
180 121422.05
181 120965.96
182 121226.07
183 121107.10
184 120968.10
185 121224.16
186 120942.12
187 120990.99
188 121628.05
189 121115.92
190 121111.87
191 121099.00
192 121560.81
193 121133.09
194 121357.92
195 120828.87
196 120987.89
197 121083.97
198 121031.05
199 121507.88
200 121286.87
201 120965.00
202 121041.06
203 121099.00
204 122357.13
205 121687.17
206 121780.87
207 120941.88
208 121665.00
209 121289.97
210 120961.90
211 121493.10
212 120949.03
213 120998.14
214 121583.94
215 120792.15
216 121011.97
217 121153.12
218 121108.06
219 121062.99
220 121086.12
221 120991.95
222 121189.12
223 120970.96
224 120930.91
225 120838.17
226 121411.80
227 121232.99
228 121395.11
229 121015.79
230 121294.02
231 120872.02
232 121352.91
233 121251.82
234 121451.14
235 121035.10
236 121037.01
237 120877.98
238 120988.13
239 121675.01
240 121095.90
241 121011.97
242 121298.79
243 120862.96
244 120879.17
245 121620.89
246 121064.90
247 121189.12
248 121505.98
249 120922.09
250 122090.82
251 121022.94
252 121737.00
253 121005.06
254 120875.12
255 121702.91
256 121470.93
257 120900.87
258 121448.99
259 121286.15
260 121452.09
261 121833.09
262 121162.89
263 122409.11
264 121103.05
265 121185.06
266 122154.00
267 121133.09
268 120899.92
269 121030.09
270 120934.96
271 120839.12
272 121565.10
273 120940.92
274 121439.93
275 120844.84
276 120971.92
277 120887.04
278 120849.13
279 121131.90
280 120781.18
281 121211.05
282 121346.95
283 121299.03
284 121418.00
285 120903.97
286 120839.83
287 120939.97
288 120954.99
289 121042.97
290 121809.96
291 121316.91
292 120839.12
293 120834.11
294 121405.12
295 121314.05
296 121012.93
297 121587.04
298 121283.05
299 121141.91
300 121351.96
301 121270.18
302 122012.14
303 121061.09
304 120971.20
305 120880.13
306 121142.15
307 121279.00
308 121339.08
309 121284.96
310 120767.83
311 121156.93
312 121714.12
313 120856.05
314 121709.82
315 121017.93
316 120964.05
317 120882.99
318 121231.08
319 121412.99
320 121202.95
321 120863.91
322 121428.97
323 120900.15
324 120887.99
325 120795.01
326 120950.94
327 121212.01
328 120847.94
329 121001.01
330 120875.12
331 120892.05
332 121058.94
333 120910.17
334 121706.01
335 121747.97
336 121510.03
337 120913.03
338 121004.10
339 121490.96
340 120896.10
341 121011.97
342 121181.01
343 121459.01
344 121451.14
345 121474.03
346 121611.12
347 121584.89
348 121559.86
349 121448.04
350 120995.04
351 121480.94
352 121186.97
353 121191.98
354 121149.06
355 121225.12
356 122017.86
357 121383.91
358 121338.84
359 120949.03
360 121359.83
361 121322.87
362 121109.01
363 121246.10
364 120851.04
365 121081.11
366 120970.01
367 120954.99
368 120900.87
369 120909.93
370 121104.00
371 121414.18
372 121124.03
373 121051.07
374 120934.01
375 121023.89
376 121042.97
377 121242.05
378 121114.02
379 120905.16
380 121090.89
381 120738.03
382 120990.99
383 121065.86
384 120960.95
385 121215.11
386 120819.09
387 121210.81
388 120947.12
389 121076.11
390 121237.04
391 121030.09
392 121138.10
393 120858.91
394 120933.06
395 120931.15
396 120972.16
397 120918.99
398 121062.04
399 121139.05
400 121609.93
401 121093.03
402 120984.08
403 120758.06
404 121260.17
405 121533.87
406 121493.82
407 120953.08
408 120953.08
409 121190.07
410 120926.14
411 121052.03
412 120918.04
413 121178.15
414 121105.19
415 120911.12
416 121304.04
417 120985.98
418 120952.13
419 120998.86
420 120687.01
421 121038.91
422 121340.04
423 120890.14
424 121181.96
425 121075.15
426 121253.01
427 120895.86
428 120978.12
429 121430.87
430 120903.02
431 120932.10
432 121363.88
433 121255.87
434 120699.17
435 121304.99
436 120993.14
437 121138.81
438 121011.97
439 121310.00
440 120826.96
441 121262.79
442 120839.12
443 120974.06
444 121289.97
445 121027.95
446 121190.07
447 121278.05
448 121167.90
449 120821.95
450 121164.80
451 121261.12
452 121155.02
453 121228.93
454 121060.13
455 121168.85
456 121449.95
457 121186.02
458 121284.96
459 120889.90
460 120889.90
461 121177.91
462 121206.05
463 121345.04
464 121335.03
465 120997.91
466 121127.13
467 121088.98
468 121573.93
469 121460.91
470 121176.96
471 120980.98
472 121242.05
473 121250.15
474 121001.01
475 120875.84
476 121186.02
477 120985.98
478 121516.23
479 121358.87
480 121597.05
481 121010.07
482 121506.93
483 120924.00
484 121756.08
485 121349.10
486 121418.95
487 121278.05
488 121280.91
489 121337.89
490 121182.92
491 121336.94
492 121331.93
493 121650.93
494 121063.95
495 121395.83
496 121313.10
497 121361.02
498 121515.04
499 121376.99
500 121391.06
501 121352.91
502 120975.02
503 121102.09
504 121470.93
505 120918.04
506 121864.08
507 121194.12
508 121175.05
509 121232.99
510 121118.07
511 121296.88
512 121284.96
513 121001.01
514 121509.79
515 121511.94
516 121056.08
517 121217.01
518 121564.87
519 121511.94
520 121216.06
521 121072.77
522 121644.02
523 121452.09
524 121257.78
525 121190.07
526 121235.85
527 121388.91
528 121316.91
529 121396.06
530 121121.17
531 121831.89
532 121392.01
533 121472.12
534 121324.06
535 121304.04
536 121605.87
537 121629.00
538 121395.11
539 121380.09
540 121575.12
541 121601.10
542 121524.10
543 121670.96
544 121432.07
545 121176.00
546 121500.97
547 121090.89
548 121510.98
549 121018.89
550 121101.86
551 121510.98
552 121068.95
553 121226.07
554 121029.14
555 121200.08
556 121521.00
557 121426.11
558 121052.98
559 121299.03
560 121346.00
561 121275.90
562 121614.93
563 120827.91
564 120980.02
565 121479.99
566 121105.19
567 120914.94
568 120844.84
569 121608.97
570 121709.82
571 120893.00
572 121348.86
573 121037.96
574 120910.88
575 121321.92
576 121114.02
577 121263.03
578 121533.87
579 121190.07
580 121753.93
581 121006.97
582 121026.04
583 120974.06
584 121217.01
585 121064.90
586 120949.03
587 121201.99
588 121016.03
589 121066.09
590 120860.10
591 120926.14
592 121294.02
593 121193.89
594 121325.02
595 121155.98
596 121361.02
597 120779.99
598 121355.06
599 121542.93
600 121506.93
601 121233.94
602 120879.89
603 121092.08
604 121312.14
605 121290.92
606 120980.02
607 120790.00
608 121335.98
609 121080.88
610 121051.07
611 121210.10
612 121534.11
613 120785.00
614 121437.07
615 120841.03
616 120997.91
617 121314.05
618 121400.12
619 120839.12
620 120924.00
621 121120.93
622 121122.12
623 121454.00
624 121178.87
625 121201.99
626 121605.87
627 121338.13
628 121551.04
629 121395.11
630 121403.93
631 121397.97
632 121070.15
633 121291.88
634 121060.85
635 121249.91
636 120862.01
637 121089.22
638 120944.98
639 121330.98
640 121335.98
641 121430.87
642 121092.80
643 120922.09
644 121008.16
645 121297.84
646 121396.06
647 121306.90
648 120978.12
649 121066.09
650 121053.93
651 121057.99
652 121119.02
653 121376.04
654 121462.11
655 121204.14
656 120913.98
657 121180.06
658 120921.13
659 120764.97
660 121665.95
661 120978.12
662 121256.83
663 120862.96
664 120967.15
665 121021.99
666 121279.95
667 120671.99
668 121110.20
669 120816.95
670 120862.01
671 120811.94
672 121253.97
673 120914.94
674 121017.93
675 121052.98
676 121068.95
677 121099.00
678 121124.03
679 121073.01
680 120930.91
681 121113.06
682 121093.99
683 121088.03
684 121067.05
685 121126.89
686 121117.12
687 121073.96
688 121072.05
689 121091.13
690 121105.91
691 121145.01
692 121078.01
693 121102.09
694 121057.99
695 121062.99
696 121112.11
697 121116.88
698 121081.11
699 121072.05
