700
0 121290.92
1 121056.08
2 121016.98
3 120987.89
4 121038.91
5 121044.87
6 121036.05
7 120986.94
8 120971.92
9 121025.09
10 121031.05
11 121038.91
12 120976.92
13 121011.97
14 120980.02
15 121032.00
16 121023.89
17 121046.07
18 121020.08
19 120982.89
20 121006.01
21 121022.94
22 121032.00
23 120902.78
24 120980.02
25 121052.98
26 121042.01
27 120996.95
28 121023.18
29 121026.99
30 120965.00
31 121035.10
32 121038.91
33 121045.11
34 120990.99
35 120970.96
36 121028.90
37 121034.86
38 121043.92
39 121004.10
40 120983.84
41 121034.15
42 121021.99
43 120985.03
44 121052.98
45 121038.91
46 120990.99
47 121032.95
48 121003.87
49 121042.01
50 121016.03
51 120990.04
52 120980.98
53 121007.92
54 120985.98
55 121024.13
56 121059.89
57 121046.07
58 120949.03
59 120980.98
60 121026.99
61 121016.03
62 121034.86
63 121029.85
64 121003.87
65 120971.92
66 121022.22
67 121043.92
68 121040.82
69 120986.94
70 120960.00
71 121030.09
72 121027.95
73 121043.92
74 120991.95
75 120988.13
76 121044.16
77 121014.12
78 120947.84
79 121047.02
80 121026.99
81 121016.03
82 121037.01
83 121026.04
84 121014.12
85 121052.03
86 121036.05
87 120999.10
88 120992.90
89 121041.06
90 121033.91
91 121001.96
92 120987.18
93 121009.83
94 121026.99
95 121026.99
96 120944.98
97 120958.09
98 120977.16
99 121047.97
100 121021.99
101 121016.98
102 120974.06
103 121022.94
104 121112.11
105 121369.84
106 121051.79
107 121033.91
108 120927.10
109 121051.07
110 121257.07
111 121083.02
112 120993.85
113 120966.20
114 121090.89
115 120882.99
116 121123.08
117 121815.20
118 121013.16
119 120967.15
120 121207.00
121 121167.18
122 121059.18
123 121141.91
124 121097.80
125 121088.98
126 121194.12
127 120904.92
128 120984.08
129 121192.93
130 120924.00
131 121134.04
132 121040.11
133 121203.90
134 121115.92
135 120996.00
136 121105.91
137 121326.21
138 121122.84
139 121174.10
140 121160.03
141 121071.82
142 121094.94
143 121157.88
144 121186.97
145 121039.87
146 121569.16
147 121691.94
148 120980.98
149 121633.05
150 120970.96
151 121671.20
152 121391.06
153 120965.96
154 120898.01
155 121196.99
156 121474.03
157 121061.80
158 121117.12
159 121196.99
160 121837.85
161 122001.89
162 121231.79
163 122108.94
164 121788.02
165 121093.99
166 121013.16
167 121174.10
168 121589.90
169 121619.94
170 121153.12
171 121944.90
172 120966.91
173 121112.11
174 121124.98
175 121159.08
176 121397.02
177 121809.96
178 121551.04
179 121109.96
180 121145.96
181 121481.18
182 121186.02
183 120997.19
184 121175.05
185 121113.06
186 121506.21
187 121063.95
188 121805.91
189 121681.93
190 121294.98
191 121231.08
192 121080.16
193 120881.08
194 121237.99
195 121349.10
196 121067.05
197 121335.98
198 121645.93
199 121177.91
200 121448.99
201 121018.17
202 121102.09
203 122232.91
204 121205.09
205 121911.05
206 121116.16
207 121030.09
208 120902.06
209 120970.96
210 121742.01
211 121551.04
212 121510.03
213 121189.83
214 121114.02
215 122222.19
216 121109.01
217 120900.15
218 122295.14
219 121178.87
220 121721.98
221 120907.07
222 121697.90
223 121079.92
224 121521.00
225 121068.95
226 121117.12
227 121751.79
228 121227.98
229 121326.92
230 121089.94
231 121171.95
232 121278.05
233 120941.88
234 121154.07
235 121208.91
236 121478.08
237 120992.90
238 120971.92
239 121505.02
240 121586.08
241 120959.04
242 121394.16
243 121996.16
244 121106.15
245 121172.90
246 121003.15
247 121031.05
248 120882.99
249 121477.84
250 121281.15
251 121175.05
252 120861.05
253 120979.07
254 120896.82
255 120861.05
256 121135.95
257 121907.00
258 121175.05
259 121363.88
260 121413.95
261 121077.06
262 121582.03
263 121501.92
264 121579.89
265 120956.18
266 120891.81
267 120920.90
268 121572.97
269 121207.00
270 121189.12
271 121178.15
272 120970.01
273 120829.82
274 120819.81
275 120769.02
276 121637.11
277 121479.03
278 121711.02
279 122284.89
280 120937.11
281 121149.06
282 121443.99
283 121003.87
284 122041.94
285 121132.85
286 121788.02
287 120930.91
288 122110.13
289 121525.05
290 121021.99
291 121268.99
292 121247.05
293 121119.02
294 121012.93
295 120995.04
296 121714.83
297 121426.11
298 121304.99
299 121438.98
300 120893.00
301 122041.94
302 121342.90
303 120874.17
304 122430.80
305 121356.96
306 120913.98
307 121007.92
308 121767.04
309 120918.99
310 120927.10
311 121462.11
312 121024.85
313 120816.23
314 121171.00
315 121304.04
316 121967.08
317 121113.06
318 122223.14
319 121256.11
320 121006.01
321 122242.93
322 121013.88
323 121628.05
324 121817.11
325 121207.00
326 121159.08
327 121034.15
328 121263.98
329 120970.01
330 121399.88
331 121430.87
332 120847.94
333 122020.96
334 120987.18
335 122490.17
336 121204.14
337 120918.99
338 121304.99
339 120954.99
340 121273.04
341 121258.02
342 121024.13
343 121697.19
344 120780.94
345 120966.20
346 120966.91
347 120785.00
348 121215.11
349 121142.15
350 121238.95
351 121349.10
352 121208.91
353 121598.01
354 121727.94
355 121232.99
356 121439.93
357 122063.16
358 120887.99
359 121459.01
360 120903.02
361 121241.09
362 120903.02
363 120954.04
364 121122.12
365 121228.93
366 120970.96
367 121010.07
368 120819.09
369 120948.79
370 120991.95
371 121009.11
372 121509.08
373 120833.87
374 120922.09
375 120936.16
376 120925.90
377 120903.02
378 121145.01
379 120967.15
380 120827.91
381 120819.81
382 121162.18
383 121193.17
384 120926.86
385 121269.94
386 121495.01
387 121181.01
388 120881.08
389 121435.88
390 120988.85
391 121455.91
392 120635.03
393 121001.01
394 121010.07
395 120997.91
396 121034.15
397 120857.95
398 121008.87
399 120985.03
400 120877.98
401 121020.08
402 120815.04
403 120884.18
404 121243.00
405 121366.02
406 121102.09
407 120908.98
408 121037.01
409 120851.99
410 121057.99
411 121107.10
412 120979.79
413 120906.83
414 120903.02
415 120785.95
416 121012.93
417 120727.06
418 120938.06
419 120900.15
420 121006.01
421 120990.99
422 120769.02
423 121032.95
424 120684.86
425 121026.99
426 120743.04
427 120964.05
428 121521.95
429 120954.04
430 120931.86
431 121340.99
432 120997.91
433 121065.86
434 121042.01
435 121084.93
436 121075.15
437 121037.01
438 120914.94
439 120970.96
440 121591.81
441 120974.06
442 121142.15
443 121344.80
444 121038.91
445 121021.99
446 121294.98
447 121296.17
448 121003.87
449 120822.91
450 120966.20
451 121317.86
452 120794.06
453 120836.02
454 121304.04
455 120844.84
456 121062.99
457 120927.10
458 120920.90
459 121042.97
460 121353.86
461 121112.82
462 121479.99
463 120796.92
464 121037.01
465 120942.83
466 121093.03
467 120937.82
468 121184.11
469 121428.97
470 120941.88
471 121490.96
472 120831.01
473 121052.98
474 120800.02
475 121039.87
476 121062.99
477 121022.22
478 120823.86
479 121461.15
480 121372.94
481 120797.16
482 121424.91
483 121088.03
484 120829.11
485 120857.95
486 120716.09
487 121042.97
488 120888.95
489 120845.08
490 120904.21
491 120999.81
492 120934.96
493 120939.02
494 120960.00
495 120893.96
496 121028.90
497 121098.04
498 121773.00
499 121313.10
500 121551.04
501 121011.02
502 120879.89
503 121791.84
504 121199.85
505 121150.97
506 120867.01
507 120842.93
508 121265.89
509 121554.14
510 121056.08
511 121343.14
512 121012.93
513 120868.21
514 121048.93
515 121541.02
516 120951.18
517 121434.93
518 121351.00
519 121133.80
520 121192.93
521 121296.88
522 120871.07
523 121021.99
524 120808.12
525 121348.86
526 120953.08
527 121273.99
528 121490.00
529 121400.12
530 121396.06
531 120785.95
532 121171.95
533 120960.00
534 121546.03
535 121061.80
536 120940.92
537 120865.11
538 121077.06
539 120882.03
540 121199.85
541 120848.18
542 121026.99
543 121171.00
544 120998.86
545 120786.91
546 121721.03
547 120906.83
548 121104.00
549 120921.85
550 121448.04
551 121336.94
552 121185.06
553 121305.94
554 121159.08
555 121827.13
556 120913.98
557 121492.86
558 120779.04
559 121508.12
560 121145.96
561 121462.11
562 121575.12
563 121265.89
564 121356.01
565 121104.96
566 120842.93
567 121285.92
568 121458.05
569 121060.85
570 120979.07
571 121226.07
572 121299.03
573 121428.01
574 121485.95
575 121680.02
576 121188.88
577 121725.08
578 121535.06
579 120962.14
580 120885.13
581 121026.04
582 121082.07
583 121083.97
584 121293.07
585 120755.91
586 121392.01
587 121310.00
588 121006.01
589 121297.84
590 121283.05
591 121227.03
592 121291.88
593 121337.18
594 121152.88
595 120924.00
596 121440.89
597 120913.98
598 121381.04
599 121404.17
600 120892.05
601 121027.95
602 120716.09
603 121476.17
604 121140.00
605 121493.82
606 121183.16
607 120955.94
608 121099.00
609 121407.03
610 121042.01
611 121421.10
612 121151.92
613 121249.91
614 121309.04
615 121243.95
616 121559.14
617 121081.83
618 121271.13
619 121139.05
620 121085.88
621 121225.83
622 121525.05
623 121407.03
624 120746.85
625 121331.93
626 120914.94
627 121092.08
628 121091.84
629 120761.87
630 121210.10
631 121361.02
632 121258.02
633 120918.04
634 121084.21
635 120971.92
636 120771.88
637 121132.14
638 120894.91
639 120986.94
640 121425.87
641 121191.98
642 121088.98
643 121386.05
644 121605.16
645 121145.01
646 121135.00
647 121098.04
648 121224.16
649 121109.01
650 121268.99
651 121035.10
652 121032.00
653 121057.03
654 121608.02
655 121305.94
656 121236.09
657 121077.06
658 120740.89
659 121608.97
660 121255.87
661 121268.03
662 121256.11
663 120956.18
664 121122.84
665 121171.00
666 120864.87
667 121047.97
668 121396.06
669 121471.88
670 120924.95
671 121157.17
672 121548.89
673 121402.98
674 120882.03
675 121038.20
676 121207.00
677 121055.13
678 120936.87
679 121179.10
680 121323.11
681 121478.08
682 120831.01
683 121041.06
684 121144.06
685 121213.91
686 121182.92
687 120836.97
688 121038.91
689 121029.14
690 121294.98
691 121512.89
692 121253.97
693 120884.18
694 121296.88
695 121155.98
696 120850.09
697 121360.06
698 121191.98
699 120914.94
