700
0 121254.21
1 121155.02
2 121109.01
3 121145.96
4 121120.93
5 121124.98
6 121159.08
7 121120.93
8 121135.00
9 121197.94
10 121141.20
11 121025.09
12 121131.90
13 121116.16
14 121126.89
15 121145.96
16 121146.92
17 121140.96
18 121162.18
19 121140.00
20 121146.92
21 121118.07
22 121109.01
23 121169.81
24 121137.86
25 121143.10
26 121150.97
27 121144.06
28 121118.07
29 121117.83
30 121072.77
31 121146.20
32 121146.20
33 121138.10
34 121122.12
35 121129.99
36 121154.07
37 121140.96
38 121137.14
39 121078.01
40 121123.79
41 121138.10
42 121084.93
43 121127.84
44 121131.18
45 121139.05
46 121139.05
47 120983.12
48 121143.10
49 121145.96
50 121095.90
51 121119.02
52 121135.00
53 121159.08
54 121129.99
55 121135.95
56 121145.96
57 121148.11
58 121123.08
59 121068.00
60 121132.14
61 121109.96
62 121132.85
63 121144.06
64 121129.99
65 121114.02
66 121156.93
67 121146.92
68 121150.97
69 121146.92
70 121114.02
71 121124.98
72 121046.07
73 121133.09
74 121129.04
75 121118.07
76 121139.05
77 121145.96
78 121142.86
79 121142.15
80 121131.18
81 121124.03
82 121104.00
83 121157.17
84 121137.86
85 121123.08
86 121145.96
87 121124.98
88 121120.93
89 121152.16
90 121125.94
91 121117.83
92 121140.00
93 121146.20
94 121148.11
95 121160.98
96 120999.81
97 121137.86
98 121035.10
99 121149.78
100 121139.05
101 120982.89
102 122201.92
103 121184.11
104 121043.92
105 120839.12
106 121346.95
107 121246.10
108 122397.90
109 121654.99
110 121417.05
111 121325.97
112 122359.04
113 122281.07
114 124699.83
115 126102.92
116 124552.01
117 124173.16
118 126528.02
119 126379.01
120 126883.03
121 124264.00
122 127395.15
123 125692.84
124 126503.94
125 124717.95
126 125189.07
127 126702.07
128 125698.09
129 125749.11
130 126817.94
131 124711.99
132 125409.13
133 125959.16
134 126627.21
135 125759.84
136 124718.90
137 125705.96
138 125162.12
139 126675.84
140 124871.02
141 126572.13
142 126505.14
143 128141.88
144 125771.05
145 125042.92
146 125599.15
147 124982.12
148 125304.94
149 125849.96
150 126528.02
151 125397.92
152 126523.97
153 126138.93
154 125504.97
155 124773.98
156 124800.21
157 124402.05
158 127605.92
159 124297.86
160 125200.99
161 124784.95
162 124801.87
163 124054.91
164 124198.91
165 124094.96
166 123473.17
167 125104.90
168 125954.87
169 125057.94
170 125004.05
171 124056.10
172 125720.02
173 125638.96
174 127435.92
175 125802.99
176 124966.86
177 124839.07
178 124199.87
179 125614.88
180 124910.83
181 126754.05
182 125069.14
183 124400.85
184 124723.91
185 124135.02
186 125046.97
187 124089.96
188 125060.08
189 125233.89
190 124370.10
191 126714.94
192 125465.87
193 126111.03
194 127334.12
195 125617.03
196 125417.95
197 125553.85
198 124469.04
199 125654.94
200 125433.92
201 127026.08
202 124408.01
203 125053.17
204 126023.05
205 124570.13
206 126173.02
207 124300.00
208 124398.95
209 125028.13
210 125091.08
211 125210.05
212 126901.15
213 125276.09
214 124580.86
215 124964.00
216 126338.01
217 125200.99
218 126060.96
219 124241.11
220 123737.10
221 123848.92
222 125547.17
223 125367.16
224 126249.79
225 125466.11
226 126218.08
227 124551.06
228 125895.98
229 125076.06
230 124849.08
231 124851.94
232 126392.84
233 126675.84
234 123900.89
235 124892.00
236 124701.02
237 125514.03
238 125220.06
239 124418.02
240 126435.04
241 124531.98
242 124580.14
243 125694.04
244 124972.11
245 125324.01
246 124995.95
247 126841.07
248 124326.94
249 126971.01
250 125061.99
251 124933.00
252 124005.08
253 124747.99
254 124886.04
255 125244.86
256 127545.83
257 124408.01
258 123647.93
259 123536.11
260 125241.04
261 124417.07
262 126117.94
263 122085.09
264 122002.12
265 122118.00
266 121959.92
267 122709.99
268 121135.00
269 121129.99
270 121243.00
271 122262.95
272 121429.92
273 121991.87
274 122040.99
275 122281.07
276 121930.12
277 122776.03
278 122670.89
279 121099.95
280 123574.97
281 121465.92
282 122357.85
283 122364.04
284 121422.05
285 122437.00
286 122586.01
287 121795.89
288 120857.00
289 122527.84
290 121685.98
291 121906.04
292 121912.00
293 121097.09
294 121811.87
295 121964.93
296 123417.85
297 122733.12
298 121923.92
299 121122.12
300 121787.07
301 122650.86
302 122493.03
303 121670.01
304 121632.10
305 120906.83
306 121124.03
307 121698.86
308 121668.10
309 121641.87
310 122492.07
311 121348.86
312 122621.06
313 123116.02
314 121589.18
315 121715.78
316 121570.11
317 122431.99
318 121525.05
319 121589.90
320 120986.94
321 122118.95
322 121200.08
323 121982.10
324 122401.00
325 122411.01
326 123121.98
327 122227.19
328 121380.09
329 121024.13
330 121070.15
331 120938.06
332 121602.06
333 122315.17
334 121429.92
335 121542.93
336 121352.91
337 122210.03
338 121161.94
339 121548.18
340 121691.94
341 121319.06
342 122003.08
343 123716.83
344 120988.85
345 122528.08
346 121689.08
347 122376.92
348 121782.06
349 121109.96
350 122020.96
351 121380.81
352 121958.97
353 121876.96
354 121101.14
355 121724.13
356 121917.96
357 120917.08
358 120862.01
359 121372.94
360 120999.10
361 120995.04
362 121072.05
363 121114.97
364 120795.97
365 120976.21
366 121212.01
367 121078.01
368 120924.00
369 121050.12
370 121221.07
371 121000.05
372 120974.06
373 121016.03
374 120943.07
375 121283.05
376 121001.01
377 121142.15
378 121067.05
379 120894.91
380 121127.84
381 121139.05
382 120985.98
383 120727.06
384 120867.01
385 121120.93
386 121136.90
387 120806.93
388 120985.03
389 121061.09
390 120939.97
391 121002.91
392 121099.95
393 121009.83
394 120839.12
395 120851.99
396 120995.04
397 120996.95
398 120973.11
399 121011.02
400 121067.05
401 120980.02
402 120890.14
403 120811.94
404 120958.09
405 120969.06
406 120908.98
407 121183.16
408 120774.03
409 120728.02
410 120836.97
411 120794.06
412 120798.11
413 120956.90
414 120789.05
415 120779.04
416 120785.95
417 120840.07
418 120912.08
419 120732.78
420 120834.83
421 121227.98
422 120997.91
423 120829.11
424 120718.00
425 120847.94
426 120895.86
427 120834.83
428 121018.17
429 121062.04
430 121150.97
431 120835.07
432 121033.91
433 121234.18
434 120821.95
435 120988.13
436 120913.03
437 121093.03
438 120894.91
439 120881.08
440 120725.15
441 120872.97
442 121124.98
443 120938.06
444 120855.81
445 121166.94
446 121016.03
447 120898.01
448 120779.04
449 120728.02
450 120734.93
451 120924.95
452 120702.98
453 121065.14
454 120806.93
455 120861.05
456 120877.98
457 120755.91
458 120892.05
459 120900.87
460 120873.93
461 120736.84
462 120771.17
463 121011.02
464 120901.11
465 120807.89
466 120899.20
467 120829.11
468 120869.87
469 120745.90
470 120718.96
471 120815.99
472 120886.09
473 120718.00
474 120834.11
475 120779.04
476 120778.08
477 121087.07
478 120676.99
479 120990.99
480 120872.02
481 120746.14
482 120686.05
483 120722.06
484 120802.16
485 120822.19
486 120798.11
487 120879.89
488 120921.13
489 121051.79
490 120881.08
491 120780.23
492 120822.91
493 120762.83
494 120692.97
495 120774.03
496 121131.18
497 121196.03
498 120783.09
499 120645.05
500 120729.92
501 121057.03
502 120828.15
503 120958.09
504 121006.01
505 121056.08
506 120933.06
507 120953.80
508 121092.08
509 120887.99
510 120960.00
511 120895.15
512 120881.08
513 121001.96
514 120862.01
515 121001.96
516 120814.09
517 120838.88
518 120875.12
519 120832.92
520 120858.19
521 120762.11
522 120827.91
523 120875.12
524 120842.93
525 120993.14
526 120996.95
527 120890.86
528 120999.10
529 120851.99
530 120821.95
531 120918.04
532 120804.07
533 120817.18
534 121047.97
535 120885.85
536 120939.02
537 120729.92
538 120754.00
539 120874.17
540 120762.11
541 120875.84
542 121037.01
543 120739.94
544 120772.12
545 120777.85
546 120676.04
547 120892.05
548 120795.97
549 120820.05
550 120806.93
551 120887.99
552 120968.10
553 120737.08
554 120769.02
555 121016.03
556 121425.15
557 120917.08
558 121064.19
559 121057.99
560 121030.81
561 121056.08
562 121047.02
563 121040.11
564 121052.98
565 121055.84
566 121052.98
567 121061.09
568 121054.89
569 121065.14
570 120960.95
571 120995.04
572 120970.01
573 121062.04
574 121077.06
575 121037.01
576 121011.97
577 121049.88
578 121039.87
579 121056.08
580 121059.18
581 120987.89
582 121011.02
583 121068.00
584 121042.01
585 121040.11
586 121041.06
587 121047.97
588 121048.93
589 121048.93
590 120998.86
591 121080.88
592 120982.17
593 121026.04
594 121066.09
595 121065.14
596 121029.14
597 121057.99
598 121051.07
599 121005.06
600 121052.98
601 121068.00
602 121051.07
603 121001.01
604 121061.09
605 121068.95
606 121062.99
607 121075.15
608 121037.01
609 121041.06
610 120922.80
611 121042.01
612 121079.92
613 121016.03
614 121016.98
615 121065.86
616 121056.08
617 121057.99
618 121060.85
619 121044.16
620 121061.09
621 121048.93
622 121060.85
623 121057.99
624 121066.09
625 121069.91
626 121034.15
627 121072.05
628 121051.07
629 121067.05
630 121056.08
631 120998.14
632 120991.95
633 121021.99
634 121054.89
635 121037.96
636 121060.85
637 121058.94
638 120985.98
639 121063.95
640 121051.07
641 121068.95
642 121077.06
643 121066.81
644 121010.07
645 121041.06
646 121066.09
647 121044.87
648 121061.80
649 121048.93
650 121069.91
651 121051.07
652 121008.16
653 120969.06
654 121065.14
655 121054.89
656 121100.90
657 121062.04
658 120973.83
659 120996.00
660 121070.86
661 121032.95
662 120994.81
663 121053.93
664 121032.95
665 121057.99
666 121044.16
667 121053.93
668 121053.22
669 121068.95
670 121067.05
671 121073.96
672 120987.18
673 121020.08
674 121030.09
675 121044.16
676 121030.09
677 121045.83
678 121050.12
679 121053.93
680 121054.89
681 121057.03
682 121057.03
683 121060.13
684 121064.19
685 121062.04
686 121065.86
687 121071.10
688 121066.09
689 121037.01
690 120970.96
691 121078.01
692 121001.01
693 121027.95
694 121067.05
695 121045.83
696 121066.09
697 121048.93
698 121048.21
699 121052.03
