700
0 121370.08
1 121150.02
2 121074.91
3 121095.90
4 121101.86
5 121140.00
6 121114.02
7 121084.93
8 121122.84
9 121145.96
10 121137.14
11 121115.92
12 121124.98
13 121056.08
14 121131.18
15 121085.88
16 121186.97
17 121141.91
18 121100.90
19 121148.11
20 121057.99
21 121120.93
22 121142.86
23 121127.84
24 121081.11
25 121107.10
26 121041.06
27 121135.00
28 121123.79
29 121133.80
30 121119.98
31 121137.14
32 121133.09
33 121158.84
34 121135.00
35 121104.00
36 121142.86
37 121124.98
38 121139.05
39 121135.00
40 121041.06
41 121129.99
42 121129.04
43 121139.05
44 121131.18
45 121157.17
46 121138.81
47 121135.95
48 121124.03
49 121129.99
50 121142.15
51 121138.10
52 121144.77
53 121142.86
54 121076.11
55 121115.92
56 121145.01
57 121124.03
58 121143.82
59 121128.08
60 121062.04
61 121135.00
62 121144.06
63 121141.91
64 121111.15
65 121144.06
66 121127.13
67 121147.87
68 121052.03
69 121098.04
70 121088.03
71 121124.03
72 121136.90
73 121106.86
74 121102.09
75 121091.13
76 121128.08
77 121140.00
78 121032.00
79 121153.12
80 121145.01
81 121121.88
82 121146.92
83 121129.99
84 121120.93
85 121053.93
86 121129.04
87 121127.13
88 121137.86
89 121129.99
90 121140.00
91 121073.01
92 121135.95
93 121147.87
94 121155.98
95 121124.98
96 120969.06
97 120985.98
98 121043.92
99 120976.92
100 120975.97
101 121054.89
102 122377.16
103 121085.88
104 121639.01
105 121001.01
106 121866.94
107 121074.91
108 121929.88
109 121263.98
110 122733.83
111 122859.95
112 121821.88
113 123677.97
114 123609.07
115 122727.87
116 122394.80
117 123937.85
118 123047.11
119 122812.03
120 123641.01
121 122856.86
122 123588.09
123 122934.10
124 123293.88
125 122814.89
126 123528.00
127 124416.83
128 122605.09
129 124017.00
130 123038.05
131 123920.92
132 123916.15
133 123008.97
134 123298.88
135 124124.05
136 122511.15
137 123729.94
138 123873.95
139 123008.01
140 122565.98
141 122739.08
142 122699.98
143 122639.89
144 123538.02
145 122686.15
146 123499.16
147 123594.05
148 125298.02
149 122869.01
150 122971.06
151 122944.12
152 122308.02
153 122225.05
154 123910.90
155 122313.98
156 124839.07
157 122268.92
158 123267.17
159 123901.84
160 122826.10
161 123815.06
162 122134.92
163 123067.86
164 122262.00
165 123612.17
166 123739.00
167 122961.04
168 122794.15
169 123317.00
170 123267.17
171 123225.93
172 122694.97
173 122718.81
174 122834.92
175 123847.96
176 123890.16
177 123790.03
178 123915.20
179 123137.95
180 123087.88
181 124040.84
182 122134.92
183 123373.99
184 123332.98
185 123359.20
186 121864.08
187 123206.85
188 124140.02
189 124040.13
190 125819.92
191 123378.99
192 122851.13
193 123142.96
194 123257.88
195 122463.94
196 122960.09
197 123734.00
198 123883.01
199 122259.14
200 122231.01
201 123100.04
202 122545.96
203 122689.01
204 123426.91
205 122368.10
206 124166.01
207 123464.11
208 122895.96
209 122160.91
210 122262.00
211 123440.03
212 123152.02
213 123589.99
214 123592.85
215 123749.97
216 122107.98
217 122714.04
218 123747.83
219 122828.01
220 122620.82
221 122550.01
222 122740.03
223 122411.01
224 122435.09
225 122942.92
226 124623.06
227 122842.07
228 123044.01
229 122394.08
230 123798.13
231 122783.90
232 123079.06
233 122354.03
234 122605.09
235 123829.13
236 123523.95
237 124327.90
238 123640.06
239 122700.93
240 123674.87
241 122793.91
242 123820.07
243 124558.93
244 122916.94
245 123053.79
246 122951.03
247 122322.08
248 122729.06
249 122450.83
250 123677.97
251 122575.04
252 122538.81
253 123419.05
254 123322.01
255 122647.05
256 124489.07
257 121983.05
258 122958.90
259 123732.09
260 122772.93
261 124495.98
262 123420.95
263 122797.97
264 123583.08
265 122853.99
266 124825.95
267 123869.90
268 124111.89
269 122442.01
270 123245.00
271 122329.95
272 122365.00
273 123147.96
274 122742.18
275 123275.04
276 123512.98
277 123540.16
278 123643.16
279 123892.07
280 123088.12
281 122374.06
282 122443.91
283 121665.00
284 121644.97
285 121132.85
286 121109.01
287 122032.88
288 122873.07
289 121927.98
290 121112.11
291 122714.04
292 121789.93
293 120872.02
294 120855.09
295 121809.01
296 120893.00
297 121752.02
298 122495.17
299 121591.09
300 121412.04
301 122224.09
302 121563.91
303 123154.88
304 121184.83
305 122057.91
306 121396.06
307 121199.13
308 122019.05
309 121080.16
310 121176.00
311 122213.84
312 123835.09
313 121186.02
314 121306.18
315 120910.88
316 122168.78
317 122965.10
318 121357.92
319 121042.01
320 122054.10
321 121118.07
322 122343.06
323 122322.80
324 121458.05
325 121275.90
326 121323.82
327 122138.02
328 121292.83
329 121370.79
330 121256.11
331 122020.96
332 121991.16
333 121209.86
334 120924.00
335 121420.86
336 121418.95
337 121096.85
338 121795.89
339 123611.93
340 122704.03
341 121920.82
342 121587.99
343 120957.85
344 121277.09
345 121064.90
346 121302.13
347 121228.22
348 121948.00
349 121065.14
350 121052.98
351 121995.93
352 121879.10
353 121875.05
354 122565.98
355 120831.97
356 122581.96
357 122445.11
358 121602.06
359 120839.83
360 120871.07
361 120859.86
362 120991.95
363 121034.86
364 120852.95
365 120721.10
366 120842.93
367 120928.05
368 120984.08
369 121271.85
370 121042.01
371 120982.17
372 120711.09
373 121087.07
374 120871.07
375 120729.92
376 120946.17
377 121058.94
378 120834.83
379 120932.10
380 120852.95
381 121133.09
382 120996.00
383 121070.86
384 121268.99
385 120774.03
386 121028.90
387 120856.05
388 120956.90
389 121123.08
390 120770.93
391 120825.05
392 120750.19
393 120879.89
394 120928.05
395 121077.06
396 120885.13
397 120747.80
398 120979.07
399 120695.11
400 120728.97
401 120826.01
402 121099.00
403 121057.03
404 121075.87
405 120781.90
406 120790.00
407 120814.09
408 120975.97
409 120898.01
410 121127.13
411 120770.22
412 121048.93
413 121109.96
414 120764.97
415 120814.09
416 120952.13
417 121001.96
418 120963.10
419 120738.98
420 120705.84
421 120845.08
422 120974.06
423 120975.97
424 121073.01
425 120974.78
426 121120.93
427 121113.06
428 120817.90
429 121013.16
430 120667.93
431 121009.11
432 121196.99
433 120887.99
434 120865.11
435 120813.85
436 121010.07
437 120972.87
438 120662.93
439 121027.95
440 121023.18
441 121241.81
442 121144.06
443 120985.03
444 120851.99
445 120831.01
446 120980.02
447 121005.06
448 121020.08
449 120858.91
450 120870.11
451 120903.02
452 120826.01
453 120857.95
454 120932.10
455 120994.09
456 120840.07
457 120661.97
458 120829.82
459 120828.87
460 120890.14
461 120862.96
462 120969.06
463 121082.07
464 121071.10
465 121146.92
466 120696.07
467 120817.90
468 120928.05
469 120932.10
470 120991.95
471 121016.03
472 120867.97
473 120992.90
474 120838.88
475 120851.99
476 120978.12
477 120993.14
478 120974.06
479 120756.86
480 121104.96
481 120814.09
482 120802.88
483 120822.19
484 120923.04
485 120806.93
486 121079.21
487 121050.83
488 120738.03
489 120750.90
490 120960.95
491 120934.96
492 121046.78
493 120971.20
494 120738.98
495 120970.01
496 121142.15
497 120909.93
498 120846.99
499 121006.01
500 121047.97
501 121047.02
502 121034.15
503 121075.15
504 121036.05
505 120885.85
506 120894.19
507 120891.09
508 120887.04
509 120825.05
510 121076.82
511 121140.00
512 120754.00
513 121039.87
514 121018.89
515 120764.02
516 120681.05
517 121093.03
518 120951.89
519 120888.95
520 120735.88
521 121124.03
522 121027.95
523 120815.04
524 120742.08
525 121482.13
526 120893.96
527 120898.96
528 121030.09
529 120747.09
530 120728.02
531 120858.19
532 120888.95
533 120921.85
534 120889.90
535 121250.15
536 121052.98
537 121170.04
538 120745.90
539 120783.09
540 120803.83
541 121217.97
542 120944.02
543 120903.97
544 120947.12
545 120794.77
546 121052.03
547 121213.91
548 120733.98
549 120975.97
550 121091.13
551 120916.13
552 120720.86
553 121169.09
554 121274.95
555 120850.09
556 121061.09
557 120993.85
558 120933.06
559 121081.11
560 120895.86
561 121000.05
562 121010.07
563 121059.18
564 121062.99
565 121047.02
566 121067.05
567 121032.00
568 121067.05
569 121001.96
570 120996.00
571 121036.05
572 121062.04
573 120984.08
574 121002.91
575 121066.09
576 121057.03
577 121068.00
578 121064.19
579 121003.87
580 121035.10
581 120998.86
582 121070.15
583 121068.95
584 121073.01
585 121067.05
586 121046.07
587 121006.01
588 121058.94
589 121034.15
590 121054.89
591 121052.03
592 121059.89
593 121019.84
594 121062.04
595 120932.10
596 121025.80
597 121065.86
598 121065.14
599 121077.06
600 120850.09
601 120985.03
602 121072.05
603 121068.00
604 121068.95
605 121037.01
606 121039.15
607 121061.09
608 121069.91
609 121041.06
610 121027.95
611 121052.03
612 120951.18
613 120981.93
614 121046.07
615 121069.19
616 121064.90
617 121037.01
618 121042.01
619 121051.07
620 121055.13
621 121054.89
622 121073.01
623 121019.12
624 121030.09
625 121047.02
626 121047.02
627 121057.03
628 121049.88
629 121062.04
630 121031.05
631 121005.77
632 121051.07
633 121022.94
634 121033.91
635 121054.17
636 121016.98
637 121058.94
638 121047.02
639 121036.05
640 121046.07
641 121042.97
642 121051.07
643 121021.99
644 121070.86
645 121076.11
646 121041.06
647 121024.13
648 121049.17
649 121048.93
650 121071.10
651 121081.11
652 121021.03
653 120980.02
654 121037.01
655 121055.84
656 121053.93
657 121071.10
658 121062.04
659 121040.11
660 121064.90
661 121056.08
662 121064.90
663 120975.02
664 121042.97
665 121065.86
666 121063.95
667 121067.05
668 121028.90
669 121081.83
670 121035.10
671 121062.99
672 121044.16
673 120974.06
674 121058.94
675 121067.05
676 121018.89
677 121064.19
678 121041.06
679 121060.85
680 121041.77
681 120987.18
682 121040.11
683 121059.18
684 121050.12
685 121095.90
686 121052.98
687 121042.97
688 121053.93
689 121048.93
690 121055.13
691 121098.04
692 121064.90
693 120996.00
694 121037.01
695 121073.01
696 121047.97
697 121003.87
698 121046.07
699 121065.86
