700
0 121423.01
1 121176.00
2 121145.01
3 121165.99
4 121182.20
5 121181.96
6 121181.01
7 121176.96
8 121176.96
9 121183.87
10 121160.03
11 121176.96
12 121145.96
13 121193.17
14 121197.94
15 121191.02
16 121120.93
17 121184.11
18 121188.88
19 121176.00
20 121115.92
21 121184.11
22 121186.97
23 121177.91
24 121175.05
25 121173.86
26 121146.92
27 121183.16
28 121109.01
29 121167.18
30 121191.02
31 121199.85
32 121129.04
33 121171.95
34 121167.18
35 121223.93
36 121186.02
37 121189.12
38 121186.02
39 121209.14
40 121109.01
41 121186.97
42 121191.98
43 121208.19
44 121194.12
45 121187.21
46 121160.98
47 121189.12
48 121187.93
49 121232.03
50 121181.01
51 121193.89
52 121150.97
53 121181.01
54 121189.12
55 121201.99
56 121191.98
57 121166.94
58 121178.87
59 121055.84
60 121105.91
61 121173.14
62 121198.89
63 121170.04
64 121132.14
65 121115.92
66 121191.98
67 121169.09
68 121173.14
69 121213.91
70 121185.06
71 121171.00
72 121102.09
73 121173.14
74 121205.81
75 121171.95
76 121162.89
77 121174.81
78 121200.08
79 121169.09
80 120997.91
81 121192.93
82 121201.04
83 121191.02
84 121183.87
85 121186.97
86 121196.99
87 121218.92
88 121190.07
89 121176.00
90 121170.04
91 121102.09
92 121144.06
93 121053.93
94 121198.18
95 121223.93
96 121090.17
97 121113.06
98 121078.97
99 121219.87
100 121125.94
101 121167.18
102 121645.21
103 121210.10
104 121612.79
105 121032.95
106 120964.05
107 121263.98
108 123033.05
109 122537.85
110 122210.98
111 123085.02
112 122772.93
113 122089.15
114 125957.01
115 124312.16
116 122530.94
117 124727.01
118 123959.06
119 123385.19
120 125216.01
121 124323.13
122 124534.13
123 123783.11
124 124423.98
125 123734.95
126 124622.11
127 123490.10
128 125627.04
129 123957.16
130 126158.00
131 125053.88
132 124333.14
133 124385.12
134 123528.00
135 123229.03
136 123994.83
137 125408.89
138 125547.89
139 124997.14
140 125674.01
141 124595.17
142 125300.88
143 126806.02
144 124165.06
145 126331.81
146 123824.12
147 124119.04
148 125412.94
149 124718.90
150 124567.99
151 124322.89
152 125313.04
153 126713.99
154 124807.12
155 124778.03
156 124911.07
157 124029.87
158 124511.96
159 123604.06
160 126268.86
161 124350.07
162 124047.99
163 124295.95
164 123815.77
165 125513.08
166 123926.88
167 124608.04
168 123916.86
169 123507.98
170 124675.04
171 124850.03
172 123724.94
173 124482.87
174 124419.21
175 124547.00
176 123780.97
177 123598.81
178 124880.08
179 124291.90
180 123660.80
181 125200.99
182 126667.02
183 124377.01
184 124603.99
185 125324.96
186 124732.97
187 124597.79
188 123818.16
189 124945.16
190 124911.07
191 126404.05
192 124850.03
193 124909.88
194 125355.96
195 124636.89
196 124843.12
197 125184.06
198 124304.06
199 122908.12
200 126636.98
201 123398.78
202 125772.00
203 124685.05
204 123683.93
205 125249.86
206 124898.91
207 123244.05
208 123735.90
209 124616.86
210 125324.96
211 124233.01
212 124668.12
213 124536.99
214 124413.97
215 122970.10
216 125249.15
217 123873.95
218 123198.99
219 124769.93
220 124660.02
221 125180.96
222 126808.88
223 124758.96
224 124303.10
225 125095.13
226 123456.95
227 124871.97
228 124072.07
229 124152.90
230 123703.96
231 123395.92
232 124358.89
233 124309.06
234 124233.01
235 125021.93
236 125679.02
237 126317.02
238 126250.03
239 123087.88
240 124032.97
241 126286.03
242 124075.89
243 125791.07
244 124709.13
245 124086.86
246 124675.04
247 124645.95
248 125184.06
249 123411.18
250 125192.17
251 124171.97
252 123816.01
253 125124.22
254 123955.97
255 123659.85
256 123512.03
257 123476.98
258 125083.92
259 123229.03
260 125588.89
261 124665.02
262 123704.91
263 125141.86
264 124924.18
265 123541.12
266 124180.08
267 124047.99
268 125525.95
269 123790.03
270 126313.92
271 127271.18
272 124205.11
273 124186.99
274 124207.02
275 125661.13
276 124158.14
277 125561.95
278 126295.09
279 122135.16
280 122102.98
281 122099.88
282 122599.12
283 121563.91
284 122147.80
285 123060.94
286 121900.08
287 121929.17
288 121183.87
289 121016.98
290 123425.96
291 123384.95
292 122335.91
293 122229.81
294 122991.09
295 121276.86
296 121074.91
297 121699.09
298 122406.01
299 121456.86
300 121508.12
301 122385.98
302 121039.15
303 121196.03
304 121083.97
305 121746.06
306 121521.23
307 121276.86
308 122153.04
309 121914.86
310 121683.12
311 122555.02
312 123220.92
313 122273.92
314 121524.10
315 121335.03
316 121050.12
317 121879.82
318 121443.03
319 121462.11
320 122838.02
321 121036.05
322 121132.85
323 121027.95
324 121786.12
325 124048.95
326 122200.01
327 122172.12
328 121419.91
329 122140.88
330 122102.98
331 121624.95
332 122411.97
333 121459.01
334 122126.10
335 122169.02
336 122125.86
337 122817.99
338 120981.93
339 121826.89
340 121561.05
341 121993.06
342 122632.03
343 121041.06
344 121577.02
345 121957.78
346 121430.87
347 121176.00
348 120964.05
349 120877.03
350 122447.01
351 121450.90
352 121591.09
353 121764.90
354 122333.05
355 121115.92
356 121783.97
357 121064.90
358 121656.18
359 120971.92
360 121567.01
361 120981.93
362 121180.06
363 121017.93
364 121033.91
365 121179.10
366 121001.01
367 120959.04
368 121068.00
369 121084.93
370 120867.01
371 121384.14
372 121099.95
373 120990.04
374 121378.90
375 120965.96
376 120958.81
377 120970.96
378 121161.94
379 121032.00
380 121102.09
381 121085.88
382 121072.05
383 121016.98
384 120862.96
385 121346.00
386 121047.97
387 121056.08
388 121306.90
389 121119.02
390 120806.93
391 120985.98
392 120808.12
393 120980.02
394 120988.13
395 120895.86
396 120892.05
397 121376.04
398 120913.03
399 121089.22
400 121254.92
401 121303.08
402 120784.04
403 121286.15
404 120817.90
405 120960.00
406 120940.92
407 120961.19
408 120956.90
409 120810.99
410 121120.93
411 120939.02
412 120935.92
413 120954.04
414 121088.98
415 120862.96
416 121123.08
417 120734.21
418 121061.09
419 120901.11
420 121182.20
421 120924.00
422 121084.93
423 121222.97
424 120841.03
425 121284.01
426 120980.98
427 121253.01
428 121026.04
429 120805.03
430 121187.21
431 120974.06
432 120853.90
433 121090.17
434 121090.89
435 121009.11
436 120993.14
437 120957.85
438 121037.01
439 121173.86
440 121090.89
441 120894.91
442 121406.08
443 121161.94
444 120939.97
445 121189.12
446 120920.18
447 120918.04
448 120981.93
449 121077.06
450 121257.07
451 121109.01
452 121283.05
453 120795.97
454 120782.14
455 121218.92
456 120872.97
457 120944.02
458 121153.12
459 121060.85
460 120866.06
461 120950.94
462 120975.02
463 120991.95
464 120926.86
465 120934.96
466 120938.06
467 120950.94
468 121056.08
469 121091.13
470 121297.84
471 121064.90
472 120978.12
473 121121.88
474 121047.97
475 120998.14
476 121165.99
477 120933.06
478 120933.06
479 120981.93
480 121029.85
481 121166.94
482 120996.00
483 121171.00
484 121312.86
485 121181.96
486 121442.08
487 121212.01
488 120973.83
489 120897.05
490 121108.06
491 121087.79
492 120979.07
493 121001.01
494 121230.13
495 120976.21
496 121031.05
497 121145.96
498 121003.15
499 121215.11
500 120996.95
501 120873.93
502 121109.01
503 120870.83
504 120866.06
505 120795.97
506 121084.93
507 120826.01
508 120934.96
509 120865.82
510 120971.92
511 121096.13
512 120952.84
513 121068.00
514 121196.03
515 121036.05
516 120979.07
517 121099.00
518 121052.03
519 120912.08
520 121111.15
521 120874.88
522 120913.03
523 120892.05
524 121021.99
525 121223.93
526 120951.89
527 121191.98
528 120990.04
529 120952.13
530 121124.98
531 121089.94
532 121310.95
533 120860.10
534 120826.01
535 120747.09
536 120838.88
537 120857.00
538 121344.09
539 120882.03
540 120844.84
541 121006.97
542 120945.93
543 121113.06
544 120963.10
545 121065.86
546 121144.06
547 121160.03
548 120919.94
549 120933.06
550 121296.88
551 121149.06
552 121177.20
553 121100.90
554 121217.01
555 121166.94
556 120788.10
557 121116.16
558 121042.01
559 121114.97
560 121132.14
561 121114.02
562 121114.97
563 121111.15
564 121124.98
565 121114.02
566 121119.02
567 121110.92
568 121125.94
569 121042.97
570 121128.08
571 121121.88
572 121117.12
573 121016.98
574 121122.12
575 120967.86
576 121120.93
577 121114.97
578 121129.04
579 121036.05
580 121125.94
581 121112.11
582 121111.15
583 121114.02
584 121135.00
585 121109.96
586 121106.86
587 121108.06
588 121131.90
589 121107.10
590 121103.05
591 121100.90
592 121141.91
593 121097.09
594 121090.17
595 121021.99
596 121132.85
597 121093.99
598 121089.94
599 121112.11
600 121147.87
601 121100.90
602 121104.96
603 121110.92
604 121128.08
605 121128.08
606 121114.02
607 121124.98
608 121129.04
609 121122.84
610 121086.12
611 121125.94
612 121130.94
613 121104.00
614 121099.95
615 121047.97
616 121119.02
617 121094.94
618 121109.96
619 121112.11
620 121117.12
621 121032.00
622 121099.95
623 121106.86
624 121117.12
625 121109.01
626 121047.97
627 121123.08
628 121124.98
629 121127.84
630 121123.79
631 121137.86
632 121124.03
633 121129.04
634 121123.08
635 121063.95
636 121098.04
637 121093.99
638 121125.94
639 121124.98
640 121112.82
641 121117.83
642 121124.98
643 121122.84
644 121116.88
645 121119.02
646 121123.08
647 121137.86
648 121114.97
649 121099.95
650 121123.08
651 121052.03
652 121125.94
653 121120.21
654 121120.93
655 121099.00
656 121125.94
657 121119.98
658 121121.88
659 121119.98
660 121116.88
661 121098.04
662 121127.13
663 121124.03
664 121126.89
665 121115.92
666 121124.98
667 121124.03
668 121114.97
669 121118.07
670 121050.12
671 121123.79
672 121119.98
673 121081.11
674 121118.07
675 121114.97
676 121117.83
677 121119.98
678 121119.02
679 121114.97
680 121088.98
681 121093.99
682 121110.92
683 121107.10
684 121116.88
685 121106.86
686 121111.87
687 121108.06
688 121114.97
689 121102.81
690 121102.09
691 121121.17
692 121110.92
693 121093.99
694 121104.96
695 121093.99
696 121118.07
697 121099.95
698 121109.01
699 121121.88
