700
0 121153.12
1 121062.99
2 121050.12
3 120990.04
4 120918.99
5 121040.82
6 121016.98
7 121052.98
8 121021.99
9 121047.97
10 121011.97
11 120989.08
12 121035.81
13 121014.12
14 121042.97
15 121029.14
16 121047.02
17 121029.14
18 121032.95
19 121011.97
20 121011.97
21 121037.01
22 121023.89
23 121013.16
24 121066.09
25 121024.85
26 120979.07
27 120992.90
28 121033.91
29 121026.99
30 120967.86
31 121041.06
32 120994.09
33 121011.97
34 121045.11
35 121051.07
36 121042.97
37 121049.88
38 121012.93
39 121008.87
40 121029.14
41 121041.06
42 121039.87
43 121038.20
44 121041.06
45 121043.92
46 120926.14
47 121036.05
48 120991.95
49 121046.07
50 121011.97
51 121014.83
52 121030.09
53 121026.04
54 121031.05
55 121036.05
56 121007.92
57 121006.01
58 121009.83
59 121016.03
60 121024.13
61 121029.85
62 120967.15
63 121034.86
64 120970.96
65 121033.19
66 121032.95
67 120996.00
68 121042.01
69 121003.15
70 121053.93
71 121035.81
72 121021.03
73 121025.09
74 121026.99
75 121034.15
76 121035.10
77 121042.97
78 121042.01
79 121044.16
80 121044.87
81 121050.83
82 121016.03
83 120996.95
84 121034.86
85 121041.06
86 120927.10
87 121052.98
88 121033.91
89 121039.87
90 121032.00
91 121013.16
92 121042.01
93 121024.13
94 121011.97
95 120918.99
96 120890.86
97 121060.13
98 120947.12
99 120970.01
100 121037.01
101 121032.00
102 120867.97
103 121042.97
104 121706.96
105 120929.96
106 121896.98
107 121118.07
108 121839.05
109 120908.02
110 122455.12
111 120749.00
112 122404.81
113 123074.05
114 123220.92
115 122581.01
116 122900.01
117 124223.95
118 122607.95
119 124009.85
120 122346.88
121 123404.98
122 122743.13
123 125069.86
124 123440.03
125 123579.98
126 123342.04
127 123048.07
128 123907.80
129 123344.18
130 124543.91
131 123037.82
132 122571.95
133 123072.15
134 123412.13
135 123523.95
136 124823.81
137 122212.89
138 124022.96
139 125601.05
140 123664.86
141 122817.99
142 123559.95
143 122679.00
144 123044.97
145 123478.17
146 123420.00
147 122773.89
148 124814.99
149 122979.88
150 124656.20
151 123033.05
152 123145.10
153 123758.08
154 123064.99
155 123718.98
156 123651.03
157 123050.93
158 123618.13
159 123472.93
160 122847.08
161 122445.11
162 122909.07
163 122764.11
164 122605.09
165 123708.01
166 123610.97
167 122729.06
168 123038.05
169 123054.03
170 122834.92
171 123040.91
172 123875.14
173 122519.02
174 123303.17
175 122709.99
176 122595.07
177 123630.05
178 124402.05
179 123986.01
180 122375.97
181 123264.07
182 123827.93
183 122968.91
184 123061.90
185 122933.86
186 123070.00
187 122236.01
188 122576.95
189 124191.05
190 122467.99
191 123037.82
192 122838.97
193 122942.92
194 124542.00
195 122627.02
196 122612.95
197 123509.17
198 124192.00
199 122508.05
200 124328.14
201 123418.81
202 123495.82
203 122298.96
204 122709.99
205 122729.06
206 122290.13
207 123447.18
208 122741.94
209 122251.03
210 123923.06
211 123106.96
212 122375.01
213 123473.88
214 122710.94
215 126037.12
216 124129.06
217 124186.04
218 124213.93
219 123456.00
220 121832.13
221 122732.88
222 123367.07
223 122880.94
224 122708.08
225 123574.02
226 122894.05
227 123677.97
228 122910.02
229 121958.97
230 122943.16
231 122734.07
232 122914.08
233 122638.94
234 122606.99
235 123563.05
236 124183.89
237 122471.09
238 123003.01
239 123151.06
240 124082.09
241 122520.92
242 123335.84
243 124030.83
244 122640.13
245 124773.98
246 122406.96
247 124039.89
248 123405.93
249 123181.10
250 123559.00
251 123659.85
252 122816.80
253 123529.20
254 123640.06
255 123565.91
256 123698.95
257 122906.21
258 123805.05
259 122901.20
260 122175.93
261 124006.99
262 122402.91
263 122552.16
264 123528.00
265 123396.87
266 122308.97
267 123175.86
268 122355.94
269 123340.85
270 124449.01
271 123807.91
272 123079.06
273 122962.00
274 123323.92
275 123776.91
276 122785.09
277 122000.22
278 123376.13
279 123167.99
280 121526.00
281 121438.03
282 121621.13
283 122416.97
284 121653.08
285 120967.15
286 123712.06
287 121876.00
288 121642.11
289 122169.02
290 121310.00
291 122946.98
292 122005.94
293 122314.93
294 121273.04
295 121453.05
296 121488.09
297 120893.96
298 122366.91
299 121530.06
300 121011.97
301 122375.01
302 121577.02
303 122329.95
304 121571.06
305 122437.95
306 122074.84
307 121316.91
308 121268.99
309 122040.99
310 122831.11
311 122102.98
312 121244.19
313 122009.04
314 121340.04
315 121729.85
316 121087.07
317 121903.18
318 121669.05
319 122352.12
320 121582.03
321 122401.00
322 121423.96
323 121767.04
324 120935.92
325 120993.85
326 121644.97
327 120990.99
328 121186.02
329 122074.13
330 122002.84
331 121103.05
332 120974.06
333 123156.07
334 121501.92
335 122411.97
336 122329.95
337 121455.91
338 121002.91
339 120949.98
340 122015.00
341 121001.01
342 122545.00
343 123454.09
344 120981.93
345 122416.97
346 122385.03
347 121016.98
348 121514.08
349 122184.04
350 122448.92
351 122184.04
352 122270.11
353 121203.18
354 120954.99
355 120799.06
356 121703.15
357 121589.18
358 120901.11
359 120805.98
360 120948.79
361 120924.00
362 120911.84
363 121058.94
364 120794.06
365 120702.03
366 120773.08
367 121131.18
368 121155.98
369 120983.12
370 121047.02
371 120809.79
372 120939.97
373 120851.04
374 121070.86
375 121090.17
376 120799.06
377 121459.96
378 121212.01
379 120901.11
380 120926.14
381 121279.95
382 120940.21
383 120738.03
384 121258.97
385 120792.87
386 120976.21
387 121091.84
388 121161.94
389 120961.90
390 121033.19
391 120782.85
392 120880.13
393 120997.91
394 121258.97
395 120993.85
396 120891.09
397 121140.00
398 120902.06
399 120913.98
400 121132.85
401 120940.21
402 120980.02
403 121085.88
404 120978.12
405 121187.93
406 121114.02
407 120785.95
408 121124.03
409 120826.96
410 120857.95
411 121130.94
412 120920.90
413 121034.86
414 121296.88
415 120914.94
416 121100.90
417 121012.93
418 121100.90
419 120825.77
420 121365.07
421 121073.96
422 120970.96
423 120859.86
424 121128.08
425 121281.15
426 120719.91
427 120943.07
428 121156.93
429 120815.04
430 120800.02
431 121047.02
432 121114.02
433 121069.91
434 120985.98
435 121015.07
436 121075.87
437 120917.08
438 120934.96
439 121152.88
440 120899.92
441 120964.05
442 120934.01
443 120774.03
444 120852.95
445 120900.15
446 120954.04
447 120908.02
448 121104.96
449 121256.11
450 121258.02
451 120862.96
452 120985.03
453 120939.02
454 120999.10
455 120841.98
456 120985.98
457 121173.14
458 121150.97
459 121124.03
460 120922.09
461 120903.02
462 121149.06
463 120972.87
464 120959.04
465 120908.02
466 120774.03
467 120821.00
468 121109.96
469 120918.04
470 120828.15
471 121032.00
472 120697.02
473 121407.03
474 120926.86
475 121047.02
476 120889.90
477 120849.13
478 121018.89
479 120822.91
480 121130.94
481 121024.85
482 121062.04
483 121008.87
484 120726.11
485 120841.98
486 121157.88
487 120690.11
488 120989.08
489 121178.87
490 120857.95
491 120908.98
492 120831.01
493 121131.90
494 121155.98
495 121044.87
496 121073.01
497 120893.96
498 120847.94
499 120793.10
500 120915.17
501 120717.05
502 120992.18
503 120831.01
504 120835.07
505 120805.98
506 121038.20
507 121134.04
508 121242.05
509 121107.10
510 120835.07
511 121094.94
512 120939.97
513 121069.91
514 121207.00
515 120893.00
516 121124.98
517 121116.88
518 120980.02
519 121062.04
520 121338.84
521 121034.86
522 121222.97
523 121156.93
524 120898.96
525 120918.04
526 120882.03
527 121085.17
528 121093.99
529 121055.13
530 120957.85
531 121464.01
532 121011.97
533 121047.97
534 120935.92
535 120888.95
536 121038.91
537 120779.99
538 121068.95
539 121248.96
540 120948.08
541 121058.94
542 121199.13
543 120821.95
544 121037.96
545 121092.08
546 121032.00
547 120891.81
548 120960.95
549 120790.96
550 120944.02
551 121096.85
552 121212.01
553 121088.98
554 120862.96
555 121239.90
556 121019.12
557 121152.88
558 121136.90
559 121019.12
560 121113.06
561 121083.97
562 121119.02
563 121148.11
564 121130.94
565 121060.13
566 121136.19
567 121137.86
568 121141.91
569 121147.16
570 121065.14
571 121087.07
572 121128.08
573 121135.00
574 121132.14
575 121140.00
576 121135.00
577 121104.96
578 121132.14
579 121184.11
580 121120.93
581 121101.14
582 121127.13
583 121140.96
584 121133.09
585 121143.10
586 121154.07
587 121079.92
588 121090.17
589 121141.91
590 121064.90
591 121141.91
592 121061.09
593 121032.00
594 121092.08
595 121115.92
596 121116.88
597 121102.09
598 121087.07
599 121129.04
600 121111.87
601 121026.04
602 121113.06
603 121141.91
604 121124.98
605 121097.09
606 121125.94
607 121144.06
608 121138.10
609 121149.06
610 121067.05
611 121088.03
612 121126.17
613 121145.01
614 121124.98
615 121108.06
616 121133.09
617 121109.96
618 121100.90
619 121114.97
620 121104.96
621 121087.07
622 121113.06
623 121139.05
624 121126.17
625 121136.90
626 121109.01
627 121070.86
628 121128.08
629 121140.96
630 121069.91
631 121119.02
632 121139.05
633 121129.99
634 121109.96
635 121137.14
636 121123.79
637 121142.15
638 121133.09
639 121145.01
640 121140.00
641 121099.95
642 121146.92
643 121099.95
644 121113.06
645 121124.03
646 121122.84
647 121121.88
648 121126.17
649 121146.92
650 121064.19
651 121037.01
652 121119.98
653 121063.95
654 121124.03
655 121143.10
656 121126.89
657 121090.89
658 121137.14
659 121131.90
660 121138.10
661 121136.90
662 121187.21
663 121136.90
664 121105.91
665 121115.21
666 121165.99
667 121091.84
668 121141.91
669 121122.84
670 121054.17
671 121157.88
672 121131.18
673 121086.12
674 121142.86
675 121145.96
676 121114.02
677 121114.02
678 121119.98
679 121121.88
680 121135.00
681 121090.89
682 121140.00
683 121053.93
684 121141.91
685 121130.94
686 121083.97
687 121138.81
688 121136.90
689 121133.09
690 121069.91
691 121146.92
692 121130.94
693 121086.84
694 121150.02
695 121108.06
696 121033.91
697 121126.17
698 121139.05
699 121300.94
