700
0 121173.14
1 121029.85
2 121062.99
3 121048.93
4 121015.07
5 120955.94
6 121026.99
7 121068.00
8 121069.19
9 121068.00
10 121047.97
11 120976.92
12 121066.09
13 121039.15
14 121068.00
15 121060.13
16 121006.01
17 121047.97
18 121034.15
19 121050.12
20 121100.19
21 121060.85
22 121027.95
23 121036.05
24 121054.17
25 121048.93
26 121052.98
27 120986.94
28 120954.99
29 121032.95
30 121062.99
31 121050.12
32 121071.10
33 121046.07
34 121062.04
35 121052.03
36 121058.94
37 121113.06
38 121037.96
39 121032.95
40 121047.97
41 121053.93
42 121021.03
43 121069.91
44 121052.98
45 121042.01
46 120992.90
47 121011.02
48 121041.06
49 121052.03
50 121053.93
51 121057.99
52 121063.95
53 121060.13
54 120976.92
55 120972.16
56 121066.09
57 121052.98
58 121047.02
59 121057.03
60 120970.96
61 121058.94
62 120964.05
63 121065.86
64 121064.90
65 121012.93
66 121094.94
67 121053.93
68 120996.00
69 121063.95
70 121032.95
71 121033.91
72 121063.95
73 121073.01
74 121036.05
75 121047.97
76 121041.06
77 121065.14
78 121042.97
79 121042.01
80 121069.91
81 121046.78
82 121026.99
83 121028.90
84 121045.11
85 121051.07
86 121052.03
87 121062.04
88 121052.98
89 121062.99
90 121054.89
91 120960.95
92 121051.07
93 121077.06
94 121073.01
95 121060.13
96 121054.17
97 121038.91
98 121104.00
99 121050.12
100 121068.95
101 121129.04
102 121130.94
103 121097.09
104 121121.88
105 121859.07
106 121127.13
107 121033.91
108 120895.15
109 121099.00
110 121642.83
111 121072.05
112 121554.14
113 121167.90
114 121055.13
115 121021.03
116 121167.90
117 121629.00
118 121186.97
119 121026.99
120 120975.97
121 121207.00
122 120918.99
123 121059.89
124 121622.09
125 120899.92
126 121146.92
127 121212.96
128 121116.88
129 121021.03
130 121171.00
131 121081.11
132 121117.12
133 120884.90
134 121075.87
135 121202.95
136 121043.21
137 121396.06
138 121479.99
139 121253.97
140 121037.01
141 121230.13
142 120990.99
143 121015.07
144 121038.20
145 121105.19
146 120895.15
147 120972.87
148 120825.05
149 121026.04
150 120990.04
151 120943.07
152 121088.98
153 121720.08
154 120853.90
155 121008.87
156 121001.96
157 121112.82
158 121104.96
159 121114.02
160 121074.91
161 121152.16
162 120887.99
163 120955.94
164 120771.88
165 120958.09
166 120957.85
167 121080.88
168 121381.04
169 121011.02
170 120893.00
171 120973.83
172 121153.12
173 120934.01
174 121232.99
175 120971.92
176 121030.09
177 121102.09
178 120959.04
179 120985.03
180 121613.98
181 121093.03
182 121091.13
183 121067.05
184 121037.96
185 120954.99
186 120982.89
187 121434.93
188 121109.96
189 121137.86
190 121078.01
191 121565.10
192 120964.05
193 121106.86
194 121013.88
195 121143.10
196 120993.85
197 121564.15
198 121099.00
199 120962.86
200 121123.08
201 120970.01
202 121057.03
203 121292.11
204 121624.95
205 121389.15
206 120998.86
207 121328.12
208 121745.11
209 120934.96
210 120996.95
211 121140.00
212 121567.01
213 121032.00
214 121608.02
215 121048.93
216 121519.09
217 120968.82
218 121409.89
219 121330.98
220 120859.86
221 121386.05
222 121015.07
223 121389.15
224 121747.02
225 121031.05
226 121300.94
227 121040.82
228 121670.96
229 121316.91
230 120888.95
231 121458.05
232 121379.85
233 121923.21
234 121073.01
235 121327.16
236 121389.87
237 120963.10
238 121548.89
239 120843.89
240 121232.03
241 121073.01
242 121022.94
243 121097.09
244 121113.06
245 120892.05
246 120949.03
247 120949.98
248 121109.96
249 121166.94
250 121482.13
251 121377.94
252 121011.02
253 120991.95
254 120967.86
255 121277.09
256 121319.06
257 120949.03
258 121595.14
259 120876.07
260 120922.09
261 120819.81
262 121227.98
263 121675.97
264 121151.21
265 120850.09
266 121089.94
267 121437.07
268 121582.98
269 121685.03
270 120998.14
271 120944.98
272 120930.91
273 121185.06
274 121112.11
275 121083.02
276 121308.09
277 120804.07
278 121068.00
279 121345.04
280 121577.02
281 121132.14
282 120818.85
283 120836.97
284 121860.98
285 121097.80
286 121778.01
287 121195.08
288 120935.92
289 121109.96
290 121580.84
291 120944.02
292 121227.03
293 121411.09
294 120871.07
295 121536.02
296 121222.02
297 121139.05
298 121964.93
299 121179.10
300 120954.99
301 120918.99
302 121801.85
303 121098.04
304 120851.99
305 120990.99
306 121402.03
307 121299.03
308 121443.99
309 121205.09
310 121096.13
311 120797.87
312 121026.99
313 121129.99
314 121576.07
315 121200.80
316 121436.12
317 120879.17
318 121235.13
319 120936.16
320 120948.08
321 120913.03
322 120824.10
323 121295.93
324 120981.22
325 120907.07
326 121216.06
327 121407.99
328 121769.19
329 121031.05
330 121618.03
331 120928.05
332 120971.92
333 121314.05
334 120820.05
335 120929.00
336 121421.10
337 120975.97
338 121015.07
339 121009.11
340 120938.06
341 121052.03
342 121320.01
343 121009.11
344 120931.15
345 120979.79
346 120934.01
347 121232.99
348 121031.05
349 121173.86
350 121058.94
351 120810.99
352 121821.88
353 121129.04
354 121259.93
355 121163.13
356 120821.00
357 121464.01
358 121354.82
359 121655.94
360 120881.08
361 121192.93
362 120944.02
363 120950.94
364 120890.14
365 120941.16
366 120909.93
367 120826.96
368 120953.08
369 120812.89
370 120978.12
371 120868.92
372 121022.94
373 120844.84
374 120810.99
375 120919.94
376 120946.88
377 121064.90
378 120859.86
379 121323.11
380 120882.99
381 120977.88
382 121050.12
383 120867.97
384 121193.89
385 120957.85
386 121364.83
387 120977.88
388 121256.83
389 121079.92
390 121081.11
391 121010.07
392 120939.02
393 120994.09
394 120896.82
395 120917.08
396 120916.84
397 120907.07
398 120758.06
399 120862.96
400 120824.10
401 120829.11
402 120880.13
403 120830.06
404 120881.08
405 121173.86
406 120949.98
407 120926.14
408 121170.04
409 121006.01
410 120821.95
411 120907.07
412 120859.86
413 121005.06
414 121189.83
415 120965.00
416 121042.01
417 121387.96
418 121008.16
419 121047.02
420 121532.20
421 121192.93
422 120985.03
423 120931.15
424 120869.87
425 121024.13
426 121150.02
427 121012.93
428 120922.09
429 121263.03
430 120752.10
431 120995.04
432 120879.89
433 121048.93
434 120939.97
435 120890.86
436 120836.02
437 120924.95
438 121253.97
439 121264.93
440 121382.00
441 120790.00
442 121052.03
443 121303.80
444 121001.96
445 121104.00
446 120934.01
447 121454.00
448 120803.83
449 121104.00
450 121028.90
451 121029.85
452 121212.96
453 121085.17
454 121261.84
455 121095.18
456 120862.01
457 120924.95
458 121202.95
459 121064.19
460 121196.99
461 120837.93
462 120975.02
463 120862.01
464 120939.97
465 121093.03
466 120914.94
467 121196.99
468 120868.92
469 121281.86
470 120738.03
471 120949.98
472 121090.17
473 120970.96
474 120784.04
475 121053.93
476 121121.88
477 121327.16
478 120699.88
479 120971.92
480 121253.01
481 121273.04
482 121111.15
483 121240.14
484 120938.06
485 120930.91
486 120990.04
487 121336.94
488 121278.05
489 121450.90
490 120966.91
491 120928.05
492 121152.88
493 121442.08
494 121875.05
495 120925.90
496 121032.95
497 120985.03
498 121226.07
499 121124.03
500 121183.16
501 121479.99
502 121690.03
503 121032.00
504 121306.90
505 121523.14
506 121264.93
507 121051.07
508 121209.86
509 121227.98
510 121023.89
511 121441.84
512 121001.96
513 121187.93
514 121083.02
515 120983.84
516 121276.86
517 121088.98
518 121385.10
519 121225.83
520 121289.97
521 121039.87
522 121523.86
523 121618.03
524 120919.94
525 121593.00
526 120923.04
527 121141.91
528 121166.94
529 121121.17
530 121225.83
531 121618.99
532 120822.91
533 120897.05
534 121507.88
535 121207.95
536 120771.88
537 121464.01
538 121047.02
539 120947.84
540 121034.86
541 121318.82
542 121156.93
543 120887.04
544 121351.96
545 121051.79
546 121353.15
547 120836.97
548 121322.87
549 120980.98
550 121428.01
551 121236.09
552 121260.88
553 120801.93
554 120954.04
555 121557.00
556 121171.95
557 121412.99
558 120867.01
559 121176.00
560 120950.94
561 121429.92
562 121584.89
563 121325.97
564 120805.98
565 121577.98
566 120819.09
567 120925.90
568 121661.90
569 121143.82
570 121141.91
571 121203.90
572 121414.90
573 121324.06
574 121013.88
575 121264.22
576 120901.82
577 121189.83
578 121336.94
579 121220.11
580 120896.82
581 121272.09
582 121181.01
583 121088.03
584 121423.96
585 121407.99
586 121215.82
587 121082.07
588 121378.18
589 121051.79
590 120790.00
591 121274.95
592 121128.08
593 121474.98
594 120958.09
595 121139.05
596 121243.95
597 121315.00
598 121466.88
599 120900.87
600 120754.96
601 121479.99
602 121067.05
603 121352.91
604 121156.93
605 121266.13
606 121578.93
607 121011.97
608 120891.09
609 121171.95
610 121012.93
611 121084.93
612 121138.10
613 121057.99
614 120869.87
615 121248.01
616 120851.99
617 121000.05
618 120681.05
619 121136.90
620 121312.14
621 121170.04
622 121046.07
623 120929.00
624 121184.11
625 121099.95
626 121083.02
627 120841.98
628 121598.01
629 120929.96
630 121399.16
631 121225.83
632 120843.89
633 121294.98
634 120827.91
635 120922.09
636 120906.11
637 120951.18
638 121348.14
639 121124.98
640 120878.93
641 121049.88
642 120944.02
643 121162.18
644 121071.82
645 121143.10
646 120936.87
647 120800.02
648 121141.91
649 120771.88
650 121047.02
651 120992.90
652 121150.02
653 121134.04
654 120947.84
655 121013.88
656 120940.21
657 121217.01
658 120882.03
659 120822.91
660 120750.19
661 120935.92
662 121136.90
663 120970.01
664 120941.88
665 120903.97
666 120960.95
667 121088.03
668 120965.96
669 121010.07
670 121287.11
671 120930.19
672 120899.20
673 120921.13
674 121200.08
675 121082.78
676 120949.03
677 121016.98
678 120990.99
679 120805.03
680 121155.02
681 121037.01
682 121557.95
683 120965.96
684 121010.07
685 121071.10
686 120738.03
687 121185.06
688 120920.90
689 120991.23
690 120863.91
691 121099.95
692 121325.02
693 121179.10
694 120954.04
695 121001.96
696 121073.01
697 121232.99
698 120782.14
699 121102.81
