700
0 121134.04
1 121032.00
2 121016.03
3 120968.10
4 121017.22
5 121026.04
6 120980.98
7 121018.89
8 121026.99
9 121035.81
10 121022.94
11 121004.82
12 121016.98
13 121008.87
14 120987.18
15 121002.91
16 121001.01
17 121008.87
18 120996.95
19 121008.16
20 120948.08
21 121011.02
22 121012.93
23 121011.02
24 121013.88
25 121016.98
26 121061.80
27 121012.93
28 121029.85
29 120970.01
30 120977.16
31 121024.13
32 121021.03
33 120976.92
34 120972.16
35 121003.87
36 120990.04
37 121008.87
38 120999.10
39 121136.90
40 120939.97
41 120932.10
42 121023.18
43 121021.03
44 120988.85
45 120977.16
46 121008.87
47 121023.89
48 121011.97
49 121001.01
50 121011.97
51 121020.08
52 121009.83
53 120980.98
54 120974.06
55 121006.97
56 120998.86
57 121016.03
58 121006.01
59 121026.04
60 120938.06
61 120975.97
62 121017.93
63 121018.17
64 121018.89
65 121024.13
66 121019.12
67 121021.99
68 120985.98
69 121024.13
70 121018.89
71 120985.03
72 121014.12
73 120981.93
74 121024.13
75 121003.87
76 120996.00
77 121009.83
78 121004.10
79 120790.96
80 120888.23
81 121037.01
82 121002.20
83 120961.90
84 121027.95
85 121016.03
86 121023.89
87 121020.08
88 120952.13
89 120960.95
90 121011.02
91 121021.99
92 121013.88
93 120882.03
94 120872.97
95 120932.10
96 120919.94
97 120999.81
98 120831.97
99 120954.04
100 120976.21
101 120887.99
102 121175.05
103 120972.16
104 121321.92
105 120995.04
106 121479.03
107 121191.98
108 122216.94
109 121342.90
110 121956.11
111 121012.93
112 122118.00
113 124149.08
114 123143.91
115 122894.05
116 122622.97
117 124464.99
118 122448.92
119 123111.96
120 124066.83
121 122220.04
122 122499.94
123 125406.03
124 122148.99
125 123650.07
126 122797.01
127 123433.83
128 123372.08
129 123286.96
130 123008.97
131 123933.08
132 124368.91
133 124561.07
134 124287.13
135 124060.87
136 124270.92
137 123494.15
138 122694.02
139 123874.90
140 126290.08
141 123852.97
142 124459.03
143 124311.92
144 124974.01
145 124444.96
146 123868.94
147 122195.96
148 123839.14
149 124540.09
150 122719.05
151 122808.93
152 125501.16
153 123811.01
154 123745.92
155 124638.08
156 122833.01
157 123349.91
158 122457.03
159 123998.88
160 123831.03
161 124835.01
162 124713.90
163 123632.91
164 122545.96
165 123258.11
166 123286.96
167 123373.99
168 122493.98
169 122678.04
170 122548.10
171 123498.92
172 123762.85
173 124307.87
174 124293.09
175 123754.02
176 123453.86
177 122709.04
178 123371.12
179 124037.98
180 124226.81
181 123465.06
182 123378.99
183 123992.20
184 122420.07
185 123519.90
186 122382.88
187 124048.95
188 122974.87
189 123242.14
190 124979.97
191 123095.04
192 123027.09
193 123363.97
194 124126.91
195 122509.00
196 123377.08
197 124172.93
198 124323.13
199 123293.88
200 123123.88
201 122895.96
202 124211.07
203 125835.90
204 124227.05
205 124036.07
206 122522.12
207 123335.12
208 123259.07
209 124235.87
210 123022.08
211 124325.99
212 123646.97
213 122630.12
214 123380.90
215 122751.95
216 122812.03
217 123533.01
218 122446.78
219 122864.01
220 122761.01
221 123297.93
222 124361.99
223 125113.01
224 124324.08
225 123187.07
226 123620.99
227 124089.00
228 124247.07
229 122650.86
230 123979.81
231 123216.87
232 122726.92
233 123751.88
234 123840.81
235 124759.91
236 124164.10
237 125058.89
238 123147.96
239 123109.10
240 122825.15
241 122690.92
242 124163.87
243 124692.20
244 124099.97
245 122325.90
246 123445.99
247 123409.99
248 123383.05
249 124163.15
250 122891.90
251 123687.03
252 123022.08
253 125341.18
254 122945.07
255 125531.91
256 123841.05
257 122980.12
258 121294.02
259 121222.97
260 122879.03
261 122974.87
262 122057.91
263 122064.83
264 123126.03
265 122210.03
266 121039.87
267 122132.06
268 122545.00
269 122593.16
270 121135.00
271 121223.93
272 121093.99
273 121528.86
274 122212.89
275 121170.04
276 122757.91
277 121149.06
278 122490.17
279 122426.99
280 122123.96
281 123914.00
282 121406.08
283 122044.80
284 121447.80
285 121137.86
286 122061.01
287 122967.96
288 121736.05
289 122591.97
290 123535.87
291 121942.04
292 122773.17
293 121798.99
294 123659.13
295 121631.86
296 120877.98
297 121574.88
298 121356.01
299 121067.05
300 121495.01
301 122216.94
302 121772.05
303 121322.15
304 122246.03
305 123080.97
306 120863.91
307 121460.20
308 121451.14
309 121726.99
310 122144.94
311 122138.02
312 121830.22
313 120848.89
314 121446.85
315 120875.12
316 121007.92
317 121191.98
318 120759.01
319 122208.12
320 122157.10
321 122256.99
322 121499.06
323 122130.87
324 122166.16
325 122131.11
326 121506.93
327 121188.88
328 121049.17
329 121986.15
330 122099.88
331 121005.06
332 121814.01
333 120912.79
334 121844.05
335 122125.86
336 121049.88
337 120920.18
338 120980.98
339 120818.85
340 122282.98
341 121616.13
342 122262.95
343 122190.95
344 120785.00
345 122216.94
346 121804.00
347 121918.92
348 121941.80
349 121073.96
350 121108.06
351 122613.91
352 120819.09
353 122505.90
354 121574.16
355 121575.83
356 122381.21
357 123015.17
358 122443.20
359 120676.04
360 120981.22
361 121083.02
362 120848.89
363 120840.07
364 120857.95
365 120776.18
366 120841.98
367 120638.13
368 120903.02
369 120939.02
370 121125.22
371 121032.00
372 121330.98
373 120949.03
374 120989.08
375 121232.03
376 120920.90
377 121055.84
378 120947.12
379 121089.94
380 120998.14
381 120795.97
382 121104.00
383 121203.18
384 121284.01
385 120669.13
386 121026.99
387 121101.14
388 121109.96
389 121052.03
390 120967.15
391 121001.96
392 120978.83
393 121006.01
394 120710.85
395 121001.01
396 120918.99
397 121279.95
398 121122.12
399 120721.82
400 121106.86
401 121045.11
402 121171.00
403 121005.06
404 121091.84
405 120676.04
406 120687.96
407 120734.93
408 120751.14
409 120797.16
410 120875.12
411 120853.90
412 120887.99
413 120928.05
414 120995.04
415 120903.02
416 120765.92
417 120818.14
418 120850.09
419 120938.06
420 120955.94
421 120818.14
422 120811.94
423 120762.11
424 120763.06
425 120851.04
426 120871.78
427 121112.82
428 120980.02
429 121079.92
430 120820.05
431 120769.98
432 120816.95
433 120814.09
434 120848.89
435 120940.92
436 120699.88
437 121088.98
438 121088.98
439 121042.01
440 120795.01
441 120698.93
442 120996.00
443 120754.96
444 120705.13
445 120811.94
446 120724.20
447 120841.03
448 120851.04
449 120728.02
450 121068.00
451 120726.11
452 121201.99
453 120839.12
454 120665.07
455 120747.80
456 121181.96
457 120997.91
458 121014.12
459 121217.97
460 120700.84
461 120846.99
462 121224.16
463 120917.08
464 120964.05
465 120963.81
466 120768.07
467 120996.00
468 121014.83
469 120680.09
470 120887.99
471 120882.03
472 121002.91
473 121042.97
474 121043.92
475 120987.18
476 121007.92
477 121029.14
478 120954.99
479 121003.15
480 121052.03
481 120701.07
482 120833.16
483 120903.02
484 120921.13
485 120913.03
486 120943.07
487 120920.90
488 120894.91
489 121253.97
490 121029.14
491 120893.00
492 120963.10
493 120956.90
494 120870.83
495 120936.16
496 121147.87
497 120885.13
498 120970.01
499 120837.93
500 120986.22
501 121001.01
502 120949.98
503 120907.07
504 120736.84
505 120722.06
506 120831.01
507 120783.81
508 120834.11
509 120852.95
510 120873.93
511 120810.03
512 120710.85
513 120806.93
514 120877.98
515 120924.00
516 121037.96
517 120781.90
518 120750.19
519 120769.98
520 121136.90
521 120695.11
522 121085.88
523 121016.03
524 121053.93
525 120753.05
526 121034.15
527 120776.89
528 120814.09
529 120713.00
530 120901.11
531 121322.87
532 121083.02
533 121086.84
534 121069.91
535 121164.08
536 120723.01
537 120713.00
538 120643.14
539 120914.94
540 121165.99
541 120782.85
542 121119.02
543 121111.87
544 120900.87
545 120897.05
546 120824.10
547 121006.01
548 120934.96
549 121006.01
550 120907.07
551 120944.02
552 121011.97
553 121185.06
554 121203.18
555 120941.16
556 120959.04
557 120948.08
558 120972.87
559 120945.93
560 120911.12
561 120940.92
562 120930.19
563 120953.08
564 120954.99
565 120952.13
566 120922.09
567 120914.94
568 120943.07
569 120939.97
570 120951.89
571 120888.95
572 120868.92
573 120929.00
574 120949.03
575 120937.11
576 120954.99
577 120882.99
578 120929.96
579 120849.13
580 120938.78
581 120982.89
582 120943.07
583 120910.88
584 120944.02
585 120955.94
586 120933.06
587 120897.05
588 120937.82
589 120959.04
590 120945.93
591 120932.10
592 120953.80
593 120916.13
594 120792.87
595 120940.92
596 120942.12
597 120947.84
598 120944.02
599 120964.05
600 120941.88
601 120882.03
602 120934.96
603 120970.01
604 120962.86
605 120899.92
606 120959.04
607 120957.14
608 120960.95
609 120959.04
610 120960.95
611 120871.78
612 120924.00
613 120939.97
614 120959.04
615 120944.98
616 120950.94
617 120944.98
618 120974.06
619 120934.96
620 120905.16
621 120993.85
622 120972.87
623 121026.99
624 120912.08
625 120927.10
626 120933.06
627 120970.01
628 120945.93
629 120913.03
630 120952.84
631 120946.17
632 120963.10
633 120913.98
634 120972.16
635 120970.01
636 120939.02
637 120969.06
638 120887.04
639 120970.01
640 120969.06
641 120970.01
642 120875.12
643 120939.97
644 120957.14
645 120944.98
646 120972.87
647 120949.98
648 120909.93
649 120955.94
650 120971.92
651 120881.08
652 120969.06
653 120958.81
654 120970.01
655 120965.96
656 120939.02
657 121008.87
658 120939.02
659 120917.08
660 120949.98
661 120991.95
662 120963.81
663 120914.94
664 120964.05
665 120958.09
666 120970.96
667 120970.01
668 120971.92
669 120992.90
670 120903.02
671 120928.05
672 120969.06
673 120909.93
674 120937.11
675 120968.82
676 120939.97
677 120934.96
678 120953.08
679 120956.18
680 120966.91
681 120954.04
682 120854.14
683 120959.04
684 120965.96
685 120970.01
686 120950.94
687 120897.05
688 120950.94
689 120967.86
690 120954.99
691 120872.97
692 120959.04
693 120949.98
694 120960.00
695 120972.16
696 120961.90
697 120969.06
698 120941.88
699 120963.10
