700
0 121238.95
1 121136.90
2 121124.03
3 121108.06
4 121112.11
5 121104.96
6 121160.03
7 121121.88
8 121118.07
9 121142.15
10 121121.88
11 121106.86
12 121123.08
13 121118.78
14 121125.94
15 121109.96
16 121126.89
17 121119.98
18 121136.90
19 121108.06
20 121107.10
21 121121.88
22 121135.00
23 121120.93
24 121124.98
25 121074.91
26 121122.84
27 121123.08
28 121033.91
29 121089.94
30 121099.95
31 121119.98
32 121112.11
33 121126.17
34 121116.88
35 120977.88
36 121122.84
37 121109.01
38 121042.97
39 121145.96
40 121146.92
41 121127.84
42 121121.88
43 121135.95
44 121129.04
45 121103.05
46 121113.06
47 121117.12
48 121053.93
49 121108.06
50 121107.10
51 121124.03
52 121124.03
53 121117.12
54 121119.98
55 121060.85
56 121097.09
57 121119.98
58 121109.96
59 121123.08
60 121133.09
61 121119.02
62 121106.15
63 121099.00
64 121102.09
65 121059.89
66 121121.88
67 121119.02
68 121110.92
69 121121.88
70 121078.97
71 121084.93
72 121102.09
73 121098.04
74 121075.87
75 121113.06
76 121101.86
77 121126.89
78 121119.98
79 121120.93
80 121129.04
81 121099.00
82 121106.86
83 121106.86
84 121119.98
85 121078.01
86 121124.03
87 121123.08
88 121124.03
89 121130.94
90 121097.80
91 121103.05
92 121105.91
93 120974.06
94 121081.11
95 121006.97
96 121033.91
97 121035.10
98 121114.02
99 121052.98
100 121027.95
101 121010.07
102 122507.10
103 121069.19
104 121881.01
105 120942.12
106 121827.13
107 120993.85
108 121229.17
109 120836.02
110 122336.15
111 123051.88
112 123018.03
113 122977.97
114 123721.12
115 123592.14
116 122804.16
117 122642.04
118 123965.98
119 122354.98
120 123326.06
121 122990.13
122 123732.09
123 122872.83
124 122844.93
125 122877.12
126 122650.86
127 123508.93
128 125208.85
129 122564.08
130 123609.07
131 122998.00
132 122966.05
133 122829.91
134 123401.17
135 123268.13
136 124620.20
137 122516.16
138 124878.88
139 124680.04
140 122948.88
141 122977.02
142 122884.04
143 123051.88
144 123911.14
145 122802.02
146 124432.09
147 122623.92
148 123970.99
149 122933.86
150 122397.18
151 123077.87
152 122900.96
153 122483.02
154 123314.14
155 123034.95
156 123434.07
157 123535.16
158 122389.08
159 122633.93
160 122727.16
161 122458.93
162 124152.90
163 122359.99
164 123306.04
165 122598.89
166 123359.92
167 124902.01
168 123257.16
169 124083.04
170 122627.02
171 123939.99
172 123760.94
173 122807.98
174 121987.10
175 123975.04
176 124534.13
177 122924.09
178 123531.10
179 122532.13
180 122512.10
181 124111.89
182 122190.95
183 122646.09
184 123368.02
185 124259.95
186 123987.91
187 123866.08
188 123183.97
189 122471.81
190 123833.89
191 122991.09
192 123013.02
193 123900.18
194 123755.93
195 122699.98
196 122431.04
197 122505.19
198 123595.00
199 125259.16
200 122682.09
201 123739.96
202 123728.99
203 124271.87
204 122586.01
205 122829.91
206 122678.04
207 122004.03
208 122727.16
209 122652.05
210 122527.12
211 123114.82
212 123800.99
213 122698.07
214 122635.13
215 124030.11
216 124212.98
217 122402.91
218 123136.04
219 123825.07
220 123203.04
221 123962.88
222 123935.94
223 123739.00
224 122859.95
225 122794.15
226 123044.97
227 123348.95
228 123215.91
229 122817.04
230 123527.05
231 123415.95
232 123221.87
233 123304.13
234 123105.05
235 122302.77
236 123992.92
237 123992.92
238 123792.89
239 122826.10
240 122699.98
241 123622.18
242 122751.95
243 123261.93
244 123422.15
245 122136.12
246 123214.01
247 123247.15
248 123313.19
249 123595.00
250 123316.05
251 122660.88
252 124650.96
253 123075.01
254 123489.86
255 122776.03
256 122551.92
257 123323.20
258 122498.99
259 123227.83
260 122982.98
261 123047.11
262 123641.01
263 122674.23
264 122596.03
265 124207.02
266 122730.97
267 122390.03
268 123137.00
269 123171.81
270 123071.19
271 122184.99
272 122327.80
273 123096.94
274 122268.92
275 123447.18
276 122385.98
277 123126.03
278 123914.96
279 120667.93
280 122183.08
281 121353.86
282 121228.93
283 121243.00
284 121412.04
285 122228.15
286 121252.06
287 121088.03
288 121079.92
289 122146.84
290 120930.91
291 123317.96
292 121469.02
293 121433.02
294 122004.03
295 121152.88
296 121833.09
297 120868.92
298 120924.00
299 121988.06
300 121657.85
301 120917.08
302 122344.97
303 122185.95
304 122894.05
305 122757.91
306 121119.98
307 120939.97
308 121813.06
309 122417.93
310 121473.07
311 123744.01
312 122164.01
313 122907.88
314 121930.12
315 121007.92
316 120860.10
317 121593.00
318 121557.95
319 122293.95
320 121339.08
321 121515.99
322 121437.07
323 121972.08
324 122231.96
325 122280.84
326 122603.89
327 122386.93
328 121376.04
329 121822.12
330 121595.86
331 121469.97
332 122297.05
333 122123.96
334 121138.10
335 121670.01
336 121148.11
337 121292.83
338 121971.85
339 121340.99
340 121190.07
341 121279.95
342 121040.11
343 121768.00
344 121581.79
345 122308.02
346 121588.95
347 120816.95
348 122175.93
349 121382.00
350 121873.14
351 121938.94
352 120857.95
353 123478.89
354 121537.21
355 121557.00
356 122143.98
357 122157.10
358 122076.99
359 120794.06
360 120967.86
361 120906.83
362 120884.18
363 120924.95
364 121140.00
365 121171.95
366 120925.90
367 120718.00
368 121065.14
369 120877.98
370 120952.13
371 120990.04
372 121001.01
373 120714.90
374 121008.87
375 120970.96
376 121128.08
377 120860.10
378 120942.83
379 120929.96
380 121079.92
381 121269.94
382 121010.07
383 120884.90
384 120835.07
385 120692.97
386 120741.13
387 120986.22
388 120805.03
389 120606.18
390 120762.11
391 120963.10
392 121028.90
393 121171.95
394 120827.91
395 121016.98
396 120966.20
397 121094.94
398 120941.16
399 120988.85
400 120851.04
401 121022.94
402 121033.91
403 120802.88
404 120883.94
405 120913.98
406 120754.00
407 120795.97
408 121028.90
409 120774.98
410 120799.78
411 120711.09
412 120975.97
413 121171.00
414 121069.91
415 120700.84
416 120996.95
417 120989.08
418 120680.09
419 121203.90
420 120893.96
421 120925.90
422 120752.10
423 120827.20
424 120938.06
425 120986.94
426 121064.90
427 120821.95
428 120996.95
429 120917.08
430 120896.10
431 120821.95
432 120806.93
433 121150.02
434 120690.82
435 120806.93
436 121037.01
437 120785.95
438 120769.02
439 120655.06
440 120777.85
441 120833.87
442 120816.95
443 120943.78
444 120713.95
445 120842.93
446 120916.13
447 120965.00
448 121141.91
449 121053.93
450 121081.83
451 120881.08
452 121072.05
453 120985.03
454 120982.89
455 120984.08
456 120788.10
457 120934.01
458 120789.05
459 121005.06
460 121048.93
461 120876.07
462 120982.89
463 120886.09
464 121243.00
465 120858.91
466 120850.09
467 121049.88
468 120924.00
469 120881.08
470 121158.84
471 121104.96
472 121083.02
473 121117.12
474 121062.99
475 121083.97
476 120776.18
477 121030.09
478 121135.00
479 120766.16
480 120989.08
481 121149.06
482 120924.95
483 120800.97
484 120846.03
485 121026.99
486 121128.08
487 121187.93
488 120806.93
489 120901.82
490 120745.18
491 120819.09
492 121020.08
493 121026.99
494 120894.19
495 121147.16
496 120905.88
497 120998.14
498 121099.00
499 121119.02
500 121069.19
501 120967.15
502 120749.95
503 120778.08
504 120829.82
505 120797.87
506 121030.81
507 121003.87
508 120743.04
509 121032.00
510 120838.88
511 120829.82
512 120810.03
513 120985.98
514 121089.94
515 121123.79
516 120797.87
517 120759.96
518 120809.08
519 120977.88
520 121160.98
521 120943.07
522 120764.02
523 120939.02
524 120867.97
525 121014.12
526 121095.90
527 120821.00
528 120924.95
529 120682.00
530 120891.81
531 120951.18
532 121093.99
533 120846.99
534 120859.15
535 120985.03
536 120923.04
537 121034.86
538 120851.99
539 120960.95
540 121064.90
541 121236.09
542 120762.83
543 120910.88
544 120766.88
545 120873.93
546 120687.96
547 121088.03
548 120986.94
549 120849.85
550 121113.06
551 121025.09
552 121268.99
553 121041.06
554 121052.98
555 121057.99
556 121057.03
557 120958.81
558 121002.91
559 121041.06
560 121057.99
561 121043.92
562 121055.84
563 121052.03
564 121054.89
565 121059.89
566 121060.85
567 121001.96
568 121047.97
569 121037.96
570 121042.97
571 121059.89
572 121036.05
573 121068.95
574 121047.02
575 121037.96
576 121046.78
577 121050.12
578 121015.07
579 121056.08
580 121065.86
581 121059.89
582 121071.10
583 121035.10
584 121065.86
585 121065.86
586 121071.10
587 121057.99
588 121093.99
589 121064.90
590 121018.89
591 121046.07
592 121042.97
593 121054.17
594 121065.86
595 121061.80
596 120967.86
597 120922.80
598 120930.91
599 121047.02
600 121035.10
601 121048.93
602 121063.95
603 121067.05
604 121060.85
605 121085.88
606 121066.09
607 121059.18
608 121065.86
609 121062.99
610 121067.05
611 121054.17
612 121046.07
613 121048.93
614 121062.99
615 121079.92
616 121062.99
617 120996.00
618 121038.20
619 121035.81
620 121054.89
621 121049.88
622 121067.05
623 121061.09
624 121059.89
625 121057.03
626 121026.99
627 121044.87
628 121064.90
629 121053.93
630 121059.89
631 121077.06
632 121064.19
633 121068.00
634 121068.00
635 121059.89
636 121039.87
637 121051.07
638 121022.94
639 121062.04
640 121051.07
641 121066.09
642 121050.83
643 121062.99
644 121084.93
645 121048.93
646 121046.07
647 121052.03
648 121077.06
649 121077.06
650 121069.91
651 121012.93
652 121039.15
653 121057.03
654 121067.05
655 121065.86
656 121063.95
657 120997.91
658 121049.88
659 121042.01
660 121047.02
661 121047.02
662 120975.02
663 121068.95
664 121032.00
665 121089.94
666 121052.03
667 120952.13
668 121049.17
669 121064.90
670 121060.85
671 121055.84
672 121068.00
673 121065.14
674 121046.07
675 121059.18
676 121043.21
677 120987.89
678 120962.86
679 121065.86
680 121067.05
681 121045.83
682 121086.12
683 121092.08
684 121040.11
685 121039.15
686 121054.89
687 121052.98
688 121057.99
689 121063.95
690 121064.90
691 121068.95
692 121046.07
693 121049.17
694 121049.17
695 121047.97
696 121064.90
697 121062.99
698 121026.99
699 121074.91
