700
0 121364.83
1 121131.90
2 121092.08
3 121114.97
4 121114.97
5 121064.90
6 121112.11
7 121114.97
8 121120.93
9 121082.07
10 121118.07
11 121054.89
12 121108.06
13 121129.99
14 121104.96
15 121112.11
16 121096.85
17 121124.03
18 121104.00
19 121097.80
20 121101.86
21 121146.20
22 121108.06
23 121014.12
24 121107.82
25 121102.09
26 121045.11
27 121097.09
28 121092.08
29 121128.08
30 121134.04
31 121114.02
32 121122.84
33 121119.02
34 121124.98
35 121106.15
36 121122.12
37 121093.99
38 121114.02
39 121116.16
40 121098.04
41 121120.93
42 121101.14
43 121110.92
44 121119.02
45 121135.00
46 121099.00
47 121145.96
48 121093.03
49 121109.01
50 121088.98
51 121104.96
52 121101.14
53 121140.00
54 121129.04
55 121108.06
56 121078.01
57 121145.96
58 121119.02
59 121114.97
60 121123.08
61 121113.06
62 121057.99
63 121122.12
64 121117.12
65 121128.08
66 121116.88
67 121114.97
68 121125.94
69 121124.03
70 121116.88
71 121124.98
72 121124.98
73 121123.08
74 121105.19
75 121104.00
76 121101.14
77 121125.94
78 121097.09
79 121103.05
80 121105.91
81 121114.02
82 121104.00
83 121090.89
84 121098.04
85 121125.94
86 121091.13
87 121062.99
88 121127.13
89 121120.93
90 121128.08
91 121114.02
92 121130.94
93 120960.95
94 121132.85
95 121127.13
96 121141.91
97 121016.98
98 121045.11
99 121095.90
100 121093.99
101 121034.86
102 121120.93
103 121478.08
104 121126.17
105 121097.09
106 121191.98
107 121158.84
108 120969.06
109 121164.08
110 121211.05
111 121033.19
112 121173.86
113 121034.86
114 121181.96
115 121032.95
116 120949.03
117 121191.02
118 121510.98
119 121180.06
120 121156.22
121 120955.94
122 121185.78
123 120867.01
124 121165.99
125 121818.07
126 121035.10
127 121005.77
128 120899.20
129 121183.87
130 121407.99
131 121127.84
132 120785.00
133 120890.86
134 121124.98
135 121186.02
136 121176.00
137 121212.96
138 121154.07
139 121170.04
140 120897.05
141 121171.95
142 121273.99
143 121171.00
144 120990.04
145 120920.90
146 121054.17
147 121618.03
148 121523.14
149 120739.94
150 120949.98
151 121182.20
152 121126.89
153 121184.11
154 120951.89
155 120978.12
156 121073.01
157 121684.07
158 121122.12
159 121621.85
160 121553.90
161 121185.06
162 120973.11
163 121015.79
164 122215.99
165 120926.86
166 120923.04
167 121039.87
168 121020.08
169 121793.03
170 121143.10
171 120954.99
172 121010.07
173 121054.17
174 121457.82
175 121022.94
176 120799.06
177 121145.01
178 120898.96
179 120917.08
180 121066.09
181 120985.03
182 121491.91
183 121117.12
184 121158.84
185 120912.08
186 121211.05
187 121276.14
188 121378.90
189 120939.02
190 120853.90
191 121032.95
192 120911.84
193 121567.01
194 121379.85
195 121729.14
196 121019.12
197 121102.09
198 121042.01
199 121106.86
200 120917.80
201 120886.80
202 121393.92
203 121343.14
204 120966.91
205 121207.00
206 121568.92
207 121487.14
208 120975.02
209 121027.95
210 120928.05
211 121342.90
212 121454.00
213 120964.05
214 120949.03
215 121376.04
216 121046.78
217 121222.97
218 121292.11
219 121191.98
220 120958.09
221 121001.96
222 122112.04
223 121078.97
224 121675.97
225 120909.93
226 120887.04
227 121279.00
228 121269.94
229 121453.05
230 120914.94
231 121382.95
232 121153.12
233 120982.89
234 121163.85
235 120990.99
236 120949.98
237 120835.07
238 121066.09
239 121100.90
240 120867.01
241 121082.07
242 120881.80
243 121502.16
244 122259.14
245 121618.99
246 121416.09
247 121155.02
248 121380.09
249 121176.00
250 120960.00
251 121783.97
252 120945.93
253 121125.94
254 121016.03
255 121021.03
256 121312.86
257 120897.05
258 122025.97
259 120975.97
260 120938.06
261 121274.95
262 121006.01
263 120800.97
264 121035.10
265 121026.04
266 120940.92
267 121076.82
268 121376.99
269 121422.05
270 121052.03
271 120978.12
272 121752.98
273 121416.09
274 121351.96
275 120988.85
276 120748.04
277 121749.16
278 121036.05
279 121015.07
280 121032.00
281 120921.13
282 121446.13
283 121876.00
284 121026.99
285 121796.85
286 120996.00
287 122276.07
288 120872.02
289 121244.91
290 120889.19
291 120949.03
292 121604.92
293 121593.00
294 121173.14
295 121984.96
296 121014.12
297 120815.04
298 120927.10
299 122395.04
300 122007.85
301 121138.10
302 120970.01
303 121141.20
304 121534.11
305 121417.05
306 121281.15
307 121304.04
308 121016.98
309 121643.07
310 121044.16
311 121485.95
312 121142.86
313 121026.99
314 121349.10
315 120996.00
316 121438.03
317 121299.98
318 121356.96
319 120936.16
320 120987.89
321 121303.08
322 121642.11
323 120960.00
324 121623.04
325 121198.89
326 120924.00
327 121092.08
328 121232.03
329 120868.21
330 121170.04
331 121881.01
332 121018.17
333 121084.93
334 121094.94
335 121139.05
336 121437.07
337 121047.97
338 121042.01
339 121124.03
340 121103.05
341 121338.84
342 121129.99
343 121948.96
344 121290.92
345 122389.08
346 121380.09
347 121013.88
348 121129.04
349 121234.89
350 121327.16
351 121258.97
352 120922.09
353 121461.87
354 121613.03
355 121263.98
356 121314.05
357 120888.95
358 121675.01
359 121049.88
360 120840.07
361 121333.12
362 121104.96
363 121037.96
364 121254.92
365 121021.99
366 121392.01
367 121057.99
368 120931.86
369 121123.08
370 120936.87
371 120968.10
372 120730.16
373 120759.96
374 121075.87
375 120866.06
376 120940.92
377 121001.01
378 120964.05
379 120983.12
380 120820.05
381 121001.96
382 120768.07
383 120972.16
384 120920.90
385 121010.07
386 120999.81
387 121497.15
388 121109.01
389 121073.01
390 120882.99
391 120905.16
392 120936.87
393 120857.95
394 120886.09
395 120831.01
396 120846.99
397 120756.86
398 120913.03
399 120937.82
400 120975.02
401 120985.03
402 121032.95
403 121284.01
404 120996.00
405 121062.99
406 120805.98
407 120991.95
408 120995.04
409 120954.99
410 120918.04
411 120965.96
412 120973.11
413 120970.96
414 121682.88
415 120913.03
416 120958.09
417 120928.05
418 121445.18
419 121029.14
420 121006.97
421 120908.98
422 121299.03
423 121060.13
424 120743.04
425 121110.92
426 120883.23
427 121142.15
428 121223.93
429 120964.05
430 120987.18
431 121012.21
432 120920.90
433 121047.97
434 121412.99
435 120890.14
436 121059.18
437 121217.97
438 120975.97
439 121251.11
440 121332.88
441 120739.94
442 120930.19
443 121246.10
444 121110.92
445 120774.03
446 121092.08
447 121057.99
448 121048.21
449 120902.06
450 120933.77
451 121160.98
452 121111.87
453 120965.00
454 121121.17
455 120761.87
456 121123.79
457 120760.92
458 121212.96
459 120701.07
460 120908.98
461 120915.89
462 121092.08
463 121533.16
464 121197.94
465 120746.14
466 120961.19
467 121001.96
468 121188.88
469 120856.05
470 120851.04
471 121345.04
472 121032.00
473 121098.04
474 120883.94
475 121021.03
476 121055.84
477 121163.13
478 121020.08
479 120990.99
480 121487.14
481 121218.92
482 120814.80
483 121254.92
484 120787.86
485 121139.05
486 121164.08
487 120954.04
488 121389.15
489 120838.17
490 121330.02
491 120800.02
492 121192.93
493 121372.94
494 120896.10
495 120893.00
496 121148.11
497 121065.14
498 121028.90
499 120950.94
500 121639.01
501 121310.00
502 121435.88
503 121833.80
504 121118.07
505 120715.86
506 121038.91
507 121469.97
508 120843.17
509 120873.93
510 121006.97
511 120693.21
512 121368.17
513 121021.99
514 121007.92
515 121325.02
516 120812.89
517 121661.19
518 121505.98
519 120878.93
520 121316.91
521 120952.13
522 120975.97
523 120900.87
524 120933.06
525 121190.07
526 120902.06
527 121024.13
528 121479.99
529 121019.12
530 121244.91
531 121540.07
532 121392.97
533 121256.11
534 121392.01
535 121308.09
536 121344.80
537 121088.98
538 121428.97
539 121136.90
540 120762.11
541 121227.98
542 121174.10
543 120736.84
544 121566.06
545 121444.94
546 121441.13
547 121098.04
548 121150.02
549 121104.00
550 121393.20
551 121235.85
552 121109.96
553 120736.84
554 120884.90
555 121029.85
556 121016.98
557 121358.16
558 121193.89
559 121046.07
560 121381.04
561 121675.97
562 121505.02
563 121207.95
564 121028.18
565 120917.80
566 120924.00
567 121293.07
568 121052.03
569 121164.08
570 120975.02
571 121284.96
572 121434.93
573 121505.02
574 121616.13
575 121248.01
576 121194.12
577 120817.90
578 121258.97
579 121450.90
580 121401.79
581 121396.06
582 121435.88
583 121349.10
584 121180.06
585 120991.95
586 121021.99
587 120835.07
588 120924.00
589 120919.94
590 121198.89
591 121001.96
592 121605.87
593 121042.97
594 121082.07
595 120953.80
596 121401.07
597 121216.06
598 121586.08
599 121184.83
600 120902.06
601 121502.88
602 120833.16
603 121040.11
604 120733.98
605 120974.78
606 120808.84
607 121368.89
608 120975.97
609 121231.08
610 121012.21
611 120937.82
612 121060.13
613 121185.06
614 120898.01
615 121150.02
616 120941.88
617 120943.07
618 121032.00
619 120949.03
620 121047.02
621 121192.93
622 120918.99
623 121061.80
624 120798.83
625 121044.16
626 121129.99
627 120796.92
628 121361.02
629 120696.07
630 121463.06
631 120899.20
632 121217.01
633 121410.13
634 121155.98
635 120743.99
636 120840.07
637 121001.96
638 121259.93
639 121246.81
640 120900.87
641 121275.90
642 121396.06
643 120985.03
644 121141.20
645 120889.90
646 121204.85
647 120986.94
648 121142.15
649 121111.15
650 120817.90
651 121317.86
652 120804.07
653 120940.92
654 120857.95
655 121514.08
656 121536.97
657 121349.81
658 120996.00
659 121189.83
660 121224.88
661 120874.17
662 121076.11
663 120697.98
664 120844.84
665 120889.90
666 121230.13
667 121029.85
668 120791.91
669 120775.94
670 121187.93
671 120934.96
672 120805.03
673 120850.80
674 121017.93
675 121085.88
676 120728.02
677 120786.19
678 120764.97
679 121269.94
680 121006.01
681 121149.06
682 120811.94
683 120944.02
684 120790.00
685 121118.07
686 120707.04
687 120908.98
688 120992.90
689 121218.92
690 120993.85
691 120831.01
692 120676.99
693 120801.93
694 120748.04
695 121225.83
696 120782.14
697 121083.97
698 120848.89
699 121052.98
