700
0 121233.94
1 121129.99
2 121118.07
3 121077.06
4 121088.98
5 121101.86
6 121046.07
7 121109.01
8 121103.05
9 121111.15
10 121102.09
11 121116.16
12 121120.93
13 121102.09
14 121100.90
15 121104.00
16 121117.12
17 121107.82
18 121112.82
19 121124.03
20 121087.07
21 121060.85
22 121103.05
23 121111.15
24 121113.06
25 121105.91
26 121028.90
27 121079.92
28 121119.02
29 121050.12
30 121109.01
31 121126.89
32 121101.86
33 121127.13
34 121124.98
35 121066.09
36 121110.92
37 121120.93
38 121124.98
39 121068.00
40 121122.12
41 121109.96
42 121057.03
43 121014.83
44 121126.89
45 121104.00
46 121032.00
47 121135.00
48 121124.03
49 121034.86
50 121126.89
51 121123.08
52 121127.13
53 121137.86
54 121126.17
55 121103.05
56 121096.85
57 121105.91
58 121108.06
59 121112.11
60 121119.02
61 121012.93
62 121096.13
63 121113.06
64 121107.10
65 121115.92
66 121047.02
67 121068.00
68 121119.98
69 121097.09
70 121143.10
71 121099.95
72 121084.93
73 121113.06
74 121119.02
75 121101.86
76 121135.95
77 121109.01
78 121071.10
79 121109.96
80 121120.93
81 121114.02
82 121103.05
83 121119.02
84 121114.97
85 121093.99
86 121071.10
87 121110.92
88 121120.93
89 121106.15
90 121107.10
91 121124.98
92 121126.17
93 121129.99
94 121107.10
95 121042.97
96 120977.88
97 121057.99
98 121014.12
99 120968.10
100 121037.01
101 121043.92
102 121045.11
103 121139.05
104 120821.00
105 120906.11
106 120914.94
107 121612.07
108 121314.05
109 122009.99
110 121927.02
111 122868.06
112 121772.05
113 122793.91
114 124315.98
115 122694.02
116 123424.05
117 123338.94
118 122637.99
119 124331.00
120 122657.06
121 122680.90
122 122382.88
123 123288.87
124 123263.12
125 123585.94
126 123491.05
127 123700.86
128 123057.84
129 122759.82
130 122568.13
131 123318.91
132 122401.00
133 123276.00
134 123292.92
135 122661.83
136 122594.83
137 122327.09
138 123000.86
139 123049.97
140 123594.05
141 122757.91
142 123247.86
143 122560.98
144 124058.01
145 124179.12
146 123534.92
147 124286.89
148 122619.87
149 122800.11
150 123504.16
151 123414.99
152 122792.01
153 123893.98
154 123145.10
155 122379.06
156 124068.02
157 123850.11
158 123211.15
159 123055.93
160 123276.00
161 122799.16
162 122687.10
163 123780.97
164 123689.17
165 123444.08
166 122338.06
167 123874.90
168 122554.78
169 122619.87
170 122944.83
171 122614.15
172 122751.95
173 122649.91
174 123703.00
175 123097.90
176 123056.89
177 123363.02
178 124127.15
179 123285.06
180 122523.07
181 123939.04
182 122207.88
183 122928.14
184 122566.94
185 122729.06
186 122217.89
187 122661.83
188 123406.89
189 123493.91
190 124244.93
191 122660.88
192 123625.99
193 123500.11
194 122299.91
195 123463.87
196 123315.81
197 122439.15
198 123365.88
199 122556.92
200 123039.01
201 123730.18
202 123732.09
203 123350.86
204 124384.88
205 123409.03
206 124270.20
207 123309.85
208 122657.06
209 123360.16
210 121879.10
211 122679.00
212 122214.08
213 124467.13
214 122867.11
215 122654.91
216 122704.98
217 122828.96
218 123153.92
219 122621.77
220 122524.02
221 123411.89
222 122668.03
223 123610.97
224 123662.95
225 123103.86
226 123433.83
227 123607.16
228 122679.95
229 122702.84
230 122679.00
231 123089.08
232 123153.92
233 123272.18
234 121902.94
235 122874.02
236 123223.78
237 123196.84
238 123693.94
239 122991.80
240 122688.06
241 122864.96
242 124486.92
243 122944.12
244 122541.90
245 123640.78
246 123271.94
247 123167.99
248 122310.88
249 122941.02
250 123566.15
251 122754.10
252 123449.09
253 122339.96
254 123816.01
255 122245.07
256 122944.12
257 123060.23
258 122937.20
259 123614.07
260 121930.84
261 123878.00
262 122003.08
263 122066.02
264 122042.89
265 120734.93
266 120877.03
267 121777.06
268 122523.07
269 122461.08
270 121698.14
271 120882.99
272 121639.97
273 122717.14
274 121953.01
275 122762.92
276 122666.84
277 121097.09
278 121971.13
279 122651.10
280 122095.11
281 122825.86
282 121299.03
283 122447.97
284 122363.81
285 121651.89
286 120943.07
287 121593.00
288 121589.90
289 122504.00
290 121557.24
291 122476.82
292 123323.92
293 121863.84
294 121912.00
295 121031.05
296 121778.01
297 121929.88
298 121544.12
299 121004.82
300 123728.99
301 121379.85
302 122332.10
303 121479.99
304 120986.94
305 120883.94
306 122682.09
307 122586.01
308 120909.93
309 120886.09
310 121769.91
311 121485.95
312 121360.06
313 122092.01
314 121451.85
315 122636.80
316 123406.89
317 122323.99
318 123823.88
319 121057.03
320 121095.18
321 121932.03
322 121021.99
323 121011.97
324 121728.18
325 122617.01
326 121197.94
327 122427.94
328 121116.88
329 122149.94
330 121227.98
331 121423.01
332 121724.13
333 122491.12
334 121680.02
335 123131.04
336 121496.92
337 122327.80
338 121487.14
339 121308.09
340 122205.97
341 121979.00
342 122154.95
343 122167.11
344 121973.04
345 122271.06
346 121292.83
347 121852.16
348 121895.79
349 120825.05
350 122660.16
351 121217.01
352 122854.95
353 121176.00
354 121322.15
355 120733.02
356 120979.07
357 123348.00
358 122925.04
359 121401.07
360 121131.90
361 120941.88
362 120926.86
363 121002.20
364 120787.86
365 120743.99
366 120938.06
367 121132.14
368 121123.08
369 120931.15
370 120830.06
371 120970.01
372 120961.90
373 120806.93
374 121325.02
375 121006.97
376 120968.10
377 121058.94
378 120961.90
379 121128.80
380 121140.00
381 121242.05
382 120965.00
383 120868.92
384 121227.03
385 121214.87
386 120913.03
387 120930.91
388 120835.07
389 121031.05
390 121067.05
391 121057.03
392 120848.18
393 120925.90
394 120953.08
395 120631.93
396 120841.03
397 120898.01
398 121061.09
399 120913.03
400 121053.93
401 120800.02
402 120982.17
403 121037.01
404 120831.97
405 120702.03
406 120804.07
407 120884.18
408 121014.12
409 120865.11
410 120826.01
411 120990.04
412 121021.99
413 120912.08
414 121145.01
415 120903.02
416 120823.86
417 120783.81
418 120824.10
419 120712.04
420 120737.79
421 120982.17
422 120867.97
423 120785.95
424 120919.94
425 120898.01
426 121042.01
427 120715.14
428 120711.80
429 120940.92
430 121004.10
431 120912.08
432 121032.00
433 120981.93
434 120845.08
435 120924.95
436 120781.90
437 120898.96
438 121052.98
439 120991.95
440 120973.11
441 120671.03
442 120855.09
443 121059.89
444 121155.02
445 120969.06
446 120804.07
447 120934.01
448 120696.07
449 121124.98
450 121068.00
451 120902.06
452 121159.08
453 120900.87
454 120832.92
455 121103.05
456 121054.89
457 120877.98
458 120944.98
459 120853.90
460 120708.94
461 120651.01
462 121219.87
463 121039.87
464 120839.12
465 121021.03
466 120696.07
467 121136.90
468 120852.95
469 120818.14
470 121011.97
471 120730.16
472 120898.01
473 120810.99
474 120999.10
475 121032.00
476 120837.93
477 120967.86
478 120891.81
479 120743.99
480 121010.07
481 120876.07
482 120776.89
483 120838.88
484 121046.07
485 120664.83
486 121156.22
487 120849.13
488 120982.89
489 120864.87
490 120779.99
491 120774.98
492 120701.07
493 120894.91
494 121145.01
495 120767.12
496 120829.11
497 120937.11
498 120859.15
499 121191.02
500 120844.13
501 120877.03
502 120840.07
503 120718.96
504 120858.19
505 120975.02
506 121140.00
507 120866.06
508 121087.07
509 121039.15
510 120775.94
511 121176.00
512 120908.98
513 121073.01
514 120764.97
515 120781.18
516 120744.23
517 121109.01
518 120896.10
519 121189.12
520 120942.12
521 120874.88
522 120848.89
523 121234.89
524 120687.01
525 120929.96
526 120877.98
527 121062.99
528 120849.13
529 120962.14
530 121055.84
531 120884.90
532 120875.84
533 120756.86
534 120735.88
535 120769.02
536 120887.04
537 120975.02
538 121122.12
539 120702.03
540 121017.93
541 120944.98
542 120960.00
543 120874.17
544 120853.19
545 121112.11
546 120819.09
547 120733.98
548 120988.85
549 120971.92
550 121006.01
551 120916.84
552 120815.99
553 121034.15
554 121016.03
555 121037.01
556 121536.97
557 121047.97
558 121053.93
559 121068.00
560 121014.83
561 121001.96
562 121045.83
563 121038.91
564 121053.93
565 121037.96
566 121058.23
567 121050.12
568 121061.09
569 121052.03
570 121058.94
571 121056.08
572 121036.05
573 121066.09
574 121006.01
575 121071.10
576 121067.05
577 121071.82
578 121032.95
579 121037.96
580 121037.96
581 121053.93
582 121052.98
583 121016.98
584 121057.03
585 121061.09
586 121072.05
587 121070.86
588 121001.96
589 121044.16
590 121061.09
591 121057.99
592 121080.88
593 121057.03
594 121006.97
595 121007.92
596 121068.00
597 121041.06
598 121006.01
599 121062.04
600 121061.09
601 121065.14
602 121055.84
603 121001.01
604 121061.09
605 121027.95
606 121104.00
607 121142.15
608 121118.07
609 121071.10
610 121126.89
611 121093.03
612 121133.09
613 121077.06
614 121114.02
615 121107.10
616 121093.99
617 121124.03
618 121114.97
619 121124.03
620 121117.83
621 121129.04
622 121052.03
623 121056.08
624 121131.90
625 121089.94
626 121096.13
627 121110.92
628 121109.01
629 121123.08
630 121124.03
631 121126.17
632 121163.85
633 121130.94
634 121065.14
635 121100.90
636 121132.85
637 121109.96
638 121137.86
639 121114.02
640 121066.09
641 121124.98
642 121103.05
643 121126.89
644 121124.03
645 121083.02
646 121083.02
647 121095.90
648 121127.13
649 121026.99
650 121126.89
651 121129.99
652 121060.85
653 121104.00
654 121023.18
655 121109.01
656 121129.99
657 121108.77
658 121131.18
659 121112.11
660 121099.00
661 121151.92
662 121113.06
663 121074.91
664 121120.21
665 121096.85
666 121116.16
667 121099.95
668 121062.04
669 121097.09
670 121115.92
671 121104.00
672 121128.08
673 121145.01
674 121045.11
675 121062.04
676 121112.82
677 121119.02
678 121125.94
679 121122.84
680 121128.80
681 121123.79
682 121128.08
683 121129.04
684 121133.09
685 121057.03
686 121044.16
687 121109.01
688 121124.98
689 121113.06
690 121122.12
691 121110.20
692 121125.94
693 121127.84
694 121032.95
695 121133.09
696 121109.96
697 121128.08
698 121108.06
699 121047.97
