550
0 121257.07
1 121064.90
2 121133.09
3 121127.13
4 121126.89
5 121139.05
6 121129.99
7 121132.14
8 121129.99
9 121127.13
10 121072.05
11 121119.98
12 121104.00
13 121118.07
14 121097.09
15 121132.14
16 121129.99
17 121141.91
18 121145.01
19 121138.10
20 121112.82
21 121115.92
22 121115.92
23 121069.91
24 121134.04
25 121131.90
26 121133.09
27 121133.80
28 121104.00
29 121139.05
30 121113.06
31 121108.06
32 121122.12
33 121124.98
34 121124.03
35 121107.10
36 121144.06
37 121111.15
38 121117.12
39 121131.90
40 121133.09
41 121119.98
42 121059.18
43 121008.87
44 121122.12
45 121133.09
46 121106.15
47 121114.97
48 121117.12
49 121131.90
50 121129.99
51 121141.91
52 121107.82
53 121134.04
54 121131.18
55 121097.09
56 121112.82
57 121108.06
58 121128.08
59 121124.98
60 121124.03
61 121129.99
62 121129.04
63 121071.10
64 121160.03
65 121118.07
66 121119.98
67 121136.19
68 121126.89
69 121128.08
70 121129.99
71 121114.02
72 121111.87
73 121116.16
74 121088.03
75 121128.08
76 121123.08
77 121128.08
78 121131.90
79 121124.98
80 121134.04
81 121160.98
82 121119.98
83 121104.96
84 121128.08
85 121135.00
86 121133.09
87 121130.94
88 121119.98
89 121133.80
90 121114.97
91 121114.97
92 121124.98
93 120997.91
94 121119.98
95 121018.89
96 121077.06
97 121101.86
98 121115.92
99 121135.00
100 121116.88
101 121169.09
102 121117.12
103 120978.83
104 121034.15
105 121140.96
106 120965.96
107 121019.84
108 120852.95
109 120881.08
110 121129.99
111 121751.07
112 122613.91
113 120783.09
114 123034.00
115 122220.04
116 122108.94
117 121191.98
118 122817.99
119 121819.02
120 122601.03
121 122499.94
122 121663.09
123 123132.94
124 122210.03
125 123007.77
126 121212.01
127 121779.92
128 122743.13
129 120885.13
130 121618.03
131 121474.98
132 122229.10
133 121406.08
134 121308.09
135 121968.03
136 121135.95
137 121037.01
138 121814.01
139 121812.82
140 120900.87
141 121574.88
142 123207.81
143 122265.10
144 122305.15
145 121384.14
146 122024.06
147 121982.10
148 122644.19
149 121984.96
150 121708.87
151 122606.04
152 122479.92
153 123141.05
154 122326.14
155 122148.04
156 123028.99
157 122093.92
158 122089.15
159 121402.98
160 122829.91
161 122056.01
162 121098.04
163 122665.88
164 121855.02
165 122544.05
166 122573.14
167 121697.90
168 121543.17
169 120686.05
170 121486.90
171 121200.08
172 121943.00
173 121155.02
174 120976.92
175 123268.13
176 121595.14
177 122327.09
178 121398.93
179 122909.07
180 122243.17
181 123517.04
182 122642.04
183 121767.04
184 121771.10
185 122599.12
186 123252.87
187 121693.13
188 122315.88
189 122266.05
190 121419.91
191 122308.02
192 122277.02
193 123101.00
194 122222.90
195 122008.09
196 123012.07
197 121149.06
198 122210.03
199 122970.10
200 121137.14
201 121961.12
202 121010.07
203 122590.07
204 121826.17
205 121630.19
206 122455.84
207 121439.93
208 121582.98
209 122186.90
210 122063.88
211 121272.09
212 121974.95
213 121908.19
214 120923.04
215 121793.99
216 121587.99
217 122237.21
218 122372.87
219 121491.91
220 122131.11
221 122079.13
222 121319.77
223 121967.79
224 122065.78
225 120999.10
226 121114.02
227 121654.03
228 122358.80
229 122239.83
230 121253.01
231 121121.17
232 121943.00
233 120992.90
234 120918.99
235 121503.11
236 122211.93
237 122125.15
238 121230.84
239 121002.20
240 121726.99
241 120876.79
242 122431.04
243 121466.88
244 122198.10
245 122131.11
246 121089.94
247 121033.91
248 121642.11
249 122451.07
250 122375.97
251 121390.10
252 121274.95
253 122007.85
254 120887.99
255 121011.97
256 121668.10
257 122270.82
258 122318.03
259 121296.17
260 121184.11
261 121954.92
262 120987.89
263 120954.99
264 121515.04
265 122183.80
266 122192.14
267 121093.99
268 121012.93
269 121836.90
270 120898.96
271 122478.01
272 121346.00
273 121346.00
274 122211.22
275 121094.94
276 121081.11
277 121653.08
278 122444.15
279 122329.95
280 121237.99
281 121277.81
282 121986.15
283 120895.15
284 121102.09
285 121632.81
286 122365.00
287 122257.95
288 121233.94
289 121102.09
290 121869.09
291 120981.93
292 122487.07
293 121530.06
294 121301.89
295 122119.90
296 121104.00
297 121090.89
298 121648.07
299 122316.84
300 122179.03
301 121221.07
302 122000.93
303 121466.88
304 120888.95
305 121564.87
306 121000.05
307 121710.06
308 121103.05
309 121783.02
310 121173.14
311 122040.03
312 121311.19
313 120934.01
314 121426.82
315 121062.99
316 121512.89
317 120954.99
318 121660.95
319 121079.92
320 121572.02
321 121198.18
322 121898.89
323 121299.03
324 122012.14
325 121411.09
326 120886.09
327 121468.07
328 120953.08
329 121584.89
330 120991.95
331 121707.20
332 121115.92
333 121819.97
334 121211.05
335 122000.93
336 121298.79
337 122027.16
338 121448.04
339 120999.10
340 121495.01
341 120936.87
342 121673.82
343 121073.96
344 121713.16
345 121210.81
346 121885.06
347 121279.95
348 122020.01
349 121433.02
350 120863.91
351 121531.01
352 120931.86
353 121636.15
354 120904.92
355 121662.86
356 121103.05
357 121870.99
358 121261.84
359 122006.18
360 121294.98
361 122109.17
362 121411.09
363 121013.88
364 121518.14
365 120965.96
366 121657.13
367 121139.05
368 121771.10
369 121240.14
370 121916.06
371 121338.84
372 121984.00
373 121350.05
374 120922.09
375 121495.01
376 120969.06
377 121706.96
378 121068.95
379 121650.93
380 121094.94
381 121906.04
382 121256.11
383 122045.99
384 121366.98
385 122062.92
386 121435.88
387 120994.09
388 121500.97
389 121090.17
390 121520.04
391 121126.17
392 121127.13
393 121125.94
394 121129.04
395 121130.94
396 121122.12
397 121118.07
398 121128.08
399 121128.08
400 121053.22
401 121121.17
402 121060.85
403 121130.94
404 121114.02
405 121117.12
406 121114.97
407 121124.98
408 121121.17
409 121114.02
410 121115.92
411 121129.99
412 121088.98
413 121105.91
414 121117.12
415 121132.85
416 121076.11
417 121113.06
418 121095.90
419 121135.95
420 121065.14
421 121134.04
422 121111.15
423 121134.04
424 121135.95
425 121135.00
426 121135.00
427 121132.85
428 121130.94
429 121119.02
430 121140.96
431 121131.90
432 121172.90
433 121129.99
434 121108.06
435 121131.90
436 121128.80
437 121129.04
438 121124.98
439 121129.99
440 121064.90
441 121133.09
442 121133.09
443 121125.94
444 121021.99
445 121130.94
446 121140.00
447 121132.14
448 121133.09
449 121126.89
450 121141.20
451 121133.80
452 121127.84
453 121122.84
454 121101.14
455 121128.08
456 121124.98
457 121121.88
458 121122.12
459 121118.07
460 121056.08
461 121110.92
462 121136.90
463 121092.08
464 121068.95
465 121126.89
466 121145.01
467 121132.85
468 121132.85
469 121128.08
470 121142.86
471 121111.87
472 121113.06
473 121109.01
474 121108.06
475 121108.06
476 121119.02
477 121104.96
478 121130.94
479 121044.87
480 121056.08
481 121113.06
482 121104.00
483 121109.01
484 121088.03
485 121117.12
486 121126.89
487 121136.90
488 121134.04
489 121135.00
490 121146.20
491 121128.08
492 121132.85
493 121125.94
494 121115.92
495 121132.14
496 121131.90
497 121130.94
498 121137.14
499 121098.04
500 121051.07
501 121137.86
502 121117.83
503 121119.98
504 121129.99
505 121131.18
506 121133.09
507 121133.09
508 121129.99
509 121132.14
510 121153.83
511 121135.00
512 121128.08
513 121109.01
514 121111.15
515 121128.08
516 121135.95
517 121110.92
518 121135.95
519 121129.99
520 121040.11
521 121129.99
522 121133.09
523 121127.84
524 121130.94
525 121127.13
526 121131.18
527 121133.09
528 121133.80
529 121129.99
530 121126.89
531 121130.94
532 121124.03
533 121128.08
534 121114.97
535 121124.98
536 121116.16
537 121127.13
538 121114.02
539 121076.82
540 121054.89
541 121119.02
542 121131.18
543 121132.14
544 121094.94
545 121130.94
546 121131.18
547 121124.03
548 121058.94
549 121127.13
