550
0 121412.04
1 121141.91
2 121147.16
3 121076.11
4 121082.07
5 121125.94
6 121129.99
7 121081.11
8 121028.90
9 121140.96
10 121123.79
11 121067.05
12 121124.03
13 121123.08
14 121122.84
15 121119.02
16 121126.89
17 121124.03
18 121109.01
19 121113.06
20 121072.05
21 121118.07
22 121125.94
23 121140.96
24 121068.95
25 121071.10
26 121071.10
27 121125.94
28 121119.98
29 121127.13
30 121116.88
31 121075.15
32 121097.09
33 121102.09
34 121088.98
35 121104.96
36 121117.12
37 121109.01
38 121119.98
39 121112.11
40 121123.08
41 121036.05
42 121120.93
43 121125.94
44 121122.84
45 121129.99
46 121143.10
47 121117.83
48 121123.79
49 121117.12
50 121124.03
51 121119.02
52 121119.98
53 121042.01
54 121124.03
55 121109.01
56 121124.98
57 121117.12
58 121094.94
59 121043.92
60 121078.97
61 121126.89
62 121105.19
63 121108.06
64 121109.96
65 121180.77
66 121111.15
67 121068.95
68 121073.96
69 121119.02
70 121124.98
71 121118.07
72 121095.90
73 121103.05
74 121119.02
75 121119.98
76 121104.96
77 121248.96
78 121108.06
79 121027.95
80 121073.96
81 121092.08
82 121133.09
83 121117.12
84 121121.88
85 121125.94
86 121124.03
87 121129.99
88 121096.13
89 121084.21
90 121073.01
91 121087.07
92 121126.89
93 120927.81
94 121128.80
95 121059.89
96 120903.02
97 120984.08
98 121037.96
99 121044.87
100 120988.85
101 121049.17
102 121170.04
103 121137.86
104 121029.85
105 121102.09
106 122213.13
107 121011.02
108 121584.89
109 121059.89
110 121225.12
111 122059.82
112 121887.92
113 121025.09
114 123509.17
115 123488.90
116 122603.89
117 122602.94
118 123410.94
119 122542.14
120 124130.96
121 123404.98
122 122493.03
123 122473.96
124 123318.91
125 123422.86
126 122611.05
127 123480.08
128 123460.05
129 124356.99
130 124278.07
131 123505.12
132 122726.20
133 122738.12
134 121907.00
135 124205.11
136 124290.94
137 123487.95
138 123438.12
139 124312.88
140 123501.06
141 123450.99
142 122676.13
143 123445.03
144 123538.97
145 122781.99
146 122725.96
147 123723.98
148 122809.89
149 124475.00
150 123745.20
151 122905.02
152 122905.97
153 122171.88
154 123814.82
155 122995.85
156 123718.98
157 123753.07
158 122911.93
159 123625.04
160 123572.11
161 122834.92
162 122859.00
163 123614.07
164 122800.11
165 122882.84
166 123751.16
167 122894.76
168 124559.16
169 123888.02
170 122255.09
171 121379.85
172 122261.05
173 122267.96
174 121322.87
175 122094.15
176 122119.19
177 121212.01
178 121154.07
179 122032.17
180 121104.00
181 121021.99
182 121828.79
183 120954.04
184 121001.96
185 121715.07
186 121663.81
187 122514.01
188 121563.91
189 121516.94
190 122335.91
191 122375.97
192 121356.01
193 122323.99
194 122272.97
195 121348.86
196 122173.07
197 122102.02
198 121277.09
199 121199.13
200 122020.96
201 121127.84
202 121188.88
203 121994.97
204 121139.05
205 121037.96
206 121850.97
207 121815.92
208 121014.12
209 121776.10
210 121599.91
211 122338.77
212 121515.99
213 121413.95
214 122207.88
215 122301.10
216 121382.00
217 122247.93
218 122142.08
219 121265.89
220 121207.00
221 122034.07
222 121074.20
223 121045.11
224 121882.20
225 120977.16
226 121011.97
227 121711.02
228 121698.86
229 120912.08
230 121647.83
231 121588.95
232 122361.90
233 121532.20
234 121465.92
235 122261.05
236 122240.78
237 121392.97
238 122054.10
239 122183.08
240 121273.04
241 122134.92
242 122072.94
243 121143.82
244 121093.99
245 121911.05
246 120959.04
247 121004.10
248 121778.96
249 121116.16
250 120994.09
251 121646.88
252 121675.97
253 122489.93
254 121619.94
255 121557.00
256 122279.88
257 122298.00
258 121378.90
259 122238.87
260 122163.06
261 121284.01
262 122110.13
263 122103.93
264 121256.83
265 121243.95
266 121975.90
267 121072.05
268 121005.06
269 121798.04
270 121059.18
271 120996.95
272 121769.19
273 121711.02
274 122515.92
275 121638.06
276 121570.11
277 122337.82
278 121506.21
279 121463.06
280 122238.16
281 122262.95
282 121334.08
283 122215.03
284 122078.18
285 121237.04
286 121187.93
287 122028.11
288 121093.99
289 121047.02
290 121912.96
291 120980.98
292 120982.17
293 121818.07
294 121834.04
295 122452.97
296 121623.99
297 121597.05
298 122395.99
299 121474.03
300 121488.09
301 122251.99
302 122298.96
303 121389.87
304 122226.00
305 122191.19
306 121250.15
307 122034.07
308 122071.03
309 121149.78
310 121065.14
311 121964.93
312 121014.12
313 120989.08
314 121760.13
315 120947.84
316 120947.12
317 121626.85
318 121491.19
319 122338.06
320 121428.01
321 121357.92
322 122262.00
323 122286.08
324 121389.87
325 122150.90
326 122243.17
327 121232.03
328 122009.99
329 122091.05
330 121073.96
331 121189.12
332 121923.92
333 120965.96
334 120996.00
335 121695.04
336 120865.11
337 122537.85
338 121560.81
339 121543.88
340 122405.05
341 121447.09
342 121441.13
343 122208.83
344 121357.92
345 121332.17
346 122174.98
347 122116.09
348 121211.05
349 122066.97
350 121984.96
351 121092.08
352 121034.86
353 121817.11
354 121002.91
355 120867.01
356 121698.14
357 122340.92
358 121016.03
359 120952.13
360 122031.93
361 121819.02
362 122549.06
363 122673.03
364 121721.98
365 121788.02
366 122578.14
367 122686.86
368 120963.10
369 121809.96
370 121786.83
371 120898.01
372 120970.96
373 121824.98
374 121775.87
375 120981.22
376 121148.11
377 121058.94
378 121929.17
379 122120.86
380 121104.00
381 121038.91
382 122006.18
383 122097.02
384 121299.98
385 121152.88
386 121078.01
387 121078.97
388 121137.86
389 121129.99
390 121143.10
391 121088.98
392 121032.00
393 121140.00
394 121122.12
395 121149.06
396 121063.95
397 121140.00
398 121132.85
399 121099.00
400 121100.90
401 121135.95
402 121119.02
403 121134.04
404 121125.94
405 121138.81
406 121136.19
407 121140.96
408 121151.92
409 121093.03
410 121119.98
411 121099.00
412 121124.98
413 121157.88
414 121124.98
415 121124.03
416 121125.94
417 121125.94
418 121141.91
419 121127.84
420 121097.80
421 121123.08
422 121141.91
423 121124.03
424 121129.04
425 121121.88
426 121134.04
427 121129.99
428 121130.94
429 121135.00
430 121126.89
431 121103.05
432 121136.90
433 121129.99
434 121134.04
435 121134.04
436 121054.89
437 121037.01
438 121124.98
439 121151.92
440 121136.90
441 121153.12
442 121129.04
443 121124.03
444 121132.85
445 121133.80
446 121135.00
447 121138.10
448 121136.90
449 121142.15
450 121133.80
451 121083.97
452 121135.00
453 121103.05
454 121140.96
455 121124.98
456 121136.90
457 121129.99
458 121140.96
459 121130.94
460 121098.04
461 121132.14
462 121143.10
463 121139.05
464 121135.95
465 121129.04
466 121134.04
467 121134.04
468 121137.14
469 121145.01
470 121140.96
471 121102.09
472 121068.95
473 121144.06
474 121148.82
475 121140.00
476 121138.10
477 121083.02
478 121112.11
479 121068.00
480 121103.05
481 121119.02
482 121125.94
483 121129.04
484 121129.04
485 121099.00
486 121141.91
487 121112.11
488 121141.20
489 121132.14
490 121104.96
491 121145.96
492 121190.07
493 121143.10
494 121103.05
495 121143.10
496 121122.84
497 121168.14
498 121103.05
499 121144.06
500 121095.18
501 121163.13
502 121144.06
503 121165.99
504 121143.10
505 121092.08
506 121140.00
507 121137.86
508 121137.14
509 121128.08
510 121147.16
511 121087.07
512 121145.96
513 121138.10
514 121145.01
515 121147.16
516 121149.06
517 121141.91
518 121140.96
519 121136.90
520 121117.12
521 121129.99
522 121126.89
523 121131.90
524 121124.03
525 121132.14
526 121122.12
527 121119.02
528 121135.95
529 121123.08
530 121135.00
531 121127.13
532 121126.89
533 121124.98
534 121130.94
535 121132.85
536 121135.00
537 121135.95
538 121134.04
539 121138.10
540 121080.88
541 121138.10
542 121145.01
543 121129.04
544 121129.04
545 121137.14
546 121133.09
547 121134.04
548 121104.96
549 121120.93
