550
0 121281.86
1 121083.02
2 121009.11
3 121022.94
4 121066.81
5 121053.93
6 121070.86
7 121056.80
8 121002.91
9 121063.95
10 121069.91
11 121067.05
12 120973.11
13 121001.01
14 121065.14
15 121070.15
16 121063.95
17 121068.00
18 121039.87
19 121019.12
20 121016.98
21 121020.08
22 121037.96
23 121091.84
24 121047.02
25 121023.89
26 121075.15
27 121037.96
28 121051.07
29 121059.89
30 121054.89
31 121062.04
32 120991.95
33 121066.09
34 121058.94
35 121063.95
36 121049.88
37 120913.98
38 121059.89
39 121052.03
40 121082.07
41 120963.10
42 121015.07
43 121057.03
44 121037.01
45 121054.89
46 121052.98
47 121040.11
48 121046.07
49 121037.01
50 121055.13
51 121062.04
52 120990.99
53 121023.89
54 121070.15
55 121042.97
56 121039.87
57 121024.13
58 121047.97
59 121049.88
60 121021.99
61 121033.19
62 121046.07
63 121044.16
64 121047.97
65 121036.05
66 121104.00
67 121042.01
68 121023.89
69 121083.02
70 121049.17
71 121045.83
72 120970.01
73 121055.13
74 121018.17
75 121052.03
76 121067.05
77 121062.04
78 121067.05
79 120975.97
80 120994.09
81 121047.02
82 121067.05
83 121045.83
84 121068.00
85 121047.97
86 121064.90
87 121034.86
88 120985.98
89 120935.92
90 121045.83
91 121062.99
92 120985.03
93 121012.93
94 121057.99
95 121038.91
96 120960.95
97 121029.14
98 121073.96
99 121083.02
100 121001.01
101 121012.93
102 121017.93
103 121105.19
104 121069.91
105 121027.95
106 121070.86
107 121027.95
108 121042.97
109 121021.99
110 121037.01
111 120984.08
112 120971.92
113 121062.04
114 121066.09
115 121070.15
116 121037.96
117 120908.02
118 121090.17
119 121971.85
120 121147.16
121 121128.08
122 120895.15
123 121129.99
124 121421.10
125 121097.09
126 121000.05
127 121053.93
128 121129.04
129 120882.03
130 121099.00
131 121130.94
132 121043.92
133 121082.07
134 120901.11
135 121107.10
136 121313.10
137 121170.04
138 121036.05
139 120851.99
140 121131.90
141 121303.80
142 121132.85
143 121019.12
144 121066.09
145 121130.94
146 120896.10
147 121129.04
148 121197.94
149 121083.02
150 120994.81
151 120877.03
152 121053.93
153 120989.08
154 121149.06
155 121031.05
156 120980.02
157 120980.02
158 121040.11
159 121124.03
160 121346.00
161 121129.99
162 121160.03
163 120924.00
164 121015.07
165 121150.02
166 121090.89
167 121074.20
168 121091.84
169 121000.05
170 121421.10
171 121253.01
172 121054.17
173 121108.06
174 121130.94
175 121112.11
176 121060.85
177 121115.92
178 121090.89
179 121114.02
180 121119.98
181 121094.94
182 121032.95
183 121112.11
184 121092.08
185 121047.02
186 121087.07
187 120979.07
188 121095.90
189 121032.00
190 121112.11
191 121114.97
192 121016.03
193 120964.05
194 121340.04
195 121110.20
196 120764.02
197 121054.17
198 120969.06
199 121093.03
200 121659.99
201 120981.93
202 121112.11
203 121119.02
204 120958.09
205 121114.97
206 121021.99
207 121109.96
208 121109.01
209 121057.03
210 121114.02
211 120931.86
212 121047.97
213 120974.78
214 121095.90
215 120924.95
216 121007.92
217 121557.00
218 121021.99
219 120942.83
220 121047.02
221 121026.99
222 121017.93
223 121279.00
224 121114.97
225 121463.06
226 121054.89
227 120985.98
228 121073.01
229 121244.91
230 121357.92
231 121076.82
232 121077.06
233 121050.83
234 121090.17
235 120964.05
236 121105.91
237 121107.10
238 120928.05
239 121104.00
240 121258.02
241 120965.96
242 120920.90
243 121016.98
244 120982.89
245 121491.91
246 121257.07
247 121401.07
248 121066.09
249 120970.01
250 120785.00
251 121101.14
252 121170.04
253 121074.20
254 121346.95
255 121125.94
256 120979.07
257 120837.93
258 121510.03
259 120848.18
260 121057.99
261 120904.92
262 121387.96
263 121050.83
264 121063.95
265 120967.86
266 121055.13
267 120841.98
268 120893.96
269 121359.11
270 120943.07
271 121536.97
272 120798.11
273 120903.02
274 121459.01
275 121320.01
276 121057.99
277 120818.85
278 120831.97
279 121428.01
280 121249.91
281 121277.09
282 120651.01
283 121115.21
284 121019.84
285 121337.89
286 120870.11
287 120890.14
288 121494.05
289 121447.09
290 120740.89
291 121201.99
292 121149.06
293 121062.99
294 120941.16
295 120825.05
296 120783.09
297 120980.98
298 120728.97
299 120850.80
300 120911.12
301 121951.10
302 120960.00
303 121636.15
304 120835.07
305 120800.02
306 121227.03
307 120793.10
308 121026.99
309 121310.00
310 120683.19
311 121193.89
312 121000.05
313 122056.01
314 121386.05
315 121994.97
316 121227.98
317 121505.02
318 120821.00
319 120818.14
320 121069.91
321 121247.05
322 120929.96
323 121778.96
324 120953.08
325 121443.03
326 120876.07
327 121065.14
328 121184.11
329 120823.14
330 120705.84
331 121046.07
332 120738.98
333 121468.07
334 120836.97
335 121427.06
336 120809.08
337 121271.13
338 121252.06
339 121083.97
340 121036.05
341 121052.98
342 120902.06
343 121608.02
344 121516.94
345 121306.90
346 121226.07
347 121101.14
348 120846.99
349 120944.98
350 121618.03
351 120777.13
352 120797.87
353 120996.00
354 121042.97
355 120787.14
356 121018.89
357 121443.03
358 121009.11
359 120730.88
360 120741.84
361 120755.20
362 120836.97
363 121057.03
364 120992.90
365 120826.96
366 120788.10
367 120783.09
368 120876.79
369 120882.99
370 120982.89
371 120969.06
372 120836.02
373 120633.13
374 120980.98
375 120985.03
376 120747.09
377 120777.13
378 120839.83
379 120749.95
380 120943.07
381 120946.88
382 120858.91
383 120917.08
384 120833.87
385 120787.86
386 120911.12
387 120871.07
388 120962.86
389 120800.02
390 120665.07
391 120721.10
392 120837.93
393 120770.93
394 120907.07
395 120846.99
396 120845.08
397 120827.20
398 121041.06
399 120814.09
400 120883.94
401 121104.00
402 120852.95
403 120870.11
404 121124.98
405 120825.05
406 120944.02
407 120841.98
408 120877.03
409 120752.81
410 120766.16
411 121171.95
412 120883.94
413 120789.05
414 120981.93
415 120842.93
416 120921.85
417 120965.00
418 120908.02
419 120682.95
420 120913.98
421 120872.02
422 121032.95
423 121051.79
424 120836.02
425 120997.91
426 120805.98
427 121102.09
428 121135.95
429 120845.08
430 121109.01
431 120792.87
432 120847.94
433 120798.11
434 120761.16
435 120902.06
436 121029.85
437 120733.98
438 121011.97
439 121082.07
440 121074.91
441 120961.90
442 120802.16
443 120780.94
444 121202.95
445 120913.03
446 120988.85
447 120717.05
448 120840.07
449 120810.03
450 120873.93
451 120927.81
452 120667.93
453 120933.06
454 121056.08
455 121318.82
456 120686.05
457 120929.96
458 120702.03
459 121144.06
460 120890.86
461 120901.11
462 120868.92
463 121163.85
464 120826.01
465 120779.04
466 120845.79
467 121284.96
468 121053.93
469 120849.85
470 120791.91
471 121410.13
472 120947.84
473 121458.05
474 120949.98
475 121431.11
476 120773.08
477 120816.95
478 120954.99
479 120939.97
480 120665.07
481 120815.99
482 121099.95
483 121110.92
484 120812.18
485 120832.92
486 120716.81
487 120784.04
488 120882.99
489 121250.15
490 120680.09
491 121046.07
492 120946.17
493 120861.05
494 120662.93
495 120802.16
496 121212.96
497 120960.95
498 120841.98
499 120815.99
500 121098.04
501 120933.06
502 121021.99
503 120851.99
504 120636.94
505 121214.87
506 121166.94
507 121005.06
508 120809.08
509 120751.86
510 120742.08
511 121481.18
512 121411.09
513 121079.21
514 120732.07
515 120586.87
516 121026.99
517 121078.97
518 120957.14
519 121037.96
520 120803.12
521 120803.12
522 120863.91
523 120795.97
524 120917.08
525 120941.88
526 120875.12
527 121047.02
528 121062.04
529 121112.11
530 120887.04
531 120893.96
532 120925.19
533 121232.99
534 120723.01
535 121520.04
536 120746.85
537 120628.83
538 120756.15
539 120705.13
540 121130.94
541 121347.90
542 121135.00
543 120708.94
544 120846.03
545 121268.99
546 121423.01
547 120940.92
548 121224.16
549 120849.13
