550
0 121260.17
1 121171.00
2 121134.04
3 121098.04
4 121140.96
5 121136.90
6 121131.90
7 121135.95
8 121142.15
9 121142.15
10 121140.96
11 121149.06
12 121140.96
13 121152.88
14 121146.20
15 121114.97
16 121141.91
17 121122.84
18 121140.00
19 121128.08
20 121134.04
21 121128.80
22 121134.04
23 121139.05
24 121090.17
25 121139.05
26 121145.01
27 121140.96
28 121141.91
29 121083.02
30 121108.06
31 121139.05
32 121124.03
33 121140.96
34 121130.23
35 121135.00
36 121126.89
37 121124.98
38 121135.00
39 121140.96
40 121083.02
41 121145.96
42 121176.96
43 121103.05
44 121100.19
45 121124.03
46 121142.86
47 121140.96
48 121126.17
49 121140.96
50 121124.98
51 121050.12
52 121129.04
53 121125.94
54 121134.04
55 121138.10
56 121133.09
57 121136.90
58 121142.86
59 121135.95
60 121140.00
61 121137.14
62 121145.01
63 121107.10
64 121114.02
65 121129.04
66 121121.88
67 121130.94
68 121129.99
69 121145.96
70 121041.06
71 121026.99
72 121126.89
73 121124.98
74 121130.94
75 121138.81
76 121133.09
77 121107.10
78 121143.10
79 121118.07
80 121151.92
81 121159.08
82 121143.82
83 121088.03
84 121078.01
85 121116.88
86 121142.15
87 121124.98
88 121135.95
89 121126.89
90 121125.94
91 121037.96
92 121145.01
93 121114.97
94 121027.95
95 121013.88
96 121021.03
97 121042.01
98 121109.01
99 121135.95
100 121094.94
101 121153.83
102 121145.01
103 121038.91
104 121131.18
105 120975.02
106 121131.90
107 120926.86
108 121621.13
109 120819.81
110 121940.14
111 121743.92
112 120762.83
113 121594.19
114 123151.78
115 120724.92
116 123914.00
117 123001.81
118 122211.93
119 123893.98
120 123093.13
121 123160.84
122 122382.88
123 123239.04
124 123272.18
125 122512.82
126 123279.09
127 123327.02
128 124156.00
129 124289.99
130 123409.03
131 122734.79
132 122701.17
133 121921.06
134 124439.95
135 122857.81
136 123652.94
137 123740.91
138 123065.95
139 122154.00
140 123816.97
141 122987.99
142 123821.02
143 122279.17
144 123059.03
145 123144.87
146 123991.01
147 123186.11
148 123226.17
149 122573.14
150 123394.97
151 123399.02
152 122640.13
153 122576.95
154 123523.00
155 124296.19
156 124327.90
157 123589.99
158 122783.18
159 122782.95
160 122100.11
161 123773.10
162 122979.16
163 123924.02
164 123943.09
165 123011.11
166 122240.07
167 123903.99
168 123080.02
169 121762.99
170 122381.93
171 121643.07
172 121587.04
173 122432.95
174 121500.97
175 121476.17
176 122292.04
177 122333.05
178 121394.16
179 122215.99
180 122221.95
181 121340.99
182 121309.04
183 122157.81
184 121186.02
185 121310.95
186 122107.03
187 121105.19
188 121156.93
189 122075.80
190 121894.84
191 121021.99
192 121666.91
193 121593.00
194 120952.13
195 121593.95
196 121626.85
197 120877.03
198 122591.02
199 121483.09
200 122367.86
201 122380.97
202 121485.95
203 122250.08
204 122243.17
205 121324.06
206 121212.01
207 122184.04
208 121203.90
209 121119.98
210 121993.06
211 121016.98
212 121001.01
213 121783.97
214 121865.99
215 120894.91
216 121643.07
217 121612.07
218 122464.90
219 122525.22
220 121526.00
221 122301.10
222 122416.02
223 121477.13
224 122184.04
225 122246.03
226 121376.04
227 121264.93
228 122087.00
229 121178.87
230 121155.98
231 121990.92
232 121025.09
233 121001.96
234 121813.06
235 121755.12
236 120912.08
237 121685.03
238 121673.11
239 120969.06
240 121624.95
241 121559.14
242 122407.91
243 122471.09
244 121512.89
245 122246.98
246 122298.96
247 121382.95
248 121284.96
249 122168.06
250 121232.03
251 121179.82
252 122059.82
253 121068.95
254 121012.93
255 121972.08
256 121789.93
257 121058.94
258 121737.96
259 121645.93
260 120904.92
261 121649.98
262 121566.06
263 122329.00
264 122431.04
265 121390.10
266 122210.98
267 122303.96
268 121366.98
269 122085.09
270 122120.14
271 121212.96
272 121159.08
273 121933.94
274 121055.13
275 121023.89
276 121886.97
277 120949.98
278 121020.08
279 121721.03
280 121663.09
281 120974.06
282 121560.10
283 121530.06
284 122472.05
285 122477.05
286 121532.20
287 122264.86
288 122370.96
289 121402.03
290 122144.22
291 122203.11
292 121197.94
293 121140.00
294 122007.13
295 121037.01
296 120978.83
297 121819.02
298 120989.08
299 120941.88
300 121727.94
301 121683.12
302 120908.98
303 121626.85
304 121565.82
305 122344.97
306 121469.97
307 121423.96
308 122246.98
309 122343.78
310 121413.95
311 122117.04
312 122190.00
313 121308.09
314 121201.99
315 122066.02
316 121169.09
317 121078.97
318 121868.85
319 120992.18
320 120940.92
321 121753.93
322 121715.07
323 120996.00
324 121593.95
325 121619.94
326 122517.11
327 121554.85
328 121496.20
329 122353.08
330 122372.87
331 121351.96
332 122204.07
333 122256.04
334 121356.01
335 122117.04
336 122164.96
337 121191.02
338 121266.84
339 122104.88
340 121074.20
341 121021.03
342 121998.07
343 121026.99
344 120908.98
345 121742.96
346 121694.09
347 120912.79
348 121575.12
349 121582.98
350 122442.96
351 122483.97
352 121449.95
353 122235.06
354 122317.08
355 121252.06
356 122190.95
357 121977.09
358 121241.09
359 120775.22
360 121026.04
361 121271.13
362 122128.01
363 122332.81
364 121646.88
365 121809.01
366 120956.90
367 121206.05
368 121920.11
369 121213.91
370 121366.02
371 122231.96
372 121019.12
373 121768.95
374 121914.86
375 121183.87
376 121285.92
377 122029.07
378 121475.93
379 121697.19
380 120910.88
381 121196.99
382 121920.11
383 122179.99
384 121361.97
385 121387.96
386 121129.04
387 121114.02
388 121172.90
389 121047.97
390 121087.07
391 121118.07
392 120967.86
393 121124.03
394 121124.98
395 121099.00
396 121059.89
397 121104.96
398 121119.02
399 121145.01
400 121123.08
401 121114.97
402 121124.98
403 121114.02
404 121127.13
405 121103.05
406 121126.17
407 121124.98
408 121049.17
409 121075.15
410 121028.90
411 121125.94
412 121004.10
413 121124.98
414 121118.07
415 121099.00
416 121134.04
417 121059.89
418 121118.07
419 121109.96
420 121117.83
421 121114.02
422 121136.19
423 121114.97
424 121105.91
425 121126.17
426 121112.11
427 121095.90
428 121111.15
429 121076.11
430 121114.97
431 121127.13
432 121000.05
433 121086.84
434 121124.98
435 121104.96
436 121026.99
437 121109.01
438 121092.08
439 121153.83
440 121109.96
441 121074.91
442 121117.12
443 121122.84
444 121088.03
445 121134.04
446 121098.04
447 121098.04
448 121104.00
449 121076.11
450 121122.84
451 121094.94
452 121045.83
453 121101.14
454 121088.03
455 121104.96
456 121135.00
457 121101.14
458 121109.96
459 121083.02
460 121248.96
461 121108.06
462 121034.15
463 121099.00
464 121125.94
465 121108.06
466 121088.03
467 121124.98
468 121112.82
469 121069.91
470 121112.82
471 121118.07
472 121113.06
473 121119.98
474 121116.88
475 121125.94
476 121124.03
477 121120.93
478 121105.19
479 121171.00
480 121083.02
481 121082.07
482 121107.10
483 121104.00
484 121119.02
485 121114.02
486 121121.88
487 121120.93
488 121124.98
489 121093.99
490 121122.84
491 121093.03
492 121032.95
493 121100.90
494 121097.09
495 121115.92
496 121101.86
497 121120.93
498 121105.91
499 121119.02
500 121106.15
501 121117.12
502 121109.01
503 121120.93
504 121119.98
505 121088.98
506 121121.17
507 121088.03
508 121127.84
509 121071.82
510 121129.04
511 121114.02
512 121133.09
513 121119.98
514 121061.80
515 121120.93
516 121124.03
517 121094.94
518 121129.99
519 121103.05
520 121035.10
521 121114.02
522 121119.98
523 121115.92
524 121129.04
525 121111.87
526 121127.13
527 121109.01
528 121112.11
529 121088.98
530 121115.21
531 121105.91
532 121045.83
533 121109.01
534 121122.12
535 121140.00
536 121120.93
537 121068.00
538 121095.90
539 121107.82
540 121120.93
541 121100.90
542 121107.10
543 121124.03
544 121129.99
545 121078.01
546 121109.96
547 121100.19
548 121095.18
549 121069.91
