550
0 120858.91
1 121061.09
2 120925.90
3 121028.90
4 120975.02
5 120920.90
6 120917.08
7 120967.15
8 120986.94
9 120941.88
10 120973.11
11 120951.89
12 120924.00
13 120962.86
14 120954.99
15 120964.05
16 120955.94
17 120949.03
18 120949.03
19 120974.06
20 120959.04
21 120971.92
22 120888.95
23 120939.97
24 120970.96
25 120944.02
26 120934.96
27 120970.01
28 120949.03
29 120965.96
30 120910.88
31 120972.16
32 120973.11
33 120970.01
34 120970.96
35 120969.06
36 121001.96
37 120873.93
38 120927.10
39 120965.00
40 120947.84
41 120945.93
42 120918.99
43 120961.90
44 120960.95
45 120965.96
46 120965.00
47 120952.13
48 120951.89
49 120948.08
50 120961.90
51 120962.86
52 120972.16
53 120967.15
54 120965.96
55 120968.82
56 120966.91
57 120965.00
58 120939.02
59 120975.97
60 120970.96
61 120924.95
62 120925.90
63 120949.03
64 120946.88
65 120981.93
66 120953.08
67 120943.07
68 120958.09
69 120955.94
70 120960.95
71 120960.00
72 120969.06
73 120956.90
74 120965.96
75 120957.85
76 120972.16
77 120959.04
78 120970.01
79 120963.10
80 120966.91
81 120968.82
82 120923.04
83 120970.96
84 120950.94
85 120967.86
86 120954.99
87 120966.91
88 120968.82
89 120918.99
90 120954.04
91 120940.92
92 120968.10
93 120990.99
94 120967.15
95 120923.04
96 120851.99
97 120970.96
98 120937.11
99 120990.04
100 120923.04
101 120925.90
102 121610.88
103 120950.94
104 120851.04
105 120876.07
106 120949.98
107 121485.95
108 120958.09
109 120897.05
110 120893.00
111 120978.12
112 121303.08
113 120937.11
114 120847.94
115 120925.90
116 120952.13
117 121043.92
118 120962.14
119 120833.16
120 120905.88
121 120965.00
122 120960.00
123 120965.96
124 120967.15
125 120917.80
126 120920.90
127 120855.09
128 121032.00
129 120861.05
130 121000.05
131 120998.14
132 120975.02
133 120981.93
134 121124.03
135 121034.15
136 120975.02
137 121023.89
138 120939.02
139 120851.99
140 121020.08
141 120772.84
142 121007.92
143 120912.08
144 120896.10
145 121016.98
146 122018.10
147 121014.83
148 120973.11
149 120898.01
150 120959.04
151 121498.11
152 120971.92
153 120951.18
154 120970.96
155 121002.91
156 120900.87
157 120887.99
158 121405.84
159 120928.05
160 120878.93
161 120932.10
162 120894.91
163 120864.87
164 120788.10
165 120968.82
166 120833.16
167 120970.01
168 120862.01
169 120915.17
170 121150.02
171 120961.90
172 120848.89
173 120876.07
174 120955.94
175 120711.09
176 120943.07
177 120967.15
178 120940.92
179 120966.91
180 121135.95
181 120942.83
182 120897.05
183 120957.14
184 120961.90
185 120888.95
186 120965.96
187 120944.02
188 120975.02
189 120992.90
190 120879.17
191 120906.11
192 120880.13
193 121142.15
194 120909.93
195 120965.96
196 121011.97
197 120931.86
198 121002.91
199 121166.94
200 120989.08
201 120998.86
202 120958.09
203 120979.07
204 120893.96
205 121010.07
206 121041.06
207 120987.89
208 120872.97
209 121147.16
210 121016.03
211 120955.94
212 120989.80
213 120985.98
214 121053.22
215 120973.11
216 121308.09
217 121032.00
218 121147.87
219 120981.93
220 120924.95
221 120980.02
222 120833.87
223 121008.87
224 120918.99
225 121032.00
226 120904.92
227 121006.01
228 120879.17
229 120996.95
230 120894.91
231 120993.85
232 121027.95
233 121257.07
234 120993.14
235 121189.83
236 120896.10
237 120897.05
238 120787.14
239 120731.12
240 120997.19
241 120921.13
242 121007.20
243 120957.14
244 120981.93
245 120937.11
246 120978.12
247 121011.97
248 120974.06
249 120975.97
250 121135.00
251 120949.98
252 121011.97
253 120870.83
254 120914.94
255 120994.09
256 120819.09
257 121531.96
258 120878.93
259 120915.17
260 121318.10
261 121028.90
262 121366.98
263 120905.16
264 121294.02
265 120762.83
266 120899.20
267 121112.11
268 121455.91
269 121091.13
270 120893.00
271 120925.19
272 121671.92
273 120929.96
274 121387.96
275 120707.99
276 120924.00
277 121222.02
278 120977.16
279 121078.01
280 121484.99
281 121170.04
282 121099.00
283 120989.08
284 121140.96
285 121191.02
286 121013.16
287 121052.98
288 120862.96
289 121029.14
290 120949.98
291 121091.13
292 121078.01
293 121011.97
294 120990.99
295 120777.85
296 121431.83
297 121438.03
298 121958.02
299 120652.91
300 121083.02
301 120857.00
302 120831.01
303 120990.04
304 121416.09
305 120894.91
306 122092.01
307 121001.01
308 120924.95
309 120880.13
310 120730.16
311 121564.15
312 120781.90
313 121084.93
314 121340.99
315 121437.79
316 121368.17
317 120849.13
318 121037.01
319 120847.94
320 121009.11
321 120871.07
322 120779.99
323 121037.96
324 120918.99
325 121241.09
326 121202.95
327 120828.87
328 121099.00
329 120834.83
330 121307.13
331 120897.05
332 121654.99
333 120684.86
334 120808.12
335 120839.83
336 121551.99
337 121181.01
338 121289.01
339 121417.05
340 120954.99
341 121102.09
342 120962.14
343 120823.86
344 120913.98
345 121469.02
346 120849.85
347 121262.07
348 121005.06
349 121550.08
350 121176.00
351 120783.09
352 121403.93
353 121320.96
354 121549.13
355 121238.95
356 120647.91
357 120905.16
358 120831.01
359 120774.03
360 120913.98
361 121007.20
362 120766.88
363 120731.83
364 121049.88
365 120785.00
366 120841.98
367 120984.08
368 120882.03
369 120803.12
370 120934.96
371 120733.02
372 120840.07
373 120733.02
374 120734.93
375 121063.95
376 120661.97
377 121061.09
378 120980.98
379 120723.01
380 120693.92
381 120700.12
382 120762.11
383 120893.00
384 120811.94
385 120962.86
386 120801.93
387 120853.90
388 120735.17
389 120906.11
390 121027.95
391 120727.06
392 120809.08
393 120843.17
394 120709.90
395 120819.09
396 120761.16
397 120892.05
398 120819.81
399 120892.05
400 120925.90
401 120795.97
402 121137.86
403 121027.95
404 120773.08
405 120690.82
406 120843.89
407 121038.91
408 120817.90
409 120814.09
410 120897.05
411 120646.00
412 120841.98
413 121032.00
414 120821.00
415 120858.91
416 120805.98
417 121080.88
418 120939.97
419 121224.16
420 120733.98
421 120805.03
422 120803.12
423 120743.99
424 120890.14
425 120847.94
426 120878.93
427 120841.98
428 120951.18
429 120862.01
430 120849.13
431 120815.99
432 120845.08
433 120888.95
434 120870.11
435 120994.81
436 120861.05
437 120772.12
438 120882.03
439 121032.00
440 120807.89
441 120999.10
442 121351.00
443 121407.99
444 120821.95
445 120949.98
446 121098.04
447 120881.08
448 121094.94
449 120804.07
450 120719.91
451 120955.94
452 120825.05
453 120935.92
454 120687.96
455 120925.19
456 120917.08
457 120844.84
458 120922.09
459 120750.19
460 120726.11
461 120872.97
462 121169.09
463 121035.10
464 120980.98
465 120792.15
466 121056.08
467 120862.01
468 121296.88
469 120644.09
470 121397.97
471 120826.01
472 120975.02
473 120763.06
474 120943.07
475 121007.20
476 120845.08
477 121492.86
478 120718.00
479 120779.99
480 120924.95
481 121200.08
482 120931.86
483 121159.08
484 120909.21
485 120911.84
486 120891.09
487 121026.04
488 120739.94
489 120682.00
490 120834.83
491 121219.16
492 120576.86
493 121082.07
494 121515.99
495 121468.78
496 120785.95
497 121023.89
498 120640.99
499 121350.05
500 120924.00
501 120960.95
502 120762.11
503 120945.93
504 121355.06
505 120921.13
506 120946.88
507 120845.08
508 120735.17
509 120828.15
510 120888.95
511 120863.20
512 120978.12
513 120830.06
514 121130.94
515 120926.86
516 120866.06
517 120831.01
518 120661.02
519 121058.94
520 121071.82
521 120678.90
522 121294.98
523 121358.16
524 120754.96
525 120811.22
526 121320.01
527 120738.03
528 120687.01
529 120976.92
530 120815.04
531 120831.97
532 120733.98
533 120805.03
534 120865.11
535 120742.80
536 121124.03
537 121219.87
538 120855.81
539 121572.97
540 121482.85
541 121322.87
542 120960.95
543 121575.12
544 120893.96
545 120879.89
546 121649.03
547 121169.81
548 121401.07
549 121017.93
