550
0 121253.97
1 121158.12
2 121103.05
3 121081.11
4 121121.88
5 121138.10
6 121082.07
7 121131.18
8 121141.91
9 121156.22
10 121121.88
11 121142.86
12 121122.12
13 121101.14
14 121128.08
15 121137.14
16 121061.09
17 121130.94
18 121142.86
19 121128.08
20 121129.99
21 121126.17
22 121107.10
23 121117.12
24 121155.02
25 121109.96
26 121052.03
27 121112.11
28 121090.89
29 121157.88
30 121152.16
31 121135.00
32 121116.88
33 121124.03
34 121128.08
35 121155.98
36 121066.09
37 121137.86
38 121133.09
39 121131.90
40 121119.02
41 121125.94
42 121143.82
43 121125.94
44 121140.00
45 121124.03
46 121072.05
47 121115.21
48 121029.14
49 121108.06
50 121139.05
51 121108.06
52 121131.18
53 121120.21
54 121113.06
55 121117.12
56 121077.06
57 121126.17
58 121129.99
59 121126.17
60 121114.02
61 121125.94
62 121101.14
63 121128.08
64 121138.10
65 121098.04
66 121098.04
67 121120.93
68 121145.01
69 121119.02
70 121139.05
71 121122.12
72 121130.94
73 121125.94
74 121042.97
75 121130.94
76 121037.96
77 121120.93
78 121165.04
79 121124.98
80 121085.17
81 121124.03
82 121141.91
83 121129.04
84 121128.08
85 121119.98
86 121016.98
87 121124.03
88 121145.01
89 121145.01
90 121129.04
91 121130.94
92 121131.90
93 121029.14
94 121131.90
95 121098.04
96 120971.92
97 120939.02
98 121181.01
99 121138.10
100 121129.99
101 121104.96
102 121124.03
103 121155.98
104 121127.13
105 121083.02
106 121089.94
107 121099.00
108 121132.85
109 121397.97
110 121137.14
111 121145.96
112 121114.97
113 121135.95
114 121121.88
115 121022.94
116 121129.04
117 121141.91
118 121124.03
119 121579.89
120 121111.87
121 121073.96
122 121024.85
123 121119.98
124 121299.03
125 121141.91
126 121126.89
127 121120.93
128 121162.89
129 121117.12
130 121192.22
131 121119.98
132 121087.07
133 121129.04
134 121019.84
135 121125.94
136 121002.91
137 121120.93
138 121051.07
139 121064.90
140 121117.83
141 120965.96
142 121125.94
143 121090.89
144 121110.92
145 121125.22
146 121087.79
147 121134.04
148 121128.08
149 121119.02
150 121160.03
151 120937.82
152 121199.85
153 121334.79
154 121191.98
155 121107.10
156 120956.90
157 121194.12
158 121202.95
159 121176.00
160 121143.10
161 121173.14
162 121203.90
163 121111.15
164 121195.08
165 121490.00
166 121153.83
167 121229.89
168 121149.06
169 121176.00
170 121409.89
171 121222.02
172 121226.07
173 121179.10
174 121056.08
175 121116.88
176 121210.10
177 121016.98
178 121219.87
179 121213.91
180 121090.89
181 121176.00
182 121207.95
183 121174.81
184 121178.87
185 121099.95
186 121146.20
187 121037.96
188 121222.02
189 121135.00
190 121129.04
191 121202.95
192 121119.02
193 121198.89
194 121323.82
195 121198.89
196 120956.18
197 121170.04
198 121083.02
199 121286.15
200 121038.91
201 121059.18
202 121203.90
203 121179.10
204 120962.14
205 121151.92
206 121090.89
207 121176.00
208 121191.98
209 121176.00
210 121204.14
211 121232.99
212 121208.91
213 121414.90
214 121113.78
215 121200.08
216 121594.91
217 121191.98
218 121065.14
219 121160.98
220 121221.07
221 121181.01
222 121145.01
223 121572.97
224 121203.18
225 121348.86
226 121101.14
227 121086.12
228 121186.97
229 121155.98
230 120954.99
231 121138.81
232 121127.13
233 121227.03
234 121196.99
235 120927.10
236 121153.12
237 121195.08
238 121147.87
239 121193.89
240 121479.99
241 121200.08
242 121323.82
243 121123.08
244 121059.18
245 121213.91
246 121313.10
247 121155.02
248 121079.92
249 121233.94
250 121536.02
251 121072.05
252 121092.80
253 121150.97
254 121178.87
255 121065.86
256 121042.97
257 121258.97
258 121164.08
259 121355.06
260 121034.86
261 121023.18
262 121118.07
263 121584.89
264 120915.17
265 121049.88
266 121143.10
267 121349.81
268 121127.84
269 121107.10
270 121201.04
271 121412.99
272 121590.14
273 120984.08
274 121242.05
275 121042.01
276 121245.86
277 121157.88
278 120960.00
279 121643.07
280 121077.06
281 121115.92
282 121134.04
283 121261.84
284 121531.01
285 121239.90
286 121589.90
287 121887.92
288 121299.03
289 121252.06
290 120938.06
291 121737.00
292 121104.96
293 120991.95
294 121564.87
295 121120.93
296 121300.94
297 121050.12
298 121201.99
299 121527.91
300 120939.97
301 120924.95
302 121099.00
303 121155.02
304 121665.95
305 121102.81
306 120996.95
307 121280.91
308 121294.02
309 121024.13
310 121859.07
311 121638.77
312 121413.95
313 121588.95
314 121206.05
315 121321.20
316 120862.96
317 121124.98
318 121070.15
319 121017.93
320 121255.87
321 121394.87
322 121093.03
323 121721.03
324 121047.97
325 121299.03
326 121721.98
327 121099.00
328 121212.01
329 120974.06
330 120965.96
331 121009.83
332 121041.06
333 121048.93
334 121515.04
335 121073.96
336 121044.87
337 121052.98
338 120887.99
339 120958.09
340 121395.11
341 121387.00
342 121142.15
343 121304.99
344 121617.08
345 121913.19
346 121531.96
347 121047.02
348 120923.04
349 121416.09
350 121398.93
351 121219.87
352 121881.96
353 121020.08
354 120846.99
355 121108.06
356 121747.97
357 120921.85
358 121106.86
359 121161.22
360 121132.14
361 120759.96
362 120935.92
363 121015.07
364 121057.99
365 121041.06
366 121206.05
367 121052.98
368 121020.08
369 120985.03
370 121268.99
371 120857.00
372 121068.95
373 120985.98
374 120826.96
375 121049.88
376 121158.84
377 121104.00
378 121136.19
379 120960.00
380 121051.07
381 121016.03
382 121026.99
383 121145.96
384 120898.96
385 121241.81
386 121124.98
387 121193.17
388 121032.95
389 121017.22
390 121055.13
391 120913.98
392 121198.18
393 120993.14
394 121083.02
395 121066.09
396 121084.93
397 121205.09
398 121085.88
399 120941.16
400 120929.96
401 120998.86
402 121005.06
403 121094.94
404 121135.95
405 120935.92
406 120987.18
407 121201.99
408 120915.89
409 121262.79
410 120859.15
411 121217.01
412 121082.07
413 121034.15
414 121053.93
415 120966.20
416 120934.01
417 121083.02
418 121294.98
419 121106.15
420 121026.04
421 121076.82
422 120976.92
423 121171.95
424 121376.04
425 121168.85
426 121123.79
427 120991.95
428 120953.80
429 121104.00
430 121071.82
431 121062.99
432 121039.87
433 120970.96
434 121176.96
435 121092.08
436 121016.03
437 121155.02
438 121262.07
439 120980.02
440 120881.08
441 121022.22
442 121122.84
443 121078.01
444 121170.04
445 121129.99
446 120928.05
447 121026.99
448 121039.87
449 121032.00
450 121054.89
451 120990.99
452 121093.03
453 121118.07
454 121020.08
455 121220.11
456 120974.06
457 120966.91
458 121097.80
459 121169.09
460 121118.07
461 120901.11
462 120850.80
463 121117.83
464 120957.14
465 121053.93
466 120977.16
467 121218.92
468 121135.00
469 121081.11
470 120912.79
471 121075.87
472 121034.15
473 121060.85
474 121115.92
475 121232.03
476 121006.01
477 121037.01
478 121320.96
479 121135.95
480 120903.97
481 120948.08
482 121175.05
483 120993.85
484 120929.00
485 121071.82
486 120993.85
487 121073.96
488 120862.96
489 121056.08
490 121120.93
491 120893.96
492 121209.14
493 121110.20
494 121279.95
495 121022.94
496 121180.06
497 121070.86
498 121083.02
499 121283.05
500 121073.96
501 121219.87
502 121075.87
503 121179.10
504 120871.07
505 120957.14
506 121373.18
507 121251.82
508 121112.11
509 120873.93
510 121119.98
511 121041.06
512 121227.98
513 120934.01
514 121209.86
515 120978.12
516 121112.11
517 120954.99
518 121182.92
519 121217.97
520 121041.06
521 121479.99
522 120939.02
523 121288.06
524 121042.01
525 121034.15
526 121112.82
527 121062.04
528 121153.83
529 121114.97
530 121092.08
531 121042.97
532 121170.04
533 121341.94
534 120954.04
535 121366.98
536 120907.07
537 121242.05
538 121000.05
539 121295.93
540 120966.91
541 121126.17
542 121455.91
543 121073.96
544 121212.96
545 120943.07
546 121603.01
547 121628.05
548 121035.10
549 121043.92
