550
0 121053.93
1 121083.97
2 121075.87
3 121044.87
4 120987.89
5 121068.00
6 121067.05
7 121064.90
8 121057.03
9 121057.99
10 121052.03
11 121052.98
12 121049.88
13 121048.93
14 121042.97
15 121045.11
16 121042.97
17 121051.79
18 121078.97
19 121044.87
20 121062.04
21 121050.12
22 121053.22
23 121045.83
24 121057.99
25 121066.09
26 120970.96
27 121050.12
28 121050.12
29 121047.97
30 121008.16
31 121068.95
32 121049.88
33 121052.03
34 121094.94
35 121077.06
36 121061.09
37 120982.89
38 121048.93
39 121057.99
40 121041.06
41 121049.88
42 121044.87
43 121046.07
44 120940.92
45 121051.07
46 121022.94
47 121068.00
48 121061.09
49 121063.95
50 121055.13
51 121055.84
52 121052.03
53 121081.11
54 121052.98
55 121052.98
56 121061.09
57 120987.89
58 121058.94
59 121053.93
60 121051.07
61 121079.92
62 121055.13
63 121061.80
64 121022.94
65 121050.12
66 121062.99
67 121053.22
68 121061.09
69 121043.92
70 121055.13
71 121037.96
72 121074.91
73 121042.01
74 121059.89
75 121041.77
76 121056.08
77 120968.10
78 121044.16
79 121078.01
80 121049.17
81 120954.99
82 121052.03
83 121048.93
84 121014.12
85 121049.17
86 121062.04
87 121053.93
88 121050.12
89 121063.95
90 121061.09
91 121052.98
92 121047.97
93 121042.97
94 121056.08
95 120980.98
96 120996.95
97 120919.94
98 121055.13
99 121007.20
100 121052.98
101 120996.95
102 121046.07
103 120896.10
104 120987.18
105 120883.94
106 121039.15
107 120891.09
108 120875.84
109 120820.05
110 121112.11
111 121007.92
112 123289.11
113 120912.08
114 122486.11
115 121587.04
116 122328.04
117 123950.96
118 123213.05
119 123092.17
120 123903.99
121 123135.09
122 123115.06
123 123862.98
124 123020.17
125 123112.20
126 123873.00
127 122259.14
128 122960.81
129 123672.96
130 123546.84
131 124295.00
132 124202.97
133 123260.97
134 124047.04
135 123940.94
136 122982.03
137 123679.88
138 123687.98
139 124396.80
140 124194.15
141 123374.94
142 124121.19
143 122377.16
144 123049.02
145 123882.06
146 123671.05
147 122855.19
148 122745.99
149 123498.92
150 124210.83
151 122549.06
152 123195.17
153 124676.94
154 123790.98
155 122872.11
156 122805.12
157 123596.91
158 122701.17
159 122731.21
160 123436.93
161 123146.06
162 123839.86
163 123049.97
164 124675.99
165 123631.00
166 122737.88
167 122728.82
168 123408.08
169 121803.05
170 120823.14
171 121555.09
172 121479.03
173 122149.94
174 121279.95
175 121166.94
176 121783.02
177 121742.01
178 120861.05
179 121474.98
180 121466.88
181 122076.03
182 121215.82
183 121130.94
184 121720.08
185 121746.06
186 122340.20
187 121343.85
188 121333.84
189 122003.08
190 121917.96
191 120987.18
192 121650.93
193 121572.02
194 122246.98
195 121328.83
196 121195.08
197 121866.94
198 121790.89
199 120853.90
200 121543.17
201 121429.92
202 122100.11
203 121174.81
204 121097.09
205 121689.08
206 121649.98
207 120857.95
208 121433.97
209 121445.89
210 122127.06
211 122128.96
212 121093.03
213 121757.03
214 121624.95
215 120883.94
216 121321.92
217 121341.94
218 121997.83
219 122042.89
220 120952.13
221 121598.01
222 121585.13
223 122302.06
224 121259.93
225 121337.18
226 121880.05
227 121930.84
228 120913.03
229 121483.09
230 121586.08
231 122260.09
232 122175.22
233 121176.00
234 121830.94
235 121843.10
236 120882.99
237 121421.10
238 121391.06
239 122067.93
240 122075.08
241 121025.09
242 121742.01
243 121659.99
244 120771.17
245 121348.86
246 121330.02
247 121979.95
248 122027.16
249 120997.91
250 121589.90
251 121569.16
252 122303.01
253 122205.97
254 121229.89
255 121886.01
256 121917.96
257 120877.98
258 121473.07
259 121459.01
260 122101.07
261 122133.97
262 121088.03
263 121823.07
264 121676.92
265 120831.01
266 121466.16
267 121425.87
268 122129.92
269 122061.97
270 121037.96
271 121618.99
272 121593.00
273 122326.14
274 122272.97
275 121258.02
276 121881.01
277 121974.95
278 120934.96
279 121533.16
280 121500.97
281 122158.05
282 122175.93
283 121145.96
284 121842.15
285 121693.13
286 120865.82
287 121387.96
288 121399.16
289 122041.94
290 122054.10
291 121059.89
292 121738.20
293 121644.02
294 122375.97
295 122311.12
296 121297.12
297 121992.11
298 122013.09
299 120978.83
300 121497.15
301 121448.04
302 122121.10
303 122143.03
304 121079.92
305 121807.81
306 121705.06
307 120790.96
308 121383.91
309 121382.00
310 122056.96
311 122086.05
312 121061.80
313 121634.96
314 121618.03
315 122343.06
316 122276.07
317 121279.95
318 121922.02
319 121932.98
320 120984.08
321 121593.95
322 121591.81
323 122154.95
324 122217.18
325 121143.82
326 121878.15
327 121891.02
328 120839.12
329 121432.07
330 121386.05
331 122051.95
332 122069.12
333 121076.82
334 121739.15
335 121629.00
336 122355.94
337 122305.15
338 121302.84
339 121990.20
340 122009.99
341 121004.10
342 121555.09
343 121546.03
344 122192.14
345 122215.99
346 121180.06
347 121883.87
348 121905.09
349 120888.95
350 121462.11
351 121496.92
352 122130.16
353 122158.05
354 121069.91
355 121820.93
356 121709.11
357 120768.07
358 122249.84
359 120812.89
360 121412.04
361 121548.89
362 121222.02
363 122395.99
364 121659.99
365 122205.02
366 120831.01
367 121512.89
368 121712.21
369 121022.94
370 121196.03
371 121680.02
372 120883.94
373 121234.89
374 121796.13
375 121922.02
376 121218.92
377 121459.01
378 120731.12
379 122107.98
380 121119.98
381 121217.01
382 121706.01
383 121223.93
384 121310.00
385 120873.93
386 121064.90
387 121057.03
388 121071.10
389 121057.99
390 121050.12
391 120978.83
392 121056.08
393 121050.12
394 121009.11
395 121069.91
396 121066.09
397 120996.95
398 120973.11
399 121067.05
400 121061.80
401 121069.91
402 121059.89
403 121064.90
404 121027.95
405 121068.95
406 121068.95
407 121098.04
408 121059.89
409 121066.09
410 121064.90
411 121077.06
412 121045.11
413 121055.84
414 121055.13
415 121078.97
416 121070.86
417 121001.96
418 121055.84
419 121072.05
420 121046.07
421 121070.86
422 121055.13
423 121062.04
424 121021.03
425 121068.95
426 121055.84
427 121052.03
428 121053.93
429 121073.01
430 121052.98
431 121046.07
432 121049.88
433 120993.14
434 121053.22
435 120981.93
436 121047.97
437 121052.03
438 121028.90
439 121063.95
440 121034.15
441 121042.01
442 120990.99
443 121042.01
444 121035.81
445 121059.18
446 121057.99
447 121068.95
448 120988.85
449 121062.99
450 121052.03
451 121065.86
452 121057.99
453 121068.00
454 121067.05
455 121062.99
456 120980.02
457 120991.95
458 121065.14
459 121062.99
460 121072.05
461 121063.95
462 121061.80
463 121063.95
464 121027.95
465 121060.85
466 121071.10
467 121067.05
468 121068.95
469 121073.01
470 121068.95
471 121063.95
472 121064.90
473 121065.86
474 121061.09
475 121050.83
476 121071.10
477 120985.03
478 121055.84
479 121042.01
480 121036.05
481 121038.91
482 121060.85
483 121053.93
484 121026.99
485 121056.80
486 121094.94
487 121049.88
488 121049.17
489 121037.01
490 121042.01
491 121062.99
492 121026.04
493 121056.80
494 121080.88
495 121061.09
496 121068.95
497 121006.01
498 121063.95
499 121063.95
500 121069.91
501 121042.97
502 121087.07
503 121047.02
504 121037.96
505 121047.02
506 121083.02
507 121052.03
508 121060.13
509 121042.01
510 121088.98
511 120953.08
512 121064.90
513 121042.97
514 121064.90
515 121066.09
516 121064.90
517 121077.06
518 121063.95
519 121026.99
520 121063.95
521 121063.95
522 121063.95
523 121066.09
524 121026.99
525 121057.03
526 121054.17
527 121045.11
528 121071.10
529 121057.03
530 121039.87
531 121052.98
532 121063.95
533 121047.97
534 121091.84
535 121051.07
536 121052.03
537 121022.94
538 121053.22
539 121046.07
540 121049.17
541 120970.01
542 121050.83
543 121073.01
544 121036.05
545 121044.87
546 121062.99
547 121064.90
548 121047.97
549 121062.04
