550
0 121299.98
1 121162.18
2 121057.99
3 121099.00
4 121140.96
5 121160.03
6 121144.06
7 121083.97
8 121144.06
9 121144.06
10 121136.90
11 121160.03
12 121066.09
13 121119.98
14 121133.09
15 121131.18
16 121142.86
17 121123.08
18 121124.98
19 121124.98
20 121129.99
21 121130.94
22 121134.04
23 121116.16
24 121124.98
25 121098.04
26 121133.09
27 121135.00
28 121136.19
29 121145.01
30 121144.77
31 121074.91
32 121051.07
33 121143.10
34 121140.96
35 121130.94
36 121131.18
37 121126.89
38 121137.86
39 121145.01
40 121140.96
41 121145.96
42 121140.00
43 121114.02
44 121106.86
45 121097.09
46 121128.08
47 121141.91
48 121112.11
49 121140.96
50 121129.04
51 121114.02
52 121067.05
53 121109.01
54 121104.00
55 121129.99
56 121160.03
57 121135.00
58 121090.17
59 121140.00
60 121148.11
61 121046.07
62 121145.01
63 121159.08
64 121140.96
65 121062.99
66 121140.96
67 121155.02
68 121143.82
69 121129.04
70 121140.00
71 121082.07
72 121037.01
73 121157.17
74 121126.89
75 121084.93
76 121133.09
77 121137.86
78 121135.00
79 121143.10
80 121135.95
81 121142.15
82 121140.00
83 121137.86
84 121062.99
85 121097.09
86 121138.10
87 121145.96
88 121137.86
89 121128.08
90 121136.90
91 121142.15
92 121044.87
93 121138.10
94 121152.88
95 121138.81
96 121022.94
97 121137.14
98 121113.06
99 121041.06
100 120963.81
101 121146.92
102 121017.93
103 121084.93
104 121079.92
105 121095.18
106 122220.04
107 121116.16
108 122387.89
109 121026.99
110 122570.04
111 121891.02
112 122529.98
113 121076.11
114 123308.18
115 123176.10
116 122648.00
117 123349.91
118 124979.02
119 125715.02
120 125720.98
121 124951.12
122 124089.96
123 124188.90
124 125029.80
125 124295.00
126 125833.03
127 125080.11
128 125078.92
129 125991.11
130 125045.06
131 125096.08
132 124349.12
133 125216.01
134 125324.96
135 124495.03
136 124650.00
137 123782.16
138 124608.04
139 124725.10
140 125458.00
141 124674.08
142 124648.81
143 124048.95
144 124062.06
145 124696.97
146 125657.08
147 125666.86
148 124906.06
149 124146.94
150 124201.06
151 124933.00
152 125010.97
153 124343.87
154 125199.08
155 125085.12
156 124273.06
157 124382.97
158 125262.98
159 124487.88
160 126182.08
161 125322.10
162 124511.96
163 124543.19
164 123922.11
165 123791.93
166 124685.05
167 125546.93
168 125354.05
169 124589.92
170 122278.93
171 122392.18
172 121612.07
173 122274.88
174 122272.01
175 121455.91
176 121396.78
177 122251.03
178 121332.88
179 121346.00
180 122137.07
181 121113.06
182 121158.12
183 121887.21
184 122033.12
185 121112.11
186 121743.92
187 121853.83
188 120870.83
189 120849.85
190 121610.88
191 120887.99
192 120998.14
193 121557.00
194 122257.23
195 122346.16
196 121372.22
197 121453.05
198 122147.08
199 121225.12
200 121346.00
201 122003.08
202 121098.04
203 121145.01
204 121885.06
205 122074.13
206 121169.09
207 121774.91
208 121960.16
209 121047.97
210 121659.04
211 121667.86
212 120866.06
213 120963.10
214 121670.01
215 122303.96
216 122399.09
217 121548.89
218 121446.13
219 122313.02
220 121397.97
221 121325.97
222 122191.19
223 121288.06
224 121226.07
225 121943.00
226 122108.94
227 121073.01
228 121811.87
229 121983.05
230 121052.03
231 121691.94
232 121682.17
233 120939.97
234 120970.96
235 121543.88
236 120857.00
237 122475.86
238 121558.90
239 122184.99
240 122300.15
241 121380.09
242 121340.04
243 122204.07
244 121286.15
245 121248.01
246 121984.00
247 121186.97
248 121135.00
249 121859.79
250 122003.08
251 121024.85
252 121707.92
253 121834.04
254 120916.84
255 120841.98
256 121689.80
257 120776.89
258 122471.81
259 121564.87
260 122171.88
261 122298.00
262 121446.85
263 121346.00
264 122117.04
265 121304.04
266 121207.95
267 121958.02
268 121176.00
269 121114.02
270 121852.87
271 122000.93
272 120932.82
273 121704.10
274 121732.95
275 120887.04
276 121605.87
277 121539.12
278 120807.17
279 120831.97
280 121494.05
281 122270.11
282 122296.09
283 121448.99
284 121409.89
285 122179.03
286 121149.06
287 121309.04
288 122097.02
289 121057.03
290 121049.17
291 121819.97
292 122002.84
293 120989.08
294 121708.87
295 121834.99
296 120898.01
297 121535.06
298 121601.10
299 120874.88
300 120902.06
301 121481.90
302 122234.82
303 122408.15
304 121362.92
305 122113.94
306 122183.08
307 121292.83
308 121210.81
309 122076.99
310 121157.17
311 121122.12
312 121858.12
313 121016.98
314 120957.85
315 121733.19
316 121870.04
317 120983.84
318 121573.93
319 121720.08
320 120927.10
321 122596.03
322 121579.89
323 122247.93
324 122387.17
325 121405.12
326 122092.96
327 122234.11
328 121357.20
329 121210.81
330 122025.01
331 121129.04
332 121214.15
333 121850.01
334 120984.08
335 121010.07
336 121752.02
337 121892.93
338 120856.05
339 121600.15
340 121707.20
341 120876.79
342 121603.97
343 121524.10
344 122254.13
345 122385.03
346 121429.92
347 122066.97
348 122142.08
349 121304.04
350 121225.83
351 122130.87
352 121156.93
353 121046.07
354 121876.00
355 120902.06
356 120939.97
357 121690.03
358 121608.02
359 120799.06
360 121309.04
361 121625.90
362 121182.92
363 120894.91
364 122160.20
365 121895.07
366 121458.05
367 121180.06
368 120781.90
369 122151.85
370 121788.98
371 121472.84
372 121097.09
373 122233.15
374 121932.98
375 121567.96
376 121320.96
377 120973.83
378 122146.13
379 122030.97
380 121588.95
381 121280.91
382 120935.92
383 122231.96
384 121936.08
385 121475.93
386 120938.06
387 121067.05
388 121065.86
389 121063.95
390 121069.91
391 121029.14
392 120999.81
393 120982.17
394 121064.90
395 121026.04
396 121062.04
397 121069.91
398 121063.95
399 121038.91
400 121067.05
401 121049.88
402 121056.08
403 121045.11
404 121063.95
405 121052.98
406 121068.00
407 121064.90
408 121036.05
409 121066.81
410 121043.92
411 121059.18
412 121049.17
413 120985.98
414 121071.10
415 121062.04
416 121037.01
417 121065.86
418 121043.92
419 121057.03
420 121068.00
421 121057.03
422 121031.05
423 121060.13
424 121082.07
425 121060.85
426 121005.06
427 121063.95
428 121025.09
429 121062.99
430 121021.03
431 121063.95
432 121024.85
433 120971.20
434 121049.88
435 121073.96
436 121042.01
437 121042.97
438 121045.11
439 121045.11
440 121056.08
441 121079.92
442 121062.04
443 121010.07
444 121066.09
445 121032.00
446 121036.05
447 121047.02
448 121042.97
449 121050.12
450 121056.08
451 121057.99
452 121083.97
453 120966.91
454 121071.82
455 121042.97
456 121025.09
457 121052.03
458 121083.02
459 120985.98
460 121005.06
461 121127.13
462 121069.19
463 121024.13
464 121033.91
465 121052.98
466 121016.98
467 121057.03
468 121066.81
469 121057.03
470 121073.01
471 121062.99
472 121048.93
473 120985.98
474 121003.15
475 121096.85
476 121064.90
477 121026.99
478 121050.12
479 121049.88
480 121055.13
481 121057.99
482 121054.17
483 121067.05
484 121057.03
485 121068.00
486 121070.86
487 121112.82
488 121047.02
489 121037.96
490 121049.88
491 121055.13
492 121070.86
493 120986.94
494 121040.11
495 121029.14
496 121052.98
497 121050.83
498 121067.05
499 121052.98
500 121062.99
501 121059.18
502 121067.05
503 121026.99
504 121031.05
505 121037.96
506 121004.82
507 121035.81
508 121057.03
509 121047.02
510 120985.98
511 121047.97
512 121011.02
513 120980.02
514 121024.13
515 121062.99
516 121068.00
517 121071.82
518 121069.19
519 121040.11
520 121004.10
521 121047.02
522 121030.09
523 121048.93
524 121044.16
525 121053.93
526 121079.92
527 121051.07
528 121062.04
529 121057.03
530 121061.09
531 121061.09
532 121045.83
533 120959.04
534 121061.09
535 121045.11
536 121067.05
537 121050.83
538 121032.00
539 121055.84
540 121048.93
541 121055.13
542 121052.98
543 121073.01
544 121046.78
545 121037.96
546 121013.88
547 121044.87
548 121040.11
549 121051.07
