350
0 121139.05
1 121032.95
2 120922.09
3 121201.04
4 121117.83
5 121021.99
6 121040.11
7 120833.87
8 121042.97
9 121001.96
10 121459.01
11 120790.96
12 121062.99
13 121122.84
14 121190.07
15 121340.99
16 120883.94
17 121599.91
18 121133.09
19 121907.95
20 121693.85
21 122389.08
22 121822.12
23 122679.00
24 122146.13
25 121621.13
26 122395.99
27 121938.94
28 122699.98
29 122256.04
30 123002.05
31 122744.08
32 123398.07
33 122831.82
34 123704.91
35 123163.94
36 123936.89
37 123565.20
38 123083.83
39 123857.98
40 123436.93
41 124091.15
42 123759.03
43 124415.87
44 123849.15
45 124747.04
46 124212.98
47 124994.99
48 124574.90
49 125305.18
50 124810.93
51 125606.06
52 125390.05
53 126035.93
54 125478.98
55 125166.89
56 125826.12
57 125295.88
58 126052.14
59 125643.97
60 126361.13
61 125991.11
62 126736.88
63 126455.78
64 127056.12
65 126513.00
66 127427.82
67 126871.11
68 127654.08
69 127179.86
70 126672.98
71 127483.84
72 127008.91
73 127734.90
74 127490.04
75 128148.08
76 127822.16
77 128460.88
78 127964.02
79 128677.85
80 128330.95
81 129019.02
82 128571.03
83 129348.99
84 129110.10
85 128530.03
86 129153.97
87 128833.06
88 129484.89
89 128957.03
90 129776.00
91 129384.99
92 130129.81
93 129667.04
94 130524.16
95 130076.89
96 129649.88
97 130590.20
98 130036.83
99 130680.80
100 130346.06
101 131103.99
102 130689.14
103 131399.87
104 131042.96
105 130718.95
106 131516.93
107 130972.15
108 131898.88
109 131305.93
110 132251.98
111 131699.80
112 132544.99
113 132119.89
114 131764.89
115 132646.08
116 132067.92
117 132874.01
118 132338.05
119 133219.00
120 132651.09
121 133582.12
122 133063.08
123 132794.14
124 133620.98
125 133104.09
126 133963.82
127 133482.93
128 134232.04
129 133937.84
130 133522.99
131 134490.97
132 133848.91
133 134637.12
134 134230.85
135 135003.09
136 134552.96
137 135381.94
138 134989.02
139 134541.99
140 135416.98
141 134922.03
142 135878.09
143 135280.85
144 136090.99
145 135676.15
146 135309.93
147 136161.80
148 135718.82
149 136488.91
150 136177.06
151 136838.20
152 136281.01
153 137243.03
154 136729.96
155 136401.89
156 137279.03
157 136781.93
158 137643.81
159 137210.85
160 137928.01
161 137655.97
162 137218.00
163 137924.91
164 137595.18
165 138399.84
166 137965.92
167 138767.00
168 138340.95
169 138040.78
170 138864.04
171 139549.97
172 139253.85
173 138691.19
174 139579.06
175 139072.90
176 138791.08
177 139581.92
178 139121.06
179 139903.07
180 139461.04
181 140196.08
182 139915.23
183 140601.87
184 140075.92
185 139890.91
186 140674.11
187 140201.09
188 139724.97
189 139261.96
190 140034.91
191 139823.91
192 140340.81
193 139765.98
194 140636.92
195 140074.01
196 140840.05
197 140342.00
198 139985.08
199 139654.87
200 139185.91
201 122942.21
202 121039.15
203 120821.95
204 121053.93
205 120867.01
206 120878.93
207 120929.00
208 121168.85
209 120887.04
210 121140.00
211 120892.05
212 121046.07
213 120814.09
214 120844.84
215 120819.81
216 120842.93
217 120930.19
218 120779.99
219 121037.01
220 120908.98
221 120994.09
222 120914.94
223 120841.03
224 120936.87
225 120856.05
226 120887.04
227 120930.19
228 120949.98
229 121216.06
230 120774.98
231 121125.94
232 121038.20
233 120901.82
234 121034.86
235 121039.87
236 120910.17
237 121019.12
238 120939.02
239 120864.87
240 120964.05
241 120922.09
242 120844.13
243 121238.95
244 120874.88
245 120949.98
246 120898.01
247 120984.08
248 120905.16
249 121027.95
250 121236.80
251 120969.77
252 120991.95
253 120769.02
254 120976.92
255 120839.83
256 121017.22
257 120926.14
258 121310.00
259 120872.97
260 121155.02
261 120893.96
262 121346.00
263 120986.94
264 121102.09
265 120679.86
266 120834.83
267 120939.97
268 121126.89
269 120931.86
270 120780.94
271 121243.95
272 120901.11
273 120916.84
274 120827.91
275 121001.01
276 120716.09
277 120950.22
278 120859.86
279 121003.87
280 120826.96
281 121024.13
282 120870.11
283 121517.90
284 120911.84
285 121153.83
286 120814.09
287 121073.01
288 121060.13
289 120942.12
290 120762.11
291 121313.10
292 120983.12
293 120960.95
294 120907.07
295 120980.02
296 121045.11
297 120846.03
298 121037.96
299 120790.00
300 121062.04
301 120821.00
302 120773.08
303 120738.98
304 120865.11
305 120949.98
306 121238.95
307 121051.07
308 121440.89
309 121047.97
310 121841.91
311 121456.86
312 121011.02
313 121891.98
314 121320.96
315 122258.19
316 121674.06
317 122579.10
318 122042.18
319 122891.90
320 122460.84
321 122108.94
322 122946.02
323 122399.09
324 123169.90
325 122865.92
326 123525.86
327 122957.94
328 123901.13
329 123450.99
330 123120.07
331 123965.98
332 123472.93
333 124293.09
334 123828.17
335 124605.18
336 124339.10
337 123899.94
338 124834.06
339 124268.77
340 125106.10
341 124700.07
342 125502.11
343 125060.80
344 124732.02
345 125550.99
346 125000.95
347 125945.81
348 125326.87
349 126295.09
