800
0 121254.92
1 121119.02
2 121078.01
3 121111.15
4 121113.06
5 121112.82
6 121109.96
7 121117.83
8 121096.13
9 121037.01
10 121105.19
11 121114.02
12 121104.00
13 121129.99
14 121099.00
15 121101.86
16 121119.02
17 121121.88
18 121121.88
19 121131.90
20 121104.96
21 121093.99
22 121089.94
23 121192.93
24 121114.02
25 121107.10
26 121121.88
27 121130.94
28 121096.85
29 121120.93
30 121138.10
31 121143.10
32 121122.84
33 121123.08
34 121108.06
35 121137.86
36 121099.95
37 121121.88
38 121114.02
39 121138.81
40 121112.82
41 121118.07
42 121091.13
43 121112.82
44 121118.07
45 121108.06
46 121114.02
47 121124.98
48 121109.01
49 121125.94
50 121129.04
51 121129.99
52 121109.96
53 121116.88
54 121103.05
55 121110.20
56 121105.91
57 121120.93
58 121106.15
59 121121.88
60 121047.97
61 121093.99
62 121084.93
63 121117.83
64 121091.13
65 121092.08
66 121130.94
67 121119.02
68 121109.01
69 121122.84
70 121104.00
71 121107.82
72 121112.11
73 121129.04
74 121094.94
75 121120.93
76 121124.03
77 121113.06
78 121119.98
79 121123.08
80 121114.02
81 121114.97
82 121091.13
83 121083.02
84 121119.98
85 121116.88
86 121116.16
87 121121.88
88 121116.16
89 121116.88
90 121111.15
91 121125.94
92 121124.98
93 120960.95
94 121066.09
95 121100.19
96 120980.02
97 120941.88
98 121054.89
99 121054.17
100 121037.96
101 121033.91
102 121782.06
103 121030.09
104 123064.99
105 120865.11
106 122253.89
107 122025.01
108 123752.12
109 122024.06
110 121961.83
111 122683.05
112 122728.11
113 123471.98
114 122838.02
115 122455.84
116 124170.06
117 122524.02
118 123992.20
119 123217.82
120 123221.16
121 123821.02
122 125263.21
123 124407.05
124 125159.03
125 122665.88
126 123542.07
127 124907.97
128 122804.88
129 123244.05
130 123889.92
131 123293.88
132 123889.92
133 123856.07
134 123157.02
135 123003.01
136 124366.04
137 123598.10
138 124470.95
139 124295.95
140 123677.02
141 121863.13
142 125154.02
143 124439.00
144 123265.03
145 124318.12
146 123209.95
147 123341.80
148 124037.98
149 122426.99
150 123836.04
151 122557.88
152 122612.95
153 123739.96
154 123678.92
155 122662.07
156 122660.88
157 123332.02
158 122263.19
159 124361.99
160 122982.03
161 123658.18
162 123535.87
163 122724.06
164 123750.93
165 122715.00
166 122781.04
167 122977.97
168 122819.90
169 123419.05
170 122761.01
171 123517.04
172 122424.84
173 123526.10
174 122470.14
175 124185.09
176 123332.02
177 122381.93
178 124062.06
179 123162.98
180 123270.03
181 122533.08
182 122204.07
183 123231.89
184 124627.11
185 123222.11
186 123873.00
187 122953.89
188 123707.06
189 122890.95
190 123768.09
191 123599.05
192 123575.93
193 122707.13
194 124241.11
195 124207.02
196 122630.83
197 123193.03
198 123815.06
199 123934.98
200 122970.10
201 122756.96
202 122172.12
203 122164.01
204 123726.13
205 122830.15
206 123110.06
207 122926.00
208 122996.81
209 123186.11
210 123134.14
211 123265.03
212 123651.98
213 123737.81
214 122929.10
215 124472.14
216 123697.04
217 123559.00
218 122722.15
219 122844.93
220 122781.99
221 125319.00
222 122648.95
223 122748.14
224 123490.10
225 122604.13
226 122757.91
227 122843.98
228 122561.93
229 122778.18
230 124166.97
231 122637.99
232 123106.96
233 123256.92
234 122396.95
235 122576.95
236 122638.94
237 122405.05
238 123082.88
239 122962.00
240 124356.99
241 122880.94
242 123482.94
243 123433.11
244 122605.09
245 122612.00
246 122458.93
247 122485.88
248 122355.94
249 124733.92
250 122864.01
251 124351.98
252 122344.02
253 123447.90
254 125048.88
255 122279.88
256 124114.04
257 123111.01
258 122963.91
259 122962.95
260 123467.92
261 123565.20
262 123525.86
263 123703.96
264 123660.09
265 121997.83
266 122266.05
267 124602.08
268 122037.17
269 123028.04
270 124587.06
271 122756.00
272 122512.10
273 122595.07
274 122052.91
275 123678.92
276 122174.98
277 122914.08
278 122035.98
279 123840.81
280 122182.13
281 122266.05
282 122807.98
283 122075.08
284 123586.18
285 122298.00
286 122338.06
287 123559.00
288 121955.16
289 123996.97
290 123636.96
291 124057.05
292 124217.03
293 123159.89
294 123371.12
295 122318.03
296 123255.01
297 123211.86
298 123779.06
299 124334.10
300 123592.14
301 122734.79
302 122843.98
303 124389.89
304 123412.13
305 123509.17
306 122663.02
307 122511.86
308 124032.02
309 122483.97
310 122062.92
311 122640.13
312 123521.09
313 122541.90
314 123525.86
315 122545.00
316 123344.90
317 123120.07
318 124687.19
319 123606.92
320 122686.15
321 122808.22
322 122081.04
323 123707.06
324 123641.97
325 122832.06
326 122690.92
327 123466.97
328 122680.90
329 123354.91
330 123341.80
331 123280.05
332 122534.04
333 122344.02
334 123198.99
335 122302.06
336 123260.02
337 122414.11
338 124146.94
339 123569.01
340 123064.04
341 124042.03
342 124755.86
343 123837.95
344 121967.08
345 122817.99
346 123969.08
347 123237.13
348 122330.19
349 122983.93
350 123723.03
351 122510.91
352 123782.87
353 123133.18
354 123398.07
355 122920.04
356 125108.00
357 122756.00
358 122237.21
359 122174.98
360 122723.10
361 122678.04
362 122580.05
363 122483.02
364 121953.01
365 122180.94
366 122062.92
367 122672.08
368 122498.04
369 122349.02
370 122277.98
371 121936.08
372 122110.13
373 122273.92
374 122170.21
375 122550.96
376 122097.02
377 122344.02
378 122214.08
379 122398.14
380 122395.99
381 122336.86
382 122197.15
383 122056.01
384 122271.06
385 121980.91
386 122274.88
387 122210.03
388 122274.16
389 122372.87
390 121581.08
391 121083.02
392 121154.79
393 121055.13
394 121792.08
395 121148.11
396 120830.06
397 120713.95
398 120992.90
399 121140.96
400 121058.94
401 121099.95
402 120960.00
403 120922.09
404 120790.00
405 121302.13
406 121074.91
407 120889.90
408 121020.08
409 120916.84
410 121223.93
411 120927.10
412 121031.05
413 120936.16
414 120985.98
415 120968.10
416 120780.94
417 121143.10
418 121016.98
419 121135.95
420 120887.99
421 120779.99
422 120913.98
423 120901.11
424 120990.99
425 121116.88
426 121103.05
427 120933.06
428 120666.98
429 121032.95
430 121084.93
431 120980.98
432 120713.00
433 120892.05
434 121107.82
435 121037.96
436 120777.85
437 121007.92
438 121064.19
439 121145.01
440 120924.95
441 120691.06
442 120900.87
443 121290.92
444 120709.90
445 120903.02
446 120977.88
447 120887.04
448 121036.05
449 121199.85
450 120941.88
451 120940.92
452 120723.01
453 120831.97
454 121109.01
455 120645.05
456 120944.02
457 120939.02
458 120787.86
459 121073.96
460 120719.19
461 120815.99
462 120911.12
463 120779.99
464 121080.88
465 121047.02
466 120815.99
467 120723.01
468 120856.05
469 120903.02
470 121080.16
471 120874.17
472 120819.09
473 120669.84
474 120981.93
475 121003.15
476 120846.99
477 120967.15
478 121163.13
479 121029.85
480 121132.14
481 120889.90
482 120899.92
483 120918.04
484 120970.01
485 120816.95
486 121021.99
487 120891.09
488 121114.97
489 120949.03
490 121099.95
491 120808.84
492 120634.08
493 121124.98
494 120864.87
495 120723.01
496 121312.86
497 121095.18
498 120996.95
499 121015.07
500 120961.90
501 120836.97
502 121106.15
503 120791.91
504 120994.09
505 121032.00
506 120844.13
507 120819.09
508 120835.07
509 121078.01
510 120990.99
511 120892.05
512 120869.16
513 120796.92
514 121011.02
515 121149.06
516 121051.07
517 120842.93
518 120990.99
519 120794.06
520 120905.88
521 120901.11
522 120991.95
523 121066.09
524 120767.12
525 120825.05
526 121104.96
527 121074.20
528 121016.03
529 120944.02
530 120943.07
531 120877.03
532 121001.96
533 121142.86
534 120920.90
535 120836.02
536 121152.88
537 121187.93
538 121161.94
539 121082.07
540 121062.99
541 120929.00
542 120757.10
543 120882.03
544 120815.99
545 121137.14
546 120807.89
547 121109.01
548 121018.89
549 120862.01
550 120914.94
551 121163.85
552 120811.22
553 121114.97
554 120664.83
555 121024.13
556 121203.18
557 121461.15
558 120963.10
559 120977.88
560 120887.99
561 120949.03
562 121057.99
563 121003.87
564 121041.06
565 121024.13
566 121176.00
567 120815.04
568 120856.05
569 120949.98
570 120824.81
571 121092.08
572 120751.14
573 120987.89
574 120774.98
575 120784.04
576 121039.87
577 121244.91
578 120839.12
579 121040.11
580 121095.90
581 120861.05
582 121016.03
583 120937.82
584 121237.04
585 120869.16
586 121107.10
587 121032.95
588 120671.03
589 120620.01
590 120929.96
591 120929.00
592 120893.96
593 120960.00
594 121084.93
595 120985.98
596 120860.82
597 120790.00
598 120765.92
599 120794.06
600 120951.89
601 121324.06
602 120900.87
603 120862.01
604 120825.05
605 120745.90
606 120916.84
607 121340.99
608 121171.00
609 120844.84
610 120814.09
611 120769.98
612 121011.02
613 121346.95
614 121036.05
615 120881.08
616 121222.02
617 121007.92
618 120951.18
619 120961.90
620 120884.18
621 120788.10
622 120871.07
623 120724.20
624 120944.02
625 120879.89
626 120840.07
627 121081.11
628 120815.04
629 120686.05
630 120947.84
631 120894.19
632 120760.20
633 120785.95
634 120947.84
635 120735.88
636 120790.00
637 120916.84
638 121170.04
639 120939.97
640 121096.13
641 120818.85
642 120718.00
643 120931.15
644 121100.90
645 120769.98
646 120854.14
647 121112.82
648 120918.99
649 121041.06
650 120848.18
651 120905.88
652 121040.82
653 120708.94
654 120966.20
655 120831.97
656 120806.93
657 120788.10
658 120703.94
659 120802.88
660 121069.91
661 121135.95
662 120753.05
663 120907.07
664 121088.03
665 121019.12
666 120959.04
667 121156.93
668 121032.00
669 120746.14
670 120927.81
671 121232.99
672 120980.02
673 121024.13
674 121011.02
675 121149.78
676 121000.05
677 121418.00
678 121134.04
679 121149.06
680 120986.94
681 120976.92
682 120880.13
683 121202.95
684 120728.97
685 120973.83
686 121010.78
687 120985.98
688 120960.00
689 120811.94
690 120980.98
691 121122.84
692 120901.11
693 120926.86
694 120713.95
695 120756.15
696 120816.95
697 120993.85
698 120980.02
699 120960.95
700 121107.10
701 120726.11
702 121034.15
703 121003.15
704 120981.93
705 120944.02
706 120923.04
707 120929.00
708 121371.03
709 120875.12
710 121036.05
711 121057.03
712 121059.89
713 121057.03
714 120968.82
715 120961.90
716 121052.03
717 121032.95
718 121058.94
719 121050.83
720 121057.03
721 121060.85
722 121068.00
723 121032.00
724 121051.07
725 121056.08
726 121054.89
727 121004.10
728 121063.95
729 120965.00
730 121041.06
731 121068.00
732 121053.22
733 121052.03
734 121016.98
735 121044.87
736 120949.03
737 121049.88
738 121043.92
739 121059.18
740 121040.11
741 121037.01
742 121057.03
743 121062.99
744 121064.90
745 121062.04
746 121033.91
747 121045.11
748 121052.98
749 121036.05
750 121068.95
751 121054.89
752 121032.95
753 121035.81
754 121041.06
755 121055.13
756 121057.99
757 121074.91
758 121060.13
759 120982.17
760 121042.01
761 121062.99
762 121053.93
763 120968.10
764 121053.93
765 121039.15
766 121037.01
767 121049.17
768 121062.99
769 120974.06
770 121082.07
771 121069.91
772 121058.94
773 121043.92
774 121006.97
775 121075.15
776 121059.89
777 121062.99
778 120996.00
779 121061.09
780 121043.92
781 121069.91
782 121062.04
783 121049.17
784 121066.09
785 121061.09
786 121058.94
787 121037.01
788 121034.15
789 121049.17
790 121059.89
791 121060.13
792 121088.98
793 121048.93
794 121028.18
795 121070.15
796 121054.89
797 121064.19
798 121057.99
799 120958.09
