800
0 121369.12
1 121154.07
2 121066.09
3 121079.92
4 121125.94
5 121119.98
6 121119.02
7 121125.94
8 121120.93
9 121121.88
10 121110.92
11 121058.94
12 121115.92
13 121119.02
14 121118.07
15 121048.93
16 121031.05
17 121114.97
18 121094.94
19 121128.80
20 121099.95
21 121096.85
22 121104.00
23 121109.96
24 121114.97
25 121097.09
26 121085.88
27 121119.98
28 121006.01
29 121091.13
30 121129.99
31 121100.90
32 121093.03
33 121102.09
34 121099.00
35 121045.11
36 121108.06
37 121097.80
38 121104.96
39 121113.06
40 121122.12
41 121134.04
42 121090.89
43 121072.05
44 121100.19
45 121124.98
46 121110.92
47 121088.98
48 121117.12
49 121116.88
50 121116.88
51 121086.12
52 121142.86
53 121104.00
54 121098.04
55 120970.01
56 121089.94
57 121109.96
58 121139.05
59 121077.06
60 121114.02
61 121119.02
62 121119.98
63 121123.08
64 121119.98
65 121127.13
66 121124.03
67 121102.09
68 121097.09
69 121125.94
70 121108.06
71 121115.92
72 121119.02
73 121127.84
74 121124.03
75 121064.90
76 121066.09
77 121111.87
78 121116.88
79 121117.12
80 121119.98
81 121248.96
82 121123.08
83 121007.92
84 121128.08
85 121116.88
86 121096.13
87 121125.94
88 121104.96
89 121118.07
90 121109.01
91 121120.93
92 121119.98
93 121108.06
94 121112.11
95 121047.02
96 120960.00
97 120944.98
98 121045.11
99 121051.07
100 121098.04
101 121129.99
102 120821.00
103 122030.97
104 120924.00
105 122996.09
106 120956.90
107 123278.14
108 121347.90
109 122025.01
110 121351.96
111 121962.79
112 124305.96
113 123613.12
114 123630.05
115 122670.89
116 122462.99
117 122391.94
118 123039.01
119 123035.91
120 122948.88
121 122861.15
122 123033.05
123 123616.93
124 123636.01
125 123489.86
126 123548.98
127 124197.01
128 122543.81
129 123945.00
130 123273.85
131 123291.97
132 124018.19
133 122328.04
134 123049.02
135 122251.03
136 122892.14
137 122932.20
138 122732.88
139 122590.07
140 122612.00
141 122601.99
142 123470.07
143 121840.00
144 122761.96
145 122666.12
146 123398.07
147 122713.80
148 123353.96
149 122534.04
150 123559.00
151 123432.87
152 123322.96
153 123517.04
154 124196.05
155 124112.13
156 123317.00
157 122462.03
158 124107.12
159 122426.03
160 122864.01
161 122185.95
162 122317.08
163 123759.98
164 122140.17
165 122908.12
166 123593.81
167 123390.20
168 123378.99
169 123260.97
170 124037.03
171 122348.07
172 122292.04
173 122997.05
174 124643.09
175 122092.01
176 123650.07
177 122672.08
178 122756.96
179 122641.09
180 124994.04
181 123193.03
182 123958.11
183 124836.92
184 122276.78
185 124195.10
186 123433.83
187 122766.97
188 123317.00
189 123341.08
190 123167.99
191 123255.01
192 123170.14
193 122278.93
194 123747.83
195 124488.12
196 122037.17
197 122874.98
198 122857.09
199 124472.86
200 123467.92
201 122467.99
202 122390.99
203 124071.12
204 122443.91
205 122385.98
206 122429.13
207 123063.09
208 122910.02
209 123147.01
210 123018.98
211 122827.05
212 122811.08
213 123541.12
214 121804.95
215 122624.16
216 123386.86
217 122377.87
218 124199.87
219 123145.82
220 123106.96
221 122189.04
222 124624.01
223 122861.86
224 122718.10
225 123566.87
226 122563.84
227 122495.89
228 122530.94
229 122397.90
230 122394.08
231 122436.05
232 123008.01
233 122334.00
234 124774.93
235 122447.01
236 122437.95
237 122541.19
238 123154.88
239 123154.88
240 123085.02
241 124623.06
242 122775.08
243 124395.13
244 122835.87
245 123385.91
246 123642.92
247 122220.04
248 123946.91
249 122331.86
250 124786.85
251 122148.04
252 123750.21
253 122852.09
254 123698.95
255 122755.05
256 121959.92
257 125977.99
258 122690.92
259 122553.11
260 122561.93
261 122570.04
262 124033.93
263 122609.14
264 124265.91
265 123353.00
266 123947.14
267 122352.12
268 122882.84
269 124564.89
270 122128.01
271 122792.01
272 122022.87
273 122064.11
274 122267.01
275 123119.12
276 124721.05
277 123080.02
278 122158.77
279 123064.99
280 123810.05
281 122028.83
282 123672.01
283 122846.84
284 122882.84
285 123600.96
286 123466.97
287 123426.20
288 123340.13
289 123541.12
290 124120.00
291 121932.03
292 124147.18
293 122521.88
294 124073.03
295 122626.07
296 123239.04
297 123520.85
298 123530.86
299 122385.03
300 122359.04
301 122522.12
302 124029.87
303 124594.93
304 122264.86
305 122147.80
306 122371.91
307 123770.00
308 122920.04
309 122266.05
310 121896.03
311 124135.02
312 122614.86
313 122672.08
314 123347.04
315 123965.02
316 123074.77
317 122974.16
318 122049.09
319 123466.97
320 124226.09
321 123224.02
322 121906.04
323 122577.91
324 123507.02
325 124254.94
326 123500.11
327 123237.13
328 123044.01
329 122136.12
330 123136.04
331 124709.13
332 124433.99
333 123620.03
334 123506.07
335 124447.82
336 123487.95
337 123424.05
338 122301.10
339 123183.97
340 123156.07
341 122442.96
342 122462.03
343 122366.91
344 122972.97
345 122265.10
346 123505.12
347 123447.90
348 122457.03
349 124027.97
350 124057.05
351 123265.98
352 123161.79
353 122466.80
354 122199.06
355 123972.89
356 122292.04
357 123113.16
358 124521.97
359 123789.07
360 122278.21
361 122071.03
362 121958.02
363 121963.98
364 122187.14
365 121883.87
366 122220.99
367 121833.09
368 122086.05
369 122094.15
370 122098.92
371 122257.95
372 122094.15
373 122263.91
374 122228.15
375 122099.16
376 122238.87
377 122230.05
378 121974.95
379 122464.18
380 122272.01
381 122174.02
382 121968.03
383 122010.95
384 122003.08
385 122275.11
386 122173.07
387 122202.87
388 122018.10
389 122015.95
390 121968.03
391 122303.96
392 121020.08
393 121295.93
394 121006.97
395 120989.08
396 120913.98
397 120726.11
398 121009.83
399 121124.03
400 120658.87
401 120846.03
402 120986.94
403 120980.98
404 120805.03
405 120921.13
406 120954.04
407 120780.94
408 121124.03
409 120929.96
410 120934.96
411 120946.88
412 120874.17
413 120898.96
414 120854.85
415 120741.13
416 120970.96
417 120951.89
418 120826.01
419 120870.11
420 120972.87
421 121181.96
422 120736.84
423 121082.07
424 121048.93
425 120944.02
426 121026.99
427 121005.06
428 120781.90
429 121166.94
430 121042.01
431 120939.97
432 120882.03
433 121068.00
434 120970.01
435 120964.05
436 120874.88
437 120960.00
438 120999.81
439 120929.00
440 120877.03
441 120942.83
442 120850.09
443 120630.98
444 120804.07
445 120933.06
446 121046.07
447 120834.11
448 120832.92
449 120846.99
450 120826.96
451 120897.05
452 120906.83
453 120930.91
454 120887.99
455 120913.98
456 121134.04
457 120914.94
458 120760.92
459 120846.99
460 120817.18
461 121248.01
462 121044.87
463 120766.88
464 120893.96
465 120738.03
466 120870.11
467 120903.97
468 120803.83
469 120696.07
470 120713.95
471 120806.93
472 120815.99
473 120706.80
474 120975.02
475 121130.94
476 121104.96
477 120725.15
478 120949.98
479 120951.89
480 120672.94
481 121050.12
482 120743.99
483 120706.08
484 120808.12
485 120797.87
486 120954.99
487 120804.79
488 120839.83
489 120654.11
490 120748.04
491 120774.98
492 120917.08
493 121020.08
494 120749.95
495 120898.01
496 120668.89
497 120718.00
498 120868.92
499 120776.89
500 120798.11
501 121102.81
502 120865.11
503 120798.11
504 120978.83
505 121013.88
506 120764.97
507 120985.98
508 120830.06
509 120791.91
510 120740.89
511 120876.07
512 120702.03
513 120802.16
514 121014.83
515 120903.02
516 120902.06
517 120801.93
518 120943.07
519 120815.04
520 120953.08
521 120741.13
522 121057.99
523 121124.03
524 120996.00
525 120718.00
526 121249.91
527 120645.05
528 120769.98
529 120902.06
530 120818.14
531 120715.14
532 121193.89
533 120846.03
534 120836.02
535 121001.96
536 120975.97
537 121232.03
538 121021.99
539 120863.20
540 121071.82
541 121016.03
542 121051.07
543 120697.98
544 120841.03
545 120896.10
546 120995.04
547 121038.91
548 120734.93
549 121050.12
550 120707.04
551 120836.02
552 121204.85
553 120728.97
554 121058.23
555 120832.92
556 120709.18
557 121076.11
558 121116.88
559 120757.10
560 121267.80
561 120926.14
562 120805.98
563 120836.02
564 121016.03
565 120903.97
566 120775.94
567 120817.90
568 120810.99
569 120980.02
570 120933.06
571 120875.12
572 120883.94
573 121001.96
574 120720.86
575 120924.00
576 120915.17
577 120874.17
578 120854.14
579 120790.96
580 121076.11
581 120959.04
582 121242.05
583 121417.05
584 120878.93
585 120756.86
586 121032.00
587 120746.85
588 120759.96
589 120760.92
590 120841.98
591 120956.90
592 120806.93
593 120774.98
594 120873.21
595 121021.03
596 120671.99
597 120838.88
598 121156.93
599 120802.88
600 120873.21
601 121052.03
602 120918.04
603 120955.94
604 120922.09
605 120829.11
606 120969.06
607 120945.93
608 120889.90
609 120929.00
610 120742.08
611 120727.06
612 120876.79
613 120918.04
614 120826.01
615 120918.04
616 120751.86
617 120826.01
618 120904.21
619 121174.81
620 120853.90
621 120692.01
622 120748.04
623 120842.93
624 121011.02
625 120835.07
626 120970.01
627 121096.13
628 120836.97
629 121255.87
630 121019.12
631 120911.12
632 120821.00
633 121227.03
634 121019.12
635 120898.01
636 120769.98
637 120941.88
638 120687.96
639 120797.87
640 120977.88
641 120748.04
642 121093.99
643 120891.09
644 120913.98
645 120979.07
646 121287.11
647 121039.87
648 120890.86
649 120924.00
650 120943.07
651 120821.95
652 120707.99
653 121142.15
654 121012.21
655 120939.02
656 121026.04
657 120982.89
658 120697.02
659 120824.10
660 121063.95
661 120951.18
662 121039.15
663 120840.07
664 120820.05
665 121150.02
666 120706.08
667 120839.12
668 120705.84
669 121040.11
670 120864.87
671 120836.97
672 120708.94
673 121119.02
674 120898.96
675 120916.84
676 121083.97
677 120785.95
678 120862.01
679 120932.10
680 120988.85
681 121036.05
682 120939.02
683 120949.98
684 121111.15
685 120992.90
686 121074.20
687 120897.05
688 120831.97
689 121047.02
690 121185.06
691 120873.93
692 120907.07
693 121165.99
694 120852.95
695 121140.00
696 120780.94
697 121211.05
698 121026.04
699 121020.79
700 120959.04
701 120877.98
702 121126.89
703 121010.07
704 121018.17
705 120836.97
706 120985.98
707 120911.12
708 120913.03
709 121012.93
710 120972.87
711 121006.97
712 121111.87
713 121148.11
714 121114.97
715 121098.04
716 121116.16
717 121141.91
718 121125.94
719 121119.02
720 121116.16
721 121122.84
722 121125.94
723 121113.06
724 121113.06
725 121143.10
726 121114.97
727 121054.89
728 121109.96
729 121151.92
730 121052.98
731 121104.96
732 121125.94
733 121139.05
734 121132.85
735 121135.95
736 121118.07
737 121126.89
738 121114.02
739 121041.06
740 121147.87
741 121119.98
742 121113.06
743 121129.99
744 121124.03
745 121122.12
746 121118.07
747 121105.91
748 121052.03
749 121111.87
750 121110.92
751 121110.20
752 121131.90
753 121114.02
754 121123.08
755 121141.91
756 121146.92
757 121137.14
758 121134.04
759 121129.99
760 121070.86
761 121099.00
762 121117.12
763 121140.96
764 121121.88
765 121126.89
766 121114.97
767 121101.86
768 121023.89
769 121138.10
770 121092.08
771 121124.98
772 121124.98
773 121124.98
774 121134.04
775 121130.94
776 121122.84
777 121124.03
778 121125.94
779 121115.92
780 121126.89
781 121111.15
782 121118.78
783 121155.98
784 121103.05
785 121133.80
786 121125.94
787 121066.09
788 121131.90
789 121118.07
790 121090.89
791 121016.98
792 121039.87
793 121114.97
794 121129.04
795 121119.02
796 121116.88
797 121142.15
798 121090.89
799 121128.08
