900
0 121340.04
1 121140.96
2 121075.15
3 121093.99
4 121045.83
5 121025.09
6 121166.94
7 121124.98
8 121088.98
9 121133.80
10 121110.20
11 121123.08
12 121136.90
13 121062.04
14 121077.06
15 121124.03
16 121147.87
17 121113.06
18 121135.00
19 121124.98
20 121083.97
21 121145.01
22 121143.10
23 121080.16
24 121087.79
25 121140.96
26 121145.01
27 121097.09
28 121114.97
29 121125.94
30 121139.05
31 121120.93
32 121078.01
33 121135.95
34 121129.04
35 121150.02
36 121127.13
37 121141.20
38 121137.14
39 121053.93
40 121140.96
41 121092.08
42 121129.04
43 121127.84
44 121046.07
45 121127.84
46 121123.79
47 121129.99
48 121121.88
49 121109.96
50 121145.96
51 121131.90
52 121093.03
53 121049.17
54 121112.82
55 121133.09
56 121121.88
57 121134.04
58 121132.14
59 121130.94
60 121128.80
61 121129.04
62 121135.00
63 121128.08
64 121133.09
65 121134.04
66 121075.87
67 121083.97
68 121143.10
69 121110.20
70 121066.09
71 121129.04
72 121068.95
73 121075.87
74 121128.08
75 121156.93
76 121129.99
77 121092.08
78 121099.00
79 121138.10
80 121117.83
81 121104.00
82 121125.94
83 121144.06
84 121059.18
85 121054.89
86 121121.88
87 121140.96
88 121127.13
89 121141.91
90 121132.85
91 121143.82
92 121125.94
93 121118.07
94 121139.05
95 121119.98
96 120949.98
97 120949.03
98 120996.00
99 121060.13
100 120998.14
101 121068.00
102 120999.10
103 121484.04
104 121082.07
105 120800.97
106 120926.86
107 121038.91
108 120867.97
109 121052.03
110 120983.84
111 121012.93
112 121194.12
113 120994.09
114 121083.97
115 121597.05
116 121018.89
117 120914.94
118 120882.03
119 120872.97
120 121571.06
121 120898.01
122 121204.14
123 120843.17
124 120921.13
125 121175.05
126 121075.15
127 121512.89
128 121004.10
129 120898.96
130 120936.87
131 120917.08
132 121035.10
133 121017.22
134 120956.90
135 121019.84
136 121037.01
137 120922.09
138 120954.04
139 121504.07
140 121427.06
141 120867.97
142 122925.04
143 121086.12
144 121277.09
145 121075.15
146 121027.95
147 121123.08
148 120977.88
149 120916.13
150 121003.87
151 120940.92
152 121207.00
153 121088.03
154 121694.09
155 120956.18
156 121033.91
157 120966.91
158 121122.12
159 122281.07
160 121055.84
161 121028.90
162 121032.95
163 121026.04
164 121001.96
165 120963.10
166 121150.02
167 121453.05
168 121289.01
169 121493.10
170 121352.91
171 121009.83
172 120990.99
173 121207.95
174 120996.00
175 120998.86
176 120917.08
177 121019.12
178 121258.02
179 120812.89
180 121180.06
181 121289.97
182 121017.93
183 121546.98
184 121205.09
185 121043.92
186 121706.96
187 121024.13
188 121010.07
189 121085.17
190 120838.88
191 121561.05
192 121055.13
193 120946.17
194 121320.01
195 121031.05
196 121654.99
197 121162.89
198 120836.02
199 121181.96
200 121376.99
201 121179.82
202 121348.14
203 120960.95
204 120805.98
205 120903.97
206 120877.98
207 121294.02
208 120937.11
209 120993.85
210 121260.88
211 121202.95
212 120858.91
213 121075.87
214 121478.08
215 120786.19
216 120883.94
217 121032.00
218 121017.22
219 120919.94
220 121497.15
221 121488.09
222 121382.00
223 120724.92
224 120785.95
225 121020.08
226 122078.90
227 121500.97
228 121811.15
229 120848.89
230 121623.99
231 120897.05
232 120993.85
233 120951.18
234 121007.92
235 121104.96
236 120929.00
237 123198.03
238 120836.97
239 121465.21
240 120738.98
241 121256.83
242 121578.93
243 121046.07
244 120787.86
245 120991.95
246 121130.94
247 120995.04
248 120824.10
249 120954.99
250 122236.01
251 120793.10
252 121039.15
253 121495.01
254 120708.94
255 121507.88
256 121737.00
257 121095.90
258 121181.01
259 121258.02
260 121120.93
261 120913.03
262 121073.96
263 120868.92
264 121536.97
265 121159.08
266 121150.97
267 121460.20
268 120977.88
269 121366.02
270 121560.10
271 120783.09
272 121467.11
273 120996.95
274 121141.91
275 121863.13
276 120784.04
277 120774.03
278 121243.95
279 121480.94
280 121390.10
281 120891.81
282 120824.81
283 121229.17
284 121147.16
285 121002.91
286 121700.05
287 120751.86
288 121215.82
289 121059.89
290 121099.00
291 120804.07
292 121188.88
293 121884.11
294 120962.86
295 121381.04
296 121285.92
297 120762.11
298 121062.99
299 121014.12
300 121226.07
301 121430.87
302 121461.15
303 121176.00
304 120920.90
305 121124.03
306 122395.99
307 121077.06
308 121320.01
309 121382.00
310 121691.94
311 120882.03
312 120751.14
313 121359.11
314 121667.15
315 121055.13
316 121018.89
317 121277.09
318 120784.04
319 121655.23
320 120810.03
321 120955.94
322 121408.94
323 121971.13
324 121633.05
325 121557.95
326 121468.07
327 120970.01
328 121466.88
329 120886.09
330 121213.91
331 120822.19
332 121335.03
333 120771.17
334 121338.84
335 120733.98
336 121047.02
337 121224.88
338 120983.84
339 121616.13
340 121299.98
341 121598.01
342 121830.94
343 120980.98
344 121428.97
345 120853.90
346 121294.98
347 122050.05
348 121448.99
349 122694.97
350 120833.87
351 121423.96
352 120728.02
353 120845.08
354 120857.95
355 120608.09
356 121531.96
357 121271.85
358 120818.14
359 121320.01
360 120898.96
361 120839.83
362 121145.96
363 120890.14
364 120860.82
365 121137.86
366 120880.84
367 120929.00
368 120916.84
369 121176.00
370 120899.92
371 120931.86
372 120980.02
373 120795.01
374 120821.00
375 120897.05
376 121327.88
377 121032.00
378 121009.11
379 120836.97
380 120941.88
381 120971.92
382 120940.92
383 120803.83
384 121053.93
385 121074.91
386 120881.80
387 120829.82
388 120779.99
389 120804.07
390 121053.93
391 120810.03
392 120799.06
393 120866.06
394 121143.10
395 120860.82
396 120831.01
397 120948.08
398 121119.98
399 120858.91
400 121253.01
401 121014.83
402 120886.80
403 120854.85
404 120915.89
405 120790.00
406 120780.94
407 121181.96
408 121124.98
409 121294.02
410 120790.96
411 120775.94
412 120758.06
413 121304.04
414 120882.03
415 120698.93
416 121479.99
417 120853.90
418 121079.92
419 120831.01
420 121143.10
421 120764.97
422 120792.87
423 120929.96
424 120779.04
425 120926.14
426 120925.90
427 121190.07
428 120769.02
429 120959.04
430 120896.10
431 120678.19
432 121288.06
433 120806.93
434 121237.99
435 121040.11
436 121065.14
437 120838.88
438 120826.01
439 121594.91
440 120865.11
441 120728.97
442 121279.00
443 120780.94
444 120913.98
445 120970.96
446 120719.91
447 120992.90
448 121481.90
449 120743.99
450 120774.98
451 120900.15
452 120895.86
453 121315.00
454 120784.04
455 121383.91
456 120748.04
457 120731.12
458 121103.05
459 120866.06
460 120858.91
461 121182.92
462 120779.04
463 121164.08
464 120825.05
465 120915.17
466 120796.92
467 120897.05
468 121075.15
469 120944.98
470 121098.04
471 120812.18
472 121527.91
473 121192.22
474 121213.91
475 121011.97
476 121236.09
477 121182.92
478 120979.07
479 120900.15
480 121037.01
481 120692.01
482 121382.00
483 121104.96
484 120956.90
485 120918.99
486 120949.98
487 121203.18
488 120947.12
489 121278.05
490 121032.00
491 120895.86
492 121518.85
493 121103.05
494 121074.91
495 120774.03
496 120849.85
497 121164.08
498 120896.10
499 120806.93
500 121012.93
501 121428.01
502 120939.02
503 121097.09
504 121068.00
505 121034.15
506 120842.93
507 120807.17
508 120851.04
509 121430.16
510 121384.86
511 120933.06
512 121162.89
513 120986.94
514 121550.08
515 121249.91
516 120959.04
517 120805.03
518 121392.01
519 121060.13
520 121082.07
521 121046.07
522 120918.04
523 121423.96
524 121022.94
525 120826.96
526 121508.12
527 121055.13
528 121563.91
529 121133.09
530 120969.06
531 120965.96
532 121225.12
533 121458.05
534 121195.08
535 121165.04
536 121076.11
537 120676.99
538 120912.08
539 120921.13
540 121541.02
541 121211.05
542 121273.04
543 121623.04
544 120995.04
545 120980.98
546 121291.16
547 121295.93
548 120836.97
549 121569.87
550 121011.02
551 121114.02
552 121368.89
553 120954.99
554 120978.83
555 121046.07
556 121315.96
557 121386.05
558 120989.80
559 121006.97
560 121089.94
561 120942.12
562 121644.02
563 121160.03
564 121204.14
565 121333.12
566 121297.84
567 121299.98
568 121433.02
569 120620.01
570 121523.86
571 121108.06
572 120893.00
573 121075.15
574 121157.88
575 121550.80
576 121237.04
577 121466.16
578 121135.00
579 121239.19
580 121244.91
581 120955.94
582 121229.89
583 121088.03
584 121001.96
585 120814.09
586 121084.93
587 121305.94
588 121217.97
589 121124.03
590 121317.15
591 121518.14
592 121474.98
593 121217.01
594 121404.89
595 120970.01
596 121036.05
597 121404.89
598 121176.00
599 121667.86
600 121177.20
601 120972.87
602 120738.03
603 121185.06
604 121011.02
605 121052.98
606 121002.91
607 121178.87
608 120990.99
609 121641.87
610 120872.97
611 121468.07
612 121152.16
613 120898.01
614 121137.14
615 121381.04
616 121167.90
617 121347.90
618 121097.09
619 121442.08
620 121356.01
621 121020.08
622 121217.01
623 121096.85
624 120916.13
625 121083.02
626 121299.98
627 121068.95
628 121277.09
629 120983.12
630 120992.90
631 121008.16
632 121011.02
633 121306.90
634 120991.95
635 121094.94
636 121193.89
637 121088.98
638 120826.01
639 121087.07
640 121304.04
641 121180.06
642 121361.02
643 120954.04
644 120993.14
645 121480.94
646 120707.04
647 121023.89
648 121473.07
649 120739.94
650 121022.94
651 120754.00
652 121131.90
653 121196.03
654 121110.92
655 121272.09
656 121411.80
657 121503.11
658 121269.94
659 121128.08
660 121114.97
661 121295.93
662 120980.98
663 121101.86
664 121037.01
665 121315.96
666 121310.95
667 121212.01
668 121052.98
669 121133.80
670 121202.95
671 121278.05
672 121094.94
673 121217.01
674 121029.14
675 121190.07
676 121259.93
677 121232.99
678 121246.81
679 121418.00
680 120999.10
681 121181.96
682 121249.91
683 121626.14
684 120863.91
685 121401.07
686 121283.05
687 121228.93
688 121138.10
689 121177.91
690 120992.90
691 120924.95
692 120696.07
693 121369.12
694 120815.99
695 121188.16
696 121261.12
697 121460.91
698 121312.14
699 121365.79
700 121649.03
701 121356.96
702 121577.02
703 121551.99
704 121560.10
705 120764.02
706 121235.13
707 121463.06
708 121033.19
709 121639.01
710 121269.94
711 121329.07
712 121223.93
713 121408.94
714 120662.93
715 121585.13
716 121220.11
717 121144.06
718 121222.02
719 120961.90
720 121117.12
721 121502.16
722 121373.18
723 121632.10
724 120933.06
725 121080.88
726 121345.04
727 121588.95
728 121145.01
729 121470.93
730 121225.12
731 121196.99
732 121362.92
733 121075.87
734 121675.97
735 121052.98
736 121357.92
737 121353.86
738 121243.95
739 121195.08
740 121198.89
741 120963.81
742 121117.83
743 121170.04
744 120711.09
745 121539.12
746 121227.03
747 121173.86
748 121535.06
749 121441.84
750 121530.06
751 120881.08
752 120949.98
753 121459.96
754 121058.94
755 121127.13
756 120861.05
757 120796.92
758 120952.84
759 121637.11
760 121289.97
761 121550.80
762 121351.00
763 121051.07
764 121041.06
765 121500.97
766 121411.09
767 121548.89
768 121349.81
769 121278.05
770 121407.99
771 121197.94
772 121131.90
773 121191.02
774 121040.11
775 121129.99
776 121464.01
777 121108.06
778 121083.02
779 121119.02
780 121304.04
781 121429.92
782 121448.04
783 121839.05
784 121067.05
785 121303.80
786 121272.09
787 121345.04
788 120727.06
789 121380.81
790 121325.02
791 120904.92
792 121520.04
793 121426.11
794 121098.04
795 120918.99
796 120982.89
797 121109.01
798 121258.02
799 121018.89
800 121058.94
801 121299.98
802 120821.00
803 121645.93
804 121682.17
805 121430.87
806 121228.93
807 121299.03
808 121109.01
809 121342.90
810 121112.11
811 121026.99
812 121220.83
813 121289.01
814 120756.86
815 121265.17
816 120837.93
817 121015.07
818 121169.81
819 120862.01
820 120770.93
821 120944.98
822 120966.91
823 120926.86
824 120948.08
825 121334.08
826 121104.96
827 121366.02
828 121198.18
829 121400.12
830 121091.84
831 120866.06
832 120877.98
833 120762.11
834 120881.08
835 121196.99
836 120901.11
837 120855.09
838 121483.09
839 121649.03
840 121131.18
841 121296.88
842 121077.06
843 121152.88
844 121185.06
845 121218.92
846 120865.82
847 121043.92
848 121022.94
849 120779.04
850 121290.21
851 121035.10
852 120846.03
853 121015.07
854 121515.99
855 120929.00
856 120850.09
857 120882.99
858 120908.02
859 121057.99
860 121096.13
861 120956.90
862 121163.13
863 120898.96
864 120970.01
865 121109.96
866 121120.93
867 121114.97
868 121088.03
869 121119.98
870 121085.88
871 121117.12
872 121148.82
873 121113.06
874 121105.19
875 121115.92
876 121109.01
877 121052.98
878 121122.12
879 121102.09
880 121119.02
881 121099.95
882 121110.20
883 121097.09
884 121111.87
885 121073.01
886 121110.92
887 121094.23
888 121117.12
889 121021.03
890 121090.89
891 121118.07
892 121097.09
893 121107.10
894 121104.00
895 121100.90
896 121102.09
897 121111.87
898 121087.07
899 121112.82
