800
0 121160.03
1 121035.81
2 121028.90
3 121047.02
4 121011.02
5 121015.07
6 121033.19
7 121049.17
8 121007.92
9 121049.17
10 121016.98
11 121019.12
12 121023.89
13 121021.03
14 120951.89
15 120923.04
16 120942.12
17 121021.03
18 121037.96
19 120993.85
20 121040.82
21 121032.00
22 121036.05
23 121042.01
24 121034.86
25 120981.22
26 121014.83
27 121023.18
28 121046.07
29 121028.90
30 121058.94
31 121021.99
32 121022.94
33 121028.18
34 120977.16
35 121021.99
36 121032.95
37 121037.96
38 121045.11
39 121014.12
40 121005.06
41 121029.85
42 121037.01
43 121029.85
44 121033.91
45 121023.89
46 121028.18
47 121025.09
48 121021.03
49 120984.08
50 120995.04
51 121048.93
52 121026.99
53 121022.22
54 120931.15
55 121039.87
56 121022.22
57 121032.00
58 121042.01
59 121006.01
60 121007.92
61 121033.91
62 121024.13
63 121017.93
64 121027.95
65 121030.09
66 121037.01
67 121025.80
68 121031.05
69 121010.07
70 121021.03
71 121001.01
72 121047.02
73 121025.09
74 120982.17
75 121006.01
76 121022.94
77 121052.98
78 121035.10
79 121019.84
80 120995.04
81 121018.89
82 121032.95
83 121035.10
84 121031.05
85 121024.85
86 121042.97
87 121011.02
88 121023.89
89 121038.20
90 121021.03
91 121037.96
92 121039.15
93 120970.96
94 120949.03
95 120934.96
96 120933.77
97 120921.13
98 120873.93
99 121072.05
100 120905.16
101 121036.05
102 122196.91
103 121015.07
104 121091.13
105 120923.04
106 121292.11
107 121175.05
108 122791.05
109 121190.07
110 122295.14
111 123523.95
112 121318.10
113 122081.04
114 124744.18
115 122963.91
116 121763.94
117 121813.06
118 123549.94
119 122737.88
120 123290.06
121 123012.07
122 124472.86
123 122068.88
124 123806.00
125 123579.98
126 122915.03
127 124516.96
128 123502.97
129 124248.98
130 123094.08
131 122813.94
132 123092.17
133 122090.10
134 123768.09
135 123581.17
136 123651.98
137 124267.10
138 122246.98
139 123082.88
140 123128.89
141 123847.96
142 122946.98
143 123090.98
144 122977.97
145 122207.16
146 122965.81
147 124312.16
148 122617.01
149 122665.17
150 122861.86
151 122498.04
152 122478.96
153 122265.10
154 122727.87
155 123278.86
156 123732.09
157 122383.12
158 124247.07
159 123190.16
160 123129.84
161 122076.99
162 122344.97
163 123271.94
164 123393.06
165 122557.16
166 124108.08
167 123533.01
168 124210.12
169 122276.07
170 123471.98
171 123152.02
172 123953.82
173 122349.02
174 123821.02
175 122960.09
176 122068.17
177 122833.01
178 122825.86
179 122581.01
180 124406.10
181 124228.95
182 122467.04
183 122219.09
184 123531.10
185 122313.02
186 122395.04
187 123112.92
188 123011.11
189 122276.07
190 123692.04
191 122817.04
192 123607.87
193 123569.01
194 121907.95
195 122358.08
196 123103.14
197 123126.98
198 123502.97
199 124459.03
200 122648.00
201 124264.96
202 123437.88
203 123314.86
204 123914.00
205 124121.90
206 124701.02
207 122499.94
208 122267.01
209 124587.06
210 122824.91
211 122289.90
212 122976.06
213 123847.01
214 123168.95
215 123025.18
216 122127.06
217 125301.12
218 122135.88
219 121947.05
220 122848.03
221 123427.87
222 125873.09
223 123272.90
224 122387.89
225 122030.97
226 122489.93
227 122617.96
228 123543.02
229 123294.12
230 122495.89
231 123840.09
232 122744.08
233 122014.05
234 124809.03
235 123707.06
236 122128.96
237 122880.94
238 123861.07
239 122085.09
240 122921.94
241 122032.88
242 122471.81
243 122148.99
244 123703.96
245 122179.99
246 124521.97
247 123315.10
248 123734.00
249 123713.02
250 123332.98
251 123507.98
252 124476.19
253 122267.01
254 123543.02
255 122768.16
256 122848.99
257 123546.84
258 123569.01
259 123433.11
260 122387.89
261 123053.07
262 122216.22
263 123034.00
264 123103.86
265 122049.09
266 123265.03
267 123307.94
268 122371.91
269 123007.06
270 123666.05
271 122157.10
272 122811.08
273 122574.09
274 123074.05
275 122411.97
276 122661.11
277 123220.21
278 122962.00
279 122861.86
280 123601.91
281 123512.98
282 122824.91
283 123540.88
284 122586.01
285 122732.88
286 121956.11
287 122904.06
288 122567.89
289 123502.97
290 121943.95
291 122891.90
292 121904.13
293 121867.90
294 123468.88
295 122628.93
296 123631.00
297 122555.97
298 123275.04
299 123274.09
300 123228.07
301 123171.09
302 123276.00
303 123798.85
304 122303.01
305 123013.97
306 122914.08
307 122892.86
308 123034.95
309 122998.95
310 123558.04
311 122048.14
312 122988.94
313 123017.07
314 123667.00
315 122579.10
316 122729.06
317 122558.12
318 121912.00
319 123208.05
320 122230.05
321 123075.01
322 123125.08
323 123090.98
324 122821.81
325 123293.88
326 122632.03
327 123526.10
328 122468.95
329 122252.94
330 123239.99
331 122056.01
332 122163.06
333 123203.99
334 123231.17
335 122471.09
336 124649.05
337 123932.84
338 124526.98
339 123059.03
340 124780.18
341 122943.88
342 123930.93
343 122637.99
344 123056.17
345 123713.02
346 123556.85
347 123712.06
348 122062.92
349 122904.06
350 121896.03
351 122570.04
352 122658.01
353 122360.94
354 123111.01
355 122555.97
356 123233.08
357 123166.08
358 125610.11
359 122723.82
360 124143.12
361 123893.02
362 123142.96
363 124783.99
364 122972.97
365 122015.95
366 121820.21
367 122967.00
368 123866.08
369 122874.98
370 122857.81
371 122525.93
372 123319.86
373 122457.03
374 122401.95
375 122566.94
376 123997.93
377 123309.85
378 122349.02
379 123145.10
380 124073.98
381 123904.94
382 122236.97
383 122914.08
384 123626.95
385 122673.03
386 123577.12
387 122677.80
388 122597.93
389 122764.11
390 121722.94
391 121804.00
392 121678.11
393 123367.07
394 121820.93
395 120800.02
396 121597.05
397 121379.85
398 121365.07
399 122308.02
400 122229.81
401 122028.83
402 122039.08
403 121207.00
404 123610.97
405 123664.14
406 121977.09
407 121561.05
408 122514.96
409 121460.91
410 123846.05
411 122164.96
412 121380.09
413 121180.06
414 121717.93
415 122440.10
416 121400.12
417 122107.98
418 121394.87
419 121359.11
420 121263.98
421 122064.11
422 120825.05
423 123449.09
424 120836.97
425 122110.84
426 120877.03
427 120881.08
428 121079.92
429 121451.85
430 120843.89
431 120913.03
432 120832.20
433 120857.95
434 120922.09
435 120729.92
436 120915.89
437 120923.04
438 120908.98
439 121236.09
440 120991.95
441 121001.96
442 120666.98
443 121068.00
444 120751.86
445 120829.11
446 121003.15
447 120754.00
448 120950.94
449 120863.91
450 120820.05
451 120718.00
452 120888.95
453 120676.99
454 120950.22
455 121034.86
456 120716.09
457 120921.13
458 120665.07
459 120894.91
460 120766.88
461 120810.03
462 121099.00
463 120848.89
464 120765.92
465 121123.08
466 120852.95
467 120683.91
468 120832.92
469 120990.99
470 120749.00
471 120970.01
472 120995.04
473 120831.01
474 121019.12
475 121055.13
476 120994.09
477 120663.17
478 120826.96
479 121032.00
480 120984.08
481 121035.10
482 121127.13
483 121008.16
484 120898.01
485 120672.94
486 120868.92
487 120779.99
488 120894.19
489 120941.88
490 120689.87
491 120643.14
492 120898.96
493 120904.92
494 120949.03
495 120815.04
496 120862.01
497 120676.99
498 120871.07
499 121019.84
500 121051.07
501 120762.11
502 120666.98
503 120954.04
504 121244.91
505 120743.99
506 121052.03
507 120717.05
508 120666.98
509 120897.05
510 120817.90
511 120905.88
512 120990.99
513 121017.93
514 120841.03
515 121062.04
516 120976.92
517 121165.99
518 120675.09
519 120933.06
520 121001.96
521 120719.91
522 121020.08
523 121152.16
524 120824.10
525 120930.91
526 120874.88
527 120898.96
528 120944.02
529 120934.01
530 121062.99
531 120863.20
532 120664.83
533 120795.97
534 121009.83
535 120870.83
536 120893.00
537 121012.21
538 120836.97
539 121113.06
540 120754.96
541 120867.97
542 121160.98
543 120612.14
544 121004.82
545 120797.16
546 120897.05
547 121016.03
548 120868.92
549 120818.85
550 120907.07
551 120765.92
552 121316.91
553 120964.05
554 120984.79
555 121052.98
556 120865.11
557 120642.90
558 120967.15
559 120695.11
560 120884.90
561 121132.14
562 120745.18
563 121062.99
564 120810.03
565 120834.11
566 120755.91
567 121097.09
568 120854.14
569 120933.06
570 120928.05
571 120726.11
572 120815.04
573 120918.04
574 120826.01
575 120794.06
576 121009.11
577 120963.10
578 121323.82
579 120762.83
580 121077.78
581 120878.93
582 120900.87
583 121029.14
584 120836.97
585 120740.18
586 120738.98
587 120977.88
588 120781.90
589 120740.89
590 121108.06
591 121040.82
592 120874.88
593 121164.80
594 120882.03
595 120674.85
596 121186.97
597 120878.93
598 120660.78
599 121197.94
600 120943.07
601 120893.96
602 121030.09
603 121010.07
604 120974.06
605 120664.83
606 120792.87
607 121156.22
608 120946.17
609 120800.02
610 121104.00
611 120790.00
612 120913.98
613 120623.11
614 120764.02
615 120772.12
616 121318.82
617 120899.92
618 120676.99
619 121124.03
620 120928.05
621 120924.00
622 120755.91
623 120925.19
624 120960.95
625 121032.95
626 121004.10
627 120907.07
628 121017.93
629 121057.03
630 120810.03
631 121037.01
632 120743.04
633 120898.96
634 121057.03
635 120649.10
636 120846.99
637 121036.05
638 120826.01
639 121030.09
640 121081.83
641 120831.97
642 120883.94
643 121015.07
644 120759.01
645 120968.10
646 121086.12
647 120998.86
648 121102.09
649 120661.97
650 120932.10
651 120770.93
652 120789.05
653 121085.17
654 120733.98
655 120893.00
656 120677.23
657 120892.05
658 120831.97
659 120855.81
660 121180.77
661 121014.83
662 120867.01
663 120698.93
664 120917.08
665 120890.14
666 120761.16
667 120674.13
668 120770.93
669 120803.83
670 121025.09
671 120684.15
672 120899.92
673 121111.87
674 120927.10
675 120997.91
676 120814.09
677 121006.97
678 120846.99
679 120707.04
680 120860.10
681 120913.98
682 120749.00
683 121257.07
684 120985.03
685 120769.98
686 120986.94
687 120887.04
688 120828.87
689 121107.10
690 121071.10
691 121032.00
692 121408.94
693 120668.89
694 121058.94
695 120764.97
696 120745.90
697 120709.90
698 121088.98
699 120893.96
700 120752.10
701 120954.99
702 120949.98
703 120720.86
704 120909.93
705 120903.02
706 120915.89
707 120837.93
708 121011.02
709 120889.90
710 121057.99
711 120876.79
712 120926.14
713 120953.80
714 120861.05
715 121169.09
716 120782.14
717 120830.06
718 120897.05
719 120841.98
720 120877.98
721 120871.07
722 120903.02
723 120811.22
724 120990.04
725 120846.99
726 120987.18
727 121210.10
728 120661.02
729 121022.22
730 120985.98
731 121061.80
732 121102.81
733 120752.81
734 120980.02
735 121052.03
736 121016.98
737 121100.90
738 120641.95
739 120833.87
740 120630.98
741 120815.04
742 120822.91
743 120834.11
744 121112.82
745 120960.95
746 120795.01
747 121011.97
748 120720.86
749 120937.11
750 120796.92
751 121076.82
752 120901.11
753 120790.96
754 120849.85
755 120885.13
756 120837.93
757 121018.89
758 120928.05
759 120928.05
760 120586.16
761 120983.84
762 120985.03
763 121209.14
764 120885.13
765 120960.00
766 120934.01
767 120902.06
768 120947.12
769 120949.03
770 120947.84
771 120952.84
772 120992.90
773 120909.93
774 120898.01
775 120973.11
776 120952.13
777 120906.83
778 120895.86
779 120951.89
780 120960.00
781 120949.98
782 120924.95
783 120949.98
784 120944.02
785 120949.03
786 120950.22
787 120954.04
788 120921.85
789 120965.96
790 120929.00
791 120904.92
792 120938.06
793 120903.97
794 120948.08
795 120976.92
796 120898.01
797 120922.09
798 120869.87
799 120934.96
