800
0 121183.87
1 121032.00
2 121040.11
3 121026.99
4 121024.13
5 121024.13
6 121011.97
7 121011.02
8 121006.97
9 121020.08
10 121025.80
11 121048.93
12 121027.95
13 121022.94
14 121008.16
15 121083.97
16 121025.09
17 121025.09
18 121024.13
19 121029.85
20 121027.23
21 121011.97
22 121021.03
23 121001.01
24 120968.10
25 121022.94
26 121024.13
27 121024.85
28 121040.11
29 121018.17
30 121046.07
31 121010.07
32 120931.15
33 121021.03
34 121025.09
35 121025.09
36 121026.99
37 121027.95
38 121016.03
39 121010.07
40 121007.92
41 121023.89
42 120987.18
43 121024.13
44 121026.99
45 121056.08
46 121006.01
47 120932.10
48 121007.92
49 121018.17
50 121029.14
51 121007.92
52 120952.84
53 121024.13
54 121022.94
55 121011.02
56 121009.11
57 121042.97
58 121055.13
59 121011.97
60 121006.01
61 121017.22
62 121024.13
63 121028.90
64 121025.80
65 121032.00
66 121010.07
67 121008.16
68 121006.01
69 121023.89
70 121028.18
71 121028.18
72 120913.03
73 121005.06
74 121006.97
75 121027.95
76 121029.85
77 121028.90
78 121026.04
79 121035.10
80 121006.01
81 121011.97
82 121009.83
83 121020.08
84 121024.13
85 121024.85
86 121027.95
87 121004.10
88 121026.04
89 121007.92
90 121013.16
91 120981.93
92 120956.90
93 121022.94
94 121030.81
95 120948.08
96 120850.09
97 120846.03
98 121001.96
99 120989.08
100 120936.87
101 120828.15
102 120883.94
103 122245.07
104 121477.84
105 122186.18
106 122255.80
107 121362.92
108 121916.06
109 122839.93
110 121958.02
111 122626.07
112 122545.00
113 123330.12
114 122220.04
115 122347.83
116 122910.98
117 123555.90
118 123528.00
119 123468.88
120 123227.12
121 123353.96
122 124256.13
123 124122.14
124 124062.06
125 124879.12
126 124076.13
127 125316.14
128 123701.10
129 124449.01
130 125730.04
131 123884.20
132 123401.17
133 124277.83
134 124267.82
135 124897.00
136 125178.10
137 124300.96
138 123702.05
139 124994.04
140 123187.07
141 124635.93
142 125478.98
143 124501.94
144 123636.96
145 125251.05
146 125191.93
147 124309.06
148 123520.14
149 124367.00
150 124272.82
151 124503.14
152 124355.08
153 123464.11
154 123290.06
155 122590.07
156 122513.06
157 122642.99
158 123221.87
159 123193.98
160 123198.03
161 123759.98
162 122679.00
163 122850.89
164 124429.94
165 123400.93
166 122351.88
167 124058.01
168 123149.16
169 123925.92
170 123090.03
171 123167.99
172 122416.97
173 124033.93
174 123754.98
175 123719.93
176 123454.09
177 122499.94
178 123974.80
179 122178.08
180 123876.09
181 122807.03
182 123511.08
183 122313.98
184 122265.10
185 123934.98
186 123581.17
187 124239.92
188 122505.19
189 122092.01
190 122923.14
191 124557.02
192 122379.06
193 122792.01
194 121887.92
195 121876.00
196 124428.99
197 122462.03
198 122219.09
199 123085.02
200 123859.88
201 122849.94
202 122925.04
203 122976.06
204 122074.13
205 123791.93
206 122684.00
207 123049.02
208 122968.91
209 123772.86
210 123072.86
211 123036.86
212 122910.98
213 124462.13
214 123383.05
215 123375.89
216 122454.88
217 122384.07
218 123341.08
219 123989.11
220 123097.90
221 123699.90
222 124403.00
223 122015.00
224 122405.05
225 123972.89
226 124046.09
227 123084.07
228 123008.97
229 123933.08
230 122795.10
231 122563.12
232 122488.02
233 123934.98
234 123069.05
235 124526.02
236 122857.09
237 123703.00
238 124348.88
239 123590.95
240 123574.02
241 123178.96
242 123214.96
243 124166.97
244 123577.83
245 123543.98
246 123212.10
247 123409.03
248 123242.14
249 123054.98
250 123193.03
251 122989.18
252 124334.10
253 122766.02
254 123099.09
255 123291.97
256 125605.11
257 124564.89
258 123139.86
259 123874.19
260 122071.98
261 122929.81
262 122810.13
263 122556.92
264 124414.92
265 124130.01
266 123053.07
267 124205.11
268 123692.04
269 122009.04
270 123661.04
271 123296.02
272 122303.01
273 122850.18
274 124423.03
275 123291.97
276 124598.98
277 124016.05
278 123656.99
279 122873.07
280 122834.21
281 123309.85
282 124355.79
283 122675.18
284 122706.89
285 122411.01
286 122445.11
287 122195.01
288 125207.90
289 123619.08
290 122853.04
291 122787.00
292 123426.91
293 123329.88
294 124814.03
295 123898.03
296 122922.90
297 125241.99
298 122601.99
299 123374.94
300 123151.06
301 123084.07
302 122871.88
303 123641.97
304 121757.03
305 123540.88
306 122562.89
307 124971.87
308 122501.85
309 122092.96
310 122628.93
311 122303.01
312 122993.95
313 122900.01
314 124464.99
315 122720.96
316 123045.92
317 123930.93
318 122130.16
319 122955.08
320 124453.07
321 123578.07
322 124269.01
323 123342.04
324 123188.02
325 123363.02
326 123143.20
327 122840.88
328 124205.11
329 122457.98
330 122491.12
331 124134.06
332 122457.98
333 123849.15
334 123384.00
335 124135.02
336 122473.96
337 122230.77
338 123780.97
339 124581.81
340 122993.95
341 122908.83
342 123517.04
343 123231.17
344 123337.03
345 122331.86
346 122500.90
347 123968.12
348 123080.02
349 122303.96
350 122720.96
351 123661.99
352 123626.95
353 122606.99
354 125055.07
355 123220.92
356 122817.99
357 123414.04
358 123225.93
359 121773.96
360 122298.96
361 122210.03
362 121744.87
363 121741.06
364 122119.90
365 122098.92
366 122410.06
367 122241.97
368 122578.14
369 122186.90
370 122523.07
371 122452.02
372 121937.04
373 122668.98
374 122462.99
375 122866.87
376 122144.94
377 122410.77
378 122133.02
379 122232.20
380 122756.00
381 122079.85
382 122299.91
383 121329.07
384 121509.08
385 121950.15
386 122251.99
387 122441.05
388 122391.94
389 122745.99
390 122018.10
391 122324.94
392 121003.87
393 120825.05
394 120826.96
395 120996.00
396 120790.96
397 120854.85
398 120831.01
399 120963.10
400 120864.87
401 121010.78
402 120937.11
403 121075.15
404 121028.18
405 120857.00
406 121165.99
407 121088.98
408 121186.02
409 120896.10
410 120875.84
411 121097.09
412 121012.93
413 120780.94
414 120957.14
415 120993.14
416 120837.93
417 121129.04
418 121241.09
419 120866.06
420 120975.97
421 120943.78
422 121064.19
423 120956.90
424 121092.08
425 120893.00
426 121196.03
427 121074.91
428 120917.08
429 121029.85
430 121144.06
431 121075.87
432 120965.96
433 120933.06
434 120949.98
435 121191.02
436 121043.92
437 121265.89
438 120836.02
439 120860.82
440 121147.87
441 120839.12
442 120964.05
443 121174.10
444 120969.06
445 120778.08
446 120938.06
447 121059.89
448 121071.82
449 120837.93
450 120827.91
451 121067.05
452 121016.98
453 120943.78
454 121068.00
455 120975.97
456 120800.02
457 120861.05
458 121057.03
459 120970.96
460 120980.02
461 120757.10
462 121223.93
463 121129.04
464 121000.05
465 120985.98
466 121200.08
467 120896.10
468 120802.88
469 120983.12
470 121248.96
471 121038.91
472 120733.02
473 120831.97
474 120750.90
475 120869.16
476 121276.86
477 121077.06
478 120879.89
479 121199.85
480 121109.96
481 120908.98
482 121068.95
483 121102.09
484 121182.92
485 120971.92
486 121182.20
487 120881.80
488 121202.95
489 120982.89
490 121008.87
491 120970.96
492 120926.86
493 121078.97
494 120863.91
495 120862.01
496 121007.92
497 120937.82
498 120918.04
499 120932.10
500 120999.81
501 121357.20
502 120949.98
503 121380.09
504 120970.01
505 121181.96
506 121136.90
507 121258.97
508 121143.10
509 121019.12
510 121177.91
511 120934.96
512 120859.86
513 121119.02
514 121077.06
515 121224.88
516 121009.11
517 121176.96
518 120991.95
519 121135.95
520 120951.89
521 121060.85
522 120829.11
523 120852.95
524 120737.08
525 120850.09
526 121078.97
527 121143.10
528 120985.03
529 121080.88
530 121140.00
531 120836.02
532 120790.96
533 121168.85
534 121187.93
535 120927.10
536 120752.10
537 120937.11
538 121058.94
539 120995.04
540 121041.06
541 121123.08
542 121121.17
543 120835.07
544 120887.99
545 121084.21
546 121176.00
547 120961.90
548 120907.07
549 120859.86
550 121245.15
551 120878.93
552 120984.08
553 120930.91
554 121114.97
555 120800.02
556 121005.06
557 121038.91
558 120857.00
559 120837.93
560 120828.87
561 120940.92
562 121091.13
563 121084.93
564 121063.95
565 121140.00
566 120908.02
567 120988.13
568 120934.96
569 121183.16
570 120946.88
571 121130.94
572 121047.02
573 120940.92
574 121008.16
575 120944.98
576 120929.00
577 120975.97
578 120777.13
579 120995.04
580 121020.08
581 120885.85
582 121092.08
583 120953.08
584 120872.02
585 120862.01
586 121040.11
587 121004.10
588 121068.95
589 121101.14
590 121104.96
591 121211.05
592 120768.79
593 121095.90
594 121100.90
595 120821.00
596 121032.00
597 121068.00
598 120944.98
599 120818.85
600 120769.02
601 120878.93
602 120960.95
603 120904.92
604 121048.93
605 121144.06
606 121102.09
607 120949.03
608 120893.96
609 120745.90
610 121131.90
611 120958.09
612 121158.84
613 120811.94
614 120788.10
615 120853.19
616 120860.82
617 121018.89
618 120893.96
619 120967.15
620 121045.11
621 120853.90
622 120771.88
623 121001.96
624 120968.10
625 121141.91
626 120957.14
627 121066.81
628 120709.90
629 120942.12
630 120710.85
631 120911.12
632 120901.11
633 120848.18
634 120945.93
635 120993.14
636 120910.88
637 121263.03
638 120851.99
639 120875.12
640 120771.88
641 120988.85
642 121002.20
643 120975.02
644 121062.99
645 120824.10
646 120800.02
647 121057.99
648 121015.07
649 120821.00
650 120772.84
651 120873.21
652 120956.90
653 121078.01
654 120923.04
655 120842.93
656 120968.82
657 120757.10
658 120881.08
659 121104.96
660 120913.98
661 121268.99
662 120826.01
663 121312.86
664 121166.94
665 120865.82
666 120984.08
667 120879.17
668 120957.85
669 120778.08
670 120682.00
671 121221.78
672 120774.98
673 120893.96
674 120926.14
675 120960.95
676 120862.96
677 120957.85
678 121020.79
679 120910.88
680 120858.91
681 120821.00
682 120882.03
683 121145.96
684 121204.85
685 120953.08
686 120980.02
687 120936.16
688 120975.97
689 121021.99
690 120789.05
691 121099.00
692 121311.90
693 120841.03
694 120772.12
695 120759.01
696 120850.09
697 120929.00
698 120998.86
699 121089.94
700 120924.00
701 120960.95
702 121129.99
703 121155.98
704 120713.00
705 120893.00
706 120975.97
707 120828.87
708 121123.08
709 121417.05
710 120935.92
711 121011.02
712 121001.01
713 121018.89
714 120949.98
715 121019.12
716 121014.83
717 121030.09
718 121031.05
719 121023.89
720 121003.87
721 120996.00
722 121000.05
723 121022.22
724 121023.89
725 121019.12
726 120988.13
727 121083.02
728 121020.08
729 120985.98
730 121022.94
731 121070.15
732 121028.18
733 120980.02
734 121024.13
735 121023.18
736 121026.04
737 121024.13
738 121022.94
739 121023.89
740 120908.98
741 121014.83
742 120913.98
743 121009.11
744 121025.09
745 121026.99
746 121027.95
747 121026.99
748 121026.04
749 121021.03
750 121014.12
751 121017.93
752 121016.98
753 121008.87
754 121017.93
755 121021.99
756 121017.93
757 121001.01
758 121016.03
759 121006.01
760 121018.17
761 121022.94
762 121023.89
763 120988.13
764 121022.94
765 121017.93
766 121007.92
767 121022.94
768 121023.89
769 121021.03
770 121018.17
771 121013.88
772 121027.95
773 121008.87
774 121001.96
775 121026.04
776 121013.16
777 121006.01
778 121001.01
779 120996.00
780 121023.18
781 120991.95
782 121007.92
783 121006.01
784 121017.93
785 121006.01
786 120996.00
787 121025.09
788 121015.79
789 121025.09
790 120999.10
791 121032.95
792 121027.95
793 121026.99
794 120955.94
795 120876.07
796 121024.85
797 121027.95
798 121016.98
799 121022.94
