900
0 121238.95
1 121136.90
2 121108.77
3 121071.10
4 121115.92
5 121122.12
6 121110.20
7 121115.21
8 121128.08
9 121133.09
10 121094.94
11 121093.99
12 121095.90
13 121104.00
14 121110.92
15 121109.96
16 121117.12
17 121021.99
18 121068.00
19 121143.10
20 121115.92
21 121110.92
22 121088.98
23 121119.98
24 121110.92
25 121113.06
26 121111.15
27 121118.07
28 121114.02
29 121113.06
30 121026.99
31 121124.03
32 121114.97
33 121051.07
34 121043.92
35 121078.97
36 121006.01
37 121084.93
38 121021.99
39 121107.10
40 121104.00
41 121135.00
42 121107.82
43 121083.97
44 121118.07
45 121097.09
46 121123.08
47 121131.18
48 121109.96
49 121062.99
50 121118.07
51 121117.12
52 121118.07
53 121118.07
54 121052.98
55 121043.92
56 121114.02
57 121108.06
58 121123.08
59 121088.03
60 121118.07
61 121119.02
62 121082.07
63 121087.07
64 121118.07
65 121109.01
66 121104.00
67 121077.06
68 121107.82
69 121119.02
70 121109.01
71 121115.92
72 121091.13
73 121119.02
74 121051.07
75 121139.05
76 121117.12
77 121118.07
78 121067.05
79 121068.00
80 121119.02
81 121121.88
82 121118.07
83 121118.07
84 121122.12
85 121120.93
86 121089.94
87 121047.97
88 121101.86
89 121119.02
90 121105.91
91 121083.97
92 121068.00
93 121136.19
94 121111.87
95 120937.82
96 120984.08
97 120837.93
98 120997.91
99 120933.06
100 121083.02
101 121122.12
102 121170.04
103 121138.10
104 121598.96
105 121066.81
106 121084.21
107 121199.13
108 121043.92
109 121312.14
110 121114.97
111 120969.06
112 121087.79
113 121104.00
114 121002.20
115 121016.03
116 121562.96
117 120980.98
118 121003.15
119 121454.95
120 120997.91
121 121850.01
122 121320.96
123 120989.08
124 120748.04
125 120942.12
126 121007.92
127 121725.08
128 120983.12
129 120887.99
130 121598.01
131 122225.05
132 121007.92
133 121623.99
134 120821.00
135 120951.18
136 120967.86
137 120953.08
138 121683.84
139 121728.90
140 121018.89
141 121577.02
142 121077.78
143 121008.87
144 121275.90
145 121470.93
146 121022.94
147 121035.10
148 121521.00
149 121004.10
150 120918.04
151 121058.94
152 121057.03
153 121340.04
154 120913.03
155 122484.92
156 121124.98
157 120873.93
158 121002.91
159 120930.91
160 121090.89
161 121295.93
162 121052.98
163 121090.89
164 121080.88
165 121171.95
166 121030.09
167 121396.06
168 120973.11
169 120967.15
170 121073.01
171 121110.92
172 121958.97
173 120857.00
174 120917.80
175 122183.08
176 120789.77
177 121505.98
178 121165.04
179 120754.00
180 121493.10
181 121294.98
182 121481.18
183 121080.16
184 121333.84
185 121237.99
186 120840.07
187 120841.03
188 121207.00
189 121021.03
190 121507.17
191 120941.88
192 121350.05
193 120914.94
194 121506.93
195 120898.01
196 120858.19
197 121490.00
198 121048.93
199 121121.17
200 121193.89
201 121772.05
202 120900.15
203 121071.10
204 121106.15
205 120769.02
206 120929.00
207 121740.82
208 120969.06
209 121564.87
210 120891.09
211 120999.10
212 121070.86
213 121022.94
214 121084.93
215 121449.95
216 121740.82
217 121031.05
218 120915.89
219 121038.91
220 121140.96
221 121212.01
222 121109.96
223 121176.96
224 121261.84
225 121132.85
226 121068.00
227 121557.00
228 122449.87
229 121433.97
230 121233.22
231 121543.17
232 121043.92
233 120775.94
234 121619.94
235 120930.91
236 120977.16
237 121615.89
238 121236.09
239 122133.97
240 121397.97
241 122063.16
242 121831.89
243 120913.03
244 121775.87
245 122097.02
246 120862.01
247 121304.04
248 121375.80
249 121968.98
250 121948.00
251 120942.12
252 122754.10
253 121011.97
254 122020.01
255 120865.11
256 121428.97
257 120752.10
258 120864.87
259 121400.12
260 121021.99
261 121892.93
262 121119.98
263 121109.01
264 122580.05
265 120996.00
266 121398.93
267 121320.01
268 121317.86
269 121644.97
270 121550.08
271 121994.97
272 121290.21
273 120875.12
274 120898.96
275 121335.03
276 122334.00
277 120978.12
278 121010.07
279 120755.91
280 120790.96
281 121484.99
282 121053.93
283 121469.97
284 120965.96
285 120887.99
286 121240.85
287 121145.01
288 120832.92
289 121665.95
290 120893.96
291 122181.89
292 121088.03
293 121920.82
294 121093.03
295 121085.88
296 121169.09
297 120826.96
298 120907.07
299 121300.94
300 121408.94
301 121524.10
302 120768.07
303 121267.80
304 121216.06
305 121319.06
306 121915.82
307 120893.96
308 121206.05
309 122074.13
310 121956.11
311 120825.05
312 120973.11
313 121297.12
314 121431.83
315 121743.92
316 121221.07
317 121057.99
318 121331.93
319 121547.22
320 120800.02
321 121074.91
322 121315.96
323 120933.06
324 121836.90
325 121160.98
326 120996.00
327 120875.12
328 121001.01
329 120982.89
330 121862.17
331 121389.87
332 121583.94
333 120879.89
334 121385.10
335 121200.08
336 120849.13
337 121000.05
338 121027.95
339 121232.03
340 121021.03
341 121279.95
342 120859.15
343 120806.93
344 121288.06
345 121320.01
346 121163.13
347 121598.96
348 121258.97
349 120965.96
350 121126.89
351 121153.83
352 121104.96
353 121217.97
354 121050.83
355 121287.11
356 121241.09
357 121879.82
358 120940.21
359 121305.94
360 120975.02
361 120980.98
362 121028.90
363 120826.01
364 120962.86
365 120931.86
366 121033.91
367 120943.07
368 121082.07
369 121061.09
370 120942.12
371 121296.17
372 120981.93
373 121049.88
374 121190.07
375 120989.08
376 121077.06
377 120836.97
378 120769.02
379 121054.89
380 121003.15
381 121141.91
382 121155.98
383 121312.86
384 121009.11
385 121541.02
386 121062.99
387 121346.95
388 121304.99
389 121169.81
390 120882.03
391 120918.99
392 120805.98
393 120791.91
394 120980.02
395 120934.01
396 121010.07
397 120888.95
398 121026.04
399 120806.93
400 121026.99
401 121137.14
402 120917.08
403 120869.87
404 120898.01
405 121165.04
406 120913.98
407 121114.97
408 121407.03
409 121022.94
410 121092.08
411 120899.92
412 120876.07
413 120956.90
414 120939.02
415 121020.08
416 121398.21
417 120999.10
418 121269.94
419 120867.97
420 121057.99
421 121197.94
422 121231.08
423 120990.04
424 120947.12
425 120845.08
426 121186.97
427 121117.83
428 120951.89
429 121104.96
430 121571.06
431 121219.16
432 121452.09
433 121095.90
434 121346.00
435 121124.98
436 121574.16
437 120769.98
438 121088.03
439 121080.88
440 121183.16
441 120975.97
442 120941.88
443 120778.08
444 120918.04
445 121202.95
446 121266.13
447 120859.86
448 120967.86
449 120682.00
450 121328.83
451 120867.01
452 121067.05
453 120922.09
454 120679.14
455 120831.01
456 120975.97
457 120944.98
458 121137.14
459 120993.85
460 121093.99
461 121387.00
462 121188.88
463 121234.89
464 121037.01
465 121099.95
466 120924.95
467 121212.01
468 121167.90
469 121272.09
470 121225.12
471 121171.95
472 120790.96
473 120970.96
474 121248.01
475 121126.17
476 121322.15
477 121027.95
478 121107.10
479 120936.87
480 120922.09
481 121449.23
482 121310.95
483 121349.10
484 120851.04
485 121109.01
486 120713.95
487 121029.14
488 120813.85
489 121112.82
490 120918.99
491 120887.04
492 121109.96
493 120973.11
494 121310.00
495 121131.90
496 120963.81
497 120712.04
498 120967.15
499 121016.98
500 121167.18
501 121462.82
502 121366.98
503 121237.04
504 121256.83
505 121010.07
506 121737.00
507 121046.07
508 121711.02
509 121098.04
510 120701.07
511 121223.93
512 121194.12
513 120930.19
514 120707.04
515 121117.12
516 121469.02
517 121315.00
518 121545.08
519 121003.87
520 121376.99
521 121235.13
522 121303.08
523 121457.10
524 120847.94
525 121227.03
526 121186.97
527 121226.07
528 121372.94
529 120735.88
530 121295.93
531 121037.96
532 121384.86
533 121057.03
534 120953.08
535 121344.09
536 120776.18
537 121242.05
538 121001.01
539 121352.91
540 121083.97
541 120972.87
542 121248.01
543 121310.23
544 121289.01
545 120971.92
546 121140.00
547 121199.85
548 121347.90
549 121138.81
550 121023.89
551 121103.05
552 121107.82
553 121048.93
554 121308.09
555 121150.02
556 121608.97
557 121578.93
558 121147.87
559 121073.96
560 121088.03
561 121366.02
562 121500.02
563 121196.03
564 121332.88
565 120893.00
566 121231.08
567 121260.88
568 121459.96
569 121196.99
570 121831.89
571 121346.00
572 121487.14
573 121190.07
574 121303.80
575 121199.13
576 121654.03
577 121281.15
578 121150.02
579 120997.91
580 121779.92
581 121242.05
582 120882.99
583 121478.08
584 121400.12
585 121279.00
586 121078.01
587 121435.88
588 121486.90
589 121741.06
590 121438.03
591 121197.22
592 121138.10
593 121466.88
594 121223.93
595 121146.20
596 121165.04
597 121768.95
598 121274.95
599 121283.05
600 121163.85
601 121330.98
602 121170.04
603 120965.00
604 121413.95
605 121466.88
606 121396.78
607 121759.18
608 121075.87
609 121232.99
610 121397.02
611 121171.95
612 120821.00
613 121401.07
614 121613.98
615 121593.00
616 121232.03
617 121312.14
618 121455.19
619 120939.97
620 121289.01
621 121289.97
622 121572.02
623 121037.96
624 121386.05
625 121164.80
626 121095.90
627 121217.97
628 121176.00
629 121384.14
630 120912.08
631 121557.95
632 121474.98
633 121180.06
634 121332.17
635 121624.95
636 121179.10
637 121081.83
638 121002.91
639 121039.87
640 121133.09
641 121173.86
642 120945.22
643 121929.17
644 121225.12
645 121063.95
646 121233.22
647 121194.84
648 121158.12
649 121356.01
650 121373.89
651 120936.87
652 121457.82
653 121693.85
654 121219.87
655 121244.91
656 121330.98
657 120925.90
658 121782.78
659 121430.87
660 120980.02
661 121259.93
662 121363.16
663 121045.11
664 121057.99
665 121603.01
666 121234.89
667 120995.04
668 121152.88
669 121070.86
670 121079.92
671 121564.15
672 121475.93
673 121181.01
674 121291.16
675 121179.10
676 121093.99
677 121135.95
678 120944.98
679 121860.98
680 121557.00
681 121181.96
682 120775.94
683 120904.92
684 121127.13
685 121050.12
686 121043.92
687 120841.03
688 121102.09
689 121445.18
690 121688.13
691 121615.17
692 121500.02
693 121642.11
694 121210.10
695 121209.86
696 121001.96
697 121326.92
698 121584.18
699 121296.88
700 121228.93
701 121348.14
702 121734.86
703 121470.21
704 121469.97
705 120875.12
706 121267.08
707 121152.16
708 121220.11
709 121770.86
710 121181.96
711 121098.04
712 121229.89
713 121546.03
714 120733.02
715 121294.02
716 121248.01
717 121522.90
718 121510.03
719 121325.97
720 121361.97
721 121492.86
722 121552.94
723 121222.97
724 121191.98
725 120908.98
726 120988.85
727 120834.83
728 121469.97
729 121126.89
730 120900.87
731 121062.04
732 121036.05
733 121163.13
734 120934.01
735 121174.10
736 121440.89
737 121333.12
738 121225.12
739 121133.09
740 120962.14
741 121011.97
742 121711.02
743 121567.96
744 121210.81
745 121289.01
746 121016.98
747 121450.90
748 120921.85
749 120900.87
750 121315.00
751 121160.03
752 121362.92
753 121421.10
754 121729.14
755 120918.99
756 121551.99
757 121133.80
758 121590.85
759 120910.88
760 121330.02
761 120974.06
762 121268.03
763 121361.97
764 121226.07
765 121239.90
766 121099.95
767 120964.05
768 121901.99
769 120858.91
770 121228.93
771 121316.19
772 121274.95
773 121617.08
774 121608.02
775 120954.04
776 121420.15
777 121071.10
778 121160.03
779 120910.88
780 121572.97
781 120995.04
782 120832.92
783 121330.02
784 120891.09
785 121319.77
786 121448.04
787 121179.82
788 121309.04
789 121338.84
790 121172.19
791 120856.05
792 121631.86
793 120934.96
794 121387.96
795 120916.13
796 120877.03
797 120984.08
798 121048.93
799 121042.97
800 120815.99
801 120937.82
802 121207.00
803 120819.81
804 121138.10
805 121128.80
806 121114.02
807 120924.95
808 121252.06
809 120867.01
810 121245.15
811 120939.97
812 121127.84
813 120775.94
814 120825.05
815 121133.09
816 121081.83
817 120945.93
818 121260.88
819 120685.10
820 120913.03
821 120828.87
822 120853.90
823 120960.95
824 120998.14
825 120815.04
826 121065.86
827 120850.09
828 121215.11
829 120862.01
830 121056.08
831 120841.98
832 120908.98
833 120867.97
834 121303.08
835 121464.01
836 120733.02
837 120897.05
838 120940.21
839 120913.98
840 120684.15
841 120883.94
842 121007.92
843 120972.87
844 120882.99
845 120831.97
846 120970.96
847 121142.86
848 121657.13
849 121193.17
850 121034.86
851 120910.88
852 121135.95
853 120887.04
854 121059.89
855 121293.07
856 120885.85
857 121132.14
858 121206.05
859 121047.02
860 121289.97
861 120912.08
862 120876.07
863 121515.04
864 121315.00
865 120974.06
866 120826.96
867 121101.14
868 121009.83
869 120965.00
870 121111.15
871 121024.13
872 121011.02
873 120894.19
874 120748.04
875 121201.99
876 121119.02
877 120997.91
878 121122.84
879 120926.86
880 120874.88
881 121136.90
882 120907.07
883 120892.05
884 121135.95
885 121217.97
886 121104.96
887 120895.15
888 120990.04
889 121069.91
890 121032.95
891 120961.19
892 121369.12
893 121220.83
894 121472.84
895 120971.92
896 121037.96
897 121110.92
898 121107.82
899 121018.17
