900
0 121229.17
1 121125.94
2 121128.08
3 121077.06
4 121108.06
5 121089.94
6 121110.20
7 121102.09
8 121124.98
9 121129.99
10 121103.05
11 121071.10
12 121039.87
13 121081.11
14 121083.02
15 121085.88
16 121078.01
17 121115.21
18 121140.00
19 121102.81
20 121105.19
21 121090.89
22 121111.15
23 121110.92
24 121109.01
25 121113.06
26 121075.87
27 121102.09
28 121114.02
29 121122.12
30 121180.06
31 121013.88
32 121083.97
33 121113.06
34 121104.00
35 121109.01
36 121060.85
37 121123.08
38 121118.07
39 121128.80
40 121119.98
41 121095.18
42 121119.02
43 121101.86
44 121119.02
45 121073.01
46 121079.92
47 121122.84
48 121124.03
49 121086.12
50 121128.08
51 121027.23
52 121057.03
53 121124.03
54 121068.95
55 121055.13
56 121079.92
57 121119.02
58 121124.03
59 121119.02
60 121125.94
61 121124.98
62 121058.94
63 121097.09
64 121122.84
65 121106.15
66 121122.84
67 121109.96
68 121047.02
69 121016.03
70 121093.99
71 121119.98
72 121098.04
73 121119.02
74 121103.05
75 121123.08
76 121110.92
77 121095.90
78 121115.92
79 121103.76
80 121085.88
81 121104.00
82 121094.94
83 121106.15
84 121104.00
85 121106.15
86 121109.01
87 121108.06
88 121081.11
89 121115.92
90 121096.13
91 121029.85
92 121120.93
93 120957.85
94 121077.06
95 121022.94
96 121034.86
97 120994.09
98 120975.97
99 120953.08
100 121054.17
101 121026.99
102 123339.89
103 121060.13
104 122108.94
105 120976.21
106 122167.11
107 121243.00
108 121452.09
109 122082.95
110 122877.84
111 123377.80
112 124310.02
113 123262.88
114 124013.90
115 123867.03
116 122997.05
117 124883.89
118 123952.15
119 124246.12
120 125764.85
121 126306.06
122 126242.88
123 127076.86
124 126038.07
125 125620.84
126 126330.14
127 126250.03
128 126242.16
129 126086.00
130 125857.11
131 126534.94
132 126060.96
133 125199.08
134 124282.12
135 123461.01
136 124551.06
137 125396.97
138 123625.99
139 124077.08
140 124922.99
141 124581.10
142 124428.99
143 124498.84
144 123671.05
145 123445.99
146 125208.14
147 124352.93
148 125728.13
149 124312.88
150 124956.85
151 125005.01
152 124837.88
153 125620.13
154 124264.00
155 123960.97
156 123885.15
157 125631.09
158 126306.06
159 124547.00
160 123756.89
161 125561.95
162 124853.85
163 125768.18
164 124738.93
165 125455.86
166 125705.96
167 124196.05
168 126551.87
169 124337.91
170 125609.87
171 126388.07
172 123732.81
173 123891.83
174 126316.79
175 124789.00
176 123905.18
177 123904.94
178 124523.16
179 125187.87
180 125870.94
181 124208.93
182 125870.94
183 126447.20
184 124852.18
185 124213.93
186 124665.98
187 125418.90
188 123692.04
189 124644.04
190 124166.97
191 124597.07
192 126117.94
193 123642.21
194 124593.97
195 125132.08
196 125001.91
197 124268.05
198 126429.08
199 124048.95
200 124110.94
201 123414.99
202 125915.05
203 123568.77
204 125744.10
205 124242.07
206 125586.03
207 123935.94
208 124663.11
209 124778.99
210 123749.97
211 123657.94
212 124958.99
213 123317.96
214 124609.95
215 125503.06
216 124454.02
217 126088.14
218 125087.02
219 125035.05
220 123996.97
221 125308.99
222 124614.95
223 125757.93
224 125028.13
225 125775.10
226 127247.81
227 124668.12
228 124681.00
229 124634.98
230 124788.05
231 124239.21
232 124905.11
233 123087.88
234 125544.79
235 124203.92
236 124822.85
237 123579.03
238 126013.99
239 124480.01
240 126124.86
241 124388.93
242 124315.98
243 124833.11
244 124912.02
245 124928.95
246 125157.83
247 124099.97
248 124831.20
249 124614.95
250 124538.90
251 125529.05
252 125442.03
253 123864.17
254 124641.90
255 125373.84
256 124490.98
257 124917.98
258 126930.95
259 125888.11
260 124315.98
261 124125.96
262 125035.05
263 125005.01
264 125062.94
265 124281.88
266 124804.97
267 124543.91
268 125365.02
269 125266.79
270 124222.99
271 125570.06
272 126362.80
273 124980.93
274 124666.21
275 126436.00
276 125475.88
277 124434.95
278 126203.06
279 125406.03
280 124459.98
281 123879.91
282 124660.97
283 124747.99
284 124599.93
285 124994.04
286 123905.18
287 124012.95
288 124761.82
289 124524.12
290 123595.00
291 123654.13
292 124576.09
293 123636.96
294 123816.97
295 124492.88
296 123586.89
297 124197.01
298 125177.15
299 123677.02
300 124176.98
301 125753.16
302 125898.84
303 124846.94
304 123953.10
305 123610.02
306 124682.90
307 125191.93
308 124505.04
309 126106.98
310 126079.08
311 124562.98
312 125211.00
313 124297.86
314 124456.17
315 126858.95
316 124403.95
317 124331.95
318 123593.81
319 125429.87
320 123679.88
321 123696.80
322 125090.12
323 123452.90
324 124715.09
325 125509.98
326 123882.06
327 123101.00
328 125554.08
329 124445.20
330 123811.96
331 125308.99
332 125175.95
333 124377.01
334 123539.92
335 124309.06
336 125430.11
337 125406.03
338 125148.77
339 126166.11
340 126079.80
341 124320.98
342 124458.07
343 123285.77
344 124559.16
345 123769.04
346 123844.86
347 126286.03
348 125584.13
349 124799.01
350 125588.18
351 124666.93
352 126075.03
353 124153.14
354 124410.15
355 125068.90
356 123914.96
357 124621.15
358 124761.10
359 124324.08
360 123852.01
361 123704.91
362 124199.15
363 123613.12
364 123470.07
365 123722.79
366 123796.94
367 124177.93
368 124011.04
369 123767.14
370 124176.98
371 124395.13
372 123930.93
373 124364.14
374 124004.84
375 123918.06
376 124288.08
377 124122.14
378 124418.02
379 124303.82
380 124187.95
381 124515.06
382 124376.06
383 124229.19
384 123940.94
385 123391.15
386 123580.93
387 123761.89
388 122718.81
389 122677.80
390 122095.11
391 122601.99
392 120964.05
393 121208.91
394 120785.00
395 120814.09
396 120887.99
397 120842.93
398 120996.95
399 121069.19
400 120798.11
401 120805.98
402 120908.02
403 120981.93
404 121036.05
405 120831.97
406 120851.04
407 120862.96
408 121081.83
409 121006.01
410 120968.10
411 121027.95
412 120786.19
413 120877.03
414 121109.96
415 120728.97
416 120977.88
417 121001.96
418 120901.11
419 120832.92
420 120853.90
421 120918.99
422 121026.04
423 120872.97
424 120754.96
425 120832.92
426 120909.93
427 121012.93
428 120841.03
429 120994.09
430 120949.03
431 120867.01
432 120836.02
433 121040.82
434 121012.93
435 120907.07
436 120909.93
437 120836.02
438 121083.97
439 120928.05
440 120968.82
441 120908.98
442 120787.14
443 120926.14
444 120875.12
445 120867.01
446 120762.83
447 120956.18
448 120771.88
449 120796.20
450 120829.82
451 121015.07
452 120839.83
453 120900.87
454 121080.88
455 120797.16
456 121154.07
457 121010.07
458 120969.06
459 120755.91
460 120840.79
461 120821.00
462 121001.96
463 120870.11
464 120839.12
465 120910.17
466 120943.07
467 120788.81
468 120811.94
469 120820.05
470 120831.01
471 120785.95
472 121183.87
473 120773.08
474 120870.83
475 120951.89
476 120771.88
477 120823.86
478 121037.01
479 120961.90
480 121029.14
481 120962.86
482 120892.05
483 121023.89
484 120785.00
485 120931.86
486 120944.02
487 120846.99
488 120818.85
489 120836.02
490 120917.08
491 121016.98
492 120853.90
493 120774.98
494 121209.86
495 121177.91
496 121019.12
497 120805.03
498 120883.94
499 120900.87
500 121061.80
501 121036.05
502 121096.13
503 121062.04
504 121017.93
505 120865.11
506 120714.19
507 121109.01
508 120833.16
509 120851.04
510 120958.09
511 120725.15
512 120877.98
513 120813.85
514 120793.82
515 120937.82
516 120889.90
517 120988.85
518 121055.84
519 120960.95
520 120941.16
521 120745.18
522 120848.18
523 121066.09
524 120860.82
525 120880.13
526 120903.97
527 120774.03
528 121051.07
529 121047.02
530 121007.92
531 120913.98
532 120723.01
533 120975.02
534 120812.18
535 120730.88
536 120965.96
537 120932.82
538 121092.08
539 121038.20
540 121004.10
541 120929.00
542 120867.01
543 121159.79
544 120798.83
545 120919.23
546 120913.98
547 121011.02
548 120826.01
549 120791.91
550 120716.81
551 120783.09
552 120980.98
553 120917.08
554 121145.01
555 120815.04
556 120954.04
557 120897.05
558 120939.97
559 121124.98
560 120851.04
561 120816.95
562 120985.03
563 120929.96
564 120867.01
565 120886.80
566 120905.88
567 120702.03
568 120999.10
569 120788.10
570 120841.98
571 120765.92
572 120808.12
573 120816.95
574 120782.85
575 120893.00
576 120791.20
577 121109.01
578 120929.96
579 120965.96
580 120925.90
581 121119.02
582 120863.91
583 121109.96
584 120723.96
585 120996.95
586 120848.89
587 120808.12
588 121099.00
589 120709.90
590 120856.05
591 120825.05
592 120795.01
593 120829.11
594 121027.95
595 121044.16
596 120953.08
597 120869.16
598 120878.93
599 120806.22
600 120995.04
601 120947.84
602 120857.95
603 120846.03
604 121059.18
605 120707.04
606 120774.98
607 120856.05
608 120940.92
609 120785.00
610 121274.95
611 120764.02
612 120895.15
613 121028.18
614 120798.83
615 120776.18
616 120712.04
617 120933.06
618 121047.02
619 121012.93
620 120845.08
621 120708.94
622 120786.91
623 120898.96
624 120903.97
625 120931.86
626 120812.89
627 120767.83
628 120870.11
629 120984.08
630 120939.97
631 120811.94
632 120789.05
633 121032.00
634 121011.97
635 121273.99
636 120871.07
637 120848.89
638 120941.16
639 120949.03
640 120913.98
641 120832.92
642 120801.21
643 121017.93
644 121056.80
645 120914.94
646 120930.91
647 120745.90
648 120792.15
649 121073.96
650 120831.01
651 120922.09
652 120812.89
653 120909.93
654 121107.10
655 121145.01
656 120925.90
657 120877.03
658 120927.10
659 120949.98
660 121076.11
661 121056.80
662 120882.03
663 120926.14
664 120813.85
665 121107.10
666 120970.01
667 120911.84
668 120960.00
669 120794.06
670 121118.07
671 121059.89
672 121016.98
673 120857.00
674 120923.04
675 120816.95
676 121036.05
677 121067.05
678 120908.02
679 120934.01
680 120806.93
681 120948.08
682 120810.99
683 121039.15
684 120681.05
685 120863.91
686 121106.15
687 120882.03
688 120715.14
689 120998.14
690 120867.01
691 120941.16
692 120712.04
693 121095.18
694 121044.16
695 121095.90
696 120961.90
697 121149.06
698 120844.13
699 120845.08
700 120934.96
701 120828.87
702 120846.99
703 120810.99
704 120958.09
705 121077.78
706 121194.12
707 121040.82
708 120859.86
709 121502.16
710 121083.97
711 121154.07
712 121119.98
713 121131.18
714 121005.06
715 121140.00
716 121129.99
717 121142.15
718 121123.08
719 121115.92
720 121124.03
721 121139.05
722 121145.96
723 121136.90
724 121156.22
725 121139.05
726 121117.12
727 121055.13
728 121119.02
729 121123.08
730 121129.04
731 121145.01
732 121100.90
733 121145.96
734 121119.02
735 121119.02
736 121125.22
737 121140.00
738 121144.06
739 121137.14
740 121134.04
741 121140.00
742 121109.01
743 121131.18
744 121138.81
745 121135.95
746 121140.96
747 121056.08
748 121148.11
749 121111.15
750 121114.97
751 121096.13
752 121080.88
753 121145.96
754 121150.97
755 121176.00
756 121132.85
757 121129.04
758 121122.84
759 121115.92
760 121120.21
761 121137.14
762 121140.00
763 121133.09
764 121138.10
765 121111.87
766 121109.96
767 121068.00
768 121031.05
769 121135.00
770 121124.98
771 121164.08
772 121124.98
773 121140.96
774 121119.98
775 121129.04
776 121114.02
777 121136.90
778 121134.04
779 121143.10
780 121135.95
781 121129.99
782 121145.96
783 121119.98
784 121121.88
785 121134.04
786 121124.98
787 121062.99
788 121156.22
789 121129.04
790 121142.15
791 121119.98
792 121127.84
793 121123.08
794 121131.90
795 121136.90
796 121135.00
797 121107.10
798 121136.19
799 121132.14
800 121145.96
801 121158.12
802 121132.85
803 121145.01
804 121131.90
805 121137.86
806 121140.00
807 121145.01
808 121137.86
809 121119.98
810 121135.95
811 121126.17
812 121108.06
813 121135.95
814 121152.16
815 121145.01
816 121140.00
817 121140.96
818 121124.98
819 121124.98
820 121133.09
821 121138.10
822 121143.82
823 121144.06
824 121135.00
825 121144.06
826 121123.08
827 121062.99
828 121112.11
829 121191.02
830 121139.05
831 121158.84
832 121110.92
833 121140.96
834 121036.05
835 121114.97
836 121120.93
837 121142.86
838 121131.90
839 121159.08
840 121141.20
841 121033.19
842 121143.82
843 121120.93
844 121131.18
845 121129.99
846 121139.05
847 121053.93
848 121146.92
849 121134.04
850 121140.00
851 121109.96
852 121093.99
853 121137.14
854 121141.20
855 121147.16
856 121122.84
857 121124.98
858 121131.90
859 121140.96
860 121140.00
861 121150.02
862 121100.90
863 121127.84
864 121129.04
865 121140.96
866 121142.86
867 121135.95
868 121132.85
869 121136.19
870 121124.03
871 121073.01
872 121011.02
873 121122.12
874 121140.00
875 121064.90
876 121134.04
877 121136.90
878 121155.02
879 121129.04
880 121119.02
881 121124.98
882 121126.89
883 121135.00
884 121195.08
885 121140.00
886 121142.86
887 121107.10
888 121116.88
889 121141.20
890 121123.08
891 121132.85
892 121138.81
893 121146.92
894 121149.06
895 121160.03
896 121124.98
897 121122.12
898 121115.92
899 121126.89
