800
0 121271.85
1 121148.11
2 121129.04
3 121120.93
4 121150.97
5 121124.03
6 121129.04
7 121121.88
8 121126.89
9 121150.02
10 121135.00
11 121136.90
12 121135.00
13 121067.05
14 121136.90
15 121140.00
16 121102.09
17 121117.12
18 121135.95
19 121124.03
20 121201.04
21 121128.08
22 121099.95
23 121096.85
24 121135.95
25 121144.06
26 121134.04
27 121146.92
28 121137.14
29 121146.92
30 121144.06
31 121160.98
32 121073.01
33 121076.11
34 121106.15
35 121117.12
36 121135.95
37 121188.16
38 121140.00
39 121097.09
40 121128.08
41 121116.88
42 121109.96
43 121123.08
44 121118.78
45 121131.90
46 121121.88
47 121024.13
48 121085.88
49 121126.17
50 121143.10
51 121129.04
52 121140.00
53 121063.95
54 121125.94
55 121140.00
56 121140.00
57 121091.13
58 121144.06
59 121128.08
60 120941.88
61 121172.90
62 121095.90
63 121099.95
64 121141.20
65 121149.06
66 121135.95
67 121115.21
68 121135.95
69 121124.03
70 121151.92
71 121135.95
72 121102.09
73 121070.15
74 121124.98
75 121146.20
76 121136.90
77 121113.06
78 121143.10
79 121049.88
80 121080.16
81 121061.09
82 121099.00
83 121124.98
84 121093.99
85 121127.13
86 121120.93
87 121078.01
88 121143.10
89 121143.82
90 121144.06
91 121125.94
92 121107.10
93 121059.89
94 121201.04
95 121047.97
96 121040.11
97 121040.11
98 121101.86
99 121045.83
100 121081.11
101 120919.94
102 121137.14
103 120987.89
104 122761.96
105 120872.02
106 122391.94
107 121541.02
108 123238.80
109 121459.01
110 122899.06
111 123790.98
112 123246.91
113 122438.91
114 122308.97
115 122308.02
116 122026.92
117 124363.90
118 123018.03
119 122924.09
120 123781.20
121 123610.02
122 123677.97
123 123729.94
124 124516.96
125 122852.09
126 122937.20
127 124287.13
128 124341.01
129 123239.04
130 124189.85
131 123496.06
132 124133.11
133 123083.11
134 123270.03
135 123058.80
136 123306.99
137 122215.03
138 124899.15
139 122365.00
140 122479.92
141 122266.05
142 122508.05
143 123205.90
144 124037.98
145 122290.13
146 123999.12
147 123214.01
148 123163.22
149 123058.08
150 123806.95
151 122290.85
152 124079.94
153 123839.86
154 123250.01
155 122469.90
156 123991.97
157 122319.94
158 123198.99
159 123044.97
160 124320.03
161 124814.03
162 123820.07
163 122442.01
164 122181.89
165 123860.12
166 123028.04
167 122283.94
168 123033.05
169 122375.97
170 122874.02
171 123752.12
172 123585.94
173 123088.12
174 123317.96
175 122333.05
176 122434.14
177 123543.98
178 122847.08
179 123503.92
180 122673.99
181 123610.02
182 122676.85
183 122595.07
184 123343.94
185 124265.91
186 122468.95
187 123335.84
188 125104.90
189 123346.09
190 123354.91
191 123342.99
192 121905.09
193 124576.81
194 122690.92
195 122522.12
196 122622.01
197 122401.00
198 123150.11
199 123137.00
200 123009.92
201 124525.79
202 123814.11
203 123528.00
204 124228.95
205 124838.11
206 123736.14
207 124027.01
208 123914.96
209 124169.11
210 124079.94
211 123302.94
212 123423.10
213 123473.17
214 123403.07
215 122540.95
216 122590.07
217 122385.03
218 123960.02
219 123752.12
220 124010.09
221 123957.87
222 123769.04
223 122153.04
224 122853.04
225 123659.13
226 123481.04
227 123507.98
228 123753.07
229 123377.08
230 122615.10
231 122605.80
232 122467.99
233 123960.97
234 122711.90
235 124084.00
236 123827.93
237 123157.02
238 122891.90
239 124001.98
240 123103.14
241 123808.15
242 122817.99
243 122919.08
244 122672.08
245 124248.98
246 122826.10
247 122853.04
248 124439.95
249 122200.01
250 122610.09
251 122518.06
252 122143.98
253 124718.90
254 123046.16
255 123803.85
256 123114.82
257 123735.90
258 123162.98
259 123282.91
260 123368.98
261 123157.02
262 122449.16
263 122331.14
264 123132.94
265 124150.04
266 123523.95
267 124743.94
268 123158.22
269 123934.98
270 122988.94
271 123190.88
272 121985.91
273 122288.94
274 123769.04
275 123089.08
276 125331.88
277 122910.98
278 125143.05
279 122868.06
280 122946.02
281 125221.01
282 123317.96
283 123355.15
284 122998.00
285 123553.99
286 122859.95
287 123576.88
288 124351.98
289 124456.17
290 122809.89
291 123060.94
292 123564.96
293 123209.00
294 123081.92
295 124023.91
296 124111.89
297 122251.99
298 122500.90
299 122410.06
300 122591.97
301 123458.86
302 123296.98
303 123159.89
304 123569.97
305 124907.97
306 124235.15
307 124370.10
308 122576.00
309 123496.06
310 122663.02
311 123543.02
312 122565.98
313 122432.95
314 122733.12
315 124120.00
316 122781.99
317 122634.17
318 122529.03
319 122926.00
320 122984.89
321 122912.88
322 123689.89
323 124404.19
324 122995.14
325 123333.93
326 123784.07
327 122942.21
328 123960.02
329 122105.84
330 122323.99
331 123298.88
332 123962.88
333 122208.83
334 122992.04
335 123228.07
336 122969.87
337 124734.88
338 122951.98
339 123675.82
340 122164.96
341 123798.13
342 124480.01
343 124018.19
344 122032.88
345 122792.96
346 123026.85
347 122998.00
348 123113.87
349 122174.98
350 122604.13
351 122332.81
352 123111.96
353 123358.96
354 122650.86
355 123165.13
356 124158.14
357 122188.09
358 123976.95
359 123168.95
360 122079.13
361 123114.11
362 121948.96
363 122539.04
364 122581.01
365 122672.08
366 122058.15
367 122818.95
368 122406.01
369 122220.04
370 122277.02
371 122332.10
372 122548.10
373 122533.80
374 122855.90
375 122709.99
376 123044.97
377 122424.13
378 122534.04
379 122174.02
380 122204.07
381 122572.90
382 122401.95
383 122389.08
384 121979.00
385 122105.12
386 122770.07
387 122347.12
388 121493.10
389 121641.16
390 121944.19
391 121372.94
392 122799.16
393 120915.89
394 120801.93
395 121042.97
396 121145.01
397 121176.00
398 120750.90
399 121075.87
400 120921.13
401 121011.02
402 120831.97
403 120990.99
404 121085.88
405 121199.13
406 121225.12
407 121126.17
408 121006.97
409 120922.09
410 121090.17
411 120759.96
412 121016.98
413 120996.95
414 120829.11
415 121090.89
416 121191.98
417 121145.96
418 120978.12
419 120871.07
420 121176.96
421 121062.04
422 121010.78
423 120870.83
424 121106.86
425 120904.92
426 120872.02
427 121011.97
428 121099.00
429 121182.92
430 121037.96
431 121174.81
432 120975.97
433 120924.00
434 120849.85
435 121024.85
436 120950.94
437 121269.94
438 121223.21
439 120997.91
440 121074.91
441 121013.88
442 120971.92
443 121214.15
444 121164.08
445 120954.04
446 121272.09
447 120894.91
448 121248.96
449 120899.92
450 121001.96
451 121118.07
452 121012.21
453 121024.13
454 120942.83
455 121454.95
456 120918.04
457 121009.11
458 121105.19
459 121200.08
460 120935.92
461 121041.06
462 121128.08
463 121376.99
464 121047.97
465 120939.02
466 120845.08
467 121078.97
468 121159.08
469 121083.02
470 121136.90
471 120990.04
472 121145.01
473 121175.05
474 121034.86
475 121170.04
476 120864.15
477 120958.81
478 121036.77
479 120931.86
480 121104.96
481 120933.06
482 121075.15
483 121154.07
484 121355.77
485 120921.85
486 120944.02
487 121047.97
488 120774.03
489 120826.01
490 121104.00
491 121190.07
492 121085.88
493 120862.01
494 120839.83
495 120786.91
496 120934.01
497 121028.18
498 121428.97
499 121073.01
500 120904.92
501 121090.89
502 120992.90
503 121181.96
504 120957.14
505 121212.01
506 120898.01
507 121346.95
508 120911.12
509 120861.05
510 121073.01
511 120939.97
512 120905.88
513 120994.09
514 121201.04
515 121037.96
516 120944.02
517 120788.10
518 120930.91
519 121137.14
520 120948.08
521 121068.00
522 121044.87
523 121165.99
524 121199.85
525 121253.01
526 120949.98
527 121171.00
528 120800.97
529 120803.12
530 120790.96
531 121033.91
532 121016.98
533 120896.82
534 120981.93
535 121025.09
536 120991.95
537 121193.89
538 120834.11
539 120949.98
540 120858.91
541 121323.11
542 121016.03
543 120899.92
544 120989.08
545 120894.91
546 120793.10
547 121074.91
548 121193.89
549 120912.79
550 121361.97
551 121013.88
552 121085.88
553 120820.05
554 120906.11
555 121022.94
556 120883.94
557 120949.98
558 120856.05
559 121173.86
560 121011.02
561 120911.84
562 121035.81
563 121134.04
564 120975.02
565 120918.99
566 121068.95
567 120953.80
568 120892.05
569 121050.12
570 120784.04
571 121043.92
572 120846.99
573 121015.07
574 121105.19
575 120805.98
576 120983.12
577 120976.92
578 120835.07
579 120723.96
580 121050.12
581 120945.93
582 120852.95
583 121019.84
584 120947.12
585 121096.13
586 121230.84
587 120682.00
588 120991.95
589 120882.99
590 120911.84
591 121032.00
592 120970.01
593 120869.87
594 121117.83
595 120965.00
596 121007.92
597 120963.10
598 120893.96
599 120769.02
600 120877.03
601 120958.09
602 120762.11
603 121069.91
604 120848.89
605 120897.05
606 120954.99
607 121040.11
608 120975.02
609 120682.95
610 120851.99
611 120862.01
612 120701.07
613 120731.12
614 121088.03
615 120887.04
616 121111.15
617 121098.04
618 120701.07
619 120877.98
620 121183.87
621 120856.05
622 120787.86
623 120774.03
624 120832.92
625 120992.90
626 121072.05
627 120905.88
628 120774.03
629 120911.84
630 121081.83
631 121050.83
632 121009.11
633 121067.05
634 120932.82
635 120944.98
636 120772.12
637 121000.05
638 120678.19
639 120795.97
640 121324.06
641 120913.98
642 120990.99
643 121140.96
644 121057.99
645 120975.97
646 120767.12
647 121051.79
648 121093.03
649 121047.97
650 120970.01
651 120778.08
652 120991.95
653 120810.99
654 120933.06
655 120835.07
656 121006.01
657 121065.86
658 120832.20
659 120944.98
660 120732.07
661 120896.10
662 120984.08
663 120939.97
664 120943.78
665 120924.00
666 120801.93
667 121032.00
668 120836.97
669 121145.96
670 120734.93
671 120815.99
672 121040.82
673 120856.05
674 120881.08
675 120765.92
676 120908.98
677 121179.10
678 120846.03
679 121088.98
680 120786.91
681 120894.19
682 121037.01
683 120753.05
684 120879.89
685 121094.94
686 120837.93
687 120862.01
688 121120.93
689 120990.99
690 120784.04
691 120804.07
692 121060.85
693 120911.84
694 121053.22
695 121099.00
696 120893.96
697 120906.11
698 121208.91
699 121058.94
700 120695.11
701 121091.13
702 120922.80
703 120851.04
704 120954.04
705 121114.02
706 120893.96
707 120767.12
708 120907.07
709 120993.85
710 121102.81
711 121104.00
712 121006.97
713 121136.90
714 121089.94
715 121145.96
716 121130.94
717 121122.12
718 121135.00
719 121129.04
720 121149.06
721 121062.99
722 121132.85
723 121134.04
724 121134.04
725 121130.94
726 121205.09
727 121138.10
728 121114.02
729 121140.96
730 121054.17
731 121140.96
732 121152.88
733 121109.96
734 121072.05
735 121112.82
736 121131.18
737 121135.00
738 121140.00
739 121110.20
740 121138.10
741 121125.94
742 121135.95
743 121133.09
744 121116.88
745 121115.21
746 121123.08
747 121122.12
748 121129.99
749 121132.14
750 121138.10
751 121129.99
752 121135.95
753 121128.08
754 121108.06
755 121143.82
756 121119.98
757 121073.01
758 121054.89
759 121116.88
760 121117.12
761 121125.94
762 121126.89
763 121128.08
764 121129.99
765 121190.07
766 121133.09
767 121134.04
768 121137.14
769 121130.94
770 121052.03
771 121140.00
772 121130.94
773 121135.00
774 121089.94
775 121127.84
776 121133.09
777 121109.01
778 121104.00
779 121123.08
780 121143.10
781 121127.13
782 121193.89
783 121126.89
784 121088.03
785 121127.13
786 121132.85
787 121133.80
788 121139.05
789 121065.86
790 121140.96
791 121128.08
792 121103.05
793 121131.90
794 121099.00
795 121130.94
796 121114.97
797 121132.85
798 121119.98
799 121135.00
