900
0 121236.09
1 121140.96
2 121109.96
3 121078.01
4 121120.21
5 120990.99
6 121098.04
7 121095.90
8 121105.91
9 121132.85
10 121093.99
11 121021.03
12 121097.80
13 121114.97
14 121104.96
15 121066.09
16 121107.10
17 121113.06
18 121106.15
19 121119.02
20 121112.11
21 121085.88
22 121112.11
23 121108.06
24 121121.88
25 121120.93
26 121093.99
27 121083.02
28 121116.88
29 121099.95
30 121124.98
31 121042.97
32 121027.95
33 121078.01
34 121110.20
35 121134.04
36 121093.99
37 121104.00
38 121118.07
39 121111.15
40 121119.02
41 121113.06
42 121086.12
43 121119.02
44 121124.98
45 121123.79
46 121130.23
47 121106.86
48 121109.96
49 121108.06
50 121114.97
51 121050.12
52 121096.13
53 121068.00
54 121117.12
55 120975.02
56 121117.12
57 121084.93
58 121120.21
59 121093.03
60 121117.83
61 121104.00
62 121112.82
63 121114.02
64 121116.88
65 121118.07
66 121115.92
67 121120.93
68 121121.17
69 121124.98
70 121089.94
71 121041.06
72 121097.80
73 121068.00
74 121110.20
75 121108.06
76 121114.02
77 121111.15
78 121084.93
79 121081.83
80 121138.10
81 121111.87
82 121071.82
83 121115.21
84 121091.13
85 121020.08
86 121104.96
87 121091.13
88 121111.87
89 121112.11
90 121033.91
91 121050.83
92 121104.00
93 121066.09
94 121081.11
95 121020.08
96 120944.02
97 121049.88
98 121032.00
99 121052.98
100 121032.00
101 121114.97
102 121026.99
103 120959.04
104 121114.97
105 121454.95
106 121111.87
107 121243.95
108 121012.93
109 120947.12
110 120963.10
111 121055.13
112 121113.06
113 121070.15
114 120769.02
115 121038.91
116 121037.96
117 121202.95
118 121063.95
119 120914.94
120 121023.89
121 121165.04
122 122118.00
123 120907.07
124 121665.00
125 121492.86
126 121032.95
127 121351.96
128 121155.02
129 121505.98
130 121154.79
131 121896.98
132 120747.09
133 121585.85
134 121046.07
135 121256.11
136 121952.77
137 121103.05
138 121088.98
139 121157.88
140 121122.84
141 121061.80
142 121085.17
143 121201.04
144 122184.04
145 121026.99
146 120836.97
147 121004.10
148 120996.00
149 121639.97
150 120910.88
151 121420.15
152 121401.07
153 121032.95
154 121226.07
155 121116.88
156 120976.92
157 121159.08
158 121114.97
159 121111.87
160 121209.14
161 121335.98
162 121542.93
163 120830.06
164 121412.04
165 121542.93
166 122974.16
167 121433.97
168 121583.94
169 121046.07
170 121511.94
171 121146.92
172 121068.00
173 121678.11
174 121917.96
175 121412.99
176 121212.96
177 120910.88
178 121186.02
179 120975.97
180 121091.13
181 121060.13
182 120988.13
183 121613.98
184 120872.02
185 121811.15
186 121093.99
187 121665.00
188 120975.97
189 121818.07
190 121231.08
191 121023.89
192 121229.17
193 121055.13
194 122435.09
195 121687.89
196 121052.98
197 122065.07
198 120759.01
199 120920.18
200 121924.16
201 120981.93
202 121618.03
203 120936.87
204 121123.08
205 121777.06
206 120996.00
207 121439.93
208 120945.93
209 121546.98
210 121302.13
211 120921.85
212 121844.05
213 121399.88
214 121528.15
215 121454.95
216 121593.95
217 120860.10
218 121397.97
219 121158.12
220 121385.10
221 121062.04
222 121593.00
223 121010.07
224 120996.00
225 120867.97
226 120896.10
227 121177.20
228 121429.92
229 121720.08
230 121540.07
231 121447.09
232 121403.93
233 122094.15
234 120968.10
235 122314.93
236 121178.87
237 121634.96
238 120941.88
239 121521.95
240 122375.97
241 121159.08
242 121824.98
243 121599.91
244 121440.17
245 121634.01
246 121261.12
247 121725.80
248 122096.06
249 121746.06
250 121077.06
251 120981.93
252 121557.95
253 121035.81
254 122154.95
255 121342.90
256 120939.02
257 120845.08
258 121494.05
259 121227.98
260 121735.10
261 120923.04
262 120887.04
263 121521.95
264 120902.06
265 121577.98
266 121030.09
267 120860.82
268 121670.96
269 121393.92
270 121520.04
271 121320.01
272 121755.12
273 121124.98
274 121784.93
275 120970.01
276 121396.06
277 121098.04
278 121028.90
279 120989.08
280 122057.91
281 121273.04
282 121083.97
283 121176.00
284 121287.11
285 120847.94
286 120800.97
287 120991.95
288 121121.17
289 121001.96
290 121626.14
291 121694.09
292 122140.17
293 120900.15
294 121024.13
295 121604.92
296 121507.88
297 121592.04
298 120862.96
299 121566.06
300 121778.01
301 120741.13
302 121704.10
303 121307.85
304 121253.97
305 122127.06
306 121321.92
307 121675.01
308 121263.98
309 121867.90
310 121571.06
311 121654.99
312 122060.06
313 121642.11
314 120925.90
315 121729.14
316 121057.99
317 120851.04
318 121826.89
319 121119.02
320 121319.06
321 121037.96
322 121630.19
323 121732.00
324 121231.08
325 120998.14
326 121523.14
327 121403.22
328 121287.82
329 121160.98
330 121855.97
331 121687.89
332 121828.08
333 120999.81
334 120993.85
335 120906.11
336 121567.01
337 120996.00
338 121186.97
339 120778.08
340 121566.06
341 121068.95
342 121026.04
343 121065.14
344 121006.97
345 121064.90
346 120942.83
347 121943.00
348 122011.18
349 120915.17
350 121013.88
351 121610.88
352 121377.94
353 121352.20
354 121014.12
355 121539.12
356 122246.03
357 120721.10
358 121557.95
359 121695.04
360 120931.86
361 120929.00
362 120891.81
363 120778.08
364 120977.88
365 120982.17
366 120897.05
367 120910.88
368 121536.97
369 120893.96
370 121035.10
371 121088.98
372 121150.97
373 120975.02
374 121094.94
375 121235.13
376 121007.92
377 121089.94
378 120869.87
379 120945.93
380 121604.92
381 121007.92
382 120938.06
383 121021.03
384 120839.12
385 121025.09
386 120797.16
387 121079.92
388 121597.05
389 121026.99
390 121344.09
391 121023.89
392 121180.06
393 121412.99
394 121105.91
395 121091.13
396 121134.04
397 120892.05
398 121209.86
399 120933.06
400 120894.91
401 121026.99
402 121036.05
403 121141.91
404 120988.85
405 121043.92
406 120960.00
407 121016.98
408 120908.98
409 121078.97
410 121042.97
411 120974.06
412 121141.91
413 121032.00
414 121165.04
415 120984.08
416 121521.00
417 121245.15
418 121337.89
419 121030.09
420 120963.10
421 121124.03
422 121061.09
423 121075.15
424 121042.01
425 120903.97
426 120831.97
427 121155.02
428 120792.87
429 120903.02
430 120944.98
431 121085.88
432 120987.89
433 120996.95
434 120942.12
435 120883.94
436 120947.12
437 121016.03
438 120971.92
439 121031.05
440 120985.03
441 121105.91
442 121462.82
443 121026.04
444 120807.89
445 121534.11
446 121092.08
447 121066.09
448 120810.99
449 120791.91
450 120962.86
451 120944.02
452 120968.82
453 121122.84
454 121219.16
455 121185.06
456 121232.99
457 120890.86
458 121049.88
459 120993.14
460 121088.03
461 120931.86
462 121057.03
463 121124.03
464 120948.08
465 120926.86
466 121113.06
467 120948.08
468 121076.11
469 121159.08
470 121052.03
471 121759.89
472 121041.06
473 120882.03
474 121227.03
475 121398.93
476 120971.92
477 120902.06
478 120707.04
479 121028.18
480 120893.96
481 121101.86
482 121275.90
483 121345.04
484 121580.12
485 120859.86
486 120856.05
487 121346.95
488 121144.06
489 121062.99
490 121102.09
491 120770.93
492 121292.83
493 121127.13
494 120970.96
495 120883.94
496 120970.01
497 120902.06
498 120970.01
499 120981.93
500 120971.92
501 120884.90
502 120738.03
503 121461.87
504 121410.85
505 121157.17
506 120960.95
507 121518.85
508 120932.82
509 121299.03
510 120850.09
511 121081.11
512 121320.01
513 121452.09
514 121181.01
515 121115.21
516 121566.06
517 121160.98
518 120982.89
519 121245.15
520 121330.02
521 121099.95
522 120597.12
523 120769.98
524 121593.95
525 121330.02
526 121315.00
527 120893.00
528 120899.92
529 121469.02
530 121131.18
531 121613.03
532 121078.97
533 121500.97
534 121289.97
535 121464.97
536 121606.83
537 121419.91
538 121060.13
539 121315.96
540 121233.94
541 121382.00
542 121874.09
543 121505.98
544 121054.89
545 121525.05
546 120721.10
547 121623.99
548 121541.02
549 121169.09
550 121382.00
551 121480.23
552 121193.17
553 121884.11
554 121690.99
555 121508.12
556 121615.17
557 121256.11
558 120831.01
559 121599.20
560 120958.09
561 120862.01
562 121492.86
563 121216.06
564 121666.91
565 121419.91
566 121402.03
567 122159.00
568 121450.90
569 120928.05
570 121347.90
571 121654.99
572 120980.02
573 121747.02
574 121535.06
575 121103.05
576 121285.92
577 121426.11
578 120972.87
579 120999.81
580 121284.96
581 121739.15
582 120939.02
583 121377.94
584 121631.86
585 120999.10
586 121314.05
587 121606.83
588 120749.95
589 121207.95
590 121143.82
591 121559.86
592 121666.91
593 121157.88
594 121438.98
595 121471.17
596 121321.20
597 121254.92
598 121811.15
599 121720.08
600 121524.10
601 121026.99
602 121474.03
603 121283.05
604 121078.97
605 121497.15
606 121431.11
607 121717.93
608 121598.01
609 121766.09
610 121464.01
611 121035.10
612 121775.15
613 121359.83
614 121298.07
615 121912.00
616 121105.91
617 121690.03
618 120769.02
619 121866.94
620 121225.83
621 121235.13
622 121413.95
623 120830.06
624 121118.07
625 121166.94
626 121757.98
627 121944.90
628 120767.83
629 121078.01
630 121084.21
631 120996.95
632 121315.00
633 120868.92
634 121224.16
635 121007.20
636 121526.00
637 121482.13
638 121598.96
639 121253.97
640 121777.06
641 121533.16
642 121169.09
643 121237.99
644 121150.97
645 121064.90
646 121032.95
647 121516.94
648 121481.90
649 121479.03
650 121026.04
651 121409.89
652 121079.92
653 121840.00
654 121110.92
655 121536.97
656 121783.02
657 121201.99
658 121336.94
659 121634.96
660 121057.99
661 121059.89
662 121335.03
663 121200.08
664 121587.99
665 121597.05
666 121351.96
667 121279.00
668 121424.20
669 121382.95
670 121361.02
671 121290.92
672 121010.07
673 121634.01
674 121335.98
675 121356.96
676 121468.07
677 121205.09
678 121262.79
679 120717.05
680 121362.92
681 121196.99
682 121698.86
683 120879.89
684 121625.19
685 121701.96
686 120888.95
687 121303.08
688 121570.83
689 121171.00
690 121464.01
691 121007.92
692 120803.83
693 121118.07
694 121101.14
695 121783.02
696 121145.01
697 121124.98
698 120819.09
699 121469.02
700 120814.09
701 121325.02
702 120951.18
703 121291.16
704 121450.19
705 121442.79
706 121139.05
707 120680.09
708 121099.00
709 121262.07
710 121414.18
711 121414.90
712 121140.96
713 120770.93
714 121159.79
715 121278.05
716 121267.08
717 121212.96
718 121732.95
719 121269.94
720 121724.13
721 121229.89
722 121012.93
723 121396.06
724 120771.88
725 121608.02
726 121553.90
727 121481.90
728 121172.19
729 121016.03
730 121113.06
731 120842.93
732 121391.06
733 121759.18
734 121683.12
735 121554.14
736 121472.12
737 121056.08
738 121273.99
739 120976.92
740 121824.03
741 121351.96
742 120967.86
743 121062.04
744 121346.00
745 121448.99
746 121266.13
747 120942.83
748 121060.85
749 121186.97
750 121073.96
751 121185.06
752 121404.17
753 121078.01
754 121609.21
755 121152.88
756 121501.92
757 121231.08
758 121599.91
759 120964.05
760 121093.99
761 120996.00
762 121222.97
763 121732.00
764 121309.04
765 121019.12
766 121214.15
767 121412.04
768 121140.96
769 121763.94
770 121711.02
771 121053.93
772 121324.06
773 120726.11
774 121151.92
775 121029.85
776 121554.85
777 121524.10
778 121408.22
779 121169.09
780 121268.99
781 120841.98
782 121423.01
783 121557.00
784 121056.80
785 121129.04
786 120910.17
787 120813.13
788 121367.93
789 121211.05
790 120985.03
791 121377.94
792 121006.01
793 121787.07
794 121131.90
795 121349.10
796 121035.10
797 120775.94
798 121443.03
799 120697.02
800 120996.00
801 121158.84
802 121346.95
803 121248.96
804 121358.16
805 121097.09
806 120933.06
807 120987.89
808 121122.12
809 120980.02
810 121373.89
811 121356.96
812 121064.90
813 121396.06
814 120978.83
815 121124.98
816 120918.04
817 120944.98
818 121040.82
819 120919.94
820 120935.20
821 120882.03
822 121147.16
823 120788.10
824 121047.02
825 120899.20
826 120753.05
827 121480.94
828 120767.12
829 120749.95
830 121021.99
831 121078.01
832 121060.85
833 120831.01
834 120846.99
835 121245.15
836 120976.92
837 120697.02
838 120980.98
839 120817.18
840 120825.05
841 120891.09
842 120803.83
843 120965.96
844 120833.87
845 120886.09
846 121251.11
847 120960.00
848 120993.85
849 120846.99
850 120849.13
851 120889.19
852 120838.88
853 120882.03
854 120903.02
855 120855.09
856 120928.05
857 120980.02
858 121052.98
859 121087.07
860 121040.82
861 121055.13
862 121067.05
863 121001.01
864 121014.83
865 121057.03
866 121052.03
867 121015.79
868 121065.86
869 121025.09
870 121012.93
871 121052.98
872 121032.95
873 121017.93
874 121055.84
875 120985.98
876 121044.16
877 121059.89
878 121062.04
879 121008.16
880 121032.95
881 121057.99
882 121051.79
883 121062.04
884 121042.97
885 120991.95
886 121037.96
887 121065.86
888 121047.02
889 120984.79
890 121016.03
891 121054.89
892 121039.15
893 121057.99
894 121065.14
895 121013.88
896 121021.03
897 121052.03
898 121049.17
899 121060.85
