800
0 121294.02
1 121192.93
2 121165.99
3 121104.00
4 121096.13
5 121141.20
6 121137.14
7 121109.96
8 121082.07
9 121148.82
10 121065.86
11 121131.18
12 121112.11
13 121116.88
14 121115.92
15 121065.14
16 121127.13
17 121161.94
18 121132.85
19 121138.10
20 121127.13
21 121135.95
22 121151.21
23 121144.06
24 121140.00
25 121141.20
26 121045.11
27 121143.82
28 121153.12
29 121144.06
30 121164.08
31 121117.12
32 121089.94
33 121129.99
34 121153.12
35 121103.05
36 121114.02
37 121115.92
38 121124.03
39 121123.08
40 121113.06
41 121122.12
42 121090.89
43 121130.94
44 121140.00
45 121148.11
46 121065.86
47 121015.07
48 121014.12
49 121016.03
50 120943.07
51 121045.11
52 121032.00
53 120943.07
54 120970.96
55 120952.84
56 121033.19
57 121043.92
58 120968.10
59 120987.89
60 121035.10
61 121009.83
62 120997.91
63 121028.90
64 121040.11
65 121036.05
66 121041.06
67 121042.97
68 121041.06
69 121025.09
70 121026.99
71 121028.18
72 121062.99
73 121030.09
74 121034.15
75 121037.01
76 121045.11
77 120939.97
78 120939.02
79 121044.87
80 121058.94
81 121044.16
82 120990.04
83 120971.92
84 121008.87
85 121037.01
86 121024.13
87 121002.91
88 121026.99
89 121032.00
90 121021.03
91 120937.11
92 121043.92
93 121022.94
94 121053.93
95 120961.90
96 120939.97
97 120898.01
98 120849.85
99 121047.97
100 120985.98
101 120950.94
102 121000.05
103 122938.87
104 120949.03
105 121960.88
106 121359.11
107 122142.08
108 122242.21
109 121310.00
110 121362.92
111 122035.98
112 122320.89
113 122954.13
114 122314.93
115 125321.87
116 124704.12
117 123221.87
118 124771.83
119 123072.86
120 123239.04
121 124504.09
122 123834.13
123 123682.02
124 123590.95
125 122750.04
126 122586.97
127 122747.90
128 122640.13
129 122612.00
130 122488.02
131 123475.07
132 123818.87
133 122551.92
134 122567.18
135 122542.86
136 123212.10
137 122632.03
138 122432.95
139 123548.98
140 123444.08
141 122631.07
142 124206.07
143 123144.87
144 124893.90
145 122431.04
146 123843.91
147 123460.05
148 122539.04
149 122884.99
150 122849.94
151 123655.08
152 122762.92
153 122545.00
154 122641.09
155 123559.00
156 121856.93
157 122307.06
158 122573.14
159 124418.02
160 123281.00
161 123254.06
162 122615.10
163 122519.02
164 122644.19
165 123536.83
166 122725.96
167 122648.95
168 125740.05
169 124819.99
170 122266.05
171 123126.98
172 122582.91
173 123464.11
174 123533.96
175 122529.98
176 123370.17
177 123380.90
178 123008.01
179 122879.98
180 122498.99
181 122752.90
182 123483.90
183 122812.03
184 122067.93
185 125482.08
186 122932.91
187 123205.18
188 123878.00
189 123823.88
190 123119.12
191 122121.81
192 123643.16
193 122026.92
194 124520.06
195 122858.05
196 123541.12
197 123896.12
198 123876.09
199 122298.00
200 123883.01
201 123226.17
202 122356.18
203 123841.05
204 123021.84
205 123191.12
206 122819.90
207 122223.85
208 122138.98
209 122049.09
210 123836.04
211 124655.01
212 124444.96
213 121909.86
214 124620.91
215 123867.03
216 123718.02
217 122731.92
218 124282.12
219 123813.15
220 122272.01
221 121982.10
222 123147.96
223 122336.15
224 123049.02
225 124673.84
226 124718.90
227 123245.00
228 123077.15
229 122941.97
230 124088.05
231 123044.01
232 123880.86
233 122095.82
234 124623.06
235 123147.01
236 122013.81
237 122519.02
238 122708.08
239 122630.12
240 124262.09
241 123308.18
242 122355.94
243 123076.92
244 122852.80
245 122884.99
246 122195.01
247 123663.90
248 123018.03
249 123580.22
250 122641.09
251 122765.06
252 122606.04
253 123326.06
254 123590.95
255 124251.13
256 122670.89
257 123573.06
258 123369.93
259 122618.91
260 122795.10
261 124997.14
262 122392.89
263 123259.07
264 123177.05
265 122685.19
266 123318.91
267 123383.05
268 124145.98
269 125598.91
270 123426.91
271 123175.86
272 123142.96
273 123316.05
274 123287.20
275 124879.12
276 122440.10
277 123130.80
278 123894.93
279 124959.95
280 122627.97
281 122351.88
282 122269.87
283 123037.82
284 122296.09
285 123117.92
286 122722.86
287 123707.06
288 122871.88
289 123461.01
290 122699.02
291 123543.98
292 124352.93
293 123356.82
294 122685.19
295 124228.95
296 123394.97
297 123539.92
298 123393.06
299 122553.11
300 124267.82
301 123410.94
302 124198.91
303 123220.92
304 122605.09
305 123209.00
306 122433.19
307 122622.97
308 123720.17
309 124897.96
310 122585.06
311 123473.88
312 122741.94
313 122906.92
314 123028.04
315 122476.10
316 123789.07
317 122959.14
318 122899.06
319 122112.04
320 122216.94
321 122561.93
322 122664.93
323 122679.95
324 124501.94
325 122828.01
326 123409.03
327 123671.05
328 122751.00
329 122149.94
330 123494.15
331 122588.87
332 122648.00
333 124150.04
334 123243.09
335 123282.91
336 122466.80
337 122277.98
338 121859.07
339 122755.05
340 122350.22
341 122667.07
342 123787.16
343 124341.01
344 122224.09
345 123252.15
346 122569.08
347 121792.08
348 123216.87
349 123025.89
350 123431.92
351 125700.00
352 122405.05
353 124794.96
354 123120.07
355 123075.01
356 122494.94
357 123906.85
358 123930.93
359 121984.00
360 122349.02
361 122595.07
362 122198.10
363 121812.82
364 122014.05
365 122326.14
366 122386.93
367 122374.06
368 121938.94
369 122703.08
370 122248.89
371 122085.09
372 122492.07
373 122551.92
374 122586.97
375 122009.99
376 122462.03
377 122231.01
378 122601.03
379 122259.14
380 121829.99
381 122069.12
382 122166.87
383 122189.04
384 122076.03
385 122820.14
386 122345.92
387 122214.08
388 122807.03
389 122673.03
390 122370.00
391 122283.94
392 122426.03
393 122261.05
394 121056.80
395 120980.02
396 121125.94
397 121047.02
398 120913.03
399 121138.10
400 121042.01
401 121017.93
402 120892.05
403 121558.90
404 121016.98
405 120988.13
406 120891.09
407 121027.95
408 120975.97
409 120971.92
410 120887.04
411 121033.91
412 120859.15
413 120970.01
414 121026.99
415 121258.02
416 121222.02
417 121157.88
418 120869.16
419 120969.06
420 120993.14
421 121363.88
422 120848.89
423 120808.12
424 120874.88
425 120797.87
426 120940.92
427 120886.80
428 120859.86
429 120996.00
430 120882.03
431 120936.87
432 120877.03
433 121020.08
434 121102.09
435 121272.09
436 120800.02
437 120907.07
438 120946.17
439 120933.06
440 120821.95
441 121321.92
442 120981.93
443 121251.11
444 120882.99
445 121063.95
446 120853.90
447 121032.00
448 120944.98
449 120903.02
450 120738.98
451 121138.10
452 120756.86
453 120902.06
454 121121.88
455 121027.95
456 120965.00
457 120859.86
458 120982.17
459 121023.89
460 120961.90
461 120875.12
462 121253.01
463 120970.01
464 120857.00
465 121005.06
466 121082.07
467 120959.04
468 120875.84
469 121117.12
470 120980.02
471 120897.05
472 120950.94
473 120970.01
474 121418.00
475 120855.09
476 121002.91
477 120892.05
478 121117.83
479 121111.87
480 120975.97
481 120785.95
482 120766.16
483 120782.14
484 120779.04
485 120823.14
486 120771.88
487 120787.14
488 121119.02
489 120818.14
490 120790.96
491 121092.80
492 120810.99
493 120754.00
494 120805.98
495 121093.99
496 121196.03
497 121350.05
498 120793.10
499 121005.06
500 121255.16
501 120902.06
502 121038.91
503 120855.09
504 121136.19
505 121439.93
506 120786.19
507 120925.90
508 121053.93
509 121026.99
510 120847.23
511 120799.06
512 120974.06
513 121093.99
514 121052.03
515 120998.14
516 121011.02
517 121303.08
518 121155.02
519 120931.15
520 121032.00
521 120860.10
522 121052.03
523 121020.08
524 121052.03
525 120707.04
526 121054.89
527 121003.87
528 120920.90
529 121038.20
530 121093.03
531 121002.20
532 120929.96
533 120892.05
534 120911.12
535 121015.07
536 120986.22
537 120935.92
538 121095.90
539 121351.00
540 120855.09
541 121062.04
542 121079.92
543 121032.00
544 121153.83
545 120959.04
546 121028.90
547 121020.08
548 120910.17
549 121091.13
550 121062.99
551 121279.95
552 121033.91
553 121233.94
554 120990.04
555 121085.88
556 121066.09
557 121183.87
558 121079.21
559 120970.96
560 121299.98
561 120971.92
562 121143.10
563 120640.99
564 120995.04
565 120995.04
566 120809.08
567 121074.91
568 121098.04
569 121049.17
570 120960.00
571 120860.10
572 120943.07
573 121246.10
574 120976.92
575 121052.98
576 121047.02
577 121034.15
578 121180.06
579 120933.06
580 120939.97
581 121135.00
582 121006.97
583 120864.87
584 121109.01
585 120908.98
586 120913.03
587 121061.09
588 120919.94
589 120922.80
590 121083.02
591 120944.02
592 120749.00
593 120912.08
594 120936.87
595 120881.08
596 120913.98
597 121015.07
598 120925.90
599 120898.01
600 120865.11
601 120882.99
602 120902.06
603 120919.94
604 121263.03
605 120993.14
606 121181.96
607 120867.97
608 121051.07
609 120839.83
610 120784.04
611 121148.82
612 120986.94
613 120773.08
614 121016.98
615 120898.01
616 121036.05
617 120920.90
618 120965.00
619 120841.98
620 121038.91
621 120839.12
622 121151.92
623 120769.02
624 120864.87
625 120916.13
626 120996.95
627 120993.14
628 120892.05
629 121006.97
630 121049.88
631 121311.90
632 120774.03
633 121034.15
634 120997.19
635 120913.98
636 120974.06
637 120894.91
638 120881.08
639 120862.01
640 120889.19
641 120953.80
642 120887.04
643 121022.94
644 120833.16
645 120828.15
646 120928.05
647 120876.07
648 120934.96
649 120903.97
650 120856.05
651 120775.94
652 120916.13
653 120847.94
654 121019.84
655 120919.94
656 120866.78
657 120903.02
658 120917.08
659 121226.07
660 121218.20
661 121038.91
662 120867.97
663 120936.16
664 120981.22
665 121057.03
666 120825.05
667 120794.06
668 121144.06
669 120913.03
670 121268.99
671 120841.98
672 121151.92
673 121037.01
674 120948.08
675 120876.07
676 120876.07
677 121079.21
678 120964.05
679 120952.13
680 121062.99
681 121026.04
682 120887.99
683 120906.83
684 121104.00
685 120840.07
686 121197.94
687 121119.02
688 120866.06
689 121196.99
690 121232.03
691 120835.07
692 120817.90
693 120784.04
694 120830.06
695 120824.81
696 120836.97
697 120800.02
698 121468.07
699 120949.03
700 120876.07
701 121077.06
702 120921.13
703 120754.96
704 120748.04
705 121077.06
706 120806.93
707 120913.03
708 120810.03
709 121059.89
710 121287.82
711 120985.03
712 121042.97
713 121011.97
714 120985.98
715 121026.99
716 121006.01
717 121032.00
718 121025.09
719 121014.12
720 121033.91
721 121029.14
722 121014.83
723 120968.10
724 121052.03
725 120989.08
726 121009.83
727 120950.94
728 121022.94
729 121027.95
730 121016.98
731 121035.10
732 121025.09
733 120942.83
734 120997.91
735 121033.19
736 121069.91
737 121040.11
738 120995.04
739 121010.07
740 121008.87
741 121025.09
742 121014.83
743 121026.04
744 121021.03
745 121026.04
746 120997.19
747 120969.06
748 121018.89
749 120971.92
750 121032.00
751 120985.03
752 120975.02
753 121010.07
754 121034.15
755 121015.07
756 121010.07
757 121006.97
758 120989.08
759 121022.94
760 121011.97
761 121026.99
762 121024.85
763 121011.02
764 121038.91
765 121024.13
766 121011.02
767 121029.14
768 121016.03
769 121004.82
770 121038.91
771 121011.97
772 121040.82
773 120939.97
774 120957.14
775 121007.92
776 121036.05
777 121073.01
778 121015.07
779 120996.00
780 121032.00
781 121017.93
782 121028.18
783 121032.95
784 121034.15
785 121027.95
786 121037.96
787 120975.02
788 121050.83
789 121036.05
790 121011.02
791 120991.95
792 121021.03
793 121042.97
794 121036.77
795 121046.07
796 121042.97
797 120984.08
798 121025.09
799 121042.97
