800
0 121135.95
1 120975.02
2 120918.99
3 120939.97
4 120942.12
5 120944.98
6 120977.16
7 120964.05
8 120935.92
9 120963.10
10 120975.97
11 120959.04
12 120954.04
13 120819.09
14 120973.83
15 120928.05
16 120939.97
17 120950.94
18 120976.92
19 120960.00
20 120969.06
21 120967.15
22 120932.10
23 120956.18
24 120949.98
25 120970.96
26 120961.90
27 120948.08
28 120954.04
29 120960.95
30 120960.00
31 120947.12
32 120874.17
33 120890.86
34 120954.04
35 120954.04
36 120944.98
37 120980.98
38 120954.99
39 120904.92
40 120938.06
41 120945.93
42 120919.94
43 120945.93
44 120944.98
45 120965.00
46 120952.84
47 120941.16
48 120937.82
49 120968.82
50 120968.10
51 120967.15
52 120965.00
53 120888.95
54 120965.96
55 120957.85
56 120957.14
57 120954.99
58 120962.86
59 120949.98
60 120951.89
61 120958.09
62 120954.99
63 120964.05
64 120969.06
65 120969.06
66 120956.90
67 120958.09
68 120971.20
69 120969.06
70 120955.94
71 120960.00
72 120948.08
73 120889.90
74 120967.86
75 120956.90
76 120970.01
77 120944.98
78 121036.05
79 120881.80
80 120808.84
81 120940.92
82 120941.16
83 120967.86
84 120946.88
85 120969.06
86 120968.82
87 120966.91
88 120965.00
89 120970.01
90 120960.00
91 120960.95
92 120960.00
93 120790.00
94 121009.11
95 121037.01
96 120855.09
97 120872.02
98 120905.88
99 121007.92
100 120849.85
101 120908.98
102 120820.05
103 120973.11
104 121630.19
105 122308.02
106 120769.02
107 120919.94
108 120794.06
109 122354.98
110 121299.98
111 123852.01
112 123600.96
113 123632.91
114 123902.08
115 122924.80
116 123067.14
117 123333.93
118 123137.00
119 123043.06
120 122939.11
121 123962.16
122 123287.92
123 122082.95
124 123333.93
125 122583.87
126 123460.05
127 123581.89
128 123497.96
129 123440.98
130 122973.92
131 122943.88
132 122913.84
133 122247.93
134 122197.87
135 124853.85
136 122426.03
137 123323.92
138 124494.08
139 123148.92
140 123176.81
141 122851.13
142 123203.04
143 123838.19
144 125108.00
145 123599.05
146 123088.12
147 124483.82
148 122323.99
149 122746.94
150 124585.15
151 122861.15
152 122746.94
153 122739.08
154 124493.12
155 122916.94
156 123596.91
157 123739.00
158 122156.14
159 124454.98
160 122836.11
161 124572.04
162 122315.17
163 123997.93
164 123893.02
165 123097.90
166 122931.96
167 123529.20
168 123467.92
169 123407.13
170 123394.01
171 122690.92
172 122926.00
173 123633.86
174 122859.95
175 124562.03
176 124675.99
177 122374.06
178 123327.02
179 124072.07
180 122606.99
181 122742.89
182 123272.90
183 122617.01
184 122532.13
185 123317.00
186 123394.97
187 122653.96
188 123506.07
189 123039.96
190 124175.79
191 122723.10
192 123543.98
193 122510.91
194 123060.94
195 124652.86
196 123522.04
197 123480.80
198 122650.15
199 122629.88
200 122452.02
201 123386.14
202 124393.94
203 121999.03
204 122596.98
205 124446.15
206 123430.01
207 123541.83
208 124512.20
209 122656.11
210 123457.91
211 123811.96
212 122775.08
213 122607.95
214 123511.08
215 122451.07
216 122514.01
217 123402.12
218 122790.10
219 122803.21
220 123889.92
221 124553.92
222 123825.07
223 124210.83
224 122549.06
225 123266.94
226 124282.12
227 122517.82
228 122975.11
229 122966.05
230 123818.16
231 123715.88
232 123775.01
233 125535.01
234 122035.03
235 124304.06
236 123121.02
237 123744.01
238 122179.99
239 122942.92
240 123101.00
241 123521.80
242 122680.19
243 123435.02
244 123424.05
245 123966.93
246 123816.01
247 123264.79
248 122176.17
249 123082.16
250 123707.06
251 123160.12
252 124011.99
253 122175.93
254 123526.10
255 122710.94
256 123775.01
257 123001.10
258 123705.15
259 122036.93
260 122938.87
261 123803.14
262 122714.04
263 124997.14
264 124250.17
265 122841.84
266 122038.13
267 123842.00
268 123103.86
269 124747.04
270 123610.02
271 123193.98
272 123646.02
273 122035.98
274 122749.09
275 124711.99
276 122401.00
277 125311.14
278 122808.93
279 122987.03
280 124656.92
281 123625.04
282 122064.83
283 123965.02
284 123349.91
285 122143.03
286 123052.12
287 124010.80
288 122329.00
289 124691.96
290 124015.09
291 122488.98
292 123071.91
293 122329.95
294 124705.08
295 123167.04
296 124880.08
297 123193.03
298 122820.14
299 122471.09
300 123392.11
301 122545.00
302 122682.09
303 122706.89
304 122563.12
305 122944.12
306 122981.07
307 122138.98
308 123731.85
309 122539.04
310 124179.84
311 124665.98
312 122246.98
313 122369.05
314 123972.89
315 122415.07
316 122677.09
317 122930.05
318 123044.01
319 122238.16
320 122301.10
321 122493.03
322 122398.85
323 122487.78
324 123499.16
325 123414.04
326 122787.95
327 125049.83
328 122906.92
329 123004.20
330 122747.18
331 124511.00
332 122709.04
333 122907.16
334 122636.08
335 122797.01
336 124424.93
337 123505.12
338 123498.20
339 123052.84
340 122165.92
341 122033.12
342 123080.02
343 124701.02
344 122246.03
345 123243.81
346 122272.97
347 122630.12
348 122402.19
349 123100.04
350 122262.95
351 122335.91
352 123109.82
353 122859.00
354 122138.02
355 122716.90
356 123839.86
357 122846.84
358 122942.92
359 122260.09
360 122067.93
361 122145.18
362 122256.99
363 122283.94
364 122294.90
365 122300.15
366 122521.88
367 122581.01
368 122175.93
369 122952.94
370 122705.22
371 122358.08
372 122107.98
373 122678.04
374 122411.01
375 122445.11
376 122605.09
377 122859.95
378 122494.94
379 122021.91
380 122766.97
381 122533.08
382 122034.07
383 122144.94
384 122323.04
385 122301.82
386 122380.02
387 122435.81
388 122737.88
389 122553.11
390 122029.07
391 122567.89
392 121954.20
393 121101.14
394 120771.88
395 121037.01
396 120848.18
397 120955.94
398 121281.86
399 120960.95
400 120836.02
401 120989.08
402 120895.15
403 120665.79
404 120992.90
405 120841.03
406 121003.15
407 120728.97
408 120862.96
409 120814.80
410 120988.85
411 120703.94
412 120789.05
413 120927.10
414 120700.12
415 120805.03
416 121012.93
417 120787.86
418 121065.86
419 121031.05
420 120857.00
421 121171.95
422 121059.89
423 120819.09
424 121002.91
425 121039.87
426 120817.90
427 120918.04
428 121014.83
429 120865.82
430 120786.91
431 120827.91
432 121001.01
433 121002.91
434 120887.04
435 120831.97
436 120827.20
437 120841.98
438 121201.04
439 120810.99
440 120676.99
441 120888.95
442 120777.85
443 120572.09
444 120719.19
445 120814.80
446 121034.86
447 120934.96
448 120716.09
449 120939.97
450 120970.01
451 121001.96
452 120913.03
453 120942.83
454 120883.94
455 120924.00
456 120921.13
457 120745.18
458 120772.84
459 121011.97
460 120893.96
461 120938.06
462 120885.13
463 120806.93
464 120773.08
465 120671.99
466 120653.87
467 120776.89
468 121075.15
469 121156.93
470 120671.99
471 121049.17
472 120738.98
473 120896.82
474 120898.96
475 120832.92
476 121074.91
477 120934.01
478 120753.05
479 120909.93
480 120744.94
481 121108.06
482 121087.79
483 120733.98
484 121243.95
485 121235.13
486 121045.83
487 120753.05
488 120728.02
489 120767.12
490 120944.02
491 120795.97
492 120857.00
493 120843.17
494 120927.81
495 121245.86
496 120987.89
497 120947.84
498 120692.97
499 120831.97
500 120718.00
501 120908.98
502 120802.88
503 120788.10
504 121047.97
505 120920.90
506 120682.00
507 120787.86
508 120810.99
509 120834.11
510 120752.10
511 121016.98
512 120922.09
513 120960.00
514 121046.07
515 120997.19
516 121114.02
517 120816.95
518 121034.86
519 120796.92
520 120830.06
521 120940.92
522 121056.08
523 120885.85
524 121002.91
525 120759.01
526 120945.93
527 120767.12
528 120867.97
529 121349.10
530 121090.17
531 120813.13
532 120856.05
533 120884.90
534 120800.02
535 120687.96
536 120993.14
537 120962.14
538 120852.95
539 120743.04
540 120805.03
541 120769.98
542 120851.04
543 120798.11
544 120873.21
545 120797.87
546 121002.91
547 120982.89
548 120842.93
549 120813.85
550 120931.15
551 120867.01
552 120789.05
553 121044.87
554 120934.96
555 120966.91
556 121036.05
557 120845.08
558 120672.94
559 120826.96
560 120757.82
561 120790.96
562 120944.02
563 120769.98
564 120905.16
565 121055.84
566 120817.90
567 120779.04
568 121077.06
569 120948.08
570 121082.78
571 120839.83
572 120877.03
573 120707.04
574 120769.02
575 120964.05
576 120635.99
577 120753.05
578 121196.03
579 120811.94
580 120823.86
581 121000.05
582 120892.05
583 121054.89
584 120932.82
585 121023.18
586 120956.90
587 120811.94
588 120954.04
589 120768.07
590 121170.04
591 120762.83
592 120811.94
593 120824.10
594 121219.87
595 120852.95
596 121150.97
597 120879.89
598 120713.95
599 120756.86
600 120770.22
601 121121.17
602 120840.07
603 120984.79
604 121215.82
605 120736.84
606 120956.90
607 120879.17
608 120821.00
609 120720.86
610 120718.96
611 120902.78
612 120813.85
613 121058.94
614 120823.14
615 120694.88
616 120832.92
617 120914.94
618 120743.99
619 120784.04
620 120788.10
621 120863.91
622 120749.95
623 120800.97
624 120885.85
625 121131.90
626 120883.94
627 120610.95
628 120818.85
629 121279.95
630 120784.04
631 120996.95
632 120852.95
633 120832.92
634 120864.87
635 120753.05
636 120992.18
637 120930.91
638 120798.83
639 120857.95
640 120784.04
641 120954.99
642 120752.81
643 120817.18
644 121093.03
645 120949.98
646 120822.91
647 121107.10
648 120725.87
649 120981.93
650 120847.94
651 120759.01
652 120934.01
653 120646.95
654 120860.10
655 121103.05
656 121123.79
657 120944.02
658 121011.02
659 121188.88
660 120897.05
661 121128.08
662 121027.95
663 120924.95
664 120970.96
665 120917.08
666 121065.86
667 120688.92
668 121031.05
669 120953.08
670 120778.80
671 120769.98
672 120823.86
673 121020.08
674 120895.86
675 120778.08
676 121217.01
677 120718.00
678 121000.05
679 120702.03
680 120835.07
681 120779.04
682 120862.01
683 120775.94
684 121014.12
685 120833.16
686 120966.91
687 120795.97
688 120800.02
689 121031.05
690 121067.05
691 120922.80
692 120728.97
693 121091.13
694 120831.01
695 120949.03
696 120972.87
697 120817.90
698 120964.05
699 121145.96
700 120830.06
701 120831.01
702 120862.01
703 120910.88
704 120950.94
705 120991.95
706 120889.90
707 120893.96
708 120761.16
709 120769.02
710 120995.04
711 121042.97
712 121044.87
713 121032.00
714 121050.12
715 121058.94
716 121035.10
717 121047.02
718 121078.01
719 121052.98
720 121047.02
721 121045.83
722 120934.96
723 120946.88
724 121009.83
725 121032.00
726 120982.89
727 121062.99
728 121073.01
729 120977.16
730 121062.04
731 121054.89
732 121059.18
733 121053.22
734 121048.93
735 121054.89
736 121046.07
737 121042.01
738 121038.91
739 121037.01
740 121056.08
741 121057.99
742 121033.91
743 121047.97
744 121037.96
745 121041.06
746 121036.05
747 121047.02
748 121067.05
749 120980.98
750 121025.09
751 121079.92
752 121023.89
753 121057.03
754 121061.09
755 121050.12
756 121051.79
757 121047.97
758 121043.92
759 120997.91
760 121044.87
761 121030.09
762 121078.97
763 121037.01
764 121052.98
765 121066.09
766 121060.13
767 121060.13
768 121048.93
769 121063.95
770 121006.01
771 121052.98
772 121056.08
773 121051.07
774 121041.06
775 121076.82
776 121047.02
777 121115.21
778 121074.91
779 121062.04
780 121052.03
781 121048.93
782 121026.04
783 121021.03
784 121072.05
785 121069.91
786 121054.89
787 121057.03
788 121047.02
789 120987.89
790 121047.97
791 121056.08
792 121050.12
793 121045.83
794 121047.97
795 121038.91
796 121049.17
797 121047.02
798 121050.12
799 121072.05
