800
0 121175.05
1 121085.17
2 121044.16
3 121015.07
4 121062.04
5 121061.09
6 121052.98
7 121061.09
8 121050.12
9 121096.85
10 121047.02
11 121018.89
12 121046.07
13 120971.92
14 121059.89
15 120985.03
16 121058.94
17 121032.95
18 120954.99
19 120999.81
20 121043.92
21 121081.11
22 121048.93
23 121041.06
24 121045.83
25 121044.87
26 121049.17
27 121044.16
28 121044.16
29 121062.04
30 121056.08
31 121076.82
32 121048.93
33 121072.05
34 121067.05
35 121038.20
36 121018.89
37 121031.05
38 121062.04
39 121064.19
40 121057.03
41 121057.03
42 121029.14
43 121047.02
44 121040.82
45 121054.17
46 121052.03
47 121037.96
48 121072.05
49 121057.03
50 121063.95
51 121056.08
52 121057.03
53 120985.03
54 121057.03
55 121010.07
56 121019.12
57 121030.09
58 121077.06
59 121032.95
60 121070.86
61 121042.01
62 121032.00
63 121045.11
64 121044.16
65 121046.07
66 121023.89
67 121041.06
68 121030.09
69 121035.10
70 121068.95
71 121062.04
72 121073.01
73 120985.98
74 121066.81
75 121060.85
76 121017.93
77 121057.99
78 121071.10
79 121032.95
80 121068.95
81 121037.96
82 121081.11
83 121057.99
84 121072.05
85 121064.19
86 121069.19
87 121065.14
88 121061.80
89 121056.08
90 121063.95
91 121057.99
92 121062.04
93 120993.85
94 120980.98
95 120983.12
96 121002.91
97 120890.14
98 121026.04
99 121180.06
100 120941.88
101 121135.00
102 122076.99
103 121033.91
104 121524.10
105 120960.95
106 121613.98
107 121884.11
108 123963.83
109 122323.04
110 121585.13
111 123697.04
112 121106.15
113 122080.09
114 125029.09
115 124214.17
116 123996.02
117 122689.96
118 123792.89
119 124814.03
120 125058.89
121 125382.90
122 123947.86
123 125612.97
124 125416.04
125 125156.16
126 124143.84
127 125594.14
128 123940.94
129 123857.98
130 124483.11
131 123933.08
132 124696.97
133 125059.84
134 126016.86
135 124102.83
136 125667.10
137 124796.87
138 124636.89
139 124641.18
140 123443.13
141 125203.13
142 124377.97
143 124838.83
144 124001.03
145 125635.15
146 124947.07
147 124941.11
148 123933.08
149 124710.80
150 124542.00
151 123750.21
152 123481.99
153 124299.05
154 125772.95
155 123272.90
156 123959.06
157 124071.12
158 123929.98
159 123888.97
160 125558.85
161 124722.96
162 124756.81
163 123630.05
164 124288.08
165 125815.15
166 124068.02
167 123230.93
168 125421.05
169 125142.10
170 124064.92
171 125011.92
172 124886.04
173 124693.16
174 123755.93
175 124870.06
176 123754.02
177 123742.10
178 123654.13
179 123395.92
180 124067.07
181 124091.15
182 123169.18
183 123878.00
184 123844.15
185 125365.97
186 124495.98
187 123913.05
188 124555.11
189 124631.88
190 125222.92
191 124394.89
192 123420.00
193 124284.98
194 122889.04
195 125011.92
196 124108.79
197 123429.06
198 123404.98
199 125339.03
200 124304.06
201 123499.87
202 124537.94
203 125287.06
204 126227.86
205 122900.96
206 123332.02
207 124202.97
208 124064.21
209 124839.07
210 124665.02
211 123672.96
212 124325.04
213 125241.99
214 123888.02
215 123036.15
216 125315.90
217 123730.18
218 125784.16
219 123258.83
220 124887.94
221 124994.99
222 124166.97
223 124711.04
224 123943.09
225 123089.79
226 123906.85
227 123296.98
228 124474.05
229 124110.94
230 124758.96
231 122973.92
232 123891.83
233 124629.97
234 124271.15
235 123462.92
236 124071.84
237 125679.97
238 123062.85
239 122898.10
240 124367.95
241 123497.96
242 123878.00
243 125231.03
244 124491.93
245 123635.05
246 123568.06
247 124217.99
248 123311.04
249 123967.89
250 124108.08
251 124821.90
252 123231.89
253 124539.14
254 122826.10
255 124321.94
256 123015.17
257 123414.04
258 123357.06
259 124042.03
260 123248.10
261 125111.10
262 125377.89
263 125007.15
264 123993.16
265 123912.10
266 124007.94
267 125478.03
268 124167.92
269 125059.84
270 124732.97
271 122999.19
272 125209.09
273 125221.01
274 124346.97
275 123387.10
276 123080.02
277 123255.97
278 124026.06
279 123911.86
280 123112.92
281 123828.17
282 125495.20
283 123049.97
284 123903.99
285 123265.98
286 123229.98
287 123929.98
288 124267.10
289 123615.98
290 124037.03
291 123883.96
292 123080.02
293 124572.04
294 126235.01
295 124303.10
296 124310.02
297 124250.17
298 125800.13
299 124421.83
300 123013.02
301 124543.19
302 122837.07
303 124207.02
304 126037.84
305 123296.98
306 124182.94
307 124240.88
308 123329.16
309 123314.86
310 123255.01
311 125191.93
312 123605.01
313 123498.92
314 124185.80
315 123355.87
316 125741.00
317 123193.03
318 124005.08
319 123414.99
320 123575.93
321 123777.87
322 123623.85
323 124428.99
324 124279.02
325 123934.03
326 123705.15
327 126130.10
328 123368.98
329 124202.97
330 124227.05
331 123381.14
332 124309.06
333 123360.87
334 123874.19
335 123613.83
336 124536.99
337 123783.11
338 123226.88
339 125468.02
340 123034.95
341 123625.04
342 123926.88
343 123065.95
344 122817.04
345 123497.01
346 124201.06
347 123229.98
348 125707.15
349 122704.98
350 123574.97
351 124297.14
352 124043.94
353 123219.97
354 124686.96
355 123831.99
356 124662.16
357 124351.98
358 123579.98
359 123409.03
360 123320.10
361 122587.92
362 122792.01
363 123667.00
364 123427.87
365 123023.99
366 122879.98
367 122787.00
368 123122.22
369 123909.00
370 122781.99
371 123459.10
372 122890.00
373 123665.09
374 122919.08
375 123156.07
376 123425.01
377 123031.85
378 123675.11
379 123171.09
380 123105.05
381 123455.05
382 123440.98
383 123538.97
384 123652.94
385 123341.08
386 123487.00
387 123204.95
388 123606.92
389 123396.16
390 123023.03
391 123461.96
392 120882.99
393 121021.03
394 120960.95
395 121138.10
396 120813.85
397 120850.09
398 120895.86
399 120947.12
400 120771.17
401 120940.92
402 120827.91
403 120785.95
404 121023.89
405 120969.06
406 120857.00
407 120730.88
408 121371.03
409 121042.97
410 121147.87
411 120763.06
412 121188.16
413 120970.01
414 121138.10
415 121178.87
416 120750.19
417 120764.02
418 120909.93
419 120837.93
420 120846.03
421 120968.10
422 120934.01
423 120988.85
424 120883.94
425 121016.98
426 121193.89
427 120856.05
428 121027.95
429 121062.04
430 120992.18
431 120895.15
432 121073.01
433 120890.86
434 120790.00
435 121114.97
436 121120.93
437 120855.09
438 120843.17
439 120937.82
440 120878.93
441 121037.01
442 120928.05
443 121047.02
444 120975.02
445 121033.19
446 120827.91
447 120893.00
448 120881.08
449 121011.02
450 121049.17
451 121232.99
452 121047.97
453 121073.96
454 120790.00
455 120951.18
456 121099.00
457 121243.00
458 121145.01
459 121086.12
460 121030.81
461 121001.01
462 120945.93
463 121001.96
464 120832.92
465 121113.06
466 121021.03
467 121006.97
468 120944.98
469 121212.01
470 121089.94
471 120791.91
472 121008.87
473 121109.01
474 120855.09
475 120946.88
476 121104.96
477 121132.14
478 121119.98
479 120852.95
480 121070.15
481 120708.94
482 121210.10
483 121007.92
484 120989.08
485 121109.01
486 120937.82
487 120958.09
488 120819.09
489 121278.05
490 121130.94
491 120991.23
492 121076.11
493 120795.01
494 120915.89
495 120812.89
496 121079.92
497 121025.09
498 120937.82
499 120870.11
500 121370.79
501 120810.03
502 120837.93
503 121181.96
504 120977.16
505 120805.03
506 120980.02
507 121076.82
508 121185.06
509 120815.99
510 120815.04
511 120956.18
512 120851.99
513 121201.04
514 121006.97
515 120959.04
516 120830.06
517 120938.78
518 120819.09
519 121073.01
520 121072.05
521 120985.03
522 120990.04
523 121134.04
524 120762.11
525 121191.98
526 120862.01
527 121123.08
528 121041.06
529 120857.95
530 121226.07
531 121499.06
532 120765.92
533 120850.09
534 120766.88
535 120975.02
536 121232.03
537 121005.06
538 121015.07
539 121009.83
540 121173.14
541 120781.90
542 120943.07
543 120814.80
544 121176.00
545 121064.90
546 120867.01
547 121037.96
548 120868.92
549 121114.97
550 120987.89
551 121174.10
552 120893.00
553 121125.94
554 120826.96
555 121063.95
556 121035.10
557 121216.06
558 120948.08
559 121007.92
560 121196.99
561 121181.96
562 120710.85
563 120990.99
564 120774.03
565 121073.01
566 121006.97
567 120840.07
568 121152.88
569 121067.05
570 121084.93
571 121262.07
572 120835.07
573 120796.92
574 120827.91
575 121192.93
576 120978.12
577 120999.10
578 120930.91
579 121082.07
580 121346.95
581 120900.87
582 121073.96
583 120965.00
584 121088.03
585 120835.78
586 120795.01
587 120866.06
588 120732.07
589 120983.12
590 120980.02
591 120821.00
592 121141.20
593 121115.92
594 120931.15
595 121178.87
596 120849.13
597 120960.00
598 120795.01
599 121058.94
600 120970.96
601 121145.96
602 120890.14
603 121365.79
604 120804.07
605 121037.01
606 121093.99
607 120985.03
608 120774.98
609 121073.96
610 121016.98
611 121246.10
612 120995.04
613 120975.02
614 121077.06
615 121026.99
616 121084.93
617 121184.11
618 121020.08
619 120723.01
620 120969.06
621 120825.05
622 120930.91
623 121056.08
624 120979.07
625 120973.11
626 121257.07
627 120865.11
628 120934.96
629 120656.97
630 120848.89
631 120962.14
632 121058.94
633 120984.08
634 120846.03
635 121293.07
636 120960.00
637 120952.13
638 120928.05
639 120839.12
640 120909.93
641 120879.89
642 121031.05
643 120878.93
644 120899.92
645 120857.95
646 121294.02
647 120739.94
648 120791.20
649 120743.99
650 120996.95
651 120874.17
652 120987.18
653 120876.07
654 121054.89
655 121212.96
656 120965.00
657 120975.02
658 120960.00
659 121399.88
660 120842.93
661 121227.03
662 121013.16
663 121008.87
664 120970.01
665 121061.09
666 120963.10
667 120891.81
668 121279.95
669 120980.02
670 120810.03
671 120943.07
672 121124.98
673 121149.06
674 121100.19
675 120779.04
676 120911.84
677 120938.06
678 120990.04
679 120993.14
680 121025.80
681 120971.92
682 121056.08
683 120844.13
684 120972.16
685 120942.12
686 120810.03
687 120803.12
688 121112.11
689 120872.97
690 121065.14
691 120810.99
692 121024.85
693 121125.94
694 120899.92
695 120916.84
696 120887.04
697 120810.99
698 120905.16
699 121093.03
700 121011.02
701 120768.07
702 120848.89
703 120875.84
704 121340.99
705 121283.05
706 121036.05
707 120939.97
708 120898.96
709 121120.93
710 121139.05
711 121143.10
712 121131.90
713 121127.84
714 121132.85
715 121129.99
716 121088.98
717 121146.92
718 121139.05
719 121111.15
720 121136.19
721 121124.98
722 121135.95
723 121125.94
724 121135.00
725 121128.08
726 121135.00
727 121051.79
728 121138.81
729 121120.21
730 121132.85
731 121129.04
732 121133.09
733 121124.98
734 121137.14
735 121124.98
736 121080.16
737 121123.08
738 121143.10
739 121143.10
740 121066.09
741 121080.88
742 121134.04
743 121123.08
744 121093.99
745 121114.02
746 121099.00
747 121129.99
748 121140.96
749 121130.94
750 121138.10
751 121133.09
752 121134.04
753 121056.08
754 121131.90
755 121142.86
756 121091.84
757 121135.95
758 121133.09
759 121136.19
760 121130.94
761 121136.90
762 121143.82
763 121137.14
764 121141.20
765 121132.14
766 121135.00
767 121073.96
768 121129.99
769 121129.99
770 121125.94
771 121129.04
772 121119.98
773 121145.96
774 121124.03
775 121141.91
776 121098.04
777 121118.07
778 121105.19
779 121155.02
780 121106.15
781 121076.82
782 121140.00
783 121137.14
784 121139.05
785 121129.99
786 121140.96
787 121063.95
788 121140.96
789 121140.96
790 121142.15
791 121137.86
792 121135.00
793 121136.90
794 121129.99
795 121135.23
796 121132.14
797 121140.96
798 121104.96
799 121123.08
