800
0 121151.21
1 120979.07
2 120884.18
3 120913.03
4 120965.00
5 120955.94
6 120965.96
7 120958.09
8 120954.04
9 120972.87
10 120958.81
11 120936.87
12 120953.08
13 120954.04
14 120956.90
15 120830.06
16 120954.99
17 120942.12
18 120939.97
19 120923.04
20 120937.11
21 120843.17
22 120984.08
23 120960.00
24 120889.90
25 120955.94
26 120950.94
27 120955.94
28 120957.14
29 120957.14
30 120965.96
31 120950.94
32 120976.92
33 120965.96
34 120950.94
35 120950.94
36 120934.01
37 120929.00
38 120951.18
39 120924.95
40 120949.03
41 120947.12
42 120950.22
43 120945.22
44 120970.96
45 120946.88
46 120929.00
47 120969.06
48 120964.05
49 120969.06
50 120867.97
51 120866.06
52 120953.08
53 120967.86
54 120955.94
55 120917.08
56 120952.13
57 120968.82
58 120950.94
59 120919.94
60 120951.18
61 120828.87
62 120956.90
63 120970.01
64 120949.03
65 120970.01
66 120950.94
67 120980.02
68 120949.03
69 120965.96
70 120873.93
71 120967.15
72 120975.97
73 120881.08
74 120907.07
75 120887.99
76 120967.86
77 120968.10
78 120970.01
79 120957.14
80 120951.89
81 120959.04
82 120953.08
83 120958.09
84 120960.00
85 120961.90
86 120956.90
87 120960.00
88 120957.85
89 120986.94
90 120958.09
91 120946.17
92 120959.04
93 120949.03
94 120946.17
95 120872.97
96 120999.81
97 120898.96
98 120973.83
99 121041.06
100 120919.94
101 120859.86
102 120887.99
103 121110.92
104 121017.22
105 120985.98
106 121144.06
107 121958.02
108 121998.07
109 123622.18
110 121133.09
111 122112.04
112 122287.99
113 121871.95
114 123102.90
115 122988.94
116 123090.98
117 122617.96
118 124222.99
119 124246.12
120 123348.00
121 122529.98
122 124786.14
123 123553.99
124 122870.92
125 123440.03
126 124093.06
127 124765.16
128 126564.03
129 125463.96
130 124418.97
131 126032.11
132 125365.02
133 124315.02
134 124384.16
135 123400.93
136 122632.98
137 123296.98
138 123331.07
139 123378.99
140 123461.01
141 123534.92
142 124515.06
143 122979.16
144 123798.13
145 122812.03
146 122788.19
147 123661.99
148 125386.95
149 122776.99
150 122619.87
151 123838.90
152 124849.08
153 123857.02
154 123792.89
155 123259.07
156 123374.94
157 122295.14
158 123816.01
159 123600.96
160 122301.82
161 122767.93
162 123079.06
163 123743.06
164 122958.90
165 123594.05
166 121883.15
167 122844.93
168 123019.93
169 122906.92
170 122884.99
171 123903.99
172 123543.98
173 123868.94
174 123203.99
175 122828.01
176 122976.06
177 123888.97
178 124315.98
179 122569.08
180 123306.99
181 123147.96
182 123731.85
183 122564.08
184 123584.03
185 122515.92
186 122714.04
187 122514.96
188 123021.13
189 123084.07
190 122425.08
191 123072.86
192 124089.96
193 123127.94
194 123361.11
195 123277.90
196 123815.06
197 124462.84
198 123512.03
199 124017.00
200 123286.01
201 123362.06
202 122596.03
203 123497.96
204 123971.94
205 123123.88
206 124643.80
207 123749.97
208 122181.18
209 122252.94
210 123020.89
211 123970.03
212 122220.99
213 124073.03
214 123859.88
215 123943.09
216 123268.84
217 122231.01
218 123301.03
219 122493.03
220 122628.93
221 123209.00
222 122504.95
223 122634.17
224 124140.98
225 122929.10
226 122634.89
227 123655.08
228 123483.90
229 124224.90
230 123372.08
231 123167.04
232 123297.93
233 122869.97
234 123538.97
235 123260.97
236 123226.88
237 122445.11
238 123291.02
239 126080.99
240 122802.97
241 124203.92
242 122963.91
243 122594.12
244 122650.15
245 123348.95
246 122699.98
247 122889.04
248 122989.18
249 122300.15
250 122251.99
251 123430.97
252 123007.77
253 124681.95
254 122808.93
255 122751.00
256 123507.98
257 123332.98
258 123381.85
259 123331.07
260 123633.86
261 122594.12
262 123283.86
263 123605.97
264 123742.10
265 123848.20
266 122691.15
267 122212.17
268 122509.96
269 123004.91
270 123716.12
271 122879.03
272 123255.01
273 123632.91
274 123023.03
275 123060.94
276 122624.16
277 122673.03
278 122746.94
279 123563.05
280 122592.93
281 123209.95
282 123348.00
283 125894.07
284 122882.13
285 123829.13
286 121934.18
287 122771.98
288 122905.02
289 122919.08
290 123182.06
291 123937.85
292 123462.92
293 122687.10
294 122766.97
295 123799.80
296 124578.00
297 122035.98
298 124402.05
299 122710.94
300 124288.08
301 122781.99
302 122706.89
303 124265.19
304 122861.86
305 123274.09
306 123495.10
307 122424.13
308 124173.88
309 122554.06
310 122627.97
311 123256.92
312 123492.00
313 124335.05
314 123570.92
315 123445.03
316 123342.04
317 122498.04
318 122580.05
319 123607.87
320 122999.91
321 124006.99
322 123104.81
323 123157.02
324 123951.91
325 121826.89
326 124689.10
327 122110.84
328 123926.16
329 122987.03
330 123721.12
331 123139.14
332 123867.99
333 122083.90
334 123082.88
335 123119.83
336 122843.03
337 123862.03
338 124482.15
339 123635.05
340 122159.96
341 122278.93
342 123020.17
343 122210.98
344 123345.14
345 123549.94
346 123378.99
347 124292.85
348 122593.88
349 123213.05
350 123786.93
351 123023.03
352 123694.90
353 123743.06
354 122521.88
355 123242.86
356 123409.03
357 124166.01
358 124179.84
359 122490.17
360 122347.12
361 124192.00
362 122435.81
363 122551.92
364 122190.00
365 122100.11
366 122241.02
367 122892.14
368 122495.89
369 122767.93
370 122026.92
371 122017.15
372 122220.99
373 122956.04
374 123567.82
375 122581.01
376 122006.18
377 121486.90
378 122365.00
379 122381.93
380 122782.95
381 122167.11
382 122227.19
383 122277.02
384 122213.13
385 122261.05
386 122514.01
387 122305.15
388 122267.01
389 122521.88
390 122436.05
391 122421.98
392 122061.01
393 121838.09
394 121112.11
395 121014.12
396 120916.13
397 121019.84
398 121030.81
399 121137.14
400 120801.93
401 121227.98
402 121004.10
403 120886.09
404 120913.03
405 120903.02
406 120960.00
407 120842.93
408 121044.16
409 121149.06
410 120713.95
411 120800.97
412 121286.87
413 120857.95
414 120826.96
415 120810.99
416 120928.05
417 120865.11
418 120917.08
419 120779.04
420 120991.95
421 121127.84
422 120954.99
423 120815.04
424 120942.12
425 120965.00
426 121001.96
427 120906.11
428 121200.08
429 120941.16
430 120856.05
431 120886.09
432 120808.12
433 120836.02
434 121001.01
435 120922.09
436 121002.20
437 120817.90
438 121060.85
439 121034.86
440 120879.89
441 120842.93
442 120860.10
443 120853.90
444 120983.12
445 120944.02
446 121202.95
447 120857.95
448 121034.15
449 121138.10
450 121079.92
451 120877.03
452 121224.16
453 121167.90
454 120895.86
455 120905.16
456 121219.87
457 121008.87
458 121010.78
459 120917.80
460 121171.00
461 121085.88
462 121147.87
463 120921.85
464 120757.10
465 121150.02
466 120862.96
467 120932.10
468 120831.97
469 120963.10
470 120892.05
471 120925.19
472 121242.05
473 120922.80
474 121133.80
475 120954.99
476 120949.03
477 120872.97
478 120841.03
479 120892.05
480 120803.83
481 120864.15
482 121119.02
483 120993.85
484 120822.19
485 120790.96
486 120815.04
487 120970.01
488 120831.97
489 120751.86
490 120832.92
491 120704.89
492 120994.09
493 121020.08
494 120923.04
495 120951.89
496 120905.16
497 120948.08
498 120775.94
499 120833.87
500 121037.96
501 120991.95
502 121129.99
503 121040.82
504 121201.04
505 121109.01
506 121032.95
507 120965.96
508 120842.93
509 120897.05
510 120995.04
511 121072.05
512 120982.17
513 121003.87
514 121169.81
515 121150.97
516 120769.98
517 121053.93
518 120715.86
519 120987.89
520 120875.12
521 121074.91
522 120783.09
523 121100.19
524 121324.06
525 120754.00
526 120737.08
527 121103.05
528 120872.97
529 120893.00
530 120828.15
531 121261.84
532 120920.18
533 121165.04
534 120789.05
535 121036.05
536 120987.89
537 121109.96
538 120816.95
539 121212.01
540 120963.10
541 120914.22
542 120924.00
543 120840.07
544 120842.93
545 121033.91
546 120981.93
547 120936.16
548 120889.90
549 120952.13
550 121050.83
551 120826.96
552 120905.88
553 120999.10
554 121036.05
555 121068.95
556 121068.95
557 121097.09
558 120932.10
559 121259.93
560 121166.23
561 120983.12
562 121026.99
563 120831.01
564 120922.09
565 121263.03
566 120782.85
567 120858.19
568 121124.98
569 121167.18
570 120792.15
571 120923.04
572 121018.89
573 120778.08
574 121289.01
575 120935.92
576 121018.17
577 120918.99
578 120935.92
579 120915.17
580 121016.03
581 120981.93
582 120940.92
583 120790.00
584 120893.96
585 120887.99
586 120993.85
587 120852.95
588 121082.78
589 120825.05
590 121046.07
591 120983.12
592 121118.07
593 120791.91
594 120774.98
595 120879.89
596 120899.20
597 121008.16
598 120818.14
599 120941.16
600 120841.03
601 121025.09
602 121160.98
603 120890.86
604 120953.08
605 120982.17
606 121111.87
607 120922.80
608 120764.02
609 120922.09
610 121195.08
611 120827.20
612 120918.04
613 120851.04
614 120905.88
615 120875.12
616 120973.11
617 120754.00
618 120950.94
619 120909.93
620 120772.84
621 120723.96
622 120872.02
623 120980.02
624 120856.05
625 120993.14
626 120953.08
627 120937.11
628 120803.12
629 120983.12
630 120843.89
631 121073.96
632 121260.88
633 120931.15
634 120865.11
635 120882.03
636 120944.98
637 120931.86
638 120873.21
639 121066.09
640 120924.00
641 120739.94
642 120848.89
643 120954.99
644 120963.10
645 120948.08
646 120781.90
647 120867.01
648 121016.03
649 121093.03
650 120934.96
651 120748.04
652 121013.16
653 120902.06
654 120833.87
655 121038.20
656 120826.01
657 120889.90
658 120926.86
659 121157.88
660 120897.05
661 121157.88
662 121133.09
663 120869.16
664 121001.96
665 120728.97
666 120920.90
667 120862.01
668 121057.03
669 121207.95
670 121012.93
671 120910.17
672 120911.12
673 121165.99
674 121155.98
675 120764.02
676 121011.02
677 120935.92
678 121067.05
679 121034.86
680 121012.93
681 120866.06
682 121012.21
683 120952.13
684 120993.85
685 120924.95
686 120949.03
687 121087.07
688 121083.97
689 120669.13
690 120966.20
691 120667.93
692 120785.00
693 121045.11
694 121021.99
695 121000.05
696 121162.89
697 121106.86
698 121028.90
699 121077.06
700 120978.83
701 121135.23
702 121374.13
703 120790.96
704 121025.09
705 120854.85
706 120925.19
707 121021.99
708 121029.14
709 120853.90
710 120713.00
711 121304.04
712 120889.90
713 120877.03
714 121146.92
715 121132.85
716 121101.86
717 121099.00
718 121093.03
719 121109.01
720 121155.02
721 121140.00
722 121094.94
723 121135.00
724 121117.12
725 121152.88
726 121217.97
727 121139.05
728 121129.99
729 121056.08
730 121124.98
731 121147.16
732 121122.12
733 121114.97
734 121134.04
735 121119.02
736 121097.09
737 121124.03
738 121144.06
739 121129.99
740 121140.96
741 121132.85
742 121157.17
743 121132.85
744 121068.00
745 121035.10
746 121124.03
747 121116.88
748 121133.80
749 121116.16
750 121141.91
751 121117.12
752 121135.00
753 121133.80
754 121112.11
755 121136.90
756 121070.15
757 121144.06
758 121129.04
759 121117.12
760 121134.04
761 121125.94
762 121136.90
763 121031.05
764 121139.05
765 121145.01
766 121131.90
767 121084.93
768 121091.84
769 121056.08
770 121122.12
771 121146.20
772 121130.94
773 121075.87
774 121131.90
775 121147.16
776 121107.10
777 121129.99
778 121121.88
779 121114.97
780 121125.94
781 121119.02
782 121131.90
783 121118.07
784 121027.95
785 121126.89
786 121114.97
787 121130.94
788 121162.89
789 121131.90
790 121092.08
791 121135.95
792 121133.80
793 121135.95
794 121140.96
795 121104.96
796 121099.00
797 121127.84
798 121145.01
799 121122.12
