900
0 121070.15
1 120941.88
2 120930.91
3 120924.00
4 120927.81
5 120910.88
6 120964.05
7 120958.09
8 120960.95
9 120955.23
10 120947.84
11 120960.95
12 120941.88
13 120939.97
14 120939.97
15 120959.04
16 120951.89
17 120976.92
18 120942.12
19 120954.04
20 120887.04
21 120954.04
22 120940.92
23 120957.14
24 120922.80
25 120912.08
26 120950.94
27 120949.98
28 120960.00
29 120957.14
30 120965.00
31 120962.86
32 120944.02
33 120949.98
34 120956.18
35 120958.09
36 120956.90
37 120954.99
38 120953.08
39 120963.10
40 120887.99
41 120965.00
42 120959.04
43 120918.04
44 120968.10
45 120962.86
46 120965.00
47 120966.91
48 120964.05
49 120961.90
50 120886.09
51 120968.10
52 120961.19
53 120965.00
54 120958.09
55 120961.90
56 120968.10
57 120956.90
58 120990.04
59 120949.98
60 120880.13
61 120848.18
62 120961.90
63 120887.04
64 120954.99
65 120887.99
66 120950.94
67 120961.90
68 120956.90
69 120959.04
70 120955.94
71 120962.14
72 120960.00
73 120954.04
74 120954.04
75 120862.96
76 120945.93
77 120944.02
78 120964.05
79 120947.12
80 120890.86
81 120942.12
82 120966.91
83 120944.98
84 120939.02
85 120946.17
86 120968.82
87 120944.02
88 120951.89
89 120951.89
90 120954.99
91 120934.96
92 120942.83
93 120846.99
94 121047.97
95 120913.98
96 120953.08
97 120947.12
98 120837.93
99 121014.12
100 120918.99
101 120969.06
102 120986.94
103 120951.89
104 121093.03
105 121671.92
106 121032.00
107 121259.93
108 120909.93
109 121078.01
110 121263.03
111 121075.87
112 121002.91
113 121083.02
114 121072.05
115 121212.01
116 120997.91
117 120916.13
118 121158.84
119 121037.96
120 120810.03
121 121046.07
122 120874.88
123 121052.98
124 120917.80
125 121202.95
126 121026.04
127 120976.92
128 121108.06
129 121141.91
130 121087.07
131 121099.00
132 121392.01
133 120929.96
134 121546.03
135 121104.00
136 121018.89
137 121104.00
138 120868.92
139 121397.97
140 121106.15
141 120946.17
142 120922.80
143 121079.92
144 121279.00
145 121005.06
146 120696.07
147 120925.19
148 121073.96
149 121587.04
150 121226.07
151 121119.02
152 121070.86
153 120963.10
154 120997.19
155 121048.93
156 121282.10
157 120998.14
158 121090.89
159 121652.84
160 121254.21
161 120962.86
162 121024.13
163 121273.04
164 121006.97
165 121025.09
166 120990.04
167 121374.85
168 121124.98
169 121104.00
170 121101.86
171 121288.78
172 121811.15
173 121068.00
174 121083.02
175 121422.05
176 120924.95
177 121346.95
178 121249.91
179 121038.91
180 120960.00
181 121583.94
182 121257.07
183 121858.12
184 121307.13
185 121114.97
186 122011.90
187 121008.87
188 121112.11
189 121072.77
190 120905.88
191 121073.01
192 121454.95
193 121676.92
194 121059.89
195 121113.06
196 120981.93
197 121146.92
198 121062.04
199 121112.11
200 121719.12
201 122229.10
202 121696.00
203 120911.12
204 120867.01
205 121586.08
206 121548.89
207 121448.99
208 120977.88
209 120961.90
210 121948.00
211 121107.10
212 120929.00
213 120882.99
214 120975.97
215 121590.85
216 121413.95
217 121311.90
218 121340.99
219 122272.97
220 120811.94
221 122011.90
222 121003.87
223 121114.97
224 121032.00
225 121729.85
226 121554.85
227 121418.95
228 121076.82
229 121639.97
230 121095.90
231 120929.00
232 121083.02
233 121261.12
234 121097.80
235 121026.04
236 121307.85
237 121943.95
238 121117.12
239 120918.99
240 120867.01
241 121751.07
242 120790.96
243 120929.96
244 120783.09
245 120938.06
246 121675.97
247 120867.97
248 122215.03
249 120985.03
250 122020.01
251 120981.93
252 121333.84
253 121065.14
254 120914.94
255 120770.93
256 121801.14
257 120693.92
258 121438.98
259 121513.84
260 121284.01
261 121637.11
262 120924.95
263 121545.08
264 121575.12
265 121138.10
266 121230.84
267 121182.92
268 120754.00
269 121157.88
270 122015.00
271 121541.02
272 121126.89
273 120834.11
274 121041.06
275 121937.04
276 121565.82
277 121861.93
278 121726.99
279 121187.93
280 121099.95
281 121404.89
282 121042.97
283 121905.09
284 121236.09
285 121470.21
286 121114.97
287 121290.92
288 121340.99
289 120928.05
290 121032.95
291 121418.95
292 120921.85
293 121115.92
294 121120.93
295 122237.92
296 121564.87
297 121336.94
298 121111.15
299 121500.97
300 121970.18
301 121022.94
302 121478.08
303 121600.87
304 120874.17
305 121188.88
306 121244.91
307 121140.00
308 120814.09
309 121518.14
310 120805.98
311 121492.15
312 120887.04
313 121464.01
314 121468.07
315 121351.96
316 121356.01
317 121335.98
318 121194.12
319 121359.11
320 122673.99
321 120836.97
322 120738.98
323 122060.06
324 121043.21
325 120842.93
326 120790.96
327 121594.19
328 121881.01
329 120916.13
330 121131.90
331 121690.99
332 120956.18
333 120867.01
334 121484.99
335 121500.02
336 121509.08
337 121052.03
338 121696.00
339 121788.02
340 122195.96
341 120988.85
342 120932.10
343 120874.17
344 121388.91
345 120867.97
346 121176.00
347 121222.02
348 121011.97
349 120893.00
350 121222.97
351 121063.95
352 121387.96
353 121043.92
354 120918.04
355 121907.95
356 120708.94
357 120798.11
358 120833.16
359 120981.93
360 120817.18
361 121044.16
362 121145.01
363 121258.02
364 120898.96
365 120947.12
366 121072.05
367 120946.88
368 120812.89
369 121069.91
370 120975.02
371 120944.02
372 121254.92
373 120857.95
374 121079.21
375 120926.86
376 120790.96
377 120787.86
378 120831.97
379 121087.79
380 121340.99
381 120714.90
382 121083.02
383 120790.00
384 120965.96
385 120737.08
386 120817.90
387 120928.05
388 120864.87
389 120772.84
390 120768.07
391 120856.05
392 120924.95
393 120965.00
394 120728.97
395 120997.91
396 120954.04
397 120909.93
398 120831.01
399 121205.09
400 120979.07
401 120821.00
402 120933.06
403 121239.90
404 120845.08
405 121041.06
406 121250.87
407 121142.86
408 120652.91
409 120793.10
410 120962.14
411 120959.04
412 121018.17
413 121329.07
414 121086.84
415 120776.18
416 120785.00
417 120788.81
418 120809.08
419 120962.86
420 121197.94
421 120908.98
422 120879.17
423 121079.92
424 121165.04
425 120669.84
426 120933.06
427 120748.04
428 121433.02
429 120727.06
430 121618.99
431 120797.16
432 121392.01
433 121305.94
434 120753.05
435 121469.97
436 121237.04
437 120592.83
438 120940.92
439 121032.00
440 121297.84
441 121515.99
442 121255.16
443 121477.13
444 120785.95
445 120795.97
446 120949.98
447 120877.98
448 120929.96
449 121138.10
450 120981.93
451 121099.95
452 120896.10
453 120719.19
454 120872.97
455 121066.09
456 121289.97
457 121423.01
458 121370.08
459 121286.87
460 121629.95
461 121268.03
462 120745.18
463 121005.06
464 121014.12
465 121033.91
466 120747.09
467 120929.96
468 120944.02
469 121412.04
470 121160.98
471 121526.00
472 120756.86
473 121212.96
474 120723.01
475 120817.18
476 120800.02
477 120996.00
478 121164.08
479 120924.00
480 121309.04
481 120919.94
482 121218.92
483 120725.87
484 121237.04
485 121312.14
486 121187.93
487 121270.90
488 121391.06
489 121397.97
490 120657.92
491 120719.91
492 120743.04
493 121306.18
494 120948.08
495 120908.02
496 121040.11
497 120700.12
498 121247.77
499 121464.97
500 120907.07
501 120731.12
502 120906.83
503 121293.07
504 120620.01
505 121160.03
506 121315.96
507 120676.04
508 120958.09
509 120991.95
510 121231.08
511 121325.97
512 121067.05
513 120695.11
514 120876.07
515 121366.98
516 121234.89
517 121408.94
518 121649.03
519 120823.86
520 121059.89
521 121329.07
522 121507.88
523 121419.91
524 121294.02
525 121124.03
526 121290.92
527 121679.07
528 120930.91
529 120908.02
530 121265.89
531 121409.89
532 121400.12
533 121145.96
534 121238.95
535 120784.04
536 121338.84
537 121121.88
538 121324.06
539 121400.12
540 121684.07
541 121194.12
542 121115.92
543 120880.13
544 120847.94
545 121109.01
546 121486.90
547 121192.22
548 120787.14
549 121377.94
550 121282.10
551 121203.18
552 121545.08
553 121151.92
554 120725.87
555 121483.09
556 121668.82
557 121489.05
558 121389.15
559 120999.81
560 121043.92
561 121152.88
562 121447.09
563 121119.02
564 121502.88
565 121615.89
566 121423.96
567 120856.05
568 121205.09
569 121394.87
570 121346.00
571 121117.12
572 120973.11
573 121198.18
574 121407.03
575 121469.97
576 121500.02
577 121009.11
578 121048.93
579 121784.21
580 120861.05
581 121504.07
582 120807.89
583 121452.09
584 121454.00
585 121088.03
586 121281.15
587 121493.10
588 120912.08
589 121105.91
590 121030.09
591 121664.05
592 121552.94
593 120965.96
594 121366.98
595 121665.95
596 121423.01
597 121478.08
598 121124.03
599 121648.07
600 120821.00
601 121288.06
602 121281.86
603 121526.96
604 121180.06
605 121191.02
606 121011.02
607 121366.02
608 121397.02
609 121696.95
610 121334.08
611 121227.03
612 121167.90
613 121331.93
614 121551.04
615 121290.92
616 121400.12
617 121343.14
618 121325.02
619 121075.87
620 120973.11
621 121031.05
622 120994.09
623 121192.93
624 120856.05
625 121469.97
626 121131.18
627 121341.94
628 121654.03
629 121540.07
630 121119.98
631 121197.94
632 121624.95
633 120965.00
634 121259.93
635 121486.90
636 121274.95
637 121237.99
638 120917.08
639 121064.90
640 121409.18
641 121512.17
642 121313.10
643 121689.08
644 121165.99
645 121330.98
646 121213.91
647 121480.94
648 121178.87
649 121290.92
650 121454.95
651 121186.97
652 121364.12
653 121426.11
654 121486.19
655 121273.99
656 121131.90
657 121535.06
658 121381.04
659 121171.00
660 120717.05
661 121172.19
662 121232.03
663 122104.88
664 121341.94
665 121117.83
666 120989.80
667 121361.02
668 121147.87
669 121906.04
670 121047.97
671 121150.02
672 121500.02
673 121201.99
674 121164.80
675 121263.03
676 121253.97
677 121176.96
678 121563.91
679 121720.79
680 121127.84
681 121572.02
682 121044.87
683 121032.95
684 121006.01
685 121530.06
686 120743.04
687 121165.99
688 120861.05
689 121519.80
690 121530.06
691 121412.99
692 121363.16
693 121428.97
694 121495.01
695 120949.03
696 121166.94
697 121292.83
698 121510.03
699 121442.08
700 121641.16
701 120691.06
702 121579.89
703 121264.93
704 121096.13
705 121169.81
706 121511.94
707 121355.06
708 121168.85
709 121202.95
710 120929.96
711 121718.17
712 121043.92
713 121256.11
714 120810.99
715 120955.94
716 121195.08
717 121411.80
718 120936.87
719 121253.97
720 121585.85
721 121264.93
722 121274.95
723 121040.82
724 121294.02
725 121078.01
726 121434.93
727 121553.18
728 121150.97
729 121310.00
730 121093.99
731 120600.94
732 120967.15
733 121397.02
734 120991.95
735 120727.06
736 121136.90
737 121112.11
738 121273.99
739 120945.93
740 121046.07
741 121354.10
742 121291.88
743 121875.05
744 121684.07
745 121170.04
746 121043.92
747 121413.95
748 121237.99
749 121631.15
750 121564.15
751 121502.16
752 121182.92
753 121428.97
754 121510.98
755 121344.09
756 121239.90
757 121747.02
758 121504.07
759 120994.09
760 121747.97
761 120944.98
762 120788.10
763 121847.15
764 121018.89
765 121201.99
766 121129.99
767 121201.04
768 120997.91
769 121036.05
770 120907.07
771 121257.78
772 121315.00
773 121114.97
774 121201.04
775 121201.99
776 121119.02
777 120850.09
778 121379.14
779 121108.06
780 121556.04
781 121296.88
782 120996.00
783 121717.93
784 121268.03
785 120894.91
786 121278.05
787 120913.03
788 120817.90
789 121156.93
790 120831.97
791 120853.90
792 120713.00
793 121356.96
794 120918.04
795 121354.10
796 120908.02
797 121066.09
798 121122.12
799 121592.04
800 121152.88
801 121549.84
802 121317.86
803 120799.06
804 121256.11
805 121276.14
806 121381.04
807 120882.99
808 120965.00
809 121307.13
810 121336.94
811 121442.08
812 121006.97
813 121412.04
814 120759.01
815 121229.17
816 121377.94
817 120777.85
818 121439.93
819 121579.17
820 121427.06
821 121429.92
822 120800.02
823 121160.03
824 120881.08
825 120615.01
826 120757.10
827 121436.83
828 120906.11
829 121120.93
830 121141.91
831 120919.94
832 120875.84
833 121477.13
834 121322.15
835 121330.02
836 120708.94
837 120978.83
838 120906.11
839 121258.02
840 121294.02
841 121405.12
842 121337.89
843 120846.99
844 121191.98
845 121107.10
846 120842.93
847 120968.10
848 120872.02
849 121016.98
850 120699.88
851 120965.96
852 120836.02
853 120849.85
854 120841.98
855 120851.99
856 120961.90
857 120804.07
858 120797.87
859 120771.88
860 121068.95
861 120962.86
862 120881.08
863 120967.86
864 121042.01
865 121057.03
866 121062.04
867 121038.91
868 121004.82
869 121050.12
870 121052.98
871 121032.00
872 120974.06
873 121050.12
874 121052.03
875 121031.05
876 121029.85
877 121032.95
878 121020.08
879 121056.08
880 120985.03
881 120944.98
882 121027.95
883 121062.99
884 121051.79
885 121011.97
886 121065.14
887 121040.11
888 121082.07
889 121048.93
890 121052.03
891 121068.00
892 121055.13
893 121034.86
894 121074.91
895 121053.22
896 121016.98
897 121057.99
898 121016.98
899 120996.00
