900
0 121166.94
1 121045.11
2 120994.09
3 121042.01
4 121026.99
5 121026.04
6 121033.19
7 121037.01
8 121042.97
9 121074.91
10 121042.97
11 121066.09
12 120983.84
13 121024.13
14 121041.06
15 121006.97
16 121046.07
17 121039.15
18 121074.91
19 121043.92
20 121048.93
21 121011.97
22 121002.91
23 121034.15
24 121040.11
25 121041.06
26 120992.18
27 120933.06
28 121078.01
29 121020.08
30 121040.82
31 121047.97
32 121045.11
33 121044.16
34 121029.85
35 121028.18
36 121027.95
37 121042.01
38 121032.00
39 121043.21
40 121015.07
41 121072.05
42 121023.89
43 121040.11
44 121044.87
45 120944.98
46 121044.16
47 121042.01
48 121042.01
49 121006.01
50 121021.99
51 121037.96
52 120972.87
53 121039.87
54 121076.11
55 121025.09
56 121033.91
57 121037.01
58 121024.85
59 121046.07
60 121045.11
61 120943.07
62 121016.98
63 121025.09
64 121025.09
65 121042.01
66 121034.86
67 120972.16
68 121032.95
69 121028.18
70 121026.99
71 121057.03
72 121026.99
73 121026.04
74 121044.16
75 121040.11
76 121059.18
77 121022.94
78 121027.95
79 121044.16
80 121036.05
81 121017.93
82 121041.06
83 121042.97
84 121042.97
85 121037.01
86 120960.00
87 121025.80
88 121004.10
89 121038.20
90 121044.87
91 121040.11
92 120984.08
93 120918.04
94 120968.10
95 120963.10
96 120811.22
97 120880.84
98 120911.12
99 120888.95
100 121248.96
101 120935.92
102 120938.06
103 122786.05
104 121037.96
105 120882.03
106 120970.01
107 121023.89
108 121332.88
109 120944.98
110 121068.00
111 120851.99
112 120881.08
113 121325.02
114 120913.98
115 121829.99
116 120977.88
117 121598.96
118 121699.09
119 121029.85
120 121167.90
121 120930.91
122 120877.98
123 121078.01
124 121574.16
125 120852.95
126 120864.15
127 121007.92
128 121248.01
129 121139.05
130 120746.14
131 121011.97
132 120805.98
133 120976.92
134 121402.98
135 121449.95
136 121038.91
137 121362.92
138 120921.13
139 120843.89
140 121354.10
141 120934.96
142 121157.88
143 120872.97
144 121856.21
145 120878.93
146 120812.89
147 121026.04
148 121817.83
149 121355.06
150 120866.06
151 120891.09
152 121250.87
153 121001.01
154 121709.11
155 120865.82
156 121136.90
157 121359.11
158 121023.89
159 121093.99
160 120979.07
161 123127.94
162 121144.06
163 121767.04
164 121883.15
165 120846.99
166 121999.98
167 120877.98
168 121304.04
169 121520.04
170 121238.23
171 121721.03
172 121038.91
173 121737.00
174 120967.15
175 121330.98
176 121964.93
177 121056.08
178 121776.10
179 120815.04
180 121666.91
181 122087.96
182 121691.94
183 121227.03
184 121588.95
185 121297.12
186 121796.13
187 120937.11
188 121121.88
189 120983.12
190 121490.00
191 120928.05
192 121305.94
193 121690.99
194 121563.91
195 120976.92
196 121240.14
197 122099.16
198 121221.07
199 121740.10
200 120855.09
201 120822.91
202 122150.90
203 120894.91
204 121936.08
205 121863.84
206 120866.06
207 121924.88
208 120949.98
209 121088.98
210 121008.87
211 121639.01
212 121301.89
213 120841.98
214 121324.06
215 121137.86
216 122327.80
217 120891.09
218 120887.99
219 120585.92
220 121469.97
221 121509.08
222 121680.02
223 120997.91
224 120801.21
225 120824.10
226 121375.08
227 120834.11
228 120826.96
229 121779.92
230 120894.91
231 120910.17
232 121000.05
233 121934.89
234 121855.97
235 121052.03
236 120915.89
237 120859.86
238 121659.04
239 121587.04
240 120855.81
241 121437.07
242 120953.08
243 120911.84
244 121425.87
245 121061.09
246 121231.08
247 121265.17
248 120905.88
249 121438.03
250 121399.88
251 120924.95
252 122052.19
253 121333.12
254 121234.89
255 121149.06
256 120903.97
257 121083.97
258 122134.92
259 121480.94
260 121227.03
261 120851.04
262 121012.93
263 121399.88
264 121516.94
265 121672.15
266 120787.86
267 120831.01
268 121187.93
269 121983.05
270 121755.84
271 121375.08
272 121913.19
273 121178.15
274 121830.94
275 122003.08
276 120795.01
277 121548.89
278 122336.86
279 120874.17
280 121224.88
281 120934.96
282 121220.11
283 120970.96
284 121253.97
285 122087.96
286 121447.09
287 121099.95
288 120823.14
289 121042.97
290 121355.06
291 121120.21
292 121200.08
293 121385.81
294 121672.87
295 120797.16
296 121251.11
297 120858.91
298 121300.94
299 120890.86
300 121397.97
301 121413.95
302 120908.02
303 121847.87
304 120980.02
305 120885.13
306 121365.07
307 121015.07
308 120996.00
309 120980.98
310 121549.13
311 120776.18
312 121129.99
313 121663.81
314 120868.92
315 120750.90
316 120884.90
317 121227.03
318 121155.98
319 121373.18
320 120747.09
321 120872.02
322 121223.93
323 121414.18
324 121109.01
325 121198.89
326 120916.84
327 122183.08
328 121379.14
329 120891.09
330 121753.93
331 120918.99
332 120885.13
333 120836.02
334 121003.87
335 121429.20
336 122349.98
337 121437.79
338 121178.87
339 121135.00
340 120849.13
341 121613.98
342 121023.89
343 121938.94
344 121199.13
345 121095.90
346 121526.96
347 121829.03
348 120859.86
349 121457.82
350 121518.85
351 121343.85
352 121740.10
353 121071.10
354 121119.02
355 121020.08
356 120886.80
357 120747.80
358 120813.85
359 121074.91
360 121055.84
361 120827.91
362 121445.89
363 120960.00
364 120806.22
365 120954.99
366 121006.01
367 120877.03
368 120887.99
369 120815.04
370 120916.13
371 121062.04
372 121104.00
373 120918.99
374 121507.88
375 121053.93
376 120910.17
377 120982.17
378 120834.11
379 121058.94
380 121115.92
381 120809.08
382 120887.99
383 120779.04
384 120937.11
385 121050.83
386 120919.94
387 120810.03
388 120908.98
389 121300.94
390 120986.94
391 121421.10
392 121039.87
393 121224.88
394 120882.03
395 121027.95
396 120872.97
397 121176.96
398 120905.16
399 121039.87
400 120754.96
401 121233.94
402 121122.84
403 121712.92
404 121055.13
405 120946.88
406 120895.86
407 121212.01
408 120809.08
409 120890.86
410 121048.93
411 120907.07
412 120764.97
413 120980.02
414 121299.03
415 120840.07
416 120918.99
417 120996.95
418 121100.90
419 120837.93
420 121413.95
421 120854.85
422 121048.93
423 121313.10
424 120867.01
425 121143.10
426 121012.93
427 121032.00
428 120800.02
429 120735.88
430 121790.17
431 120919.94
432 121397.02
433 121008.87
434 120975.97
435 120817.18
436 120829.11
437 120982.89
438 120737.08
439 121021.99
440 121052.98
441 120802.88
442 121047.02
443 120975.02
444 121076.11
445 121593.00
446 120860.10
447 120848.89
448 121132.14
449 120764.97
450 120872.97
451 120854.14
452 120903.97
453 121251.82
454 120730.16
455 121044.16
456 121252.06
457 121406.08
458 121355.06
459 120855.81
460 121016.03
461 120948.08
462 121119.98
463 120719.91
464 121258.97
465 121218.92
466 121120.93
467 121033.19
468 121406.08
469 121068.00
470 121140.96
471 120924.00
472 121201.04
473 121153.83
474 120712.04
475 121577.02
476 120975.97
477 120723.96
478 121018.89
479 120958.09
480 120729.92
481 120790.96
482 121177.91
483 121110.92
484 120924.95
485 121139.05
486 121051.79
487 121405.12
488 120959.04
489 120746.14
490 121005.06
491 121095.18
492 120865.11
493 121474.03
494 121119.98
495 120868.92
496 120882.99
497 121201.99
498 121443.03
499 120869.16
500 120967.15
501 121202.95
502 121182.92
503 120938.06
504 121346.00
505 121143.82
506 120999.81
507 121448.04
508 121813.06
509 121052.03
510 121361.97
511 121909.86
512 121089.94
513 121142.15
514 121298.07
515 120897.05
516 121643.07
517 120790.00
518 121200.08
519 121304.04
520 121178.15
521 121351.00
522 121675.97
523 120914.94
524 121366.98
525 121065.86
526 121212.96
527 120897.05
528 120852.23
529 120691.78
530 121232.99
531 121198.89
532 121093.03
533 121207.00
534 121094.94
535 121047.02
536 121286.87
537 121418.00
538 120773.08
539 121191.98
540 121102.09
541 121376.04
542 120975.97
543 121340.99
544 121241.09
545 121228.93
546 120785.95
547 121283.77
548 121099.00
549 120930.91
550 121176.00
551 121011.97
552 121186.02
553 121540.07
554 121361.97
555 121273.99
556 121101.86
557 121476.89
558 120992.90
559 121377.94
560 121316.91
561 121318.10
562 120811.22
563 121253.97
564 120913.98
565 121522.19
566 121485.95
567 121687.17
568 121219.16
569 121537.92
570 120992.18
571 120743.04
572 121329.07
573 121293.07
574 120697.98
575 121448.99
576 121397.97
577 121203.90
578 121725.08
579 121201.04
580 121052.03
581 121268.03
582 121148.82
583 121228.93
584 121086.84
585 120952.13
586 121365.07
587 121171.00
588 121383.91
589 121333.12
590 121225.83
591 120981.93
592 120882.03
593 121277.09
594 121386.05
595 121403.93
596 120848.89
597 121321.92
598 121366.98
599 121622.80
600 121150.97
601 121126.89
602 121761.80
603 121096.85
604 121437.07
605 121387.96
606 121271.13
607 121013.88
608 121120.93
609 120948.08
610 121057.03
611 121343.14
612 121688.13
613 121487.14
614 121052.98
615 121401.07
616 121371.98
617 121482.85
618 121155.02
619 121160.03
620 121191.02
621 121293.07
622 121042.97
623 121470.93
624 121742.96
625 121270.90
626 120778.08
627 121623.04
628 121618.03
629 121507.88
630 121152.88
631 121016.98
632 121086.84
633 121335.03
634 121452.09
635 120996.95
636 121479.03
637 121431.11
638 121275.90
639 121260.88
640 121114.97
641 121294.98
642 121029.14
643 120881.08
644 121143.10
645 120999.81
646 121376.04
647 121314.05
648 121026.99
649 121221.07
650 120899.92
651 121157.88
652 121511.94
653 121150.97
654 121595.86
655 121398.93
656 121395.11
657 121119.02
658 121021.99
659 121401.07
660 121082.78
661 121263.98
662 121332.88
663 121160.03
664 121330.98
665 120992.90
666 121227.98
667 121138.10
668 121081.83
669 120780.94
670 121155.02
671 121036.05
672 121111.15
673 120755.91
674 121646.88
675 121134.04
676 121057.99
677 121062.04
678 121526.96
679 121021.99
680 120942.12
681 121387.96
682 121250.87
683 120937.11
684 121322.87
685 121517.18
686 121370.79
687 121613.03
688 121191.02
689 121412.99
690 122200.97
691 121260.88
692 121032.00
693 121441.13
694 121651.17
695 121396.78
696 121138.81
697 121246.10
698 120821.95
699 120993.85
700 121030.09
701 121060.85
702 121088.03
703 121401.07
704 121662.14
705 121469.02
706 121557.95
707 120810.99
708 121632.10
709 121063.95
710 121304.99
711 121495.96
712 120900.87
713 121037.96
714 121035.10
715 121325.02
716 121165.04
717 121326.92
718 121084.93
719 121204.14
720 121237.99
721 120973.83
722 121322.15
723 120779.04
724 121226.07
725 121089.22
726 121287.82
727 121565.10
728 120985.03
729 121454.00
730 121088.03
731 121196.99
732 120900.15
733 121397.97
734 120831.97
735 121347.19
736 120940.92
737 121201.04
738 121413.95
739 121301.89
740 121248.01
741 121207.95
742 120975.97
743 121211.05
744 121193.89
745 120996.95
746 121502.88
747 121141.20
748 121165.99
749 121706.01
750 121495.01
751 120985.98
752 121177.91
753 121185.06
754 121751.07
755 121366.98
756 121572.97
757 121286.87
758 121209.86
759 121632.10
760 121389.87
761 121348.14
762 121817.11
763 121521.95
764 120961.90
765 121330.02
766 121078.97
767 121124.03
768 121374.13
769 121199.13
770 121399.16
771 121697.90
772 121462.11
773 120973.83
774 120888.95
775 121414.90
776 120886.09
777 121056.08
778 121222.97
779 121227.03
780 121445.89
781 121183.16
782 121315.96
783 121596.10
784 121643.07
785 121356.96
786 120964.05
787 121044.16
788 121574.88
789 121013.88
790 120854.85
791 120961.90
792 121460.91
793 120925.90
794 121458.05
795 121298.07
796 121336.22
797 120833.87
798 121401.07
799 120981.22
800 121057.03
801 121152.88
802 120954.04
803 121593.00
804 121318.10
805 121415.14
806 121138.10
807 121416.09
808 121344.09
809 121078.97
810 121152.88
811 121186.02
812 121526.96
813 121537.92
814 121964.93
815 120944.02
816 121447.09
817 121607.07
818 121331.93
819 121690.03
820 120963.10
821 121168.85
822 121463.06
823 120987.89
824 121617.08
825 120878.93
826 121260.88
827 120881.08
828 120886.80
829 120968.10
830 120995.04
831 121122.84
832 121591.09
833 120820.05
834 120765.92
835 121569.16
836 120977.88
837 121015.07
838 121148.11
839 121141.20
840 121122.12
841 121122.12
842 121133.09
843 121140.00
844 121136.19
845 121086.12
846 121111.87
847 121135.95
848 121131.90
849 121133.09
850 121137.14
851 121124.03
852 121128.08
853 121135.95
854 121026.04
855 121132.85
856 121139.05
857 121135.95
858 121140.96
859 121160.98
860 121129.99
861 121132.14
862 121142.86
863 121125.94
864 121051.79
865 121124.98
866 121122.12
867 121137.14
868 121146.92
869 121175.05
870 121130.94
871 121126.89
872 121119.98
873 121146.92
874 121122.84
875 121135.95
876 121129.99
877 121140.00
878 121138.81
879 121129.04
880 121123.08
881 121119.02
882 121146.92
883 121052.98
884 121146.92
885 121135.95
886 121136.90
887 121127.13
888 121145.01
889 121122.84
890 121114.02
891 121130.94
892 121139.05
893 121127.84
894 121074.91
895 121128.80
896 121128.08
897 121160.98
898 121138.10
899 121126.17
