900
0 121213.91
1 121126.89
2 121096.13
3 121060.13
4 121106.15
5 121105.19
6 121091.84
7 121106.86
8 121136.90
9 121127.84
10 121115.21
11 121112.82
12 121035.81
13 121098.04
14 121123.08
15 121093.99
16 121114.02
17 121046.07
18 121065.86
19 121138.81
20 121102.81
21 121042.97
22 121068.95
23 121113.06
24 120968.82
25 120984.79
26 121104.96
27 121111.87
28 121007.92
29 121102.09
30 121113.06
31 121095.90
32 121030.09
33 121082.07
34 121119.02
35 121133.09
36 121096.13
37 121036.05
38 121094.94
39 121119.98
40 121096.13
41 121107.10
42 121065.14
43 121105.91
44 121111.87
45 121103.05
46 121103.05
47 121114.02
48 121099.00
49 121104.00
50 121104.96
51 121115.21
52 121045.83
53 121099.95
54 121098.04
55 121101.14
56 121104.00
57 121095.90
58 121097.09
59 121102.09
60 121081.83
61 121089.94
62 121092.08
63 121094.94
64 121063.95
65 120970.01
66 121114.02
67 121128.08
68 121100.90
69 121104.96
70 121109.96
71 121093.99
72 121040.11
73 121098.04
74 121119.02
75 121086.84
76 121109.96
77 121114.02
78 121115.92
79 121026.04
80 121081.11
81 121090.89
82 121079.92
83 120983.84
84 121091.84
85 121122.12
86 121103.05
87 121074.20
88 121090.17
89 121141.91
90 121094.94
91 121125.22
92 121037.96
93 121114.97
94 121101.14
95 121108.06
96 120970.01
97 121016.03
98 121052.98
99 121156.93
100 121048.21
101 121085.88
102 120974.06
103 121131.90
104 121191.98
105 121685.03
106 120929.00
107 121579.89
108 120996.95
109 121118.07
110 120929.96
111 121188.88
112 120996.00
113 120975.97
114 121093.99
115 121226.07
116 120989.80
117 121049.17
118 121006.97
119 120947.12
120 121337.18
121 121084.93
122 121573.93
123 121069.91
124 121011.97
125 120890.86
126 121075.87
127 121580.12
128 120985.03
129 121577.02
130 121380.81
131 121107.10
132 121374.13
133 121122.84
134 121176.00
135 120938.06
136 120931.86
137 121150.02
138 121130.94
139 121156.93
140 121346.00
141 121912.00
142 121487.86
143 121135.00
144 120928.05
145 121003.15
146 121310.00
147 121751.79
148 121147.16
149 121046.07
150 121125.94
151 120887.04
152 121322.15
153 121536.97
154 121089.94
155 121081.11
156 122075.08
157 120882.03
158 121032.95
159 120959.04
160 121014.12
161 121052.98
162 121812.11
163 121302.13
164 121217.01
165 121701.96
166 120812.89
167 121024.85
168 121419.91
169 121345.04
170 121477.84
171 120971.92
172 121100.90
173 121958.97
174 121149.06
175 120889.19
176 121007.92
177 121116.16
178 121464.01
179 120965.00
180 120862.01
181 120885.85
182 121873.14
183 120920.90
184 120904.92
185 121703.86
186 120894.91
187 121133.09
188 121264.22
189 120960.95
190 121560.10
191 121719.12
192 121349.10
193 121747.97
194 121532.20
195 121563.20
196 121070.15
197 120989.08
198 121839.05
199 121525.05
200 121105.91
201 120939.02
202 121111.15
203 121565.10
204 120960.00
205 121543.88
206 121346.95
207 121285.92
208 120911.84
209 120923.04
210 121139.05
211 121180.06
212 120925.90
213 120937.82
214 120962.86
215 121603.01
216 121579.89
217 121134.04
218 121353.15
219 121080.88
220 121428.01
221 121093.99
222 120808.84
223 121991.16
224 121679.07
225 120893.96
226 121515.04
227 121467.11
228 121410.13
229 121162.89
230 121067.05
231 121022.94
232 121793.03
233 121607.78
234 121207.00
235 121330.02
236 121338.84
237 121183.16
238 121407.03
239 122268.92
240 120953.08
241 120934.01
242 121878.15
243 120890.86
244 120971.92
245 120891.09
246 121559.14
247 121989.97
248 121065.14
249 121104.96
250 121191.98
251 120836.02
252 122420.07
253 121110.92
254 121762.04
255 120946.17
256 121088.03
257 121023.89
258 121251.82
259 121533.87
260 121067.05
261 121187.93
262 121474.98
263 121758.94
264 121662.14
265 121154.07
266 121776.82
267 121593.00
268 120898.01
269 121349.81
270 121469.97
271 121464.97
272 121384.14
273 121332.88
274 121243.95
275 122175.93
276 121108.06
277 121128.80
278 120859.86
279 121734.86
280 121073.96
281 121019.84
282 121924.16
283 121003.87
284 121369.84
285 120984.08
286 121206.05
287 121160.98
288 121154.07
289 121194.12
290 121476.17
291 121032.00
292 121363.88
293 121572.97
294 121604.92
295 121965.89
296 120939.02
297 121505.98
298 121207.00
299 121931.08
300 121896.03
301 121062.99
302 121118.07
303 121152.88
304 121692.18
305 121324.06
306 121467.11
307 121143.10
308 121373.18
309 121447.09
310 120828.15
311 121161.94
312 122133.97
313 120948.79
314 121906.04
315 120898.96
316 122556.92
317 121634.01
318 120891.09
319 122148.99
320 120930.19
321 121458.77
322 121424.91
323 121001.96
324 121443.03
325 121155.02
326 120951.89
327 120910.88
328 121463.06
329 121644.97
330 121450.19
331 121268.99
332 121867.18
333 121228.93
334 121714.12
335 121161.94
336 120977.16
337 120929.96
338 121069.91
339 121647.83
340 121171.95
341 122113.94
342 121531.01
343 121859.07
344 121169.81
345 120857.00
346 122140.88
347 120937.82
348 122052.19
349 121167.90
350 120807.17
351 121164.08
352 121500.97
353 121110.92
354 121205.81
355 121718.17
356 121662.14
357 120873.93
358 121546.03
359 121099.00
360 120971.92
361 121065.14
362 120935.92
363 121056.80
364 120866.06
365 120977.16
366 120945.93
367 120931.15
368 120966.91
369 121178.15
370 121004.10
371 121016.03
372 121100.19
373 120903.97
374 121077.06
375 120869.16
376 120913.03
377 121058.94
378 120877.03
379 121027.95
380 120936.87
381 120993.14
382 120958.09
383 121183.87
384 121104.00
385 120786.19
386 120901.82
387 120975.02
388 120981.93
389 121071.10
390 121024.85
391 120949.03
392 121002.91
393 120892.05
394 120975.97
395 121063.95
396 120898.96
397 121012.21
398 121199.13
399 121508.84
400 121016.03
401 121217.01
402 120929.96
403 121427.06
404 121698.14
405 120971.92
406 121079.92
407 121472.12
408 120873.93
409 120988.85
410 121099.00
411 121076.11
412 121537.92
413 121207.00
414 121326.92
415 121072.05
416 121139.05
417 120970.96
418 120947.12
419 121026.99
420 121576.07
421 120909.93
422 121002.91
423 120939.97
424 121452.09
425 120995.04
426 121448.04
427 121479.99
428 121350.05
429 121410.85
430 120829.82
431 121080.16
432 121114.97
433 120951.89
434 121039.15
435 121162.18
436 121196.99
437 121464.97
438 120961.90
439 120892.05
440 121030.09
441 121048.93
442 120882.03
443 120877.98
444 121011.97
445 121252.06
446 121170.04
447 120935.92
448 121191.98
449 121487.14
450 121277.81
451 121473.79
452 120879.89
453 121238.95
454 121490.96
455 120895.86
456 121004.10
457 120834.11
458 120989.08
459 121275.90
460 120846.99
461 121141.91
462 121450.90
463 121339.80
464 121280.19
465 120829.11
466 121641.16
467 121339.08
468 120805.03
469 120919.94
470 120975.97
471 121227.98
472 121204.14
473 121059.18
474 121372.94
475 121269.94
476 121473.07
477 121098.04
478 121093.99
479 121356.96
480 120770.93
481 121193.89
482 120841.98
483 121629.00
484 121507.88
485 120880.13
486 121726.04
487 121064.90
488 121491.91
489 121367.93
490 121308.80
491 120969.06
492 121168.85
493 121409.89
494 121414.90
495 121585.13
496 121532.92
497 120768.07
498 121854.07
499 120809.79
500 121317.15
501 121123.08
502 121295.93
503 121142.15
504 120883.94
505 121076.11
506 121407.99
507 121457.10
508 121119.02
509 121281.15
510 121345.04
511 121334.08
512 121409.18
513 121355.06
514 120749.95
515 121404.89
516 121185.06
517 121593.95
518 121062.99
519 121404.89
520 121263.98
521 121249.91
522 121107.82
523 120953.08
524 121250.15
525 121210.81
526 121511.94
527 121289.97
528 121523.14
529 121120.21
530 121719.12
531 121190.07
532 121531.96
533 121599.91
534 121397.02
535 120965.96
536 121006.01
537 121575.12
538 121829.99
539 121700.05
540 121258.02
541 121227.98
542 120935.92
543 121654.03
544 121379.14
545 121796.85
546 121227.03
547 121355.06
548 120859.15
549 121264.93
550 121364.83
551 121344.80
552 121563.91
553 121824.03
554 121298.79
555 121205.09
556 121422.05
557 121725.80
558 121428.01
559 121759.89
560 121606.11
561 120959.04
562 121119.02
563 121793.99
564 121283.05
565 121263.03
566 121509.08
567 121424.91
568 121338.13
569 121500.97
570 121317.15
571 121480.23
572 121408.94
573 121043.92
574 121237.99
575 121888.88
576 121588.95
577 121587.04
578 121306.18
579 121836.90
580 121248.96
581 121232.03
582 121190.07
583 121259.21
584 121744.87
585 120818.85
586 121018.89
587 121703.86
588 121325.02
589 122009.04
590 121181.01
591 121227.03
592 121057.03
593 121533.87
594 121253.97
595 121241.09
596 121073.96
597 121493.10
598 121167.18
599 121237.04
600 121811.15
601 121428.01
602 121412.99
603 121186.02
604 121252.06
605 120868.92
606 121383.19
607 121317.86
608 121582.03
609 121282.10
610 121285.92
611 121433.97
612 121539.83
613 121114.02
614 121412.04
615 121295.93
616 121689.08
617 122030.97
618 121636.87
619 121232.99
620 121079.92
621 121351.96
622 121084.93
623 121627.09
624 121505.02
625 121239.19
626 121162.89
627 121132.14
628 121349.10
629 121201.04
630 121698.14
631 120984.08
632 121519.09
633 121978.04
634 121373.18
635 121918.92
636 121165.99
637 121536.02
638 121625.90
639 121351.96
640 120881.08
641 121690.03
642 121200.08
643 121424.91
644 121342.18
645 120972.87
646 121551.04
647 121129.99
648 121323.82
649 121374.85
650 121324.78
651 121593.95
652 121423.01
653 121254.92
654 121268.03
655 121472.12
656 121427.06
657 121448.99
658 120956.18
659 121194.12
660 121545.08
661 121149.06
662 121569.16
663 120985.03
664 121780.16
665 121317.15
666 120928.05
667 121443.99
668 121090.17
669 121361.02
670 121798.99
671 121420.86
672 121628.05
673 120868.92
674 121243.95
675 121472.84
676 121141.91
677 122206.93
678 120895.86
679 121492.86
680 121004.10
681 121132.14
682 121653.80
683 121375.80
684 121670.01
685 121611.83
686 121831.18
687 121295.93
688 121516.94
689 121539.83
690 121244.91
691 121062.99
692 121732.00
693 121365.07
694 121174.81
695 121275.90
696 121104.00
697 121049.17
698 121134.04
699 121238.95
700 121672.15
701 121318.82
702 121341.94
703 121016.98
704 121654.03
705 121618.03
706 121047.97
707 121227.98
708 121133.09
709 121322.87
710 121186.02
711 121038.91
712 120995.04
713 121388.91
714 121310.95
715 120740.89
716 121202.95
717 121361.02
718 121104.96
719 121180.06
720 121435.88
721 121114.97
722 120635.99
723 121113.06
724 120862.96
725 120997.91
726 121181.96
727 120902.06
728 120955.94
729 121117.83
730 121114.97
731 121531.01
732 121145.96
733 121449.23
734 121524.10
735 120842.93
736 121004.10
737 121045.83
738 120790.96
739 121432.07
740 121418.00
741 121145.96
742 121422.05
743 121380.09
744 121396.06
745 121673.11
746 121395.83
747 121449.95
748 121097.09
749 121398.93
750 120818.14
751 120679.14
752 121085.88
753 120951.89
754 121221.07
755 120939.97
756 120937.11
757 121196.99
758 121677.88
759 121253.97
760 121275.90
761 121366.98
762 121320.01
763 120944.02
764 121456.86
765 121001.96
766 121665.95
767 120862.01
768 121586.08
769 120801.93
770 121057.03
771 120850.09
772 120860.82
773 120714.90
774 121232.03
775 121667.86
776 120880.13
777 121433.97
778 121100.90
779 121598.01
780 121292.11
781 120951.89
782 121456.15
783 121349.81
784 121220.11
785 121133.09
786 120914.94
787 120984.79
788 121644.02
789 120810.03
790 120743.04
791 120584.96
792 121122.84
793 120936.16
794 121225.12
795 120704.89
796 120798.11
797 120965.00
798 120977.88
799 121293.07
800 120798.11
801 120752.81
802 121521.00
803 120823.86
804 120949.03
805 120953.08
806 120975.97
807 120790.00
808 120892.05
809 120754.00
810 120907.07
811 120919.94
812 120779.04
813 121005.06
814 120863.91
815 121098.04
816 120929.96
817 120741.13
818 121288.06
819 120975.97
820 120893.96
821 121077.06
822 121208.91
823 120921.85
824 120975.02
825 120845.08
826 120814.09
827 121171.95
828 121005.06
829 121031.05
830 120947.12
831 121002.91
832 121026.04
833 120799.06
834 121256.11
835 121191.98
836 120981.93
837 120967.86
838 120893.96
839 121216.06
840 120903.02
841 121084.93
842 120769.02
843 120844.84
844 120754.96
845 120898.01
846 121136.90
847 121103.05
848 121068.95
849 120926.86
850 121022.94
851 120995.04
852 120965.00
853 120968.10
854 121020.79
855 121006.97
856 120982.17
857 120984.08
858 121026.04
859 121026.99
860 120984.08
861 120974.06
862 120975.97
863 120988.13
864 120996.00
865 121000.05
866 120980.02
867 120972.87
868 120940.21
869 120918.99
870 120952.13
871 121009.11
872 120965.00
873 120967.86
874 121011.97
875 121011.02
876 120970.01
877 120980.02
878 120948.79
879 120995.04
880 120998.14
881 120968.10
882 120971.92
883 120959.04
884 121028.90
885 121011.97
886 120990.04
887 120980.02
888 120970.01
889 120970.96
890 120967.86
891 121016.98
892 120960.00
893 120970.96
894 121021.99
895 121022.94
896 120982.17
897 120978.83
898 120913.03
899 121024.13
