575
0 121799.95
1 121704.10
2 121639.01
3 121701.96
4 121634.96
5 121693.13
6 121615.89
7 121674.06
8 121631.15
9 121673.82
10 121577.98
11 121653.08
12 121562.00
13 121644.02
14 121698.86
15 121624.95
16 121550.08
17 121584.89
18 121659.04
19 121578.93
20 121654.03
21 121572.97
22 121642.11
23 121565.10
24 121642.11
25 121698.86
26 121602.06
27 121670.96
28 121594.91
29 121661.19
30 121574.88
31 121653.08
32 121572.02
33 121642.83
34 121680.02
35 121634.96
36 121692.18
37 121623.04
38 121694.09
39 121639.97
40 121566.06
41 121618.03
42 121682.17
43 121598.96
44 121664.05
45 121687.17
46 121613.98
47 121657.85
48 121575.12
49 121651.89
50 121565.82
51 121641.87
52 121564.15
53 121640.92
54 121696.00
55 121634.96
56 121690.03
57 121482.13
58 121674.06
59 121598.01
60 121538.88
61 121675.97
62 121465.92
63 121665.00
64 121592.04
65 121660.95
66 121629.95
67 121696.95
68 121620.89
69 121681.93
70 121732.95
71 121672.15
72 121611.83
73 121630.91
74 121552.94
75 121627.09
76 121685.98
77 121551.99
78 121634.96
79 121558.90
80 121505.98
81 121691.94
82 121621.13
83 121684.07
84 121613.03
85 121685.03
86 121577.02
87 121671.92
88 121586.80
89 121689.08
90 121611.12
91 121679.78
92 121595.86
93 121533.16
94 121597.05
95 121647.83
96 121593.00
97 121538.88
98 121580.84
99 121663.09
100 121447.09
101 121716.98
102 122403.86
103 121713.16
104 121627.09
105 121561.05
106 121519.09
107 121423.96
108 121484.99
109 121670.96
110 122207.88
111 122019.05
112 122591.02
113 122272.01
114 121681.93
115 122498.99
116 122175.93
117 121755.12
118 122447.97
119 122118.00
120 121687.17
121 122493.03
122 122051.00
123 121603.97
124 122417.93
125 121961.12
126 121503.11
127 122320.89
128 122015.95
129 121692.90
130 122388.84
131 121925.12
132 121613.98
133 122305.87
134 121628.05
135 121567.96
136 121625.90
137 121914.86
138 121490.96
139 121429.92
140 121779.92
141 121349.81
142 121528.86
143 121591.09
144 122651.10
145 122189.04
146 121891.98
147 121680.97
148 121630.91
149 121690.99
150 121629.95
151 121421.10
152 122222.90
153 121747.97
154 121486.90
155 121793.99
156 122720.96
157 122086.05
158 121710.06
159 122503.04
160 122208.83
161 121761.08
162 122452.02
163 121983.05
164 121540.07
165 122351.88
166 121913.91
167 121613.98
168 122422.93
169 121838.09
170 121530.77
171 122346.88
172 121927.02
173 121468.07
174 122415.07
175 121968.03
176 121530.06
177 122193.10
178 121886.97
179 121441.13
180 122297.05
181 121957.06
182 121386.05
183 122202.87
184 121891.98
185 121449.95
186 122133.97
187 121815.20
188 122498.99
189 122037.17
190 121603.01
191 122531.89
192 122097.97
193 121806.14
194 122498.04
195 122051.95
196 121611.83
197 122352.12
198 121969.22
199 121526.00
200 122468.95
201 122054.10
202 121592.04
203 122418.88
204 121968.03
205 121661.90
206 122335.20
207 121907.00
208 121591.81
209 122398.85
210 121819.02
211 121500.97
212 122329.00
213 121869.09
214 121573.93
215 122242.93
216 121951.82
217 121504.78
218 122323.04
219 121885.06
220 121563.91
221 122248.89
222 121808.05
223 122618.91
224 122168.06
225 121721.03
226 122550.96
227 122107.03
228 121659.99
229 122493.98
230 122051.00
231 121609.93
232 122545.00
233 121977.09
234 121515.04
235 122514.96
236 122053.15
237 121526.96
238 122236.01
239 122119.19
240 121524.10
241 122329.95
242 122017.15
243 121443.99
244 122261.05
245 121947.05
246 121501.92
247 122207.16
248 121719.12
249 121443.03
250 122254.13
251 121826.89
252 121389.87
253 122194.05
254 121883.87
255 122685.19
256 122123.00
257 121797.80
258 122617.01
259 122035.98
260 121716.02
261 122547.15
262 121965.89
263 121664.05
264 122451.07
265 122014.05
266 121707.92
267 122545.00
268 121964.93
269 121521.00
270 122469.90
271 122022.87
272 121564.15
273 122399.09
274 121809.01
275 121488.81
276 122174.98
277 121873.86
278 121559.14
279 122233.87
280 121807.10
281 121510.98
282 122319.94
283 121729.85
284 121420.86
285 122221.95
286 121809.01
287 121495.01
288 122290.13
289 121753.93
290 122535.94
291 122236.97
292 121775.15
293 122484.92
294 122168.06
295 121603.01
296 122411.01
297 122108.94
298 121651.89
299 121484.04
300 121545.08
301 121494.05
302 121562.96
303 121443.03
304 121300.94
305 121490.96
306 121673.11
307 121480.94
308 121548.18
309 121406.08
310 121352.91
311 121426.82
312 121479.03
313 121544.12
314 121351.00
315 121520.04
316 121327.16
317 121383.19
318 121579.89
319 121298.07
320 121422.05
321 121454.00
322 121408.94
323 121517.90
324 121409.89
325 121461.87
326 121389.87
327 121341.94
328 121521.00
329 121458.05
330 121379.14
331 121312.86
332 121500.02
333 121456.15
334 121376.04
335 121443.99
336 121367.93
337 121432.07
338 121245.15
339 121423.96
340 121500.97
341 121420.15
342 121345.04
343 121443.03
344 121619.94
345 121433.02
346 121353.86
347 121408.94
348 121469.97
349 121281.86
350 121443.99
351 121348.14
352 121426.11
353 121331.93
354 121392.01
355 121469.02
356 121410.13
357 121470.93
358 121397.97
359 121320.96
360 121443.99
361 121637.82
362 121449.95
363 121376.04
364 121563.91
365 121496.20
366 121428.01
367 121611.83
368 121406.79
369 121593.95
370 121278.05
371 121330.02
372 121393.92
373 121469.02
374 121412.99
375 121849.06
376 121657.85
377 121456.86
378 121273.04
379 121459.01
380 121515.99
381 121707.92
382 121381.04
383 121702.19
384 121382.95
385 121692.18
386 121763.94
387 121547.94
388 121629.00
389 121562.00
390 121593.95
391 121559.14
392 121596.10
393 121675.01
394 121346.00
395 121415.85
396 121494.05
397 121412.04
398 121392.97
399 121652.13
400 121445.89
401 121386.05
402 121463.06
403 121629.00
404 121581.79
405 121640.92
406 121704.82
407 121523.14
408 121437.79
409 121519.09
410 121454.95
411 121368.89
412 121571.06
413 121365.07
414 121417.05
415 121505.02
416 121296.88
417 121360.06
418 121551.99
419 121613.03
420 121669.05
421 121334.08
422 121549.84
423 121614.93
424 121428.01
425 121605.87
426 121530.06
427 121461.87
428 121521.00
429 121471.88
430 121652.84
431 121315.96
432 121648.07
433 121453.05
434 121766.09
435 121834.99
436 121603.01
437 121653.08
438 121504.78
439 121770.86
440 121452.09
441 121518.85
442 121702.91
443 121386.05
444 121573.93
445 121486.90
446 121418.00
447 121474.98
448 121536.97
449 121459.01
450 121415.85
451 121726.04
452 121659.99
453 121455.19
454 121532.20
455 121474.03
456 121538.16
457 121521.00
458 121433.02
459 121765.14
460 121302.13
461 121500.97
462 121419.91
463 121362.92
464 121548.89
465 121361.02
466 121405.84
467 121716.02
468 121392.01
469 121718.88
470 121636.15
471 121583.94
472 121376.04
473 121435.88
474 121308.09
475 121389.15
476 121310.00
477 121519.09
478 121511.94
479 121762.99
480 121428.97
481 121500.97
482 121381.04
483 121622.80
484 121551.04
485 121722.94
486 121557.95
487 121340.04
488 121534.11
489 121729.85
490 121663.09
491 121345.04
492 121274.95
493 121562.96
494 121494.05
495 121701.00
496 121758.94
497 121819.02
498 121741.06
499 121813.06
500 121870.04
501 121811.87
502 121745.11
503 121817.11
504 121867.90
505 121799.95
506 121608.02
507 121792.08
508 121851.92
509 121768.95
510 121840.95
511 121770.14
512 121693.85
513 121762.99
514 121827.13
515 121731.04
516 121809.96
517 121742.01
518 121797.08
519 121716.98
520 121781.11
521 121719.84
522 121794.94
523 121704.10
524 121769.19
525 121840.00
526 121776.10
527 121680.97
528 121745.82
529 121819.97
530 121760.85
531 121671.92
532 121734.14
533 121815.92
534 121756.79
535 121815.92
536 121729.14
537 121804.95
538 121725.08
539 121793.99
540 121712.92
541 121786.83
542 121708.87
543 121779.92
544 121838.09
545 121773.00
546 121700.05
547 121769.91
548 121826.89
549 121765.14
550 121819.97
551 121735.81
552 121823.07
553 121747.02
554 121810.91
555 121722.94
556 121803.05
557 121740.10
558 121801.14
559 121714.12
560 121773.00
561 121709.11
562 121777.06
563 121849.06
564 121800.90
565 121726.99
566 121799.95
567 121716.98
568 121793.99
569 121847.87
570 121787.07
571 121698.14
572 121781.83
573 121697.90
574 121787.79
