600
0 120513.20
1 120166.06
2 120139.84
3 120130.06
4 120126.96
5 120130.06
6 120125.06
7 120124.82
8 120123.15
9 120133.88
10 120141.03
11 120125.06
12 120123.15
13 120136.98
14 120131.97
15 120123.86
16 120135.78
17 120123.86
18 120123.86
19 120125.06
20 120125.06
21 120141.03
22 120129.11
23 120121.96
24 120123.86
25 120121.96
26 120126.01
27 120123.15
28 120121.96
29 120131.97
30 120122.91
31 120123.15
32 120123.15
33 120132.92
34 120121.96
35 120131.97
36 120126.01
37 120126.01
38 120123.15
39 120124.10
40 120121.96
41 120121.96
42 120121.00
43 120123.15
44 120136.02
45 120123.86
46 120121.96
47 120126.01
48 120122.91
49 120123.86
50 120122.91
51 120136.02
52 120121.96
53 120133.88
54 120124.10
55 120133.88
56 120134.83
57 120121.96
58 120136.02
59 120122.19
60 120124.10
61 120124.10
62 120124.82
63 120124.10
64 120121.96
65 120123.86
66 120124.10
67 120126.01
68 120124.82
69 120123.15
70 120121.96
71 120121.96
72 120125.06
73 120139.84
74 120123.15
75 120121.96
76 120121.00
77 120121.96
78 120133.88
79 120136.98
80 120133.16
81 120121.00
82 120121.96
83 120125.06
84 120126.01
85 120134.83
86 120122.91
87 120142.94
88 120119.81
89 120124.10
90 120137.93
91 120124.82
92 120122.91
93 120134.12
94 120141.03
95 120125.06
96 120135.07
97 120136.02
98 120121.00
99 120121.96
100 120131.97
101 120136.02
102 120123.86
103 120121.96
104 120132.92
105 120131.97
106 120136.02
107 120126.01
108 120135.07
109 120131.97
110 120121.00
111 120121.00
112 120122.91
113 120152.00
114 120146.04
115 120122.91
116 120122.91
117 120125.06
118 120123.86
119 120126.01
120 120121.96
121 120133.88
122 120121.96
123 120122.91
124 120125.06
125 120124.10
126 120123.86
127 120125.06
128 120133.88
129 120121.96
130 120129.82
131 120135.07
132 120124.10
133 120144.13
134 120144.13
135 120124.10
136 120135.07
137 120121.96
138 120136.02
139 120121.96
140 120122.91
141 120121.00
142 120122.91
143 120146.99
144 120148.90
145 120121.96
146 120136.02
147 120152.00
148 120125.06
149 120132.92
150 120121.96
151 120121.00
152 120136.02
153 120132.92
154 120121.96
155 120121.00
156 120129.11
157 120125.06
158 120121.00
159 120123.86
160 120132.92
161 120120.05
162 120121.96
163 120133.88
164 120125.06
165 120123.86
166 120124.10
167 120120.05
168 120121.00
169 120124.10
170 120122.91
171 120134.83
172 120135.07
173 120121.96
174 120124.10
175 120123.86
176 120123.15
177 120125.06
178 120133.88
179 120134.83
180 120127.92
181 120136.02
182 120134.83
183 120121.96
184 120122.19
185 120131.97
186 120124.10
187 120121.96
188 120123.86
189 120134.83
190 120133.16
191 120121.96
192 120131.02
193 120147.94
194 120134.12
195 120134.12
196 120121.00
197 120130.06
198 120121.96
199 120123.86
200 120123.15
201 120135.07
202 120122.91
203 120134.83
204 120126.96
205 120122.19
206 120145.08
207 120121.00
208 120134.12
209 120124.10
210 120133.88
211 120124.10
212 120131.02
213 120124.10
214 120134.83
215 120121.00
216 120126.01
217 120121.96
218 120121.96
219 120121.96
220 120133.88
221 120132.92
222 120137.93
223 120121.96
224 120126.01
225 120131.02
226 120125.77
227 120133.16
228 120136.02
229 120121.96
230 120119.81
231 120121.00
232 120121.00
233 120128.87
234 120136.02
235 120121.00
236 120121.96
237 120122.91
238 120132.92
239 120137.93
240 120121.96
241 120131.02
242 120121.00
243 120131.97
244 120136.02
245 120122.91
246 120145.80
247 120123.15
248 120132.92
249 120126.01
250 120152.95
251 120132.92
252 120121.96
253 120132.92
254 120126.01
255 120126.01
256 120128.87
257 120156.05
258 120122.19
259 120120.05
260 120122.91
261 120131.97
262 120124.10
263 120142.94
264 120134.12
265 120122.91
266 120122.91
267 120126.01
268 120131.97
269 120121.00
270 120146.99
271 120121.00
272 120124.10
273 120121.96
274 120122.91
275 120131.02
276 120121.00
277 120136.98
278 120119.81
279 120129.11
280 120136.02
281 120155.10
282 120122.91
283 120146.99
284 120121.96
285 120134.83
286 120121.00
287 120121.96
288 120145.08
289 120135.07
290 120124.10
291 120132.92
292 120118.86
293 120131.02
294 120121.96
295 120135.07
296 120136.02
297 120122.91
298 120121.96
299 120132.92
300 120122.91
301 120132.92
302 120124.10
303 120125.06
304 120120.05
305 120130.06
306 120123.15
307 120141.03
308 120132.92
309 120124.10
310 120130.06
311 120121.00
312 120133.16
313 120126.96
314 120146.99
315 120119.81
316 120121.96
317 120133.88
318 120131.97
319 120122.91
320 120124.82
321 120120.05
322 120125.06
323 120136.98
324 120131.97
325 120135.07
326 120132.92
327 120133.88
328 120119.09
329 120122.91
330 120124.82
331 120125.06
332 120132.92
333 120121.00
334 120134.12
335 120123.86
336 120127.20
337 120135.07
338 120130.06
339 120132.92
340 120133.88
341 120133.16
342 120126.01
343 120121.96
344 120120.05
345 120120.05
346 120135.07
347 120124.82
348 120123.15
349 120135.07
350 120137.93
351 120119.81
352 120126.96
353 120121.96
354 120138.88
355 120121.96
356 120141.98
357 120123.15
358 120141.03
359 120123.86
360 120122.91
361 120121.00
362 120136.98
363 120126.01
364 120122.19
365 120130.06
366 120133.88
367 120121.96
368 120117.90
369 120132.92
370 120121.00
371 120133.16
372 120122.91
373 120120.05
374 120122.19
375 120123.15
376 120147.94
377 120120.05
378 120130.06
379 120121.00
380 120133.88
381 120133.88
382 120133.88
383 120123.15
384 120124.82
385 120122.91
386 120121.00
387 120146.04
388 120123.15
389 120132.92
390 120134.83
391 120132.21
392 120124.10
393 120121.00
394 120133.88
395 120121.96
396 120131.02
397 120134.12
398 120121.96
399 120134.83
400 120136.98
401 120131.02
402 120122.91
403 120131.02
404 120119.09
405 120121.00
406 120123.86
407 120123.15
408 120121.96
409 120126.01
410 120124.82
411 120131.02
412 120121.96
413 120125.06
414 120121.96
415 120124.82
416 120122.91
417 120124.10
418 120135.07
419 120132.92
420 120124.10
421 120132.92
422 120138.17
423 120131.02
424 120125.06
425 120121.00
426 120134.12
427 120122.91
428 120123.15
429 120123.15
430 120121.96
431 120121.00
432 120121.96
433 120142.94
434 120122.91
435 120121.96
436 120118.86
437 120124.10
438 120136.02
439 120124.82
440 120121.96
441 120121.96
442 120131.97
443 120145.80
444 120121.00
445 120121.00
446 120121.96
447 120131.97
448 120120.05
449 120127.92
450 120122.91
451 120126.01
452 120131.02
453 120131.97
454 120120.05
455 120143.89
456 120133.16
457 120121.96
458 120121.00
459 120132.92
460 120136.02
461 120120.05
462 120147.94
463 120121.96
464 120121.00
465 120120.05
466 120143.89
467 120122.91
468 120122.19
469 120133.88
470 120120.05
471 120118.86
472 120132.92
473 120122.91
474 120120.05
475 120121.96
476 120120.05
477 120133.88
478 120125.06
479 120120.05
480 120136.02
481 120150.09
482 120131.97
483 120135.07
484 120131.97
485 120127.92
486 120131.02
487 120120.05
488 120142.94
489 120120.05
490 120121.96
491 120122.91
492 120121.00
493 120120.05
494 120122.91
495 120120.05
496 120124.10
497 120141.98
498 120122.91
499 120121.96
500 120146.04
501 120121.00
502 120125.06
503 120132.92
504 120134.12
505 120122.91
506 120119.81
507 120120.05
508 120136.02
509 120122.91
510 120146.04
511 120119.09
512 120122.91
513 120121.96
514 120123.15
515 120131.97
516 120132.92
517 120121.96
518 120120.05
519 120128.87
520 120121.96
521 120119.81
522 120121.00
523 120132.92
524 120122.91
525 120146.99
526 120131.97
527 120119.81
528 120132.92
529 120123.15
530 120120.05
531 120121.00
532 120131.97
533 120126.96
534 120118.86
535 120133.88
536 120124.10
537 120122.91
538 120119.09
539 120121.96
540 120137.93
541 120123.86
542 120134.12
543 120132.92
544 120132.92
545 120147.94
546 120123.15
547 120123.15
548 120133.88
549 120121.96
550 120121.00
551 120131.97
552 120132.92
553 120137.93
554 120121.00
555 120145.80
556 120131.02
557 120131.97
558 120132.92
559 120122.19
560 120131.97
561 120131.97
562 120130.78
563 120123.15
564 120123.15
565 120125.06
566 120132.92
567 120121.00
568 120119.09
569 120147.94
570 120135.07
571 120145.80
572 120116.95
573 120129.82
574 120119.09
575 120156.05
576 120125.06
577 120121.96
578 120129.82
579 120119.09
580 120121.00
581 120133.88
582 120122.91
583 120121.00
584 120117.90
585 120129.82
586 120131.02
587 120116.95
588 120132.92
589 120121.00
590 120141.03
591 120116.00
592 120133.16
593 120131.97
594 120120.05
595 120128.87
596 120119.09
597 120129.11
598 120121.96
599 120126.01
