1650
0 121879.10
1 121636.15
2 121572.02
3 121633.05
4 121547.94
5 121613.03
6 121524.81
7 121601.82
8 121523.86
9 121580.12
10 121643.07
11 121577.98
12 121636.15
13 121567.96
14 121624.95
15 121535.06
16 121613.03
17 121514.08
18 121575.12
19 121643.07
20 121577.02
21 121636.87
22 121568.92
23 121627.09
24 121547.94
25 121613.03
26 121541.02
27 121627.09
28 121605.87
29 121538.88
30 121615.89
31 121526.96
32 121600.87
33 121526.00
34 121593.95
35 121651.89
36 121566.06
37 121634.01
38 121550.08
39 121623.99
40 121540.07
41 121617.08
42 121531.96
43 121613.03
44 121526.96
45 121602.06
46 121525.05
47 121575.83
48 121632.10
49 121462.11
50 121521.95
51 121469.97
52 121509.08
53 121583.94
54 121644.97
55 121578.93
56 121640.92
57 121587.99
58 121634.96
59 121533.87
60 121611.83
61 121541.98
62 121599.91
63 121541.98
64 121599.91
65 121653.08
66 121587.04
67 121649.98
68 121623.04
69 121541.98
70 121613.98
71 121529.10
72 121606.11
73 121521.95
74 121598.01
75 121518.85
76 121587.99
77 121505.98
78 121583.94
79 121608.02
80 121565.82
81 121616.13
82 121539.12
83 121607.07
84 121531.96
85 121598.96
86 121521.00
87 121595.86
88 121521.95
89 121446.13
90 121509.08
91 121441.13
92 121504.07
93 121579.17
94 121636.87
95 121423.96
96 121500.97
97 121435.17
98 121851.92
99 122164.96
100 122875.93
101 122185.95
102 121351.00
103 121927.02
104 121735.81
105 122409.82
106 121601.82
107 121913.91
108 122470.86
109 122157.10
110 122087.00
111 121629.00
112 122211.93
113 122002.12
114 121954.92
115 121885.06
116 121943.00
117 122116.09
118 121672.15
119 121495.01
120 121804.00
121 122095.82
122 122156.86
123 122358.08
124 122292.04
125 122372.15
126 121671.20
127 121722.94
128 121799.23
129 122222.90
130 122419.83
131 122859.00
132 122033.12
133 122722.86
134 122157.10
135 121953.96
136 122901.92
137 122464.18
138 122261.05
139 122064.11
140 122623.92
141 122314.93
142 122488.98
143 122540.95
144 122477.05
145 122673.03
146 122524.98
147 123652.94
148 123206.85
149 122908.83
150 122845.17
151 123028.99
152 122835.16
153 122395.04
154 122809.89
155 122758.87
156 123181.10
157 122145.89
158 122441.05
159 122889.04
160 122570.99
161 123377.80
162 122437.00
163 123877.05
164 122411.97
165 122865.92
166 122672.08
167 122982.98
168 123661.99
169 122349.98
170 122659.92
171 123091.94
172 122385.98
173 122693.06
174 124144.08
175 122957.94
176 122390.03
177 123324.87
178 122631.07
179 123192.07
180 122982.03
181 122504.95
182 122994.90
183 123049.97
184 122612.00
185 122773.89
186 123417.85
187 122838.97
188 123173.00
189 123498.92
190 123050.93
191 122982.98
192 122925.04
193 123090.98
194 122645.14
195 122952.94
196 122778.18
197 123090.03
198 123250.96
199 123816.97
200 123394.01
201 123198.03
202 124386.07
203 122925.04
204 123602.87
205 123162.03
206 123852.97
207 123663.90
208 123836.04
209 125263.93
210 124722.00
211 123388.05
212 123337.98
213 123108.15
214 123442.89
215 123246.91
216 124562.98
217 123136.04
218 123049.02
219 124112.13
220 123435.02
221 123885.87
222 123814.11
223 123751.16
224 123682.02
225 123859.88
226 123299.12
227 123353.00
228 123929.98
229 123106.00
230 124415.16
231 123991.01
232 123422.15
233 123229.03
234 123906.14
235 124078.99
236 123780.97
237 123842.95
238 123645.07
239 124719.14
240 123396.87
241 124207.97
242 124897.00
243 123560.91
244 123888.02
245 123448.13
246 124258.04
247 124052.05
248 123989.11
249 124556.06
250 123883.01
251 124689.10
252 124124.05
253 123927.12
254 124346.97
255 123672.96
256 124083.04
257 124287.84
258 123597.86
259 123905.90
260 124089.96
261 123898.98
262 124186.99
263 124509.10
264 124200.82
265 123878.00
266 124449.01
267 125001.91
268 123942.14
269 124405.86
270 124331.00
271 123794.08
272 124603.99
273 123789.07
274 124458.07
275 125658.04
276 124454.02
277 124630.93
278 124202.97
279 123893.02
280 124449.97
281 124112.13
282 124328.85
283 124120.95
284 124547.00
285 124102.83
286 124164.82
287 124843.12
288 124429.94
289 124362.95
290 124403.00
291 124341.01
292 124775.89
293 125213.15
294 124770.88
295 124830.01
296 124264.96
297 124577.05
298 124881.98
299 124447.82
300 124639.99
301 124706.98
302 124257.80
303 124315.98
304 124726.06
305 124180.08
306 124487.16
307 124773.03
308 125232.93
309 124759.91
310 124070.88
311 125255.11
312 124562.98
313 125116.83
314 124529.84
315 124739.17
316 125052.93
317 124216.08
318 125042.92
319 125334.98
320 124531.03
321 124974.01
322 124612.09
323 124572.04
324 124501.94
325 125311.85
326 125103.00
327 124669.08
328 125332.12
329 124526.98
330 124340.06
331 124759.20
332 124587.06
333 124522.92
334 124704.84
335 124637.84
336 124581.10
337 124747.04
338 124454.98
339 124511.00
340 124696.97
341 124869.11
342 124938.96
343 126360.89
344 125553.85
345 125118.02
346 125912.19
347 124851.94
348 125039.82
349 124968.05
350 125137.09
351 125197.17
352 125633.96
353 125186.92
354 125263.93
355 125047.92
356 125730.99
357 125797.99
358 125226.97
359 125031.95
360 124992.85
361 125530.96
362 124953.99
363 126044.03
364 124722.00
365 125923.87
366 125344.04
367 125489.00
368 125012.87
369 125093.94
370 125151.16
371 125450.85
372 126513.00
373 125710.96
374 125395.06
375 125458.00
376 125141.14
377 125577.93
378 126625.78
379 125687.12
380 125623.94
381 125921.96
382 125619.17
383 126320.12
384 124979.02
385 125910.04
386 125348.09
387 125937.94
388 126345.16
389 125652.79
390 125570.06
391 125643.01
392 125332.12
393 125617.03
394 125798.94
395 125758.89
396 125442.98
397 125627.04
398 125685.21
399 125617.98
400 125424.15
401 126227.86
402 126415.97
403 125586.99
404 125777.96
405 125716.21
406 125897.88
407 125439.88
408 125519.04
409 126325.13
410 125765.09
411 126692.06
412 125861.88
413 126039.98
414 125614.88
415 125778.91
416 126608.85
417 125804.90
418 125948.19
419 125752.21
420 125664.00
421 127116.92
422 126164.20
423 125851.15
424 125771.05
425 126981.02
426 126791.95
427 126759.05
428 127534.87
429 126723.05
430 127154.83
431 126210.93
432 126756.19
433 126680.85
434 127126.93
435 126451.97
436 127144.10
437 126065.02
438 126502.99
439 126692.06
440 126227.14
441 126179.93
442 126101.97
443 126302.00
444 126839.16
445 121648.79
446 121711.02
447 122008.09
448 121922.02
449 121757.98
450 122212.17
451 122270.11
452 121829.03
453 121510.03
454 122296.09
455 121623.04
456 122565.98
457 121720.08
458 122070.07
459 122127.06
460 121939.90
461 121996.16
462 122817.04
463 122132.06
464 121684.07
465 122370.96
466 122931.00
467 121847.15
468 122179.99
469 122574.81
470 122032.88
471 121587.04
472 121631.86
473 121845.01
474 121526.96
475 121834.99
476 121768.00
477 122577.19
478 121863.84
479 121672.87
480 122447.97
481 122148.04
482 122457.03
483 121629.00
484 121762.99
485 122996.09
486 121553.90
487 121631.15
488 121795.89
489 121614.93
490 121670.96
491 122488.98
492 121920.82
493 122102.98
494 121520.04
495 122725.01
496 122137.78
497 121718.88
498 122777.94
499 121963.98
500 122122.05
501 121722.94
502 121885.06
503 121520.04
504 123116.02
505 121941.09
506 121604.92
507 122181.89
508 121972.08
509 122671.84
510 121443.03
511 122259.14
512 121910.10
513 121588.95
514 122657.06
515 121972.80
516 121912.00
517 121718.17
518 122414.11
519 122087.00
520 121512.89
521 121807.10
522 123007.06
523 122049.09
524 122118.95
525 121809.01
526 122246.98
527 121814.97
528 122855.90
529 122054.10
530 121473.07
531 122313.02
532 121868.85
533 122168.06
534 122241.97
535 121654.99
536 123358.01
537 121395.11
538 121963.98
539 122035.03
540 122595.07
541 122151.14
542 123189.93
543 122268.92
544 121938.94
545 122878.79
546 122061.01
547 121870.04
548 121419.91
549 122869.01
550 122203.11
551 122138.98
552 122426.99
553 121632.10
554 121814.97
555 122122.05
556 122817.99
557 122125.15
558 122175.22
559 121984.00
560 122050.05
561 121614.93
562 121918.20
563 121603.97
564 121365.07
565 121463.06
566 122037.89
567 122082.00
568 121526.00
569 122196.20
570 122140.88
571 121827.13
572 121612.07
573 121939.90
574 121616.13
575 121926.07
576 122589.83
577 122041.94
578 122829.91
579 122402.91
580 121592.04
581 121407.99
582 122080.09
583 121492.86
584 122313.98
585 121737.00
586 122055.05
587 121860.98
588 121382.00
589 121494.05
590 121680.02
591 121973.99
592 121788.98
593 122112.99
594 122166.16
595 123090.03
596 122522.12
597 121583.94
598 122406.96
599 122075.08
600 121365.07
601 121696.23
602 122760.06
603 122823.00
604 122617.01
605 121974.95
606 121896.03
607 121856.93
608 121836.90
609 121762.99
610 122565.98
611 122143.98
612 121824.03
613 121762.99
614 121815.92
615 122503.04
616 121809.96
617 121477.13
618 122176.89
619 122365.00
620 121921.06
621 121706.96
622 122020.96
623 122699.98
624 122266.05
625 122073.89
626 122148.99
627 121949.91
628 122228.15
629 121943.00
630 122016.91
631 121952.06
632 122757.20
633 122211.93
634 122272.01
635 122061.01
636 122514.01
637 121818.07
638 122258.90
639 121814.01
640 122120.14
641 121807.81
642 121992.83
643 122426.03
644 122231.01
645 121674.06
646 122485.16
647 122392.89
648 121850.01
649 122159.00
650 122840.88
651 121533.16
652 122331.86
653 122006.89
654 121430.16
655 122260.09
656 122942.92
657 121755.84
658 122174.98
659 121458.05
660 122395.04
661 122100.11
662 121781.83
663 122210.98
664 121634.96
665 122308.97
666 122121.10
667 121690.03
668 121879.82
669 123066.90
670 121912.00
671 122330.90
672 121656.89
673 122082.95
674 121502.88
675 122084.14
676 121768.00
677 121827.13
678 122884.04
679 121921.06
680 122610.09
681 122178.08
682 121970.89
683 121541.02
684 122737.88
685 121922.97
686 122110.84
687 122181.89
688 122116.09
689 121903.18
690 122115.85
691 121542.93
692 121858.84
693 122900.96
694 121459.01
695 121663.09
696 121970.89
697 121651.17
698 122838.02
699 121620.89
700 121568.92
701 122369.05
702 122195.01
703 122231.96
704 122438.91
705 121870.04
706 121932.03
707 121344.09
708 122058.15
709 121969.94
710 122787.00
711 121956.83
712 122292.04
713 121347.90
714 121676.92
715 122232.91
716 121796.13
717 121855.02
718 122175.93
719 121356.96
720 122539.04
721 122598.89
722 121657.85
723 121968.98
724 121528.15
725 121831.89
726 121644.97
727 121932.98
728 122120.86
729 121329.07
730 121883.87
731 122191.91
732 122246.03
733 122416.02
734 122848.99
735 121802.81
736 121849.06
737 122539.04
738 121834.99
739 122900.96
740 121963.02
741 121762.99
742 122066.02
743 121632.10
744 121440.17
745 122261.05
746 121324.78
747 121519.09
748 121437.79
749 121874.81
750 122199.06
751 122792.96
752 121855.02
753 121904.13
754 121446.85
755 122261.05
756 122687.82
757 122126.10
758 122082.00
759 122133.02
760 121440.89
761 121384.86
762 121684.07
763 121510.03
764 121537.92
765 121845.96
766 121280.91
767 122219.09
768 122781.99
769 122485.88
770 122406.96
771 121854.07
772 121629.95
773 122215.99
774 122247.93
775 121824.98
776 121878.15
777 121297.84
778 121979.00
779 121932.03
780 121726.99
781 121650.93
782 121709.11
783 122912.88
784 122112.99
785 121906.04
786 121964.93
787 121900.08
788 122061.97
789 121617.08
790 122071.98
791 121886.97
792 121722.94
793 122150.18
794 121444.94
795 121896.03
796 121946.10
797 122524.98
798 121824.03
799 121743.92
800 121693.85
801 121751.07
802 122288.94
803 121975.18
804 121412.99
805 122216.94
806 122795.10
807 122729.06
808 122160.91
809 122467.04
810 122138.98
811 121832.13
812 122750.04
813 121804.00
814 121510.03
815 122311.83
816 121588.95
817 122145.89
818 122206.21
819 122514.01
820 122676.13
821 122633.93
822 121672.15
823 121629.00
824 121796.85
825 122228.15
826 121416.81
827 122612.95
828 121662.86
829 121398.93
830 121387.00
831 122212.89
832 121631.86
833 121832.85
834 122014.05
835 121427.06
836 122245.07
837 121821.17
838 121755.12
839 121699.81
840 121871.95
841 121678.11
842 121598.96
843 122054.10
844 121716.02
845 121775.87
846 122077.94
847 121389.87
848 122538.09
849 121732.00
850 121674.06
851 122493.98
852 122936.01
853 122218.13
854 122551.92
855 121595.86
856 121896.98
857 121590.85
858 122412.92
859 121826.89
860 122272.01
861 121458.05
862 122004.03
863 121819.02
864 121613.03
865 122053.86
866 121732.00
867 121454.00
868 121623.04
869 121639.01
870 121362.92
871 121418.00
872 121747.02
873 122413.87
874 121464.01
875 122653.01
876 122215.99
877 121641.87
878 121834.99
879 122033.12
880 121953.96
881 121382.00
882 121711.97
883 121895.07
884 122079.13
885 122365.95
886 122199.06
887 122601.99
888 121809.01
889 121484.99
890 122041.94
891 122085.09
892 121775.15
893 121956.83
894 122160.91
895 121969.94
896 122279.17
897 121935.84
898 121521.00
899 121556.04
900 121978.04
901 122070.07
902 121743.92
903 121793.03
904 122737.88
905 122182.13
906 122612.95
907 121667.15
908 121976.14
909 121931.08
910 122236.97
911 121528.86
912 121975.90
913 122039.08
914 121958.97
915 123157.02
916 122196.91
917 121625.90
918 121439.93
919 121644.97
920 122071.98
921 122261.05
922 121694.09
923 122001.89
924 121546.98
925 121505.02
926 122431.99
927 122730.02
928 121402.03
929 122480.15
930 122670.17
931 121602.06
932 121264.93
933 122092.01
934 121900.08
935 122068.88
936 121642.11
937 121946.10
938 122874.98
939 122433.90
940 122637.99
941 122058.87
942 121640.92
943 122318.98
944 121897.94
945 122691.15
946 121648.07
947 121579.89
948 122015.00
949 121856.93
950 122241.97
951 122066.02
952 122253.89
953 122190.95
954 121635.20
955 121577.98
956 122146.84
957 122330.90
958 122141.84
959 121934.89
960 121875.05
961 121691.94
962 121608.97
963 121434.93
964 123228.07
965 121554.14
966 121714.83
967 121794.94
968 122584.10
969 122274.88
970 121845.96
971 121652.84
972 121571.06
973 122497.08
974 122078.90
975 121763.94
976 121438.98
977 122751.95
978 122165.92
979 122117.04
980 122030.97
981 121349.81
982 121546.03
983 122226.95
984 121644.02
985 123204.95
986 121659.04
987 122717.14
988 121900.80
989 121958.97
990 121627.09
991 122951.98
992 122028.11
993 122841.12
994 121663.09
995 121948.00
996 122287.03
997 122195.01
998 121634.01
999 122710.94
1000 122019.05
1001 121577.02
1002 121946.81
1003 121696.00
1004 121627.09
1005 122077.94
1006 122146.13
1007 122586.01
1008 121649.98
1009 122207.16
1010 122375.97
1011 122199.06
1012 122366.91
1013 121696.00
1014 123128.89
1015 122174.98
1016 122139.93
1017 122678.04
1018 121582.98
1019 122287.03
1020 122615.81
1021 123153.92
1022 121465.92
1023 122163.06
1024 122222.90
1025 122515.92
1026 121828.08
1027 121760.13
1028 122339.96
1029 121644.02
1030 121820.93
1031 122138.02
1032 122060.06
1033 122114.18
1034 121693.85
1035 122487.07
1036 121671.92
1037 121487.86
1038 121832.13
1039 121479.99
1040 121562.00
1041 121725.80
1042 121788.98
1043 122236.01
1044 121795.18
1045 121479.03
1046 121764.90
1047 121582.03
1048 122402.19
1049 121475.93
1050 121548.18
1051 121859.07
1052 122162.10
1053 122232.20
1054 121763.94
1055 122717.14
1056 122004.03
1057 122448.92
1058 122142.79
1059 122301.10
1060 122514.01
1061 121445.89
1062 121615.89
1063 122069.84
1064 122125.15
1065 121683.84
1066 121751.07
1067 121423.96
1068 122102.02
1069 121790.89
1070 121687.89
1071 122663.97
1072 122458.93
1073 123033.05
1074 121964.93
1075 121759.89
1076 122577.91
1077 122141.12
1078 121558.90
1079 123008.01
1080 122192.86
1081 121500.97
1082 121445.18
1083 122120.86
1084 122569.08
1085 121613.03
1086 121545.08
1087 121495.01
1088 122917.89
1089 121474.03
1090 122398.85
1091 122215.99
1092 122168.06
1093 121706.01
1094 123036.15
1095 122076.99
1096 122401.95
1097 121840.00
1098 121999.98
1099 122431.04
1100 121747.02
1101 121440.89
1102 122252.94
1103 122330.90
1104 122141.12
1105 122057.91
1106 121737.96
1107 122053.86
1108 121751.07
1109 121557.95
1110 121667.15
1111 121945.86
1112 122249.13
1113 122058.15
1114 122102.02
1115 123039.01
1116 122232.91
1117 121527.91
1118 122087.96
1119 121910.10
1120 121841.91
1121 122020.96
1122 121334.08
1123 121629.00
1124 122560.98
1125 122136.12
1126 122308.97
1127 122246.98
1128 121680.02
1129 121623.99
1130 121574.16
1131 122239.83
1132 121691.94
1133 121356.01
1134 121558.90
1135 121850.97
1136 122304.92
1137 123362.06
1138 122792.01
1139 121462.82
1140 122920.99
1141 122447.97
1142 121392.97
1143 123092.17
1144 121622.80
1145 122967.00
1146 122006.89
1147 121440.17
1148 122997.05
1149 121932.03
1150 121363.88
1151 122046.95
1152 121664.05
1153 123221.87
1154 122155.90
1155 122467.99
1156 122400.05
1157 121457.10
1158 121745.11
1159 121821.17
1160 122113.94
1161 122457.98
1162 121757.98
1163 121807.10
1164 121513.13
1165 122564.08
1166 122009.99
1167 121694.09
1168 121752.98
1169 121811.15
1170 121980.19
1171 122919.80
1172 122097.97
1173 121920.11
1174 122343.06
1175 121397.02
1176 121580.84
1177 122040.03
1178 122739.08
1179 121921.06
1180 121603.01
1181 122394.08
1182 121831.18
1183 122258.19
1184 122672.08
1185 122091.05
1186 121523.14
1187 122712.14
1188 122403.86
1189 121713.88
1190 122383.12
1191 122081.04
1192 122513.06
1193 122322.80
1194 122488.02
1195 122169.02
1196 122104.88
1197 121917.01
1198 121491.19
1199 122279.17
1200 121335.03
1201 121545.08
1202 122735.02
1203 121914.15
1204 122077.94
1205 121659.99
1206 121596.10
1207 123028.04
1208 121692.90
1209 122128.01
1210 121563.91
1211 122389.08
1212 123573.06
1213 121505.02
1214 122040.99
1215 122118.00
1216 121922.02
1217 122995.85
1218 122039.79
1219 121980.91
1220 122148.04
1221 122596.98
1222 121531.01
1223 122088.91
1224 121896.98
1225 121711.97
1226 121626.85
1227 121685.98
1228 122517.11
1229 121946.10
1230 122249.84
1231 122045.99
1232 121726.99
1233 121444.94
1234 121505.02
1235 122053.86
1236 122123.00
1237 122045.04
1238 121356.01
1239 122303.01
1240 122115.14
1241 122533.80
1242 122355.94
1243 122781.04
1244 122219.09
1245 122149.94
1246 122214.79
1247 122267.01
1248 121593.95
1249 122411.97
1250 122466.09
1251 122897.86
1252 121829.99
1253 121498.82
1254 121454.00
1255 122118.95
1256 121692.18
1257 122606.04
1258 121917.96
1259 122596.03
1260 122150.90
1261 121711.02
1262 122891.90
1263 121958.02
1264 121762.99
1265 121809.96
1266 122252.94
1267 121575.12
1268 122635.13
1269 121801.14
1270 122130.16
1271 121555.09
1272 122099.16
1273 122205.97
1274 121783.97
1275 121792.08
1276 122336.15
1277 123784.07
1278 122570.99
1279 122988.94
1280 122175.93
1281 121983.05
1282 121901.99
1283 122082.95
1284 121773.00
1285 121578.22
1286 121654.99
1287 122838.02
1288 122021.20
1289 121829.03
1290 121634.01
1291 122082.95
1292 121377.94
1293 122323.99
1294 122136.12
1295 122050.05
1296 122126.10
1297 122936.96
1298 121613.98
1299 121680.02
1300 121852.16
1301 121926.07
1302 122112.04
1303 121768.00
1304 122605.09
1305 122522.83
1306 121822.12
1307 121770.86
1308 122339.01
1309 122493.98
1310 122437.00
1311 121980.91
1312 121794.22
1313 121502.88
1314 122166.87
1315 121971.85
1316 121537.92
1317 121711.02
1318 121794.94
1319 122459.17
1320 122551.92
1321 121982.10
1322 122169.97
1323 121818.07
1324 122145.18
1325 121953.01
1326 122389.08
1327 122582.91
1328 122509.96
1329 122174.02
1330 121752.98
1331 122668.98
1332 121482.13
1333 121551.99
1334 121860.03
1335 122420.07
1336 121836.90
1337 122037.17
1338 122442.96
1339 121638.06
1340 123070.96
1341 121500.97
1342 122237.92
1343 122169.02
1344 122965.81
1345 121781.83
1346 123734.00
1347 121765.85
1348 121847.15
1349 122644.90
1350 121690.99
1351 121944.19
1352 121832.85
1353 121642.83
1354 121701.00
1355 122352.84
1356 121671.92
1357 122750.04
1358 121542.22
1359 121340.04
1360 122546.91
1361 121963.98
1362 122260.09
1363 122097.02
1364 121889.83
1365 121453.05
1366 121403.93
1367 122190.00
1368 121619.94
1369 121580.12
1370 121740.10
1371 121835.95
1372 121513.84
1373 122577.91
1374 122165.20
1375 122592.93
1376 122397.18
1377 121724.13
1378 122029.07
1379 122218.13
1380 121527.19
1381 122465.85
1382 122631.07
1383 121577.98
1384 121637.11
1385 121946.10
1386 121506.93
1387 122556.92
1388 122731.92
1389 122790.81
1390 121362.92
1391 121670.01
1392 122476.10
1393 121539.12
1394 122107.03
1395 121794.94
1396 122118.95
1397 121552.94
1398 121986.15
1399 122419.12
1400 121855.02
1401 122784.14
1402 121589.90
1403 121521.00
1404 121567.01
1405 122009.99
1406 121438.98
1407 121756.79
1408 121664.05
1409 122234.11
1410 121660.95
1411 121595.86
1412 121429.92
1413 121752.02
1414 121538.88
1415 121615.89
1416 121802.09
1417 121740.10
1418 121567.01
1419 121747.97
1420 121663.09
1421 121737.00
1422 121794.94
1423 121731.04
1424 121791.12
1425 121717.93
1426 121635.91
1427 121696.95
1428 121780.87
1429 121700.05
1430 121774.91
1431 121695.04
1432 121768.00
1433 121684.07
1434 121759.89
1435 121670.96
1436 121746.06
1437 121699.09
1438 121761.08
1439 121681.93
1440 121756.79
1441 121670.01
1442 121743.92
1443 121680.97
1444 121753.93
1445 121673.11
1446 121747.97
1447 121805.91
1448 121735.10
1449 121650.93
1450 121726.99
1451 121788.02
1452 121709.82
1453 121778.01
1454 121690.03
1455 121769.91
1456 121693.13
1457 121760.13
1458 121676.92
1459 121753.22
1460 121669.05
1461 121742.01
1462 121656.89
1463 121738.91
1464 121798.99
1465 121732.95
1466 121657.13
1467 121726.99
1468 121786.83
1469 121631.15
1470 121703.15
1471 121769.19
1472 121680.97
1473 121612.07
1474 121725.08
1475 121798.04
1476 121731.04
1477 121715.07
1478 121713.16
1479 121650.93
1480 121699.81
1481 121787.07
1482 121708.87
1483 121780.87
1484 121710.06
1485 121778.01
1486 121710.06
1487 121770.86
1488 121700.05
1489 121773.00
1490 121695.04
1491 121768.95
1492 121690.03
1493 121614.93
1494 121675.97
1495 121754.88
1496 121684.07
1497 121532.92
1498 121663.09
1499 121736.05
1500 121794.94
1501 121726.99
1502 121779.20
1503 121702.19
1504 121778.01
1505 121687.89
1506 121645.93
1507 121685.03
1508 121763.94
1509 121682.17
1510 121752.98
1511 121630.19
1512 121733.90
1513 121581.08
1514 121672.87
1515 121734.14
1516 121795.89
1517 121729.14
1518 121788.02
1519 121703.15
1520 121779.92
1521 121573.93
1522 121634.96
1523 121711.02
1524 121766.09
1525 121681.93
1526 121761.08
1527 121678.83
1528 121751.07
1529 121665.00
1530 121731.04
1531 121799.95
1532 121639.97
1533 121567.96
1534 121774.91
1535 121711.02
1536 121768.95
1537 121681.93
1538 121762.04
1539 121681.93
1540 121752.02
1541 121670.01
1542 121744.87
1543 121804.95
1544 121741.06
1545 121650.93
1546 121726.99
1547 121795.18
1548 121711.97
1549 121782.06
1550 121701.96
1551 121770.86
1552 121643.07
1553 121622.09
1554 121690.99
1555 121754.88
1556 121677.88
1557 121748.21
1558 121675.01
1559 121746.06
1560 121654.99
1561 121737.96
1562 121787.07
1563 121716.98
1564 121806.14
1565 121736.05
1566 121651.89
1567 121717.93
1568 121721.03
1569 121800.90
1570 121736.05
1571 121656.89
1572 121658.09
1573 121665.00
1574 121701.00
1575 121783.02
1576 121706.01
1577 121778.01
1578 121696.00
1579 121788.02
1580 121683.12
1581 121766.09
1582 121672.87
1583 121760.13
1584 121676.92
1585 121757.98
1586 121669.05
1587 121749.16
1588 121665.95
1589 121732.00
1590 121669.05
1591 121746.06
1592 121804.95
1593 121598.01
1594 121671.92
1595 121750.12
1596 121667.86
1597 121742.96
1598 121798.99
1599 121587.99
1600 121788.02
1601 121720.08
1602 121779.92
1603 121705.06
1604 121776.10
1605 121699.81
1606 121768.00
1607 121684.07
1608 121760.85
1609 121679.07
1610 121757.98
1611 121668.82
1612 121742.96
1613 121801.14
1614 121736.05
1615 121791.12
1616 121703.15
1617 121659.04
1618 121703.86
1619 121772.05
1620 121679.07
1621 121768.95
1622 121681.93
1623 121758.94
1624 121690.03
1625 121770.14
1626 121686.94
1627 121780.87
1628 121700.05
1629 121773.00
1630 121694.09
1631 121767.04
1632 121684.07
1633 121617.08
1634 121686.94
1635 121756.08
1636 121668.10
1637 121749.88
1638 121667.86
1639 121738.91
1640 121670.01
1641 121607.07
1642 121659.04
1643 121595.14
1644 121794.94
1645 121714.83
1646 121644.02
1647 121707.92
1648 121778.01
1649 121697.90
