600
0 121916.06
1 121809.96
2 121743.92
3 121665.95
4 121736.05
5 121785.16
6 121628.05
7 121768.95
8 121685.03
9 121736.05
10 121661.19
11 121737.00
12 121652.13
13 121701.00
14 121636.15
15 121701.00
16 121764.90
17 121665.00
18 121788.98
19 121719.12
20 121639.01
21 121690.99
22 121760.13
23 121822.83
24 121752.02
25 121748.92
26 121658.80
27 121722.94
28 121794.94
29 121712.92
30 121778.01
31 121727.94
32 121661.90
33 121742.01
34 121794.94
35 121720.79
36 121785.16
37 121577.98
38 121783.02
39 121689.08
40 121634.01
41 121687.17
42 121762.99
43 121674.06
44 121747.97
45 121659.99
46 121778.01
47 121771.10
48 121696.00
49 121764.90
50 121810.20
51 121733.90
52 121659.04
53 121730.09
54 121665.95
55 121721.03
56 121781.83
57 121772.05
58 121726.04
59 121694.09
60 121614.93
61 121685.03
62 121758.94
63 121678.83
64 121750.12
65 121676.92
66 121742.96
67 121654.99
68 121775.15
69 121675.97
70 121747.02
71 121680.97
72 121760.13
73 121670.96
74 121751.07
75 121669.05
76 121732.95
77 121651.89
78 121732.95
79 121788.98
80 121699.81
81 121773.00
82 121698.14
83 121761.08
84 121675.97
85 121753.22
86 121665.00
87 121737.96
88 121653.08
89 121709.11
90 121773.96
91 121698.86
92 121776.82
93 121681.21
94 121758.94
95 121676.92
96 121749.16
97 121804.95
98 121737.00
99 121794.94
100 121591.81
101 121792.08
102 121718.17
103 121774.91
104 121702.91
105 121773.96
106 121690.99
107 135140.18
108 121555.09
109 121567.01
110 125172.85
111 121751.07
112 141063.21
113 121356.96
114 121424.91
115 121612.07
116 121671.92
117 121851.21
118 121391.06
119 121578.93
120 122308.97
121 121740.10
122 121527.91
123 121462.11
124 121536.97
125 123577.12
126 121645.93
127 121967.08
128 121640.92
129 121563.91
130 122254.85
131 121557.00
132 121615.89
133 121693.85
134 121500.02
135 121557.95
136 122498.99
137 122057.91
138 121726.04
139 121919.87
140 121621.13
141 121787.07
142 123351.10
143 121930.12
144 123853.92
145 121701.00
146 121628.05
147 123533.01
148 121618.03
149 123354.91
150 121733.90
151 122194.05
152 122968.20
153 121536.97
154 122835.87
155 121650.93
156 121692.90
157 121638.06
158 121817.11
159 122415.07
160 122224.81
161 121597.05
162 121665.95
163 122331.86
164 123392.11
165 121683.12
166 121614.93
167 121823.07
168 122603.89
169 122810.13
170 122115.85
171 121788.98
172 121853.11
173 121547.94
174 121487.14
175 122042.89
176 121479.99
177 121887.92
178 122324.23
179 121377.94
180 122307.06
181 121742.01
182 122802.97
183 121500.02
184 121549.13
185 121489.05
186 121412.99
187 123214.96
188 121666.91
189 122275.83
190 121781.11
191 121716.98
192 121633.05
193 122335.91
194 121515.04
195 121439.93
196 121450.19
197 121525.05
198 121464.97
199 123019.93
200 122446.78
201 121987.10
202 122557.16
203 121621.13
204 122689.01
205 123487.00
206 122525.93
207 123224.97
208 121805.91
209 123103.14
210 121650.93
211 121726.04
212 122917.89
213 121587.04
214 122529.98
215 121596.10
216 121755.84
217 122459.89
218 121521.00
219 122204.07
220 121643.07
221 122071.03
222 122137.07
223 121928.93
224 121608.97
225 121541.98
226 122363.09
227 121546.03
228 122354.98
229 123039.01
230 121600.87
231 122672.80
232 121501.92
233 122680.19
234 122738.84
235 121901.99
236 122477.05
237 121531.96
238 122095.11
239 121665.95
240 121610.16
241 121895.07
242 122586.97
243 121773.00
244 121583.94
245 121892.93
246 122816.80
247 121989.01
248 122048.14
249 121745.82
250 122186.90
251 122231.01
252 121788.98
253 122869.01
254 121543.88
255 122350.93
256 121518.14
257 121446.85
258 121396.78
259 122995.85
260 122414.11
261 121597.05
262 121798.99
263 121598.01
264 123532.06
265 123196.84
266 121902.23
267 122187.14
268 123014.93
269 123556.14
270 121751.07
271 122184.99
272 121630.91
273 121570.83
274 123008.97
275 121558.90
276 122888.80
277 121441.13
278 121495.01
279 122413.16
280 122337.10
281 121418.95
282 122210.03
283 121526.96
284 121970.89
285 122765.06
286 123211.86
287 122392.89
288 121581.79
289 123878.00
290 124702.93
291 123155.12
292 123087.88
293 121409.18
294 121978.04
295 123541.12
296 124228.95
297 124416.11
298 124959.95
299 125781.06
300 127331.02
301 128273.01
302 127945.90
303 130376.82
304 131063.94
305 131132.13
306 131948.95
307 133505.11
308 134181.98
309 134979.96
310 136574.03
311 137996.20
312 139572.14
313 140645.98
314 140321.02
315 140504.84
316 140203.00
317 127988.82
318 121437.07
319 122232.91
320 121428.97
321 121608.02
322 122032.88
323 121726.99
324 123780.01
325 121713.88
326 123154.88
327 123839.14
328 121640.21
329 123437.88
330 121483.80
331 121670.96
332 122743.84
333 121933.22
334 123489.86
335 124297.14
336 121860.98
337 123413.09
338 121600.87
339 122407.91
340 122481.11
341 122796.06
342 123605.01
343 123533.96
344 124216.08
345 125027.18
346 124963.05
347 125877.14
348 127943.99
349 128010.03
350 127942.09
351 129482.03
352 130172.01
353 130349.87
354 130906.82
355 131731.03
356 131911.99
357 132336.14
358 132275.10
359 132965.09
360 121377.94
361 121579.89
362 121637.11
363 121433.97
364 121504.07
365 121289.01
366 121348.86
367 121531.96
368 121621.13
369 121418.95
370 121488.09
371 121534.82
372 121334.08
373 121522.19
374 121598.01
375 121397.02
376 121833.09
377 121632.10
378 121590.14
379 121506.93
380 121581.08
381 121376.04
382 121558.19
383 121510.98
384 121586.08
385 121504.07
386 121566.06
387 121637.82
388 121447.09
389 121493.10
390 121387.00
391 121480.94
392 121543.88
393 121479.99
394 121557.00
395 121481.18
396 121420.86
397 121479.99
398 121567.01
399 121632.10
400 121412.99
401 121600.87
402 121549.13
403 121344.09
404 121397.97
405 121474.98
406 121529.82
407 121708.87
408 121384.86
409 121678.83
410 121605.87
411 121545.08
412 121594.91
413 121417.05
414 121722.94
415 121658.09
416 121583.94
417 121890.07
418 121559.86
419 121510.03
420 121562.00
421 121627.09
422 121537.92
423 121614.93
424 121798.04
425 121472.12
426 121785.16
427 121602.06
428 121529.10
429 121464.01
430 121241.09
431 121701.00
432 121627.09
433 121691.94
434 121747.97
435 121665.95
436 121604.92
437 121623.99
438 121549.84
439 121748.92
440 121562.00
441 121359.83
442 121412.04
443 121622.09
444 121531.01
445 121610.88
446 121915.82
447 121722.94
448 121640.92
449 121845.01
450 121527.91
451 121459.01
452 121779.20
453 121443.99
454 121516.94
455 121299.98
456 121510.03
457 121563.91
458 121739.86
459 121565.10
460 121493.82
461 121542.93
462 121853.83
463 121398.93
464 121840.95
465 121412.04
466 121592.04
467 121388.91
468 121450.90
469 121521.95
470 121575.12
471 121640.21
472 121378.90
473 121574.88
474 121506.93
475 121826.89
476 121764.18
477 121551.04
478 121860.03
479 121402.98
480 121462.82
481 121565.10
482 121612.07
483 121658.09
484 121605.16
485 121417.05
486 121593.95
487 121781.83
488 121564.15
489 121379.14
490 121828.08
491 121504.78
492 121667.15
493 121623.04
494 121412.04
495 121462.11
496 121527.91
497 121582.03
498 121665.95
499 121574.88
500 121659.04
501 121579.89
502 121649.03
503 121568.92
504 121639.97
505 121699.09
506 121634.96
507 121693.13
508 121625.90
509 121680.97
510 121737.96
511 121670.01
512 121587.04
513 121680.97
514 121613.03
515 121684.07
516 121612.79
517 121675.01
518 121603.97
519 121663.09
520 121584.89
521 121649.98
522 121567.96
523 121646.88
524 121701.00
525 121634.96
526 121693.13
527 121631.86
528 121684.07
529 121618.99
530 121676.92
531 121610.88
532 121701.00
533 121608.97
534 121670.01
535 121465.21
536 121535.06
537 121577.02
538 121662.14
539 121578.93
540 121659.99
541 121567.96
542 121649.03
543 121701.00
544 121639.97
545 121696.00
546 121630.91
547 121701.00
548 121618.99
549 121566.06
550 121634.01
551 121659.04
552 121580.12
553 121507.17
554 121565.82
555 121638.06
556 121555.09
557 121638.06
558 121565.10
559 121644.97
560 121565.82
561 121636.15
562 121685.98
563 121603.01
564 121684.07
565 121601.10
566 121673.11
567 121585.13
568 121663.09
569 121577.02
570 121651.17
571 121712.92
572 121633.05
573 121575.12
574 121633.05
575 121698.14
576 121453.05
577 121682.88
578 121595.14
579 121666.91
580 121585.13
581 121659.99
582 121580.84
583 121649.03
584 121564.87
585 121639.97
586 121700.05
587 121637.11
588 121692.90
589 121617.08
590 121680.97
591 121555.81
592 121686.94
593 121617.08
594 121533.16
595 121592.04
596 121675.01
597 121591.81
598 121662.86
599 121579.89
