1400
0 121258.97
1 120918.99
2 120943.78
3 120973.11
4 120901.11
5 120917.08
6 120916.84
7 120937.11
8 120942.12
9 120990.04
10 120938.06
11 120908.98
12 120945.22
13 120928.05
14 120949.98
15 120940.92
16 120949.03
17 120929.00
18 120944.02
19 120934.96
20 120950.94
21 120935.92
22 120953.80
23 120951.89
24 120949.98
25 120942.12
26 120967.15
27 120944.98
28 120936.87
29 120859.86
30 120954.99
31 120958.09
32 120929.96
33 120910.17
34 120962.14
35 120935.92
36 120950.94
37 120929.00
38 120965.96
39 120910.88
40 120939.97
41 120813.85
42 120941.16
43 120939.02
44 120978.83
45 120916.13
46 120953.08
47 120979.07
48 120944.98
49 120977.88
50 120947.12
51 120939.02
52 120945.93
53 120939.97
54 120952.13
55 120948.08
56 120955.94
57 120924.00
58 120954.99
59 120950.94
60 120952.13
61 120953.80
62 120960.95
63 120957.14
64 120929.00
65 120934.01
66 120935.20
67 120936.87
68 120915.17
69 120872.97
70 120964.05
71 120954.04
72 120930.91
73 120952.13
74 120944.02
75 120956.18
76 120954.04
77 120959.04
78 120952.13
79 120932.10
80 120925.90
81 121002.91
82 120933.06
83 121003.15
84 120940.92
85 120911.84
86 120949.03
87 120944.98
88 120949.03
89 120940.21
90 120954.04
91 120960.00
92 120961.19
93 120924.95
94 120890.86
95 121001.01
96 121027.95
97 120901.11
98 120898.96
99 120949.03
100 120918.99
101 120821.00
102 120892.05
103 120920.90
104 121688.13
105 121055.84
106 121263.03
107 120929.00
108 121630.91
109 120846.99
110 121020.08
111 121041.06
112 120872.97
113 120947.12
114 121027.95
115 121161.94
116 121656.89
117 120841.98
118 121220.83
119 121469.97
120 120925.19
121 120882.03
122 120937.82
123 120965.96
124 121477.13
125 121240.14
126 121062.04
127 121380.81
128 121200.08
129 121553.90
130 121165.04
131 121864.08
132 120934.01
133 121768.95
134 120936.16
135 121336.94
136 121340.04
137 120929.00
138 120967.15
139 120938.06
140 121588.23
141 120988.85
142 121074.91
143 120884.90
144 121532.92
145 121540.07
146 121649.98
147 121127.13
148 121806.86
149 121495.96
150 121123.08
151 122118.95
152 122453.93
153 121292.11
154 121112.11
155 121062.04
156 121824.98
157 121315.00
158 120852.95
159 121047.97
160 121668.10
161 121829.99
162 121259.93
163 121813.06
164 121887.92
165 121481.90
166 121542.93
167 121228.93
168 120723.01
169 121272.80
170 121680.02
171 120902.06
172 122000.93
173 121948.96
174 121224.88
175 121526.00
176 121772.05
177 121738.91
178 121646.88
179 121405.84
180 120868.92
181 121733.90
182 121096.85
183 121570.11
184 120709.90
185 121624.95
186 120796.92
187 121538.88
188 121243.95
189 121177.20
190 122169.02
191 121399.16
192 120850.09
193 120918.99
194 122201.92
195 121554.85
196 120839.12
197 121049.17
198 121400.83
199 121434.93
200 121268.99
201 120807.89
202 121900.08
203 120765.92
204 121906.04
205 121991.16
206 121842.86
207 121093.03
208 121021.99
209 121080.16
210 120841.98
211 121484.99
212 121251.82
213 121608.02
214 121848.11
215 121244.19
216 121062.99
217 121460.91
218 121410.13
219 121294.98
220 120908.02
221 121907.00
222 121495.96
223 121142.15
224 121145.96
225 121855.02
226 120906.11
227 120774.03
228 121824.98
229 121233.94
230 120969.06
231 121438.98
232 121601.82
233 121045.11
234 121235.85
235 120880.84
236 121196.03
237 121823.07
238 121634.01
239 120774.03
240 120880.13
241 121888.88
242 121349.81
243 121278.05
244 121098.04
245 122259.14
246 121483.80
247 121423.96
248 121956.83
249 121968.03
250 121085.88
251 121615.89
252 121541.02
253 121328.12
254 122186.18
255 122013.09
256 121155.98
257 121364.12
258 122002.84
259 121533.87
260 121275.90
261 120836.02
262 121269.94
263 121150.97
264 121996.88
265 122390.99
266 120943.78
267 120872.97
268 121053.93
269 120856.05
270 120898.96
271 120883.94
272 121309.04
273 121207.95
274 121614.93
275 120793.82
276 121716.02
277 120886.09
278 121298.07
279 121075.15
280 121196.03
281 120979.07
282 121505.02
283 121924.16
284 121826.89
285 121141.91
286 121181.01
287 121598.01
288 121310.00
289 120924.95
290 121205.81
291 121008.16
292 121655.94
293 121474.03
294 120911.12
295 121256.83
296 122467.04
297 121218.92
298 120991.95
299 121294.98
300 122689.01
301 121021.03
302 120815.04
303 121616.84
304 120804.07
305 121865.99
306 120871.07
307 121452.09
308 120788.10
309 120882.03
310 122164.96
311 121777.06
312 121997.12
313 121167.90
314 120809.08
315 121376.04
316 121099.00
317 122205.97
318 121826.17
319 121112.11
320 120912.08
321 121461.15
322 121493.10
323 121115.92
324 121200.08
325 121919.16
326 121086.84
327 121615.17
328 120805.98
329 121228.93
330 121026.04
331 120926.14
332 121427.06
333 121322.87
334 121820.93
335 121092.08
336 121727.94
337 121691.94
338 121493.10
339 121052.98
340 121885.06
341 121012.93
342 120880.13
343 121725.08
344 121201.04
345 122268.20
346 121549.84
347 120765.92
348 121009.11
349 120836.02
350 120666.98
351 121482.13
352 121418.95
353 122128.01
354 121080.16
355 121216.06
356 121817.11
357 121246.10
358 121284.01
359 121253.97
360 120873.93
361 121114.02
362 120866.06
363 121121.88
364 120798.11
365 120920.90
366 120917.08
367 121423.01
368 120860.10
369 120904.92
370 121091.13
371 120733.02
372 120845.08
373 120957.85
374 120927.10
375 120798.11
376 121057.03
377 120874.88
378 121171.95
379 120872.97
380 121061.09
381 121020.08
382 121112.11
383 121069.91
384 120929.96
385 121754.17
386 120913.03
387 120970.96
388 121294.02
389 120983.12
390 120878.93
391 121412.04
392 121145.01
393 120951.89
394 120888.95
395 121272.09
396 121053.93
397 121586.08
398 120911.84
399 121009.11
400 121248.96
401 121208.91
402 121215.11
403 121331.21
404 120820.05
405 121114.97
406 120919.94
407 121110.92
408 120823.14
409 121399.88
410 121658.09
411 121084.93
412 120743.04
413 120975.97
414 120723.96
415 121002.91
416 121258.02
417 121220.11
418 121395.11
419 121119.02
420 121289.97
421 120883.23
422 121936.08
423 121232.03
424 120876.07
425 120819.09
426 121037.01
427 121027.95
428 120790.00
429 121370.08
430 120842.93
431 121026.04
432 121654.03
433 120831.01
434 121571.06
435 120875.84
436 120975.02
437 120996.95
438 121150.02
439 121593.95
440 121295.93
441 120867.01
442 120896.10
443 121912.96
444 121035.81
445 121499.06
446 121236.09
447 120934.01
448 120904.92
449 121212.01
450 120805.03
451 121038.20
452 120661.02
453 120933.06
454 121541.98
455 120919.94
456 121234.89
457 120693.92
458 120817.90
459 120847.94
460 120974.06
461 121028.18
462 121033.91
463 121255.16
464 121124.98
465 121130.23
466 121120.93
467 120737.08
468 121535.06
469 120981.93
470 121397.97
471 120819.81
472 121298.07
473 121312.14
474 121393.92
475 121321.92
476 121336.94
477 121385.10
478 120989.08
479 121011.02
480 121515.99
481 121282.10
482 121135.95
483 121194.12
484 120740.89
485 121559.14
486 120906.11
487 120948.08
488 120980.02
489 121073.01
490 121074.91
491 120984.79
492 121444.94
493 120902.06
494 121484.04
495 121172.19
496 121062.04
497 121279.00
498 120996.00
499 121387.96
500 121809.96
501 120939.02
502 121185.06
503 121109.96
504 121443.99
505 120626.93
506 121521.95
507 121188.88
508 121479.03
509 121448.04
510 121215.11
511 121428.97
512 121433.97
513 121543.88
514 121003.15
515 121499.06
516 121487.86
517 120953.08
518 120832.92
519 121988.06
520 121363.88
521 121417.05
522 120972.16
523 121548.89
524 121994.02
525 121310.00
526 121941.09
527 120774.98
528 121096.85
529 121422.05
530 121617.08
531 121243.00
532 121020.08
533 120722.06
534 121669.05
535 121136.90
536 121648.07
537 121507.88
538 121808.05
539 120939.97
540 121076.82
541 121495.01
542 121039.87
543 121255.16
544 121699.09
545 121253.97
546 121299.98
547 121562.96
548 121649.98
549 121064.90
550 121744.87
551 121126.89
552 121253.01
553 121524.81
554 121639.97
555 122120.86
556 121480.94
557 121539.83
558 121645.93
559 121069.91
560 121423.01
561 121339.08
562 121028.90
563 120851.99
564 121405.84
565 121051.79
566 121140.00
567 121482.13
568 121479.03
569 121308.09
570 121104.00
571 121439.93
572 121285.20
573 121285.92
574 121083.97
575 121110.92
576 121512.89
577 121799.95
578 121401.79
579 121011.02
580 121154.07
581 121080.88
582 120754.00
583 121330.02
584 121486.90
585 121268.99
586 121604.92
587 121855.97
588 121333.84
589 121345.04
590 121145.01
591 121320.01
592 121394.87
593 121379.85
594 120999.81
595 121789.93
596 121883.15
597 121278.05
598 121237.04
599 121897.94
600 121330.98
601 121167.18
602 120996.95
603 120957.14
604 121324.06
605 121490.96
606 121145.01
607 121206.05
608 120956.18
609 121102.81
610 121610.88
611 121116.88
612 121064.19
613 120931.15
614 121402.98
615 121303.80
616 121075.15
617 121485.95
618 120801.93
619 121168.85
620 121459.01
621 121474.03
622 121172.90
623 121913.19
624 121237.99
625 121373.89
626 121495.01
627 121615.17
628 121085.88
629 121612.07
630 121006.97
631 121112.82
632 120958.09
633 120845.08
634 121529.10
635 121120.93
636 121275.90
637 121200.08
638 121625.90
639 121223.93
640 121382.95
641 121517.18
642 121356.96
643 121440.89
644 121392.01
645 121471.88
646 121125.22
647 121475.93
648 121202.95
649 121557.00
650 121310.00
651 121354.10
652 121220.11
653 121175.05
654 121531.96
655 121631.15
656 121654.99
657 121366.02
658 121402.98
659 121361.97
660 121986.87
661 121088.98
662 121018.17
663 121325.02
664 121324.06
665 121065.86
666 121517.90
667 121275.19
668 121223.93
669 121345.04
670 121182.20
671 121036.05
672 120954.04
673 121397.02
674 121345.04
675 121202.95
676 121295.21
677 121232.03
678 120851.04
679 121529.10
680 121433.02
681 121135.95
682 121489.05
683 121623.99
684 121712.92
685 121685.03
686 121194.12
687 121287.11
688 121090.17
689 121428.01
690 121766.09
691 121308.80
692 121824.03
693 121513.84
694 121232.03
695 121519.80
696 121433.97
697 121749.88
698 121222.97
699 121245.86
700 121327.88
701 120908.98
702 121069.19
703 120715.86
704 121722.22
705 120851.04
706 120857.00
707 121289.97
708 120929.96
709 121577.02
710 121001.96
711 121687.89
712 121361.97
713 121068.95
714 121614.93
715 121572.02
716 121448.99
717 121315.00
718 121178.87
719 121472.84
720 121358.87
721 121541.98
722 121523.86
723 121807.10
724 121124.03
725 121681.93
726 121085.17
727 121153.83
728 121327.16
729 121129.04
730 121546.03
731 121762.04
732 121761.80
733 121426.11
734 121621.85
735 120916.13
736 120893.96
737 121702.91
738 121304.04
739 121402.98
740 121382.95
741 121380.09
742 121114.97
743 121088.98
744 121109.01
745 121731.04
746 121108.06
747 121701.96
748 121269.94
749 120980.98
750 121709.11
751 121521.95
752 121371.98
753 120831.97
754 121196.99
755 121396.06
756 121388.91
757 121073.96
758 121097.09
759 121798.99
760 121484.99
761 121000.05
762 121515.04
763 121286.87
764 121450.90
765 121232.03
766 121335.98
767 121461.87
768 121428.01
769 121468.07
770 121248.96
771 121128.08
772 121402.98
773 121231.08
774 121756.08
775 121008.87
776 121912.00
777 120726.11
778 121170.04
779 122085.09
780 121127.84
781 121477.84
782 121017.93
783 121839.05
784 121446.85
785 121519.09
786 121015.07
787 121562.96
788 121158.12
789 121126.89
790 121106.15
791 120965.00
792 121275.90
793 121151.92
794 121295.93
795 120728.97
796 121239.19
797 121630.91
798 121233.94
799 121181.96
800 121122.12
801 121203.90
802 121340.04
803 121414.90
804 121129.99
805 121464.97
806 121684.07
807 122037.89
808 120863.91
809 121148.11
810 121160.98
811 120903.02
812 121589.18
813 121329.78
814 121383.91
815 121536.02
816 121452.81
817 121164.80
818 121685.03
819 120755.91
820 121249.20
821 121616.84
822 121374.85
823 121536.02
824 120996.00
825 121616.84
826 120732.07
827 121465.92
828 121697.90
829 121234.89
830 121390.10
831 121756.08
832 121656.89
833 121809.96
834 120940.92
835 121348.14
836 121028.18
837 121255.16
838 120956.18
839 121169.81
840 121104.96
841 121148.82
842 121390.10
843 121227.98
844 121047.97
845 121441.13
846 121530.06
847 121094.94
848 121406.08
849 121030.09
850 121029.14
851 121320.96
852 121392.97
853 120966.20
854 121282.10
855 121141.20
856 121343.85
857 121425.15
858 121305.94
859 121654.99
860 121879.82
861 121344.80
862 121450.90
863 120954.99
864 121783.02
865 121375.08
866 121049.88
867 121297.84
868 121197.94
869 120990.99
870 121619.94
871 121426.82
872 121072.05
873 121572.97
874 121634.01
875 121063.95
876 121183.16
877 121268.03
878 121280.91
879 121607.07
880 120902.06
881 121014.12
882 121403.93
883 121369.12
884 121293.07
885 121265.17
886 121420.86
887 121746.06
888 121132.14
889 120878.93
890 121122.84
891 121093.99
892 121323.82
893 121128.08
894 121459.96
895 121007.20
896 121275.19
897 121693.13
898 121345.04
899 120888.95
900 121459.01
901 121335.03
902 121375.08
903 121476.89
904 121494.05
905 121369.12
906 120774.03
907 121438.98
908 121240.14
909 121244.91
910 121323.82
911 121268.03
912 121256.11
913 121067.05
914 121047.02
915 121247.05
916 121304.04
917 120991.95
918 121408.22
919 121387.96
920 120956.18
921 121300.94
922 121363.16
923 121104.00
924 120913.03
925 121180.06
926 121547.94
927 121509.08
928 121665.00
929 121325.97
930 120964.05
931 121355.06
932 121629.00
933 121376.99
934 121985.91
935 121172.90
936 121252.06
937 120955.94
938 121830.22
939 121214.15
940 121085.88
941 121455.19
942 120998.86
943 121834.04
944 120893.00
945 121244.91
946 121617.08
947 121403.22
948 121607.78
949 121417.05
950 121798.04
951 121340.04
952 121742.96
953 121701.96
954 121200.08
955 121139.05
956 121005.06
957 121929.17
958 121492.15
959 121492.86
960 121129.04
961 120947.84
962 121147.16
963 120923.04
964 121305.94
965 121093.03
966 120997.91
967 121059.89
968 120903.97
969 121047.97
970 121823.07
971 120661.97
972 121155.98
973 121156.93
974 121541.02
975 120702.98
976 121004.10
977 120702.98
978 121309.04
979 121299.98
980 121546.03
981 121194.84
982 121960.16
983 120679.14
984 121089.94
985 121325.97
986 120839.12
987 121313.10
988 121066.09
989 121145.96
990 121371.03
991 121415.85
992 121042.01
993 121200.08
994 121488.09
995 121296.88
996 121515.04
997 121118.07
998 120826.01
999 120898.01
1000 121155.98
1001 121366.98
1002 121452.09
1003 121532.20
1004 121193.89
1005 121552.94
1006 121517.18
1007 121494.05
1008 121369.12
1009 121446.13
1010 121341.94
1011 120991.95
1012 121048.93
1013 121184.11
1014 121390.10
1015 121578.93
1016 121354.10
1017 121652.84
1018 121332.88
1019 121221.07
1020 121409.89
1021 121565.82
1022 120949.98
1023 121232.03
1024 121670.96
1025 121256.11
1026 121443.99
1027 120930.91
1028 121229.89
1029 120883.94
1030 121484.04
1031 121165.04
1032 120891.09
1033 121747.02
1034 121428.97
1035 121447.09
1036 121576.07
1037 121161.94
1038 121212.01
1039 121208.19
1040 121225.12
1041 121371.03
1042 121187.93
1043 121155.98
1044 120728.97
1045 122015.00
1046 120962.14
1047 121018.89
1048 121660.95
1049 121445.89
1050 121300.94
1051 121298.07
1052 120625.97
1053 121181.96
1054 121394.16
1055 121228.93
1056 121284.96
1057 121256.11
1058 121206.05
1059 121662.14
1060 121587.04
1061 121415.14
1062 121411.09
1063 121408.94
1064 121212.96
1065 121026.99
1066 121143.10
1067 121418.00
1068 121762.99
1069 121402.98
1070 120818.14
1071 121176.00
1072 121169.81
1073 121548.89
1074 120769.98
1075 120795.01
1076 121061.09
1077 121392.97
1078 120985.98
1079 121513.84
1080 121522.90
1081 121074.91
1082 120733.98
1083 121881.01
1084 121216.06
1085 121794.94
1086 121064.19
1087 121105.91
1088 121310.95
1089 121463.06
1090 121462.11
1091 121974.95
1092 121338.13
1093 121572.97
1094 121412.04
1095 121407.99
1096 121866.94
1097 121192.93
1098 120935.20
1099 121708.87
1100 121541.02
1101 121574.16
1102 121247.05
1103 121135.00
1104 121169.09
1105 121176.96
1106 121491.91
1107 121263.03
1108 121834.04
1109 121665.00
1110 121426.82
1111 121503.11
1112 121025.09
1113 121681.21
1114 120925.19
1115 121212.96
1116 121869.09
1117 121118.07
1118 121289.97
1119 121562.00
1120 121123.08
1121 120782.14
1122 120925.90
1123 121469.97
1124 121177.91
1125 121656.89
1126 121523.86
1127 121402.98
1128 121592.04
1129 121446.13
1130 121273.99
1131 121644.97
1132 121356.01
1133 120823.14
1134 121412.99
1135 120748.04
1136 121104.00
1137 121452.09
1138 121701.96
1139 121277.81
1140 121209.86
1141 121824.03
1142 121841.91
1143 120823.86
1144 121082.07
1145 121099.00
1146 121296.88
1147 122099.16
1148 121781.11
1149 120981.93
1150 121737.00
1151 121348.86
1152 120719.19
1153 121715.07
1154 120988.13
1155 121108.77
1156 120941.88
1157 121330.98
1158 120774.98
1159 120653.87
1160 121154.07
1161 121305.94
1162 121164.08
1163 120782.85
1164 121303.08
1165 121746.06
1166 121032.00
1167 121245.86
1168 120803.12
1169 121117.83
1170 120771.17
1171 121042.01
1172 120861.05
1173 121818.07
1174 121199.13
1175 121484.04
1176 121416.81
1177 121366.98
1178 120892.05
1179 121338.13
1180 121366.98
1181 121254.21
1182 120828.87
1183 121317.86
1184 121500.02
1185 121117.12
1186 120946.88
1187 120880.13
1188 121902.94
1189 120671.03
1190 121041.06
1191 120792.15
1192 121194.12
1193 120729.92
1194 121386.05
1195 120836.02
1196 121017.93
1197 120898.01
1198 121739.86
1199 121212.96
1200 120939.97
1201 121010.07
1202 120958.09
1203 120813.85
1204 120883.94
1205 121124.03
1206 120791.91
1207 120830.06
1208 121012.93
1209 120903.02
1210 120857.00
1211 120875.12
1212 121445.89
1213 121351.00
1214 121521.00
1215 120793.10
1216 121214.15
1217 121223.93
1218 121471.17
1219 120935.92
1220 121598.01
1221 121556.04
1222 121448.99
1223 121258.97
1224 121352.91
1225 121382.00
1226 120759.01
1227 120676.04
1228 121018.89
1229 120894.19
1230 121064.90
1231 120868.92
1232 121268.03
1233 120944.02
1234 121234.89
1235 120975.97
1236 120737.08
1237 121356.01
1238 121053.93
1239 121009.11
1240 121117.83
1241 121118.07
1242 121033.91
1243 121041.06
1244 121128.08
1245 121117.12
1246 121060.85
1247 121097.09
1248 121109.01
1249 121114.02
1250 120954.99
1251 120937.11
1252 121135.95
1253 121100.90
1254 121067.05
1255 121104.96
1256 121119.02
1257 121113.06
1258 121052.03
1259 121119.98
1260 121123.08
1261 121097.09
1262 121064.90
1263 121104.00
1264 121119.02
1265 121109.96
1266 121121.17
1267 121094.94
1268 121114.97
1269 121129.99
1270 121086.12
1271 121063.95
1272 121099.00
1273 121095.18
1274 121119.02
1275 121107.10
1276 121097.09
1277 121089.94
1278 120997.19
1279 121109.96
1280 121137.86
1281 121112.11
1282 121090.89
1283 121053.93
1284 121053.93
1285 120815.99
1286 121057.99
1287 121041.06
1288 120986.94
1289 121043.92
1290 120949.03
1291 121054.89
1292 120959.04
1293 121056.08
1294 121042.01
1295 121060.85
1296 121044.16
1297 121067.05
1298 120977.88
1299 121040.11
1300 121060.85
1301 121046.07
1302 121061.09
1303 121074.91
1304 121067.05
1305 121002.91
1306 121008.87
1307 121070.86
1308 121057.99
1309 121048.93
1310 121018.17
1311 121043.92
1312 121070.15
1313 121029.85
1314 121001.96
1315 121037.96
1316 121062.04
1317 121049.17
1318 121001.96
1319 121053.22
1320 121090.89
1321 121057.03
1322 121006.01
1323 121060.13
1324 121062.99
1325 121029.14
1326 121065.86
1327 121040.11
1328 121037.96
1329 120973.11
1330 121051.07
1331 121047.02
1332 121057.03
1333 121052.03
1334 121062.99
1335 121057.03
1336 121088.98
1337 121078.01
1338 120983.84
1339 121037.01
1340 121056.08
1341 121100.90
1342 121062.04
1343 121032.00
1344 121077.06
1345 121053.93
1346 121010.07
1347 121059.18
1348 121043.92
1349 121080.16
1350 121022.94
1351 121063.95
1352 121047.97
1353 121013.16
1354 121014.12
1355 121065.86
1356 121042.01
1357 121001.01
1358 121002.91
1359 121062.99
1360 121064.19
1361 121057.99
1362 121061.09
1363 121061.09
1364 121061.09
1365 121062.99
1366 120967.15
1367 121066.09
1368 121045.11
1369 121008.16
1370 121025.09
1371 121021.03
1372 121078.01
1373 121042.97
1374 121010.07
1375 121045.11
1376 121032.95
1377 121055.13
1378 120990.04
1379 121059.89
1380 121051.79
1381 121064.90
1382 121059.89
1383 121002.91
1384 121063.95
1385 121059.89
1386 121038.20
1387 121059.89
1388 121047.02
1389 121067.05
1390 121006.01
1391 121073.96
1392 121050.12
1393 121000.05
1394 121047.97
1395 121041.06
1396 121062.99
1397 121057.99
1398 120963.10
1399 121066.09
