1400
0 121229.89
1 121131.18
2 121128.80
3 121105.91
4 121060.13
5 121074.91
6 121111.15
7 121094.94
8 121114.02
9 121109.01
10 121094.94
11 121113.06
12 121118.07
13 121114.02
14 121118.07
15 121127.13
16 121119.98
17 121096.85
18 121109.96
19 121093.99
20 121114.02
21 121116.88
22 121119.02
23 121114.97
24 121117.12
25 121031.05
26 121114.02
27 121116.16
28 121110.92
29 121112.11
30 121119.98
31 121117.12
32 121114.02
33 121117.12
34 121095.18
35 121120.93
36 121126.89
37 121109.96
38 121126.89
39 121111.87
40 121121.17
41 121118.07
42 121049.17
43 121116.88
44 121124.98
45 121035.10
46 121053.93
47 121103.05
48 121013.88
49 121117.12
50 121079.92
51 121027.95
52 121093.99
53 121109.96
54 121096.13
55 121104.00
56 121097.09
57 121119.98
58 121011.97
59 121110.92
60 121120.21
61 121084.21
62 121096.13
63 121132.85
64 121105.19
65 121070.15
66 121127.13
67 121095.90
68 121061.80
69 121108.06
70 121117.83
71 121088.98
72 121109.01
73 121119.98
74 121094.94
75 121118.07
76 121101.86
77 121138.10
78 121100.90
79 121084.93
80 121106.15
81 121124.03
82 121109.96
83 121131.90
84 121114.02
85 120956.90
86 121118.78
87 121115.92
88 121117.12
89 121109.01
90 121129.04
91 121124.03
92 121128.08
93 120949.98
94 120941.16
95 121109.01
96 120971.20
97 121012.93
98 121088.03
99 121081.11
100 121044.87
101 121055.84
102 121032.95
103 122025.01
104 120916.84
105 120937.11
106 121431.11
107 121840.00
108 121840.00
109 121076.11
110 120999.10
111 121598.01
112 121252.06
113 121291.16
114 120977.88
115 121347.90
116 121528.15
117 122138.98
118 121495.01
119 121345.04
120 121032.95
121 121102.09
122 120964.05
123 121362.92
124 120900.15
125 121792.79
126 122148.04
127 120937.82
128 120794.06
129 121569.87
130 121145.01
131 121809.01
132 121734.86
133 120882.03
134 121557.00
135 121610.88
136 120993.14
137 121266.84
138 121694.09
139 121755.12
140 121409.18
141 121439.93
142 121319.06
143 120924.95
144 121566.06
145 121618.03
146 121438.03
147 121552.94
148 121347.90
149 121122.12
150 122199.06
151 121168.14
152 122139.93
153 122334.00
154 121057.99
155 121208.19
156 121872.90
157 121212.96
158 121454.95
159 121886.97
160 120939.97
161 121746.06
162 120912.08
163 121995.93
164 121619.94
165 121642.11
166 121582.03
167 121438.98
168 121122.12
169 121023.89
170 121223.93
171 121438.98
172 122133.02
173 122525.22
174 121638.06
175 120869.16
176 120855.09
177 121165.99
178 121266.84
179 121740.10
180 121361.02
181 122069.12
182 121128.08
183 120964.05
184 120789.05
185 121332.88
186 121295.93
187 121927.98
188 121835.95
189 121770.14
190 121824.98
191 121666.91
192 121358.16
193 121645.93
194 121164.08
195 122034.07
196 120776.18
197 120859.15
198 121114.02
199 121083.02
200 121627.09
201 120792.87
202 121776.10
203 121980.91
204 121886.01
205 120921.85
206 120764.97
207 121289.97
208 121484.99
209 121525.05
210 120903.97
211 121500.97
212 121521.00
213 121253.01
214 121047.97
215 120882.99
216 121804.95
217 120867.01
218 120879.89
219 121242.05
220 121701.96
221 121586.08
222 121044.87
223 121109.01
224 121418.95
225 121754.17
226 121245.15
227 122249.13
228 121163.13
229 122605.09
230 120771.88
231 120914.94
232 121002.20
233 120802.88
234 121402.98
235 121709.11
236 121042.01
237 121997.12
238 121176.00
239 120794.06
240 120984.08
241 120802.88
242 120882.03
243 120791.91
244 121077.06
245 121258.97
246 121155.98
247 121536.02
248 120928.05
249 121287.82
250 120821.00
251 121230.84
252 121822.83
253 121483.09
254 121330.02
255 121045.11
256 120862.01
257 120800.02
258 121304.04
259 121216.06
260 121160.03
261 121000.05
262 121508.84
263 120911.12
264 121546.98
265 122276.07
266 121083.02
267 121199.85
268 121450.90
269 121562.00
270 121397.02
271 121235.85
272 121158.84
273 121586.80
274 121826.17
275 121479.99
276 121505.02
277 122098.92
278 121518.85
279 121252.06
280 121201.04
281 121104.00
282 120940.92
283 121314.05
284 121226.79
285 121470.93
286 122302.06
287 120966.91
288 121360.06
289 121507.17
290 121341.94
291 122094.15
292 121119.98
293 121563.91
294 120851.04
295 121247.05
296 121866.94
297 121152.88
298 121237.04
299 121294.98
300 122689.96
301 122401.00
302 121660.95
303 120776.89
304 121195.08
305 121160.98
306 121484.04
307 121708.87
308 120950.94
309 120996.00
310 122475.86
311 121437.07
312 121337.18
313 120936.16
314 121310.95
315 121024.85
316 121000.05
317 121719.84
318 121006.97
319 120965.00
320 121776.10
321 121546.98
322 120864.15
323 121539.83
324 121496.92
325 121126.17
326 121189.83
327 121680.97
328 121601.10
329 121500.02
330 121034.86
331 120934.01
332 120830.06
333 120999.10
334 121037.01
335 121228.93
336 121129.99
337 121391.06
338 122504.00
339 121862.89
340 121059.89
341 121431.83
342 121561.05
343 120757.10
344 121078.01
345 121001.96
346 121011.02
347 120960.00
348 121444.94
349 121234.18
350 120900.87
351 121556.04
352 121319.06
353 121453.05
354 120903.97
355 121495.96
356 121417.05
357 121086.84
358 120653.87
359 120691.06
360 120851.99
361 121073.01
362 120877.98
363 120836.02
364 120879.89
365 121027.95
366 120897.05
367 121063.95
368 120987.18
369 121311.90
370 120759.96
371 120888.95
372 121232.03
373 120765.92
374 121195.08
375 120786.19
376 120912.79
377 121546.03
378 120795.01
379 120784.04
380 120985.03
381 120759.96
382 120874.88
383 120808.12
384 120696.07
385 120779.99
386 120697.98
387 120999.10
388 120590.93
389 120892.05
390 120643.85
391 120771.17
392 120766.88
393 121010.07
394 120790.00
395 121186.02
396 120939.97
397 120776.89
398 120998.14
399 120810.03
400 120692.01
401 120898.96
402 121297.12
403 120905.88
404 120918.99
405 120850.09
406 121051.07
407 120960.95
408 120996.95
409 120908.98
410 121221.78
411 120972.87
412 120778.08
413 120799.06
414 120953.08
415 120718.00
416 120898.96
417 120925.90
418 120975.02
419 120735.17
420 120797.16
421 120861.05
422 120896.10
423 120925.19
424 121004.82
425 121043.92
426 120778.08
427 121051.07
428 120869.87
429 120975.97
430 120936.87
431 121310.23
432 121059.89
433 120981.93
434 120950.94
435 120949.98
436 121316.91
437 121135.00
438 121193.89
439 121513.84
440 120947.84
441 121328.12
442 120980.02
443 120729.92
444 120774.98
445 120854.85
446 120873.21
447 121498.11
448 121480.94
449 120709.18
450 120946.88
451 121330.02
452 121006.01
453 120922.80
454 121521.00
455 120783.09
456 121398.93
457 121152.88
458 121243.00
459 121292.11
460 121291.88
461 121060.13
462 121393.92
463 121484.99
464 120868.92
465 121171.00
466 121712.21
467 121264.93
468 121432.07
469 120934.01
470 121416.09
471 121248.01
472 120836.97
473 121034.15
474 120790.00
475 120992.90
476 121551.04
477 121185.06
478 121293.78
479 121599.91
480 120862.01
481 121315.96
482 121280.19
483 121050.12
484 121443.03
485 121500.02
486 121145.01
487 121197.94
488 121958.97
489 120877.03
490 121517.90
491 121934.18
492 121310.95
493 121628.05
494 121371.03
495 121428.01
496 120849.13
497 121460.91
498 121994.02
499 121218.92
500 120898.01
501 121377.94
502 120905.88
503 121402.98
504 121157.88
505 121366.02
506 121093.03
507 121110.92
508 121670.96
509 121459.96
510 120965.96
511 121197.94
512 121093.03
513 121353.86
514 121114.97
515 121347.90
516 121209.86
517 121477.84
518 121402.98
519 121413.95
520 121305.94
521 120970.01
522 121490.00
523 121361.97
524 120666.98
525 120640.99
526 121422.05
527 120883.94
528 121557.00
529 121268.03
530 121527.19
531 121351.00
532 121400.12
533 121484.04
534 121201.99
535 120792.87
536 121438.03
537 121183.87
538 121239.90
539 121335.98
540 122144.94
541 121295.93
542 121353.86
543 120812.89
544 121189.83
545 121005.06
546 120939.97
547 121437.07
548 120986.94
549 121384.14
550 121129.04
551 121162.89
552 121034.86
553 121534.82
554 121011.02
555 121541.02
556 121369.12
557 121567.01
558 121535.06
559 121160.03
560 121206.05
561 121076.82
562 120990.99
563 121593.95
564 121052.98
565 121206.05
566 121655.94
567 121287.11
568 121505.98
569 121253.01
570 121067.05
571 121532.92
572 120978.12
573 121480.94
574 121674.06
575 121448.99
576 121665.95
577 121105.91
578 121583.22
579 121161.94
580 121205.09
581 121516.94
582 121495.01
583 121149.06
584 120805.98
585 121063.95
586 121344.09
587 121665.95
588 121001.96
589 121232.03
590 121131.18
591 121588.95
592 121619.94
593 121361.02
594 121474.03
595 121318.82
596 121351.00
597 121593.00
598 121471.17
599 121165.04
600 121336.94
601 121320.01
602 121485.95
603 121632.10
604 121374.13
605 121639.01
606 121562.96
607 121119.02
608 121954.92
609 121490.00
610 121306.90
611 120992.90
612 121326.92
613 121567.01
614 121893.88
615 121613.98
616 121263.98
617 121034.86
618 121095.90
619 121325.97
620 121415.14
621 121407.99
622 121614.93
623 121094.94
624 121495.01
625 121422.05
626 121038.91
627 121358.87
628 121018.17
629 121018.89
630 121740.10
631 121115.92
632 121449.95
633 121401.07
634 121292.11
635 121537.92
636 121366.98
637 121284.01
638 121386.05
639 120941.16
640 120870.11
641 121261.84
642 122193.10
643 121445.89
644 120959.04
645 121252.06
646 121575.12
647 121464.01
648 121504.07
649 121448.99
650 121471.17
651 121670.01
652 121040.11
653 121299.98
654 121621.85
655 121079.92
656 121316.91
657 121563.91
658 120982.17
659 121212.01
660 121178.15
661 120976.92
662 121278.05
663 121360.06
664 120822.91
665 121282.10
666 121139.05
667 121340.99
668 121544.12
669 121624.95
670 121177.91
671 121253.97
672 120862.96
673 121219.16
674 121404.17
675 121153.83
676 121323.11
677 121057.03
678 121084.93
679 121307.13
680 121088.98
681 121270.18
682 121285.92
683 121339.80
684 121153.83
685 121654.03
686 121360.06
687 121479.99
688 121192.93
689 121532.20
690 121142.15
691 121675.97
692 122190.00
693 121458.05
694 121171.00
695 121969.94
696 121337.89
697 121207.00
698 121089.94
699 120786.91
700 121284.01
701 121025.80
702 120858.91
703 121182.92
704 121588.95
705 121354.10
706 121036.05
707 121056.08
708 120878.93
709 121593.00
710 120987.89
711 121443.03
712 121306.90
713 121076.11
714 120998.86
715 121289.97
716 121263.98
717 121188.88
718 121375.80
719 121399.16
720 121466.16
721 121490.96
722 120969.06
723 121038.91
724 121260.17
725 121531.96
726 121364.83
727 121263.98
728 121286.15
729 121232.99
730 121484.99
731 121323.11
732 121180.06
733 121493.10
734 120977.88
735 121506.93
736 121720.08
737 121080.88
738 121139.05
739 121026.99
740 121496.92
741 121091.13
742 121576.07
743 121326.92
744 121366.02
745 121204.14
746 121362.21
747 121335.03
748 121572.02
749 121528.86
750 120790.00
751 121294.02
752 121669.05
753 121402.03
754 121155.02
755 121135.00
756 121147.16
757 121057.99
758 121389.87
759 121479.99
760 121681.21
761 121064.90
762 121068.95
763 120996.95
764 121414.18
765 121244.91
766 121355.06
767 121196.99
768 121048.93
769 121563.91
770 121016.98
771 121264.93
772 121784.93
773 121175.05
774 121410.85
775 121887.92
776 121932.98
777 120960.00
778 121089.94
779 121093.03
780 121243.00
781 121618.99
782 121162.18
783 121225.83
784 121468.07
785 121469.02
786 121325.02
787 120871.07
788 121313.10
789 120991.95
790 121244.91
791 121499.78
792 121237.99
793 121082.78
794 121688.13
795 121201.99
796 121099.95
797 121239.90
798 121698.86
799 121190.07
800 121171.00
801 121475.93
802 120884.18
803 121544.12
804 120988.13
805 121063.95
806 121479.99
807 121602.06
808 121045.11
809 121010.07
810 121083.97
811 121225.12
812 121455.19
813 121398.93
814 121397.97
815 121034.86
816 121375.08
817 120986.94
818 121217.01
819 121295.93
820 121376.99
821 121630.91
822 121279.00
823 121400.12
824 121169.09
825 121544.84
826 121674.06
827 121382.24
828 121904.85
829 121809.96
830 121181.01
831 121370.79
832 121217.01
833 121230.84
834 121210.10
835 121663.81
836 121113.06
837 121416.09
838 121082.07
839 121755.12
840 121095.90
841 121490.96
842 121393.20
843 121540.07
844 121150.02
845 121165.99
846 121409.89
847 121611.12
848 121142.86
849 121120.93
850 121201.04
851 121451.14
852 121267.08
853 120790.96
854 121095.90
855 121006.01
856 121748.92
857 121618.03
858 120895.86
859 121237.99
860 121797.08
861 121057.99
862 121287.11
863 121573.93
864 121017.93
865 121264.22
866 121051.07
867 121464.97
868 121181.01
869 120980.98
870 121506.93
871 121219.87
872 121159.08
873 121186.02
874 121486.90
875 120841.03
876 121535.06
877 121423.01
878 121646.17
879 121208.91
880 121848.11
881 120781.90
882 121318.10
883 121186.02
884 121826.89
885 121128.08
886 121358.16
887 121511.94
888 121510.98
889 120867.01
890 121606.11
891 120929.96
892 121454.95
893 121144.06
894 121153.83
895 121171.95
896 121474.03
897 121590.85
898 121303.08
899 120947.12
900 121217.01
901 121247.05
902 121119.02
903 121059.18
904 121312.86
905 121325.97
906 121269.94
907 121047.97
908 121041.06
909 121169.09
910 121351.00
911 121665.00
912 120990.04
913 121581.08
914 121330.02
915 120898.01
916 121009.83
917 121604.92
918 120987.89
919 121086.84
920 121129.04
921 120872.02
922 122082.95
923 121528.15
924 121531.01
925 121289.97
926 120990.99
927 121479.99
928 121356.96
929 121130.94
930 121611.12
931 121511.94
932 121507.88
933 121528.86
934 120975.02
935 121149.06
936 121517.90
937 121319.06
938 121331.93
939 120912.79
940 120944.98
941 121667.86
942 120898.96
943 121160.03
944 121428.01
945 121344.09
946 121484.99
947 121403.93
948 121287.11
949 120787.86
950 121424.91
951 121223.93
952 121649.03
953 121443.03
954 121414.90
955 121521.00
956 121187.93
957 121509.79
958 121053.22
959 121460.91
960 121599.91
961 121253.97
962 121434.93
963 120999.10
964 121175.05
965 121569.87
966 120949.03
967 121335.03
968 121162.89
969 121222.02
970 121613.98
971 121732.00
972 121556.04
973 120898.01
974 121158.12
975 121340.04
976 121860.98
977 121256.11
978 121456.15
979 121497.15
980 121380.81
981 121555.81
982 121811.87
983 121166.94
984 121339.08
985 121664.05
986 121157.17
987 121821.88
988 121098.04
989 121263.98
990 121692.18
991 121253.97
992 121444.23
993 121670.96
994 121682.17
995 121560.10
996 120888.95
997 120977.16
998 121380.09
999 121529.10
1000 121128.08
1001 121308.09
1002 121345.04
1003 121392.97
1004 121425.15
1005 121484.04
1006 121165.04
1007 121474.03
1008 121253.97
1009 121247.05
1010 121044.87
1011 121508.84
1012 121497.15
1013 121329.07
1014 121085.88
1015 121387.00
1016 121236.09
1017 121661.19
1018 121546.98
1019 121115.21
1020 121461.15
1021 121075.15
1022 121192.93
1023 121128.08
1024 121651.89
1025 120978.12
1026 121726.04
1027 121212.01
1028 121320.96
1029 121572.97
1030 121432.07
1031 121088.98
1032 121187.93
1033 120960.00
1034 121557.00
1035 121402.98
1036 121304.99
1037 120825.05
1038 121068.95
1039 121886.01
1040 121500.02
1041 121579.89
1042 121513.84
1043 120773.08
1044 121003.15
1045 121178.87
1046 121502.16
1047 120862.96
1048 121303.80
1049 121486.90
1050 120878.93
1051 121145.96
1052 121285.92
1053 121404.89
1054 120891.09
1055 121418.95
1056 120934.01
1057 121132.85
1058 121488.09
1059 121343.14
1060 120926.86
1061 120676.04
1062 121604.92
1063 121522.90
1064 121215.11
1065 121091.13
1066 121129.99
1067 120785.95
1068 120689.87
1069 121165.99
1070 121078.97
1071 121052.03
1072 121555.09
1073 120868.92
1074 121737.00
1075 121265.17
1076 121445.18
1077 121093.99
1078 121459.01
1079 121371.98
1080 121653.08
1081 121005.06
1082 120845.08
1083 121128.08
1084 121083.97
1085 121450.90
1086 121214.15
1087 121362.92
1088 121122.12
1089 120887.04
1090 121458.05
1091 121008.16
1092 121403.22
1093 120971.92
1094 120975.97
1095 121197.94
1096 121121.88
1097 121522.90
1098 121086.84
1099 121104.00
1100 120697.02
1101 121146.20
1102 121037.01
1103 121581.08
1104 120766.16
1105 121017.93
1106 121015.07
1107 121495.01
1108 121220.83
1109 120929.96
1110 121436.12
1111 120980.98
1112 120790.00
1113 121011.02
1114 120836.02
1115 121049.17
1116 121111.87
1117 121553.18
1118 120977.88
1119 120998.14
1120 120970.01
1121 121253.97
1122 121155.02
1123 120584.01
1124 121077.06
1125 121236.09
1126 121515.04
1127 121576.07
1128 121114.02
1129 120953.08
1130 120931.15
1131 121668.10
1132 121288.06
1133 121098.04
1134 121380.09
1135 121350.05
1136 121301.17
1137 120882.99
1138 121129.99
1139 121551.04
1140 121315.00
1141 120829.11
1142 121047.97
1143 121047.97
1144 121852.87
1145 120841.03
1146 120839.12
1147 121018.89
1148 121443.03
1149 121309.04
1150 120776.89
1151 120914.94
1152 120865.11
1153 121071.10
1154 121590.14
1155 121397.02
1156 121196.99
1157 121474.03
1158 120758.06
1159 121676.21
1160 120957.85
1161 121506.93
1162 121495.01
1163 121740.10
1164 121237.99
1165 121257.78
1166 121075.15
1167 121264.93
1168 121330.02
1169 121186.97
1170 121448.99
1171 121182.20
1172 120631.93
1173 120949.03
1174 121189.83
1175 121049.88
1176 121021.99
1177 121159.08
1178 121073.01
1179 121202.95
1180 121419.91
1181 120783.09
1182 121129.04
1183 121283.05
1184 120790.96
1185 120882.99
1186 121422.05
1187 121098.04
1188 121361.02
1189 121068.00
1190 121063.95
1191 121365.79
1192 121371.03
1193 120661.97
1194 121194.12
1195 120846.99
1196 120649.10
1197 120963.10
1198 120738.98
1199 121291.16
1200 121037.96
1201 121479.99
1202 121433.97
1203 120816.95
1204 121134.04
1205 121072.05
1206 121170.04
1207 121170.04
1208 121206.05
1209 121409.18
1210 121165.04
1211 120695.11
1212 121397.02
1213 120873.21
1214 120980.02
1215 121150.97
1216 121218.20
1217 121298.07
1218 121176.96
1219 120775.94
1220 120805.98
1221 120845.08
1222 120779.04
1223 120939.97
1224 121156.93
1225 121115.92
1226 120831.01
1227 121427.06
1228 121099.00
1229 120677.23
1230 121017.93
1231 121334.08
1232 120947.12
1233 120852.95
1234 121176.96
1235 120959.04
1236 120921.13
1237 120816.95
1238 120818.85
1239 120858.91
1240 121448.99
1241 120779.04
1242 120782.85
1243 120857.00
1244 121201.04
1245 120951.18
1246 120809.79
1247 120856.05
1248 120893.00
1249 121071.10
1250 120960.95
1251 120844.13
1252 120883.94
1253 120834.83
1254 120774.03
1255 120969.06
1256 121046.07
1257 121065.86
1258 121167.90
1259 120957.14
1260 120803.12
1261 120908.02
1262 120967.15
1263 120876.79
1264 121061.09
1265 121029.14
1266 121061.09
1267 121055.13
1268 121027.95
1269 121009.83
1270 121070.15
1271 121059.89
1272 121037.01
1273 121036.05
1274 121058.94
1275 121042.97
1276 121110.92
1277 121059.89
1278 121046.07
1279 121080.88
1280 121066.09
1281 121039.15
1282 121044.87
1283 121041.06
1284 121055.84
1285 121038.91
1286 121041.06
1287 121041.06
1288 121058.94
1289 121051.07
1290 121043.92
1291 121071.10
1292 120987.18
1293 121050.12
1294 121068.00
1295 121033.19
1296 121018.89
1297 121042.97
1298 121062.99
1299 121059.18
1300 121050.83
1301 121057.03
1302 121057.99
1303 121041.77
1304 121047.02
1305 121054.89
1306 121056.08
1307 121062.04
1308 121052.98
1309 121049.17
1310 121052.98
1311 121039.87
1312 121065.14
1313 121041.06
1314 120997.91
1315 121024.13
1316 121056.08
1317 121044.87
1318 121036.05
1319 121046.07
1320 121046.07
1321 121037.01
1322 121043.92
1323 121045.11
1324 121056.08
1325 121058.94
1326 121057.99
1327 121068.00
1328 121054.89
1329 121062.99
1330 121057.99
1331 121067.05
1332 121052.03
1333 121053.93
1334 121028.90
1335 121052.98
1336 121058.94
1337 121057.03
1338 121068.95
1339 121066.81
1340 121049.88
1341 121062.04
1342 121061.09
1343 121040.11
1344 121055.84
1345 121059.89
1346 121050.12
1347 121070.86
1348 121050.83
1349 121048.93
1350 121043.21
1351 121051.07
1352 121049.88
1353 121047.02
1354 120985.98
1355 121037.96
1356 121056.08
1357 121025.80
1358 121042.01
1359 121056.08
1360 121050.83
1361 121049.88
1362 121052.03
1363 121046.07
1364 121058.94
1365 121037.01
1366 121042.97
1367 121047.02
1368 121057.03
1369 121049.88
1370 121047.02
1371 121042.97
1372 121052.98
1373 121042.97
1374 121026.04
1375 121046.07
1376 121021.99
1377 121087.07
1378 121042.97
1379 121042.97
1380 121052.98
1381 121041.06
1382 121040.11
1383 120986.94
1384 121060.13
1385 121033.91
1386 121042.01
1387 121043.21
1388 121060.85
1389 121036.05
1390 121046.07
1391 121046.07
1392 121057.03
1393 121045.11
1394 121026.99
1395 121037.01
1396 121052.03
1397 121042.01
1398 121026.99
1399 121033.91
