1400
0 121143.10
1 121145.96
2 121084.93
3 121093.03
4 121039.15
5 121112.11
6 121130.23
7 121109.96
8 121118.07
9 121127.84
10 121114.02
11 121114.97
12 121099.00
13 121110.20
14 121115.21
15 121134.04
16 121102.09
17 121091.13
18 121099.00
19 121134.04
20 121112.11
21 121112.11
22 121085.17
23 121107.10
24 121102.09
25 121114.02
26 121110.92
27 121100.90
28 121113.06
29 121116.16
30 121138.10
31 121123.08
32 121094.94
33 121102.81
34 121118.07
35 121109.01
36 121111.87
37 121113.78
38 121118.07
39 121105.91
40 121098.04
41 121090.89
42 121081.83
43 121119.98
44 121047.02
45 121115.92
46 121133.09
47 121058.94
48 121085.88
49 121122.84
50 121113.06
51 121112.82
52 121120.93
53 121111.87
54 121099.95
55 121095.90
56 121104.96
57 121116.16
58 121120.93
59 121119.98
60 121104.96
61 121107.10
62 121066.09
63 121114.97
64 121038.91
65 121113.06
66 121099.00
67 121122.84
68 121122.12
69 121119.98
70 121122.12
71 121093.03
72 121109.96
73 121114.97
74 121107.10
75 121110.92
76 121016.98
77 121095.90
78 121125.94
79 121117.12
80 121119.02
81 121129.04
82 120975.02
83 121121.88
84 121047.02
85 121124.98
86 121118.07
87 121094.94
88 121100.90
89 121021.03
90 121118.78
91 121125.94
92 121093.03
93 121102.09
94 120965.00
95 121059.18
96 120929.00
97 121009.11
98 120923.04
99 120921.13
100 121084.93
101 120937.11
102 120975.97
103 121104.00
104 121467.11
105 121618.03
106 121901.99
107 120932.10
108 121111.87
109 122158.05
110 120940.92
111 121506.93
112 120926.86
113 120934.01
114 121164.08
115 121839.05
116 121020.79
117 121008.87
118 121402.03
119 121237.99
120 121003.15
121 120969.06
122 120871.07
123 120917.80
124 121304.04
125 121367.93
126 120998.14
127 121261.12
128 121155.98
129 121896.98
130 121121.17
131 121494.05
132 120948.08
133 121139.76
134 121541.98
135 121217.97
136 120978.83
137 121227.03
138 120985.03
139 121159.08
140 121178.15
141 121072.05
142 121292.11
143 121156.93
144 121227.98
145 121576.07
146 121037.96
147 121585.13
148 120852.95
149 121437.07
150 121404.89
151 120939.97
152 121018.17
153 120922.09
154 121307.13
155 121183.16
156 121242.05
157 121889.11
158 121061.09
159 121438.03
160 121993.78
161 121143.10
162 121078.97
163 121154.07
164 121686.94
165 121404.89
166 121495.01
167 121618.99
168 121026.99
169 121388.20
170 120912.08
171 121057.99
172 121658.09
173 121172.19
174 121748.92
175 121551.04
176 121403.93
177 121768.95
178 121279.95
179 120735.17
180 121423.96
181 122046.95
182 121539.12
183 121676.92
184 121052.98
185 121510.98
186 122285.13
187 121477.84
188 122497.08
189 120980.02
190 121235.13
191 121945.86
192 121052.98
193 121742.01
194 121077.06
195 120975.97
196 120961.90
197 121175.05
198 121028.18
199 121405.12
200 121269.94
201 122039.08
202 120934.96
203 122020.96
204 121032.00
205 122426.99
206 120875.84
207 120981.93
208 122197.87
209 121987.10
210 122521.16
211 120742.08
212 121022.94
213 121505.02
214 121306.18
215 121773.00
216 122157.10
217 121824.03
218 121611.12
219 121223.93
220 121079.92
221 120966.20
222 120874.88
223 121177.91
224 121551.04
225 121503.11
226 121308.09
227 121418.00
228 121155.02
229 121916.06
230 122136.12
231 120968.10
232 121275.19
233 121167.90
234 121842.15
235 121205.09
236 120946.88
237 121353.15
238 121502.16
239 121494.05
240 122358.08
241 121460.20
242 121557.00
243 122205.02
244 121176.00
245 121221.07
246 121995.93
247 121074.91
248 121800.90
249 121009.11
250 121570.11
251 121351.96
252 121371.03
253 121109.96
254 121185.06
255 120908.02
256 121726.99
257 121508.12
258 121978.04
259 122434.14
260 122839.93
261 121011.02
262 121897.94
263 121387.00
264 121351.96
265 120797.87
266 121314.05
267 121943.00
268 121073.96
269 121465.21
270 122496.84
271 121402.98
272 121181.01
273 121131.18
274 120884.18
275 120843.89
276 121101.86
277 121145.01
278 121822.83
279 121322.15
280 121392.97
281 121740.10
282 121146.92
283 121109.01
284 121048.93
285 121501.21
286 121515.04
287 122092.01
288 121469.02
289 120998.86
290 122213.84
291 121132.14
292 121673.11
293 121116.16
294 122810.13
295 121052.98
296 121850.01
297 121671.92
298 121456.15
299 121066.09
300 120816.95
301 121707.92
302 120903.02
303 121335.03
304 122084.86
305 122155.19
306 122017.86
307 121114.02
308 121091.13
309 121036.05
310 121815.20
311 121926.07
312 120968.10
313 121728.90
314 120984.08
315 121576.07
316 121468.07
317 121132.14
318 121392.97
319 121503.11
320 121164.08
321 121363.88
322 122165.92
323 121521.95
324 121209.14
325 121481.90
326 121438.98
327 121450.90
328 121984.00
329 121126.17
330 120936.87
331 121920.11
332 121032.00
333 121814.01
334 120940.92
335 121820.93
336 121410.13
337 121550.08
338 121414.90
339 121517.90
340 121325.02
341 120915.17
342 120957.85
343 121519.80
344 121315.96
345 121054.89
346 121943.95
347 120924.95
348 121746.78
349 121735.10
350 121473.07
351 121013.88
352 121119.98
353 122839.93
354 121940.85
355 121603.97
356 122517.11
357 121463.06
358 121371.98
359 120708.94
360 121306.90
361 121124.98
362 121337.18
363 121022.94
364 120962.86
365 121063.95
366 121002.20
367 121145.96
368 121752.02
369 120773.08
370 121201.04
371 120835.07
372 121078.97
373 121688.13
374 120777.13
375 120951.89
376 120822.91
377 121237.04
378 120904.92
379 120727.06
380 120949.98
381 121154.07
382 121000.05
383 121079.92
384 120923.04
385 120938.78
386 121088.98
387 121701.96
388 121106.86
389 120857.00
390 121247.05
391 120739.94
392 121032.00
393 121164.80
394 120851.04
395 120779.04
396 121590.14
397 120926.86
398 121176.96
399 120844.84
400 120866.06
401 120900.87
402 121009.11
403 121126.89
404 121045.11
405 121433.97
406 121471.88
407 121062.99
408 121081.83
409 121068.95
410 120934.01
411 121037.96
412 121024.13
413 120996.00
414 121029.14
415 121171.00
416 121003.15
417 120990.99
418 121359.11
419 121458.05
420 121363.16
421 120934.01
422 121562.00
423 120960.00
424 121655.94
425 120846.03
426 120907.78
427 121083.02
428 121312.14
429 121495.96
430 120908.98
431 121029.14
432 121115.92
433 120873.93
434 120924.95
435 121032.00
436 121235.13
437 120856.05
438 120942.12
439 121203.90
440 121325.97
441 121171.95
442 121173.14
443 121327.88
444 121183.87
445 121002.91
446 121480.94
447 120762.83
448 121168.14
449 120889.90
450 120992.18
451 121114.02
452 121290.21
453 121253.97
454 121583.94
455 120913.98
456 120800.02
457 121106.15
458 121078.97
459 121191.02
460 120897.05
461 121046.07
462 122009.99
463 120930.91
464 121160.98
465 121279.95
466 121534.82
467 121554.14
468 121056.08
469 120939.97
470 121618.99
471 121920.11
472 121247.05
473 121612.07
474 121592.04
475 121613.03
476 121482.13
477 121592.04
478 121328.12
479 121061.09
480 121261.84
481 120745.90
482 121069.91
483 121464.97
484 121250.15
485 121732.00
486 121215.11
487 121212.01
488 121345.04
489 121155.02
490 121898.17
491 121160.98
492 121320.01
493 120893.00
494 121397.02
495 121813.06
496 121589.90
497 121216.06
498 120959.04
499 121050.83
500 120729.92
501 121292.83
502 121312.14
503 121104.00
504 122070.07
505 122236.97
506 121576.07
507 120990.04
508 121108.06
509 121603.97
510 121680.02
511 121243.95
512 121983.05
513 121378.18
514 121257.07
515 121310.00
516 121187.93
517 121490.96
518 121447.09
519 121443.99
520 121608.02
521 121247.05
522 121852.16
523 121444.94
524 121634.01
525 121426.11
526 121191.02
527 121043.92
528 121512.89
529 121571.06
530 121502.16
531 121346.95
532 121399.16
533 120772.12
534 121213.91
535 121540.07
536 121677.16
537 121588.95
538 121770.86
539 121509.08
540 121198.89
541 121249.91
542 120936.87
543 121352.91
544 121621.85
545 121526.96
546 121781.83
547 121364.83
548 121499.06
549 121127.13
550 121190.07
551 121241.09
552 121250.15
553 121531.96
554 121901.99
555 121315.00
556 121040.11
557 121217.97
558 121268.99
559 121091.13
560 121629.00
561 121778.96
562 121021.99
563 121438.03
564 120956.90
565 121083.02
566 121565.10
567 120851.99
568 121088.98
569 121402.98
570 121546.98
571 121736.05
572 121010.07
573 121251.11
574 121521.00
575 120972.16
576 121607.78
577 121273.99
578 121633.05
579 121056.08
580 121182.92
581 121501.92
582 121358.16
583 121253.97
584 121061.09
585 121268.99
586 121595.14
587 121145.01
588 121729.14
589 121376.04
590 120924.95
591 121176.00
592 121437.07
593 121290.92
594 122017.86
595 121359.83
596 120821.00
597 121265.17
598 121680.02
599 121642.11
600 121268.03
601 121092.80
602 121622.09
603 120891.09
604 121546.98
605 121301.89
606 120947.12
607 121668.10
608 121574.16
609 121533.87
610 121863.84
611 120940.92
612 121690.99
613 121207.95
614 121968.03
615 121146.92
616 121472.84
617 121278.05
618 121376.99
619 121195.08
620 121308.09
621 121452.81
622 121248.96
623 121860.98
624 121165.99
625 121163.13
626 120914.94
627 121297.84
628 121200.08
629 121136.90
630 121407.99
631 121282.10
632 121279.95
633 121614.93
634 121373.18
635 121562.96
636 121083.97
637 121243.95
638 120939.02
639 120952.84
640 121840.00
641 121382.00
642 121065.14
643 121658.09
644 120944.98
645 121030.09
646 121401.07
647 121821.88
648 121555.09
649 121021.99
650 120933.06
651 121008.87
652 121257.07
653 121900.08
654 121132.14
655 121183.87
656 121230.13
657 121223.21
658 121207.00
659 121361.97
660 121299.03
661 121443.03
662 121479.99
663 121420.86
664 121450.90
665 121535.06
666 121533.87
667 121410.85
668 120959.04
669 121023.89
670 121242.05
671 120934.01
672 121541.02
673 121422.05
674 121037.01
675 121219.87
676 121151.92
677 121280.91
678 121170.04
679 121029.85
680 121538.16
681 121853.11
682 121814.97
683 121158.84
684 121052.98
685 121459.01
686 121222.02
687 121242.05
688 121187.93
689 121814.97
690 121799.95
691 121186.02
692 121463.06
693 121685.98
694 121117.12
695 121529.10
696 121999.98
697 121979.95
698 121563.91
699 121866.94
700 121114.97
701 121680.02
702 121199.13
703 121141.91
704 121465.92
705 121437.79
706 121657.85
707 120981.93
708 121035.10
709 121217.01
710 121250.15
711 121346.00
712 121213.91
713 121146.92
714 121049.17
715 121639.01
716 121201.99
717 121042.97
718 121191.02
719 121216.06
720 121054.89
721 121215.11
722 120994.09
723 121247.05
724 121685.03
725 121057.99
726 121419.19
727 121480.94
728 122561.93
729 121768.00
730 121738.91
731 121368.89
732 121001.96
733 121258.02
734 121481.18
735 121205.09
736 121370.08
737 121221.07
738 121048.93
739 121484.99
740 121332.17
741 121430.87
742 121642.11
743 121109.96
744 121657.13
745 121482.13
746 121478.80
747 121325.02
748 121881.01
749 121063.95
750 121752.02
751 121212.01
752 121078.97
753 121420.15
754 121351.00
755 121361.97
756 121543.17
757 121011.02
758 121324.06
759 121436.12
760 121397.02
761 120721.82
762 121405.84
763 121066.81
764 121773.00
765 121192.93
766 120998.86
767 121199.13
768 121499.06
769 121247.05
770 121457.82
771 121459.01
772 121073.96
773 121208.91
774 121509.79
775 121064.90
776 120937.11
777 121202.95
778 121516.23
779 121212.01
780 121147.16
781 121325.02
782 120934.01
783 121160.98
784 121322.87
785 121734.14
786 121568.92
787 121342.90
788 121516.94
789 121597.05
790 121113.06
791 121248.01
792 121520.04
793 121554.14
794 121199.13
795 121457.10
796 121110.92
797 120845.08
798 121399.16
799 121433.02
800 121335.03
801 121038.91
802 121030.09
803 121392.97
804 121612.07
805 121592.04
806 121678.11
807 121940.14
808 121404.17
809 121135.00
810 121109.01
811 121537.92
812 121196.03
813 121578.93
814 121348.86
815 120921.85
816 120995.04
817 121299.03
818 121273.04
819 121485.95
820 121476.17
821 121605.16
822 121371.03
823 120968.10
824 121311.90
825 121697.90
826 121138.10
827 121057.99
828 121357.20
829 121104.00
830 121303.08
831 121630.91
832 121053.93
833 121417.05
834 121273.04
835 120830.06
836 120939.02
837 121551.99
838 121160.98
839 121354.82
840 121266.13
841 121158.84
842 122046.95
843 121577.98
844 120837.93
845 121392.97
846 121249.91
847 121084.93
848 121196.99
849 120964.05
850 121460.91
851 121530.06
852 121383.91
853 121441.13
854 122148.04
855 121513.84
856 121325.02
857 121330.98
858 121432.07
859 121351.00
860 121255.87
861 121521.00
862 121374.13
863 120739.94
864 121109.01
865 121073.01
866 121052.98
867 121088.03
868 121387.00
869 121078.97
870 121119.02
871 121078.01
872 121298.07
873 121154.07
874 121493.82
875 121109.96
876 121425.87
877 121479.99
878 121409.89
879 121109.96
880 121595.86
881 120898.01
882 121419.91
883 121029.14
884 121057.03
885 121394.16
886 121524.81
887 121392.01
888 121654.03
889 121171.00
890 121445.18
891 121490.00
892 121160.03
893 121794.22
894 121424.20
895 121315.96
896 121338.84
897 121197.94
898 121523.14
899 121253.01
900 121191.98
901 121001.96
902 121347.90
903 121227.03
904 121198.18
905 120870.11
906 121233.94
907 121555.09
908 121160.98
909 120990.04
910 121302.13
911 122231.01
912 121082.78
913 122009.04
914 121383.91
915 121356.96
916 121227.03
917 121128.08
918 121374.85
919 121608.02
920 121335.98
921 121389.15
922 121163.13
923 121641.16
924 121282.10
925 121465.92
926 120931.86
927 120958.09
928 121255.16
929 121567.01
930 121280.91
931 121371.98
932 121431.83
933 121479.03
934 121485.95
935 121299.03
936 121115.92
937 121598.01
938 121638.06
939 120838.88
940 121227.03
941 121139.05
942 121507.88
943 121521.95
944 120905.16
945 121327.16
946 121341.94
947 121558.90
948 121395.11
949 121127.84
950 121279.00
951 121274.95
952 121258.02
953 121121.88
954 121152.88
955 121305.94
956 121488.09
957 121432.07
958 121603.97
959 121434.93
960 121140.00
961 121510.98
962 121167.90
963 121189.83
964 121138.81
965 121289.01
966 120966.91
967 121266.13
968 121721.98
969 121746.06
970 121390.82
971 121603.97
972 121315.00
973 121495.96
974 121186.97
975 121477.13
976 121830.94
977 121472.12
978 121320.01
979 121429.92
980 121474.98
981 121604.92
982 121194.12
983 121238.95
984 121002.20
985 121052.98
986 121394.87
987 121440.17
988 121085.17
989 121504.07
990 121185.06
991 121055.84
992 120991.95
993 121684.07
994 121405.12
995 121143.82
996 121197.94
997 121814.01
998 121201.99
999 121669.05
1000 121709.82
1001 121144.06
1002 121334.08
1003 121625.90
1004 121904.13
1005 121121.88
1006 121289.01
1007 121258.97
1008 121422.05
1009 121575.12
1010 121701.96
1011 121304.04
1012 121442.79
1013 121349.81
1014 121486.90
1015 121335.98
1016 121542.93
1017 121078.97
1018 120616.91
1019 121748.92
1020 120892.05
1021 121860.03
1022 121428.01
1023 120954.99
1024 121671.92
1025 121381.04
1026 121232.99
1027 121537.92
1028 121230.13
1029 121513.13
1030 121229.89
1031 121017.93
1032 121185.06
1033 120887.99
1034 121044.87
1035 121236.09
1036 121203.18
1037 121215.82
1038 121014.12
1039 121451.14
1040 121533.16
1041 121199.85
1042 121429.92
1043 121132.85
1044 121058.94
1045 121538.16
1046 121191.98
1047 121642.11
1048 121122.12
1049 121288.06
1050 121546.98
1051 121704.10
1052 121246.10
1053 121269.94
1054 121068.95
1055 121094.94
1056 121382.95
1057 121093.03
1058 121150.97
1059 120816.95
1060 121483.09
1061 120908.02
1062 121721.03
1063 121635.91
1064 121310.95
1065 121346.95
1066 121544.12
1067 121563.91
1068 121073.01
1069 120675.09
1070 121019.84
1071 121215.11
1072 121326.92
1073 121721.03
1074 121611.12
1075 120771.88
1076 121626.85
1077 121084.93
1078 121222.02
1079 121536.97
1080 121424.91
1081 121104.96
1082 121766.09
1083 121658.09
1084 121283.05
1085 121753.22
1086 121123.08
1087 120963.10
1088 121114.02
1089 121196.99
1090 121667.86
1091 121640.21
1092 121566.06
1093 121227.03
1094 121037.01
1095 120985.98
1096 121358.87
1097 121606.11
1098 121380.09
1099 121809.01
1100 121783.02
1101 121049.88
1102 121549.13
1103 121108.06
1104 120916.13
1105 121641.16
1106 121073.96
1107 121138.10
1108 120908.98
1109 120914.94
1110 121206.05
1111 121160.98
1112 121084.93
1113 121066.09
1114 120952.84
1115 120754.96
1116 120941.88
1117 120757.82
1118 120949.98
1119 121350.05
1120 121156.93
1121 121099.95
1122 121273.04
1123 121315.00
1124 121421.10
1125 121562.00
1126 121407.99
1127 121320.01
1128 121153.12
1129 121248.96
1130 121441.13
1131 121167.90
1132 121137.14
1133 121060.13
1134 121330.98
1135 121056.80
1136 121099.95
1137 121528.15
1138 121246.81
1139 121273.04
1140 121254.92
1141 121201.04
1142 121162.89
1143 121459.01
1144 121509.08
1145 121150.02
1146 121566.06
1147 121219.87
1148 121373.18
1149 121318.10
1150 120992.18
1151 120911.84
1152 121318.10
1153 120942.12
1154 120938.06
1155 121634.96
1156 121013.16
1157 121463.06
1158 121142.86
1159 121160.98
1160 121154.79
1161 121432.07
1162 121347.90
1163 120766.88
1164 120965.00
1165 121027.95
1166 121124.03
1167 121049.88
1168 121168.14
1169 120949.98
1170 121123.08
1171 121010.07
1172 120880.84
1173 120904.21
1174 121099.00
1175 120995.04
1176 120961.90
1177 120949.03
1178 120887.99
1179 121330.98
1180 121267.08
1181 120975.97
1182 121042.01
1183 121508.84
1184 120846.99
1185 120990.99
1186 121233.22
1187 121123.08
1188 121369.84
1189 121048.93
1190 120862.96
1191 120807.17
1192 120936.87
1193 120852.95
1194 120851.04
1195 120832.92
1196 121231.79
1197 121031.05
1198 120735.88
1199 121268.99
1200 121142.15
1201 121040.11
1202 121289.97
1203 120908.02
1204 121191.98
1205 120893.00
1206 120815.04
1207 121032.00
1208 120882.03
1209 121269.94
1210 120970.96
1211 120747.09
1212 120889.90
1213 120858.91
1214 120790.96
1215 120758.06
1216 121129.04
1217 121047.02
1218 120881.08
1219 120872.97
1220 121150.97
1221 120943.07
1222 121321.92
1223 120929.96
1224 120862.01
1225 120977.16
1226 121107.82
1227 120935.92
1228 121158.12
1229 121259.93
1230 121324.06
1231 120863.20
1232 120799.06
1233 120933.06
1234 120967.15
1235 120848.89
1236 120868.21
1237 120819.09
1238 121002.91
1239 121315.00
1240 120960.00
1241 121092.08
1242 121171.95
1243 121011.97
1244 120733.02
1245 120846.99
1246 121392.01
1247 121160.98
1248 120854.85
1249 120810.99
1250 120949.98
1251 121075.87
1252 120997.91
1253 121159.08
1254 121000.05
1255 120915.89
1256 120924.00
1257 121011.02
1258 121007.92
1259 121036.05
1260 120949.98
1261 120966.20
1262 120987.18
1263 121001.01
1264 121011.97
1265 121020.08
1266 120956.18
1267 121002.91
1268 121090.89
1269 120996.95
1270 120867.01
1271 121045.83
1272 121006.01
1273 120966.91
1274 120989.08
1275 120990.99
1276 121006.01
1277 120993.14
1278 121011.97
1279 121021.03
1280 120993.85
1281 120965.00
1282 121011.97
1283 121002.91
1284 120955.94
1285 121004.10
1286 121015.07
1287 121011.02
1288 121021.99
1289 120985.03
1290 120969.06
1291 120922.09
1292 120988.13
1293 120965.96
1294 121014.12
1295 120920.90
1296 120952.13
1297 121006.97
1298 120989.80
1299 120990.99
1300 121016.98
1301 121006.01
1302 120984.79
1303 120968.82
1304 120999.10
1305 120994.09
1306 121020.08
1307 121002.20
1308 120965.00
1309 120970.01
1310 121000.05
1311 120914.94
1312 121006.97
1313 120990.99
1314 120987.89
1315 121001.01
1316 120997.91
1317 120983.12
1318 121006.01
1319 121010.07
1320 120965.00
1321 120985.98
1322 120990.04
1323 121005.06
1324 121009.11
1325 120987.18
1326 120988.13
1327 120937.11
1328 120995.04
1329 120925.90
1330 121020.08
1331 120992.90
1332 120965.00
1333 120973.11
1334 121099.00
1335 120915.89
1336 120898.01
1337 120985.03
1338 121016.98
1339 121006.01
1340 120953.08
1341 121023.89
1342 121012.93
1343 120958.09
1344 120948.08
1345 121019.84
1346 121016.03
1347 121048.93
1348 120960.95
1349 120970.96
1350 120935.20
1351 120840.07
1352 120990.99
1353 121016.98
1354 121020.08
1355 120939.02
1356 120990.99
1357 120990.99
1358 121009.11
1359 121011.97
1360 120956.18
1361 120955.94
1362 120931.86
1363 121017.93
1364 120975.97
1365 120960.95
1366 120999.10
1367 121012.93
1368 121006.97
1369 120990.99
1370 120989.08
1371 120982.17
1372 121001.01
1373 120968.10
1374 120989.08
1375 120990.99
1376 120914.94
1377 121009.83
1378 120991.95
1379 121024.85
1380 120976.92
1381 120967.86
1382 121013.16
1383 120990.04
1384 120961.90
1385 121011.02
1386 120993.14
1387 120958.09
1388 121013.88
1389 121011.97
1390 120959.04
1391 120931.15
1392 120960.00
1393 120960.00
1394 121056.08
1395 120991.95
1396 120978.12
1397 121042.97
1398 120978.12
1399 120963.10
