1400
0 121150.97
1 120950.94
2 121022.94
3 121040.82
4 121028.18
5 121033.91
6 121016.98
7 121017.93
8 121033.91
9 120998.86
10 121036.05
11 121049.17
12 121007.92
13 121022.94
14 120990.99
15 121011.97
16 121022.94
17 121022.94
18 121019.12
19 121005.06
20 121030.09
21 120939.97
22 121042.97
23 121047.02
24 121078.01
25 121019.12
26 121026.99
27 121037.96
28 121031.05
29 121019.12
30 121027.95
31 121026.04
32 121037.01
33 120988.85
34 120996.00
35 121016.03
36 121007.92
37 121016.98
38 121050.12
39 121018.89
40 121043.21
41 120954.99
42 121011.97
43 121026.99
44 121016.03
45 121021.03
46 121018.17
47 121038.20
48 121009.11
49 121052.98
50 121052.98
51 120942.83
52 121009.11
53 121017.93
54 121021.99
55 120952.84
56 121021.03
57 121010.07
58 121018.17
59 121019.84
60 121026.99
61 120960.00
62 121038.91
63 121038.91
64 121047.97
65 121044.87
66 120993.14
67 121010.07
68 121028.90
69 121016.03
70 121032.95
71 121021.03
72 121026.99
73 121019.12
74 120996.00
75 120998.14
76 121045.11
77 121011.02
78 121013.16
79 121011.97
80 121017.93
81 120950.94
82 121023.18
83 121052.03
84 121026.04
85 121036.05
86 121029.85
87 121014.12
88 121035.10
89 121019.12
90 121037.01
91 121020.08
92 121004.10
93 121020.79
94 120906.11
95 121027.95
96 121078.97
97 120874.88
98 120935.92
99 120927.10
100 120898.96
101 120878.22
102 120939.02
103 120857.95
104 120960.00
105 121471.88
106 121668.10
107 120872.97
108 120697.98
109 121330.02
110 121404.17
111 121021.03
112 120877.03
113 121834.04
114 121521.95
115 121810.91
116 121187.93
117 120980.02
118 121685.98
119 121026.04
120 121037.01
121 121137.14
122 120850.09
123 121057.03
124 120783.81
125 121386.05
126 121221.07
127 121237.99
128 120810.99
129 121322.87
130 121747.02
131 120984.08
132 120988.85
133 121449.95
134 120855.09
135 121701.00
136 121227.03
137 121480.94
138 121433.97
139 121496.20
140 121517.18
141 121082.07
142 122196.20
143 121844.05
144 120759.01
145 121056.08
146 121417.05
147 122162.10
148 120699.88
149 121192.93
150 122009.99
151 121025.09
152 121900.08
153 120940.21
154 121701.00
155 121006.97
156 121520.04
157 121420.86
158 121698.86
159 121582.98
160 121456.86
161 121395.83
162 121486.19
163 121207.00
164 121630.91
165 120939.97
166 121034.86
167 121016.98
168 120779.99
169 120854.14
170 120984.08
171 120987.89
172 120800.02
173 120864.15
174 120972.87
175 121654.99
176 121473.07
177 121467.11
178 121005.06
179 121209.86
180 121495.96
181 121331.93
182 120859.15
183 122103.93
184 121253.97
185 122190.95
186 120898.01
187 121239.19
188 121499.06
189 120882.99
190 121650.93
191 121575.12
192 121495.96
193 121331.93
194 120758.06
195 121284.96
196 121395.11
197 121248.01
198 121894.84
199 121694.09
200 120859.86
201 121367.93
202 122592.93
203 121106.86
204 121472.12
205 120998.14
206 121094.94
207 121093.99
208 121010.07
209 122670.17
210 120915.17
211 121309.04
212 121004.82
213 120889.90
214 121714.12
215 120952.13
216 120846.03
217 121626.85
218 120892.05
219 120796.92
220 121252.06
221 121820.93
222 121145.96
223 120848.89
224 120901.11
225 120821.00
226 120848.89
227 121423.01
228 121205.09
229 120713.95
230 121091.13
231 121017.93
232 121667.15
233 121449.95
234 120774.98
235 120702.03
236 121121.88
237 121155.98
238 122261.05
239 121152.16
240 121182.92
241 121270.18
242 121065.86
243 121122.12
244 120986.94
245 121504.07
246 121437.07
247 120852.95
248 122215.03
249 121180.06
250 120958.81
251 122089.15
252 120903.97
253 120939.02
254 121597.05
255 121577.98
256 121081.11
257 121118.07
258 121162.89
259 120831.97
260 121135.00
261 121242.05
262 120978.12
263 121724.84
264 121078.01
265 121062.99
266 121216.06
267 120921.13
268 121280.19
269 121615.17
270 121224.16
271 120893.00
272 120747.09
273 120958.81
274 121040.11
275 121133.09
276 120768.07
277 121458.05
278 120675.09
279 121072.05
280 120862.96
281 120767.12
282 121646.88
283 120823.14
284 121137.86
285 120804.07
286 120995.04
287 121053.93
288 122118.95
289 120908.98
290 120907.07
291 120865.11
292 121726.99
293 121587.04
294 120877.98
295 121032.95
296 121233.94
297 122051.00
298 121662.14
299 121099.00
300 120907.07
301 120893.96
302 121742.96
303 122195.96
304 121510.98
305 121448.04
306 121891.98
307 120931.86
308 121634.01
309 120644.81
310 120898.01
311 121551.04
312 121412.04
313 121392.97
314 120805.98
315 121536.02
316 121593.95
317 121382.00
318 121365.07
319 122146.13
320 121271.13
321 121327.88
322 120835.78
323 121068.95
324 121034.15
325 120894.91
326 121635.20
327 120836.02
328 121453.05
329 121618.99
330 121311.90
331 120679.86
332 121930.84
333 120958.81
334 120907.07
335 121183.87
336 120908.98
337 121011.02
338 121183.87
339 121489.05
340 121383.91
341 121864.80
342 121166.94
343 121301.89
344 121002.91
345 121216.06
346 121809.01
347 121014.12
348 121829.99
349 121592.04
350 120966.91
351 121708.87
352 120900.87
353 120844.13
354 121556.04
355 120807.89
356 122066.97
357 121184.11
358 121001.01
359 120891.09
360 120988.13
361 120838.88
362 120978.12
363 120872.02
364 120864.15
365 121369.84
366 120872.97
367 121165.99
368 120925.90
369 120895.15
370 120939.97
371 120841.98
372 120798.11
373 120811.94
374 120802.88
375 120917.08
376 120828.15
377 121011.97
378 121145.01
379 120847.94
380 120899.92
381 121294.02
382 120970.01
383 120759.01
384 120876.07
385 120863.20
386 120700.84
387 120970.01
388 120813.13
389 121064.19
390 120839.83
391 120913.03
392 120872.97
393 120875.12
394 120748.04
395 121006.01
396 120966.91
397 121111.87
398 120810.03
399 120872.02
400 121398.93
401 120953.80
402 120855.09
403 120875.12
404 120769.98
405 120748.04
406 121333.12
407 121180.06
408 120908.98
409 120848.89
410 120918.99
411 121334.08
412 121302.13
413 120866.06
414 120641.95
415 121274.95
416 121288.06
417 121556.04
418 120960.00
419 120729.92
420 121252.06
421 120832.92
422 121025.09
423 120756.15
424 121450.90
425 120840.79
426 121742.01
427 120798.11
428 121730.09
429 121021.03
430 120899.92
431 120871.07
432 120977.16
433 120807.89
434 120847.94
435 120865.11
436 120865.11
437 121007.92
438 120841.03
439 121531.01
440 120976.92
441 121325.02
442 120935.20
443 120937.82
444 120797.87
445 120983.84
446 121349.81
447 121222.97
448 121084.93
449 121155.02
450 121315.00
451 121143.82
452 120955.94
453 121181.01
454 120796.20
455 121143.10
456 120842.93
457 121064.90
458 121019.12
459 121469.02
460 120934.01
461 121080.88
462 120845.08
463 120913.98
464 120881.08
465 120748.04
466 120882.99
467 121013.88
468 121057.03
469 121554.14
470 121270.90
471 121340.04
472 121047.97
473 121273.04
474 120840.79
475 121130.94
476 121284.96
477 121713.16
478 121634.01
479 120815.04
480 121095.90
481 121011.02
482 121006.97
483 121287.11
484 121588.95
485 121792.08
486 121392.01
487 121618.99
488 120780.94
489 121361.02
490 121332.17
491 121111.15
492 121543.88
493 120970.96
494 120952.84
495 121082.07
496 121492.86
497 120976.92
498 120954.04
499 120980.02
500 121625.90
501 120740.89
502 121335.98
503 121673.11
504 121022.94
505 121617.08
506 121494.05
507 121443.03
508 121778.01
509 121438.03
510 121176.00
511 121438.98
512 121340.99
513 121433.02
514 121611.83
515 121611.12
516 120971.92
517 121634.01
518 121418.95
519 121305.94
520 121186.02
521 121356.01
522 120929.00
523 121114.97
524 121043.92
525 121690.99
526 121807.81
527 121143.82
528 120941.16
529 122139.93
530 121384.86
531 122058.87
532 121210.81
533 120990.04
534 121284.96
535 121222.97
536 121309.04
537 120992.90
538 121742.01
539 121994.02
540 121513.84
541 121213.91
542 121371.98
543 121693.13
544 121590.14
545 121039.87
546 121541.02
547 120990.99
548 121155.98
549 120921.85
550 121407.99
551 121504.07
552 121414.90
553 121251.11
554 121273.04
555 121295.93
556 121007.92
557 121137.14
558 121500.97
559 121407.03
560 121840.95
561 121207.00
562 121253.01
563 121318.82
564 121477.13
565 121416.09
566 121303.08
567 121656.89
568 121798.04
569 121670.01
570 120983.12
571 121383.91
572 121364.83
573 121463.06
574 121747.97
575 121002.91
576 120900.87
577 121324.06
578 121197.94
579 121201.99
580 121001.01
581 121403.93
582 121256.11
583 120722.06
584 121021.99
585 121783.97
586 121848.11
587 121196.99
588 121466.16
589 121267.08
590 121178.87
591 121129.04
592 121379.14
593 121225.12
594 121471.17
595 121267.08
596 120986.94
597 121507.17
598 120863.91
599 122005.94
600 121919.87
601 121465.21
602 121564.87
603 121357.92
604 121572.97
605 121052.98
606 121455.91
607 121222.02
608 121603.97
609 121399.88
610 121440.17
611 120950.94
612 121536.02
613 121518.14
614 121173.14
615 121188.88
616 121491.19
617 121557.00
618 121160.98
619 121778.01
620 121402.03
621 121068.95
622 121178.87
623 121582.03
624 121565.10
625 121323.11
626 121397.02
627 121234.89
628 121711.97
629 121690.03
630 120929.00
631 121264.93
632 121323.11
633 121479.03
634 121464.01
635 121148.11
636 121697.90
637 121174.10
638 121469.97
639 121530.06
640 121171.00
641 121484.99
642 121720.79
643 121172.19
644 121626.85
645 121155.98
646 121397.02
647 121767.04
648 121167.18
649 121181.01
650 121283.05
651 121461.87
652 121526.00
653 121744.16
654 121362.92
655 121608.02
656 121250.15
657 121428.01
658 121329.07
659 120900.87
660 121046.07
661 121033.91
662 121104.96
663 120815.04
664 121340.99
665 121638.06
666 121631.86
667 121253.01
668 121443.99
669 121474.98
670 121397.97
671 121165.04
672 121673.11
673 121237.99
674 121815.92
675 121438.98
676 121295.93
677 121550.08
678 122008.09
679 121260.17
680 121480.94
681 121274.95
682 121420.15
683 121302.13
684 121090.17
685 121343.14
686 121074.91
687 121949.91
688 121557.00
689 121856.93
690 121217.97
691 121392.01
692 121437.07
693 121376.99
694 121353.86
695 121686.94
696 121373.89
697 121911.05
698 122184.04
699 121425.87
700 121049.17
701 121013.88
702 121634.01
703 121362.92
704 121395.11
705 121587.99
706 121520.04
707 121633.05
708 121410.85
709 121584.89
710 121235.85
711 121834.99
712 121159.08
713 121406.08
714 121371.03
715 121701.96
716 121486.90
717 121665.00
718 121477.84
719 121387.96
720 120909.93
721 121387.96
722 121261.12
723 121086.84
724 121181.01
725 121498.11
726 121378.90
727 121465.92
728 120666.98
729 121595.86
730 121191.98
731 121167.18
732 121380.09
733 121406.08
734 121578.93
735 120749.00
736 121436.83
737 121367.22
738 121625.90
739 121078.97
740 121623.04
741 121268.03
742 120635.99
743 121402.98
744 121530.06
745 121817.11
746 121336.94
747 121171.00
748 121598.96
749 121459.96
750 121310.00
751 121667.15
752 121906.04
753 120964.05
754 121580.84
755 121532.92
756 121803.05
757 121726.99
758 121298.07
759 121674.06
760 121841.91
761 121088.98
762 121361.02
763 122044.09
764 121154.07
765 120934.01
766 121081.11
767 121370.08
768 120950.94
769 121351.00
770 121891.98
771 121612.07
772 121116.88
773 121056.08
774 121082.07
775 121052.03
776 121164.80
777 121284.01
778 121529.10
779 121346.95
780 121316.19
781 120758.06
782 121559.86
783 121451.14
784 121532.92
785 121050.12
786 121767.04
787 121484.04
788 121136.19
789 120917.08
790 121029.85
791 121423.01
792 121568.92
793 121824.03
794 121251.11
795 121271.13
796 121521.00
797 121165.99
798 120887.99
799 121478.08
800 121180.06
801 121696.00
802 121585.85
803 120856.05
804 121353.86
805 121510.98
806 121575.12
807 121531.96
808 121413.95
809 121122.84
810 121246.10
811 121509.08
812 121460.20
813 121577.02
814 121511.94
815 121191.02
816 121232.99
817 121340.99
818 121860.98
819 121060.13
820 121433.02
821 121033.91
822 120951.89
823 120892.05
824 121590.14
825 120977.16
826 121893.88
827 121510.98
828 121600.15
829 121247.77
830 122009.99
831 121833.80
832 121310.00
833 121565.10
834 121786.12
835 121351.96
836 121530.06
837 121551.04
838 121923.92
839 121196.03
840 121150.97
841 121264.93
842 121457.10
843 121443.03
844 120953.08
845 121480.94
846 121378.90
847 121070.15
848 121128.08
849 121177.91
850 121395.11
851 121410.13
852 121735.10
853 121534.11
854 121346.00
855 121617.08
856 121216.06
857 120999.10
858 121368.17
859 121572.02
860 120929.00
861 121670.96
862 120856.05
863 120815.99
864 121705.06
865 121013.88
866 121580.12
867 121406.08
868 121201.04
869 121312.86
870 121431.11
871 121621.13
872 121906.04
873 121150.97
874 121344.09
875 121461.87
876 121860.98
877 121731.04
878 121397.97
879 121412.04
880 121229.89
881 121325.02
882 121176.00
883 121438.98
884 121227.03
885 121492.15
886 121228.93
887 121144.06
888 121592.04
889 121525.05
890 121477.84
891 121160.03
892 121221.07
893 120971.92
894 121448.04
895 121634.01
896 121522.90
897 121233.94
898 121760.85
899 121641.87
900 121364.83
901 121382.00
902 121036.05
903 120971.92
904 121404.89
905 121045.11
906 121561.05
907 121083.97
908 121521.00
909 121410.13
910 121684.07
911 121495.01
912 120984.08
913 121294.02
914 121397.97
915 121812.11
916 121232.99
917 121371.98
918 121392.01
919 121686.94
920 121135.00
921 121542.93
922 121158.12
923 121220.11
924 120893.00
925 121832.13
926 121238.95
927 121540.07
928 121141.91
929 121464.97
930 121880.05
931 121436.83
932 121869.09
933 121236.80
934 121989.97
935 121382.00
936 121743.92
937 120798.83
938 121106.86
939 121265.17
940 122318.03
941 121772.05
942 121392.01
943 120899.92
944 121501.92
945 121601.10
946 121035.81
947 121461.15
948 121976.85
949 121796.85
950 121340.04
951 121200.08
952 121467.83
953 121434.93
954 121672.87
955 121101.86
956 121340.99
957 121490.00
958 122107.03
959 121091.13
960 121607.07
961 121317.15
962 121384.14
963 121438.03
964 121629.00
965 121773.00
966 121497.87
967 121540.07
968 121481.90
969 121119.02
970 121602.06
971 121652.13
972 121375.08
973 121236.09
974 121602.06
975 121366.02
976 122169.97
977 121622.09
978 121335.03
979 121573.93
980 121958.97
981 121659.99
982 121181.96
983 121665.00
984 121068.95
985 121367.93
986 120990.04
987 121437.07
988 122015.00
989 121295.93
990 121881.01
991 121443.03
992 120685.10
993 121402.98
994 121413.95
995 121248.96
996 121784.93
997 121401.79
998 121550.08
999 121613.98
1000 121069.91
1001 121505.02
1002 121424.91
1003 121186.02
1004 121566.06
1005 121162.89
1006 121539.83
1007 121119.98
1008 121363.88
1009 121526.96
1010 121598.96
1011 121123.08
1012 121303.08
1013 121289.97
1014 121587.04
1015 121454.00
1016 121300.94
1017 121277.09
1018 120955.94
1019 121232.99
1020 121806.14
1021 121137.14
1022 121498.11
1023 121517.18
1024 121654.03
1025 121678.11
1026 121978.04
1027 121407.03
1028 121599.91
1029 121603.97
1030 121397.02
1031 121295.93
1032 121387.00
1033 121594.19
1034 121662.86
1035 121303.08
1036 121235.13
1037 121577.02
1038 121137.86
1039 121797.08
1040 120913.98
1041 121418.00
1042 121448.99
1043 121369.84
1044 121973.99
1045 121397.02
1046 121258.02
1047 121152.88
1048 121695.04
1049 121168.85
1050 121429.92
1051 121368.89
1052 122092.96
1053 121295.93
1054 121353.15
1055 121453.05
1056 121291.88
1057 121259.93
1058 121047.97
1059 121598.01
1060 121635.91
1061 122016.91
1062 121376.04
1063 121316.91
1064 121463.06
1065 121459.96
1066 121121.17
1067 121290.92
1068 122004.03
1069 121407.99
1070 121160.98
1071 121680.97
1072 121431.83
1073 121543.88
1074 121149.06
1075 121702.91
1076 121692.90
1077 121701.00
1078 121496.20
1079 121794.94
1080 121716.98
1081 121334.08
1082 121358.16
1083 121468.78
1084 121109.01
1085 121545.08
1086 121147.16
1087 121335.03
1088 121347.90
1089 121603.97
1090 121375.08
1091 120831.97
1092 121035.10
1093 121562.00
1094 121343.14
1095 121237.04
1096 121541.98
1097 121428.01
1098 121634.96
1099 121579.17
1100 121418.95
1101 121537.92
1102 121232.03
1103 121490.00
1104 121217.01
1105 121304.99
1106 121443.03
1107 121694.09
1108 121512.89
1109 121490.96
1110 121446.85
1111 121325.02
1112 121396.06
1113 121140.00
1114 121644.02
1115 121369.84
1116 121109.96
1117 121535.06
1118 121634.96
1119 121202.95
1120 121476.17
1121 122051.00
1122 121327.16
1123 121232.03
1124 121591.09
1125 122175.93
1126 121704.10
1127 121609.93
1128 121984.96
1129 121203.90
1130 121126.17
1131 121492.86
1132 121891.98
1133 120687.01
1134 121374.85
1135 121068.95
1136 121792.08
1137 121387.00
1138 122184.04
1139 121509.08
1140 121334.08
1141 121149.06
1142 121485.95
1143 121524.81
1144 121333.12
1145 121536.97
1146 121509.08
1147 121490.00
1148 122365.95
1149 121474.98
1150 121743.92
1151 121122.12
1152 121197.94
1153 121053.93
1154 121337.18
1155 121369.12
1156 121185.06
1157 121668.10
1158 121027.95
1159 121772.05
1160 121347.19
1161 121109.01
1162 121451.14
1163 121127.84
1164 121254.92
1165 121105.91
1166 121625.90
1167 121175.05
1168 121040.11
1169 120731.12
1170 121373.89
1171 121255.87
1172 121346.00
1173 121236.80
1174 121190.79
1175 121114.97
1176 120959.04
1177 121798.99
1178 121212.01
1179 121531.01
1180 120868.92
1181 121581.08
1182 121151.21
1183 121467.11
1184 121327.88
1185 121620.89
1186 121632.10
1187 121180.06
1188 121284.01
1189 121038.91
1190 121388.91
1191 121860.03
1192 121148.11
1193 120788.10
1194 121037.96
1195 121007.92
1196 121289.97
1197 120906.83
1198 120836.02
1199 120858.19
1200 120842.93
1201 120941.88
1202 121130.94
1203 120899.92
1204 121064.90
1205 121024.85
1206 120930.91
1207 120812.18
1208 120863.91
1209 120886.09
1210 121357.20
1211 121718.88
1212 121738.20
1213 121250.87
1214 121160.98
1215 120998.14
1216 120694.88
1217 120931.15
1218 120794.06
1219 121303.08
1220 121026.04
1221 120991.95
1222 120975.02
1223 120703.22
1224 121011.97
1225 121294.98
1226 121061.09
1227 120887.99
1228 120875.12
1229 120998.14
1230 120796.92
1231 121037.01
1232 120981.93
1233 120713.00
1234 121037.01
1235 120908.02
1236 121412.04
1237 120993.85
1238 121026.04
1239 121094.94
1240 120855.09
1241 120871.07
1242 120984.08
1243 121033.91
1244 120958.09
1245 120854.85
1246 121015.07
1247 121091.84
1248 121505.02
1249 121102.09
1250 120919.94
1251 120831.01
1252 121325.97
1253 121342.90
1254 121644.02
1255 121207.00
1256 120916.84
1257 120804.07
1258 120903.97
1259 121466.16
1260 120846.99
1261 120999.10
1262 121586.08
1263 121135.95
1264 120873.93
1265 120978.83
1266 121017.93
1267 120954.04
1268 120902.06
1269 121148.11
1270 121762.04
1271 120872.97
1272 120895.86
1273 121016.03
1274 120867.01
1275 120875.12
1276 121291.16
1277 121081.83
1278 120995.04
1279 121069.91
1280 121123.08
1281 121079.92
1282 121106.86
1283 121076.82
1284 121079.92
1285 121079.92
1286 121077.06
1287 121077.06
1288 121082.07
1289 121076.11
1290 120906.11
1291 121061.09
1292 121119.98
1293 121055.84
1294 121098.04
1295 121073.96
1296 121085.88
1297 121071.10
1298 121071.10
1299 121088.03
1300 121084.21
1301 121081.83
1302 121171.95
1303 121072.05
1304 121035.10
1305 121154.07
1306 121111.87
1307 121131.90
1308 121090.17
1309 121109.96
1310 121080.88
1311 121097.09
1312 121076.11
1313 121083.02
1314 121011.02
1315 120949.03
1316 121052.98
1317 121145.01
1318 121062.99
1319 120985.98
1320 121066.09
1321 121109.01
1322 121074.20
1323 121146.20
1324 121111.15
1325 121138.10
1326 121088.98
1327 121117.12
1328 121078.01
1329 121105.91
1330 121056.08
1331 121094.94
1332 121073.01
1333 121086.12
1334 121073.01
1335 121056.08
1336 121072.05
1337 121075.15
1338 121082.07
1339 121062.04
1340 121083.97
1341 121141.91
1342 121078.97
1343 121135.95
1344 121078.01
1345 121002.91
1346 121077.06
1347 121134.04
1348 121087.07
1349 121115.92
1350 121085.17
1351 121102.81
1352 121074.20
1353 121088.03
1354 121088.03
1355 121040.11
1356 121006.97
1357 121078.01
1358 121076.82
1359 121061.09
1360 121074.91
1361 121069.91
1362 121075.87
1363 121114.02
1364 121078.97
1365 121104.00
1366 121073.01
1367 121085.88
1368 121080.88
1369 121082.07
1370 121078.97
1371 121081.83
1372 121084.21
1373 121088.03
1374 121093.03
1375 121031.05
1376 121081.83
1377 121083.97
1378 121081.83
1379 121068.95
1380 121088.03
1381 121078.97
1382 121138.10
1383 121129.04
1384 121126.89
1385 121177.91
1386 121114.97
1387 121021.03
1388 121104.00
1389 121114.02
1390 121069.91
1391 121094.94
1392 121077.06
1393 121071.82
1394 121078.97
1395 121080.88
1396 121086.12
1397 121078.01
1398 121066.09
1399 121052.03
