1400
0 121256.11
1 121154.79
2 121134.04
3 121088.98
4 121137.86
5 121109.96
6 121131.18
7 121094.94
8 120964.05
9 121124.03
10 121135.95
11 121128.80
12 121117.12
13 121124.98
14 121043.92
15 121114.02
16 121134.04
17 121107.10
18 121119.02
19 121130.94
20 121124.03
21 121132.14
22 121083.97
23 121133.80
24 121160.98
25 121135.95
26 121172.90
27 120943.07
28 121088.03
29 121118.07
30 121181.01
31 121124.03
32 121097.09
33 121126.89
34 121051.07
35 121129.99
36 121037.01
37 121141.91
38 121138.10
39 121137.14
40 121135.00
41 121101.86
42 121084.93
43 121124.03
44 121134.04
45 121052.98
46 121129.99
47 121160.98
48 121135.00
49 121130.94
50 121036.05
51 121096.85
52 121139.05
53 121140.00
54 121119.98
55 121114.02
56 121120.93
57 121119.98
58 121135.95
59 121139.05
60 121119.02
61 121128.08
62 121078.01
63 121093.99
64 121155.02
65 121117.83
66 121122.12
67 121127.84
68 121128.08
69 121132.14
70 121115.92
71 121131.90
72 121140.00
73 121103.05
74 121056.08
75 121119.02
76 121140.00
77 121124.03
78 121085.17
79 121106.15
80 121093.99
81 121134.04
82 121047.02
83 121033.91
84 121133.09
85 121116.88
86 121128.08
87 121135.00
88 121129.99
89 121133.80
90 121043.21
91 121109.01
92 121119.98
93 121112.11
94 121019.12
95 120973.11
96 121007.92
97 121019.12
98 121059.89
99 121082.07
100 120975.02
101 120979.07
102 122402.91
103 121529.10
104 121370.79
105 123057.13
106 122164.01
107 122550.01
108 121422.05
109 122395.04
110 124557.97
111 122738.12
112 123687.98
113 122795.82
114 122939.11
115 122734.07
116 122083.90
117 124481.92
118 122873.07
119 124476.19
120 122174.02
121 123100.04
122 123157.02
123 123809.10
124 122828.01
125 124698.16
126 123620.03
127 123213.05
128 122003.08
129 123788.12
130 122848.03
131 123700.14
132 122807.98
133 122412.92
134 124875.78
135 123281.96
136 123450.04
137 122373.10
138 122372.87
139 123450.04
140 123806.00
141 123710.87
142 122003.79
143 122878.07
144 122651.10
145 123054.03
146 123176.81
147 124580.86
148 122779.13
149 122951.98
150 122735.98
151 122843.03
152 122076.03
153 123247.86
154 123881.10
155 122066.97
156 122827.05
157 123860.12
158 124495.03
159 123641.01
160 122175.93
161 123322.96
162 123814.11
163 124602.08
164 122463.94
165 123416.19
166 123178.01
167 123415.95
168 124138.12
169 124001.98
170 122400.05
171 123890.88
172 124054.19
173 122363.09
174 123970.99
175 125001.91
176 123308.90
177 123290.06
178 122329.00
179 123448.85
180 122618.20
181 124255.90
182 122596.98
183 122806.07
184 122909.07
185 123001.10
186 122907.16
187 124809.98
188 123710.87
189 122809.89
190 122243.17
191 123075.01
192 122861.15
193 124511.00
194 122925.04
195 123182.06
196 123748.78
197 122811.79
198 123806.95
199 123583.79
200 125180.96
201 123893.02
202 123743.06
203 122841.84
204 122133.02
205 122241.97
206 123999.12
207 122778.18
208 123500.82
209 124261.14
210 123582.84
211 122627.97
212 124547.96
213 124325.99
214 124356.99
215 122202.16
216 123003.96
217 122270.82
218 122205.02
219 122812.99
220 122953.89
221 123685.12
222 122190.95
223 124028.92
224 123142.96
225 123080.02
226 122493.03
227 124808.79
228 122285.13
229 122303.01
230 123107.91
231 123022.08
232 122315.88
233 123053.07
234 122951.98
235 122010.95
236 122804.16
237 122228.86
238 122890.00
239 122830.87
240 125267.98
241 122300.15
242 122554.06
243 122918.13
244 122102.98
245 124597.07
246 122890.95
247 122838.97
248 124544.14
249 123945.95
250 123341.80
251 122424.13
252 123257.88
253 124218.94
254 125807.05
255 124329.09
256 123494.86
257 124202.97
258 122851.85
259 122504.00
260 122762.92
261 122651.10
262 125143.05
263 122853.04
264 123636.01
265 123311.04
266 123548.98
267 124320.98
268 123495.10
269 122628.93
270 124035.12
271 123511.08
272 124305.01
273 123544.93
274 123528.00
275 123728.99
276 122745.04
277 122718.10
278 123656.99
279 122828.01
280 122761.01
281 122785.81
282 122662.07
283 124169.11
284 123468.16
285 123743.06
286 122606.04
287 123471.98
288 122856.86
289 123355.87
290 122544.05
291 122649.91
292 123523.95
293 123649.12
294 123471.98
295 122570.04
296 122327.09
297 122997.05
298 123084.07
299 123959.06
300 123944.04
301 122537.14
302 123013.02
303 122192.86
304 122418.17
305 125728.85
306 123273.13
307 123878.96
308 123022.08
309 123976.23
310 123245.95
311 123371.84
312 123111.96
313 122988.94
314 122988.94
315 123696.80
316 125402.21
317 122203.83
318 123790.98
319 123108.86
320 124012.95
321 122293.00
322 123056.89
323 123208.05
324 124287.13
325 123370.89
326 124310.97
327 123416.19
328 123521.09
329 122552.87
330 123329.88
331 124087.10
332 122848.03
333 124356.03
334 123466.97
335 124401.09
336 122864.01
337 123769.04
338 122900.01
339 123830.80
340 122874.98
341 124021.05
342 123171.09
343 122982.98
344 122951.98
345 123000.86
346 123873.95
347 123873.00
348 123123.17
349 123847.01
350 123867.03
351 122339.96
352 124209.17
353 123167.99
354 123252.87
355 123184.20
356 125514.03
357 122519.97
358 124950.89
359 122401.00
360 124943.97
361 122246.98
362 122277.02
363 122256.99
364 122534.99
365 122233.15
366 122117.04
367 122227.91
368 122493.98
369 122493.03
370 122337.10
371 122804.16
372 122272.97
373 122411.01
374 122729.06
375 122413.87
376 122071.03
377 121983.05
378 123017.07
379 122693.06
380 122606.04
381 122709.04
382 122273.92
383 122286.08
384 122362.14
385 122179.03
386 122622.01
387 122726.92
388 122256.04
389 122226.00
390 121677.88
391 122384.07
392 122872.11
393 122486.11
394 122617.96
395 122623.92
396 122358.80
397 121962.07
398 122420.07
399 122684.00
400 122737.88
401 122553.11
402 122442.96
403 122335.91
404 122332.10
405 122248.89
406 122242.93
407 122317.08
408 122529.03
409 123073.82
410 122416.02
411 122399.81
412 122296.09
413 121943.00
414 121930.12
415 123631.00
416 123619.08
417 122241.97
418 122118.95
419 122820.14
420 122333.05
421 123039.01
422 122514.96
423 122858.05
424 123196.13
425 122237.92
426 122174.02
427 122479.92
428 122748.14
429 122436.05
430 122074.84
431 122527.12
432 121889.83
433 122066.02
434 122401.00
435 123264.07
436 122884.99
437 122454.17
438 122400.05
439 121975.90
440 122737.88
441 122692.11
442 122255.09
443 123011.11
444 122365.00
445 122669.22
446 122455.84
447 122129.92
448 122534.99
449 122209.07
450 122576.95
451 122218.13
452 122835.87
453 122091.05
454 122588.87
455 122100.83
456 122876.17
457 122911.93
458 122467.04
459 123054.03
460 121977.09
461 123012.07
462 122258.90
463 122461.08
464 122735.98
465 122251.03
466 122550.01
467 122560.98
468 122659.21
469 122498.04
470 122406.96
471 121851.92
472 121927.98
473 122662.07
474 122385.98
475 122552.87
476 122606.99
477 122350.93
478 122752.90
479 122536.18
480 123140.10
481 122514.01
482 122511.86
483 122443.91
484 122565.98
485 122366.91
486 122509.00
487 122108.94
488 122437.95
489 123054.98
490 121887.92
491 122437.95
492 123048.07
493 122824.91
494 122411.97
495 122884.04
496 122402.91
497 122295.14
498 122272.01
499 123211.86
500 121984.96
501 122776.03
502 122267.01
503 122444.15
504 121929.17
505 122465.13
506 121873.86
507 122620.11
508 122516.87
509 122066.02
510 122607.95
511 121933.94
512 121944.90
513 123387.10
514 122312.07
515 122738.84
516 122069.84
517 122808.93
518 122972.01
519 122549.06
520 122781.99
521 122101.07
522 122517.11
523 122483.97
524 122648.00
525 122326.85
526 122119.90
527 122630.83
528 122919.08
529 122149.94
530 123110.06
531 121896.98
532 122099.88
533 122604.85
534 121565.82
535 123052.12
536 122313.02
537 122174.02
538 122446.06
539 122081.04
540 122601.03
541 122211.93
542 122447.01
543 122205.97
544 122421.98
545 122465.85
546 122210.98
547 122128.96
548 122327.09
549 122260.09
550 122117.04
551 122031.21
552 122160.91
553 123086.93
554 122787.95
555 122196.91
556 121826.17
557 122076.03
558 122153.04
559 122410.06
560 122044.09
561 123188.02
562 123059.03
563 122437.00
564 123175.86
565 121985.20
566 122122.05
567 122662.07
568 122883.08
569 122388.12
570 122076.99
571 122146.84
572 122442.01
573 122854.23
574 122633.93
575 122529.98
576 122349.02
577 122941.02
578 122736.93
579 122467.04
580 122787.00
581 122244.12
582 122215.03
583 122448.92
584 122213.13
585 122591.97
586 122190.95
587 122242.93
588 122670.89
589 122250.08
590 122478.01
591 122386.93
592 122463.94
593 123564.96
594 122718.10
595 123020.89
596 122499.94
597 122524.98
598 122131.11
599 123395.20
600 122176.17
601 122717.14
602 122536.90
603 122442.96
604 123209.95
605 122259.86
606 122385.98
607 122053.86
608 122736.22
609 122214.08
610 122334.00
611 122963.19
612 122318.03
613 122344.02
614 122818.95
615 123591.18
616 122924.80
617 122605.09
618 122209.07
619 122699.02
620 122417.93
621 122314.93
622 122804.88
623 122684.00
624 122686.15
625 122834.21
626 122405.05
627 121931.79
628 122415.07
629 122406.01
630 122808.93
631 122420.79
632 122260.09
633 122589.11
634 123414.04
635 122862.10
636 122174.02
637 122332.10
638 122469.19
639 121936.08
640 122087.00
641 123067.86
642 122836.83
643 122238.16
644 122354.98
645 122392.89
646 121309.04
647 121067.05
648 121294.02
649 120984.08
650 121294.02
651 121042.01
652 121175.05
653 121031.05
654 121243.00
655 121135.95
656 121310.00
657 121219.16
658 120765.92
659 121484.04
660 121491.19
661 121262.07
662 121528.15
663 121608.02
664 121033.91
665 121392.01
666 121568.20
667 121757.98
668 121033.91
669 121244.19
670 120771.88
671 121633.05
672 121074.91
673 121198.18
674 121181.96
675 121542.93
676 121557.95
677 121654.03
678 121175.77
679 121136.90
680 121634.96
681 121418.95
682 121093.99
683 121478.80
684 120772.12
685 121701.96
686 120829.11
687 120944.98
688 121726.99
689 120803.12
690 121259.93
691 121021.03
692 120965.00
693 121212.01
694 120965.00
695 121145.01
696 121434.93
697 120988.85
698 122121.10
699 121033.91
700 121124.03
701 121442.79
702 120781.18
703 121308.09
704 121103.05
705 120787.86
706 120979.07
707 120999.10
708 121290.92
709 121005.06
710 121083.97
711 121026.04
712 121391.06
713 121241.09
714 120796.92
715 120779.99
716 121022.94
717 121241.09
718 120777.85
719 121073.01
720 121436.83
721 120793.10
722 120919.94
723 121113.06
724 120926.14
725 120749.00
726 120701.07
727 120796.92
728 121105.91
729 120809.08
730 121304.99
731 120797.16
732 120757.10
733 120908.02
734 121108.06
735 120799.06
736 121150.97
737 121411.09
738 121133.09
739 120757.10
740 120833.87
741 121253.01
742 121139.05
743 120785.95
744 121480.94
745 121130.94
746 120872.02
747 120647.19
748 121180.06
749 120709.90
750 120859.15
751 120738.03
752 120917.08
753 121384.14
754 120856.05
755 120839.12
756 121207.95
757 120771.17
758 120910.88
759 121266.13
760 121047.02
761 121022.94
762 120903.97
763 121152.88
764 120894.91
765 120732.07
766 120877.03
767 121142.15
768 121099.95
769 121366.02
770 120772.84
771 121100.19
772 120895.86
773 121119.98
774 121121.88
775 120966.20
776 121129.99
777 121562.00
778 121045.11
779 120781.90
780 121051.79
781 120901.11
782 120946.17
783 121026.99
784 120711.09
785 120690.82
786 120782.14
787 121032.95
788 120728.97
789 120704.89
790 120754.96
791 121281.86
792 120929.96
793 121268.99
794 120741.13
795 120967.15
796 120733.98
797 120924.00
798 120755.91
799 120908.98
800 120943.07
801 121043.92
802 120769.98
803 121585.13
804 121210.10
805 121426.11
806 121021.03
807 120730.16
808 121296.17
809 120999.81
810 120997.91
811 120940.92
812 121190.07
813 121057.03
814 121897.94
815 120764.97
816 120582.10
817 120734.93
818 120758.06
819 120965.00
820 121268.03
821 120888.95
822 121533.16
823 120759.01
824 121140.00
825 121061.09
826 120709.90
827 120906.11
828 121263.98
829 121065.14
830 121337.18
831 121605.16
832 120990.04
833 121081.83
834 120733.98
835 121605.87
836 120752.10
837 120865.11
838 120795.01
839 121315.00
840 121450.19
841 120945.93
842 121395.11
843 120924.00
844 120574.00
845 121295.93
846 121057.99
847 121006.97
848 120958.09
849 120887.04
850 121421.10
851 121104.00
852 120913.98
853 120747.09
854 121089.94
855 120911.12
856 120943.07
857 121175.05
858 120821.00
859 120903.02
860 121198.18
861 120858.91
862 121187.21
863 121017.93
864 121231.08
865 121212.01
866 121219.16
867 120885.85
868 121464.01
869 121222.97
870 120936.87
871 121160.98
872 121158.12
873 120851.99
874 120918.04
875 120711.09
876 120779.99
877 121041.06
878 120987.89
879 121187.93
880 121026.04
881 120802.16
882 120876.79
883 121145.96
884 121421.81
885 120994.09
886 120939.02
887 120837.93
888 120837.93
889 121631.15
890 120921.85
891 120653.15
892 121334.08
893 120975.97
894 120957.14
895 120948.08
896 121394.16
897 120815.99
898 121294.98
899 120828.15
900 121135.95
901 120874.88
902 121406.08
903 120762.11
904 120863.91
905 120913.98
906 121047.02
907 120928.05
908 120940.92
909 120998.86
910 120810.03
911 121129.99
912 120980.98
913 120878.93
914 121298.07
915 120763.06
916 120639.80
917 121133.09
918 121004.10
919 120733.02
920 121000.05
921 121068.00
922 120810.03
923 120941.16
924 120918.04
925 120811.94
926 120903.02
927 120821.95
928 121008.16
929 121109.01
930 120947.84
931 120755.91
932 121056.08
933 121483.09
934 121042.01
935 120882.03
936 120702.98
937 120918.99
938 120764.02
939 121047.02
940 121116.16
941 121330.98
942 121124.98
943 120745.18
944 121475.93
945 120834.11
946 121186.02
947 121052.03
948 120763.06
949 121015.07
950 120824.81
951 121253.97
952 121070.86
953 121143.10
954 120740.89
955 121064.19
956 121009.11
957 120922.09
958 120912.08
959 120772.12
960 120906.83
961 121165.04
962 120818.14
963 120957.14
964 120746.85
965 120939.02
966 120660.78
967 121075.87
968 120941.88
969 120887.99
970 120857.00
971 120785.00
972 121218.20
973 121721.03
974 121256.83
975 121203.90
976 120893.00
977 120903.97
978 120753.05
979 120918.04
980 120815.04
981 121258.02
982 121032.95
983 120887.04
984 120980.02
985 120863.91
986 121062.99
987 121104.96
988 120918.04
989 121098.04
990 120846.99
991 120949.03
992 120781.90
993 120857.95
994 120907.78
995 120884.90
996 121119.02
997 120970.01
998 121375.08
999 121152.16
1000 120835.07
1001 120741.13
1002 121135.95
1003 121227.03
1004 120820.05
1005 120915.89
1006 120795.01
1007 121144.06
1008 120959.04
1009 120846.99
1010 121687.17
1011 121096.85
1012 120630.98
1013 120758.06
1014 120730.88
1015 121227.03
1016 121182.92
1017 121186.97
1018 121094.94
1019 120905.88
1020 121018.17
1021 120691.06
1022 121376.99
1023 120946.88
1024 120603.08
1025 121284.96
1026 120776.89
1027 120778.08
1028 121016.98
1029 120730.16
1030 120838.17
1031 121491.91
1032 121051.07
1033 120908.98
1034 121459.01
1035 120829.11
1036 120926.14
1037 121374.85
1038 121346.95
1039 121191.02
1040 121064.19
1041 121024.85
1042 121130.94
1043 121369.84
1044 121058.94
1045 121051.07
1046 120876.07
1047 120854.14
1048 120893.00
1049 120951.18
1050 121063.95
1051 121122.12
1052 121208.91
1053 121139.05
1054 121047.97
1055 121149.06
1056 120654.11
1057 120798.83
1058 121327.16
1059 120859.15
1060 121143.82
1061 121484.99
1062 121019.84
1063 120835.07
1064 120818.14
1065 121062.99
1066 121287.11
1067 120749.00
1068 120850.09
1069 120726.11
1070 120850.09
1071 120888.95
1072 120826.01
1073 120887.99
1074 120779.04
1075 121166.94
1076 121109.96
1077 121328.12
1078 121049.17
1079 120702.03
1080 120891.09
1081 120901.82
1082 121214.15
1083 121020.08
1084 120695.11
1085 121425.15
1086 120774.03
1087 121100.90
1088 121201.99
1089 120792.87
1090 121085.88
1091 120767.12
1092 121012.93
1093 120908.98
1094 120954.99
1095 120996.00
1096 120916.13
1097 121400.12
1098 120990.99
1099 120929.96
1100 120956.90
1101 121043.92
1102 120785.00
1103 121450.90
1104 120863.91
1105 121193.89
1106 121037.01
1107 120883.94
1108 121117.12
1109 121113.06
1110 120814.09
1111 120878.93
1112 120977.88
1113 120981.93
1114 120890.86
1115 121057.03
1116 121038.91
1117 121057.99
1118 121054.17
1119 121005.77
1120 121040.82
1121 121001.01
1122 121025.09
1123 121037.96
1124 121048.93
1125 121062.04
1126 121062.99
1127 120985.03
1128 121060.13
1129 121021.03
1130 121009.11
1131 121009.11
1132 121042.01
1133 121088.03
1134 121049.88
1135 121022.94
1136 121058.94
1137 121037.96
1138 121057.99
1139 121059.89
1140 121049.17
1141 121027.95
1142 121037.01
1143 121042.01
1144 121051.07
1145 121065.86
1146 120996.95
1147 120961.90
1148 121056.80
1149 121066.81
1150 120998.14
1151 121014.12
1152 121029.85
1153 121036.05
1154 121042.97
1155 121057.99
1156 121061.09
1157 121012.93
1158 121020.08
1159 121043.21
1160 120980.02
1161 121022.94
1162 121064.90
1163 121049.17
1164 121060.85
1165 121060.13
1166 121059.89
1167 120986.22
1168 121086.12
1169 121021.03
1170 121014.12
1171 121038.91
1172 121043.92
1173 121057.03
1174 121067.05
1175 120998.86
1176 121011.97
1177 121027.95
1178 121062.04
1179 121050.12
1180 121032.95
1181 121003.87
1182 121064.90
1183 121057.03
1184 121001.96
1185 121032.00
1186 121059.18
1187 121114.97
1188 120984.08
1189 121027.95
1190 121065.14
1191 121046.07
1192 121014.83
1193 121037.01
1194 121042.01
1195 121073.96
1196 121059.18
1197 121021.03
1198 121041.06
1199 121047.02
1200 121049.88
1201 121011.97
1202 120981.93
1203 121088.03
1204 121044.87
1205 121016.98
1206 121057.99
1207 120972.16
1208 121057.99
1209 120992.90
1210 121030.09
1211 121027.95
1212 121047.97
1213 121044.87
1214 121062.99
1215 121055.13
1216 121036.05
1217 121068.00
1218 121052.03
1219 121000.05
1220 121032.00
1221 121042.01
1222 121052.98
1223 121048.93
1224 121062.99
1225 121038.91
1226 121011.02
1227 121041.06
1228 121024.85
1229 121056.08
1230 121067.05
1231 121036.05
1232 121090.17
1233 121048.93
1234 121016.98
1235 121057.99
1236 121041.77
1237 121007.92
1238 121073.01
1239 121040.82
1240 121014.83
1241 121014.83
1242 121040.11
1243 121049.88
1244 121098.04
1245 121001.96
1246 121021.99
1247 120972.16
1248 121050.12
1249 121064.90
1250 121065.86
1251 121009.11
1252 121021.03
1253 121050.12
1254 121042.97
1255 121029.14
1256 121037.01
1257 121042.01
1258 121058.94
1259 121055.13
1260 120996.00
1261 121012.21
1262 121066.81
1263 121040.82
1264 121016.98
1265 121060.13
1266 121037.01
1267 120990.99
1268 121044.16
1269 121051.07
1270 121055.84
1271 120998.14
1272 121037.01
1273 121082.78
1274 120977.88
1275 121012.93
1276 121062.04
1277 121042.97
1278 121012.93
1279 121096.13
1280 121035.10
1281 121018.89
1282 121061.09
1283 121043.21
1284 121062.99
1285 121052.98
1286 121031.05
1287 120982.17
1288 121042.01
1289 121057.99
1290 121059.89
1291 121062.99
1292 121039.87
1293 121006.01
1294 121066.81
1295 121062.99
1296 121016.98
1297 121041.06
1298 121040.82
1299 121048.93
1300 121055.13
1301 121016.98
1302 121034.15
1303 121068.95
1304 121045.83
1305 120993.14
1306 121062.04
1307 120970.96
1308 121122.12
1309 121061.09
1310 121029.85
1311 121062.04
1312 121037.96
1313 121036.05
1314 121052.03
1315 121049.88
1316 121019.12
1317 121021.03
1318 121044.87
1319 121043.92
1320 121057.99
1321 120968.10
1322 120995.04
1323 121062.99
1324 121056.08
1325 121037.96
1326 121064.90
1327 121050.83
1328 121015.07
1329 121041.06
1330 121033.91
1331 121044.87
1332 121037.96
1333 121058.94
1334 121043.92
1335 121059.18
1336 121057.99
1337 121003.15
1338 121058.94
1339 120965.00
1340 121002.91
1341 121020.08
1342 121053.93
1343 121072.05
1344 121063.95
1345 121060.13
1346 121042.97
1347 121007.92
1348 121052.03
1349 121069.91
1350 121057.99
1351 121077.06
1352 121061.80
1353 120997.91
1354 120999.10
1355 121065.86
1356 121072.05
1357 121042.01
1358 120973.83
1359 121026.99
1360 121054.17
1361 121099.00
1362 121032.00
1363 121044.16
1364 121046.07
1365 121047.02
1366 121049.88
1367 121001.96
1368 121056.08
1369 121056.08
1370 121057.99
1371 121062.99
1372 121057.03
1373 121052.98
1374 121003.15
1375 120995.04
1376 121033.91
1377 121015.79
1378 121053.93
1379 121037.01
1380 121000.05
1381 121015.07
1382 121061.09
1383 121025.09
1384 121000.05
1385 121044.16
1386 121071.10
1387 120980.02
1388 120995.04
1389 121055.84
1390 121062.99
1391 121059.18
1392 121003.15
1393 121039.87
1394 121032.00
1395 121026.04
1396 121085.17
1397 121047.97
1398 121023.89
1399 121050.12
