1400
0 121068.00
1 121018.17
2 121029.14
3 121052.98
4 121023.89
5 121018.89
6 120990.99
7 121021.99
8 120965.00
9 121021.99
10 121034.86
11 120956.18
12 121021.99
13 121060.85
14 121017.93
15 121016.98
16 121017.93
17 121026.99
18 121037.96
19 121011.02
20 121022.94
21 120974.06
22 121006.01
23 121010.07
24 121052.98
25 121037.01
26 121026.99
27 121017.22
28 120954.04
29 121018.89
30 120990.99
31 121019.12
32 121037.96
33 121026.04
34 121030.09
35 121042.01
36 121038.20
37 121016.03
38 121021.99
39 120963.10
40 120913.98
41 121002.91
42 121038.91
43 121027.95
44 121025.09
45 121029.14
46 121015.07
47 121009.83
48 120948.08
49 121011.97
50 121035.10
51 121017.93
52 121017.93
53 121044.87
54 121005.06
55 121026.99
56 121032.00
57 121019.12
58 121040.11
59 121028.90
60 121012.93
61 121008.16
62 120932.82
63 121042.01
64 121058.94
65 121032.95
66 121016.98
67 121026.04
68 121010.07
69 121007.92
70 121039.15
71 121008.16
72 121052.03
73 121009.83
74 121028.18
75 121014.83
76 121016.03
77 121007.20
78 121029.14
79 121024.85
80 120932.10
81 120986.22
82 121041.06
83 121128.08
84 121031.05
85 121020.08
86 121083.02
87 121011.02
88 120970.96
89 121032.00
90 120994.09
91 121019.12
92 121027.95
93 121023.89
94 120863.91
95 120847.23
96 120884.90
97 120880.13
98 120972.87
99 121004.10
100 120994.09
101 120996.00
102 120738.03
103 121788.02
104 120978.12
105 122988.94
106 122076.99
107 123049.02
108 122554.06
109 121541.02
110 124106.88
111 122570.04
112 122498.99
113 122332.81
114 122238.16
115 122183.08
116 122748.85
117 123827.93
118 122765.06
119 122055.05
120 122331.14
121 123593.09
122 122772.93
123 123532.06
124 122679.95
125 122214.08
126 124400.85
127 124063.97
128 122689.01
129 122662.07
130 123620.99
131 124444.01
132 122455.12
133 122497.08
134 124943.97
135 123989.11
136 122538.09
137 122634.89
138 121721.03
139 122641.09
140 124186.04
141 122774.12
142 124130.96
143 122627.97
144 124506.00
145 123343.94
146 123686.08
147 122695.92
148 123454.09
149 122538.09
150 123390.20
151 122437.95
152 124179.84
153 122408.15
154 122618.20
155 123377.08
156 122401.95
157 123376.13
158 123934.03
159 123229.03
160 124187.95
161 123256.92
162 122489.93
163 123365.88
164 122259.86
165 123090.03
166 123121.02
167 124871.02
168 122360.94
169 123968.12
170 122987.03
171 123744.96
172 122076.99
173 123035.91
174 124486.92
175 123726.84
176 123772.86
177 122905.97
178 123405.22
179 122690.20
180 122849.94
181 121718.17
182 122401.95
183 123239.99
184 123490.10
185 123342.04
186 123327.97
187 122372.15
188 124122.86
189 124128.10
190 122258.90
191 123183.01
192 122479.92
193 123113.16
194 122963.91
195 123116.02
196 122859.00
197 122806.07
198 123579.98
199 123474.84
200 122890.00
201 123524.90
202 122748.85
203 122718.10
204 122808.93
205 123542.07
206 123225.21
207 124149.08
208 124081.13
209 122385.03
210 124117.14
211 124270.20
212 123643.16
213 123297.21
214 124228.00
215 124125.00
216 125043.87
217 124931.10
218 124056.82
219 122476.10
220 123101.95
221 123214.01
222 123354.91
223 123127.94
224 124243.97
225 122403.86
226 123145.10
227 123467.92
228 122911.93
229 123042.11
230 123195.89
231 123136.04
232 122321.13
233 122772.93
234 122838.97
235 123595.00
236 123438.12
237 121914.15
238 122802.97
239 122719.05
240 123536.11
241 122569.08
242 123450.99
243 121948.96
244 122035.03
245 122231.01
246 122116.09
247 123753.79
248 122362.14
249 122778.18
250 123686.08
251 122174.98
252 122829.91
253 123183.01
254 123190.16
255 122275.11
256 122409.82
257 123250.96
258 122597.93
259 122546.20
260 124147.18
261 122411.01
262 123297.93
263 123418.09
264 122364.04
265 123255.97
266 123197.08
267 123827.93
268 122284.17
269 123883.96
270 123816.97
271 122842.07
272 123672.01
273 122968.20
274 122023.11
275 123786.93
276 123501.06
277 122887.85
278 123747.83
279 124287.84
280 123364.93
281 122584.82
282 122396.95
283 123297.93
284 122084.86
285 123322.96
286 122571.95
287 122602.94
288 122517.11
289 122387.89
290 123209.00
291 122937.92
292 122558.12
293 124125.96
294 123238.80
295 122350.93
296 123994.11
297 122121.10
298 122184.04
299 123049.97
300 123810.05
301 123873.00
302 122349.02
303 122319.94
304 123995.07
305 123156.07
306 123959.06
307 122279.17
308 122879.98
309 122211.93
310 123809.81
311 123728.99
312 124606.85
313 123723.98
314 123645.07
315 122879.03
316 123796.22
317 123463.15
318 124583.96
319 123481.99
320 122540.95
321 122606.99
322 121944.90
323 124303.10
324 122423.89
325 122287.03
326 122318.98
327 123805.05
328 123060.94
329 122823.00
330 122979.88
331 123611.93
332 123485.09
333 122462.99
334 124212.03
335 124131.92
336 123097.18
337 122323.99
338 122900.96
339 122689.01
340 122695.92
341 124041.08
342 122576.00
343 122962.95
344 122778.89
345 122735.98
346 123478.89
347 122384.07
348 123278.14
349 123046.16
350 123872.04
351 122935.06
352 122030.02
353 123309.85
354 123922.11
355 123149.87
356 123968.12
357 124017.00
358 122070.07
359 123931.17
360 122914.79
361 122122.05
362 121962.07
363 122053.15
364 122137.07
365 122471.09
366 122256.99
367 122810.84
368 122987.99
369 122762.92
370 122666.84
371 122571.95
372 122567.18
373 122445.11
374 122164.01
375 122413.87
376 122634.89
377 122794.15
378 122482.06
379 122859.95
380 122492.07
381 122654.91
382 122366.91
383 122015.00
384 122473.00
385 122679.00
386 122872.83
387 122787.00
388 122572.18
389 122432.95
390 122335.91
391 122487.07
392 122291.80
393 122346.88
394 122108.94
395 122275.83
396 122370.00
397 123739.96
398 122815.13
399 123281.96
400 122566.94
401 122788.91
402 122983.93
403 122837.07
404 122171.16
405 122740.98
406 122024.06
407 122349.02
408 122339.96
409 122101.07
410 122305.15
411 122335.91
412 122723.82
413 122018.81
414 122044.09
415 122694.02
416 122381.93
417 122261.05
418 122574.81
419 122241.02
420 122312.07
421 121855.02
422 122370.00
423 122467.99
424 122253.89
425 122015.00
426 122340.92
427 122039.79
428 122703.08
429 122445.82
430 122236.01
431 122312.07
432 122494.22
433 121976.14
434 123004.91
435 122300.86
436 122501.13
437 122036.93
438 122044.09
439 122339.96
440 122074.13
441 122036.93
442 122358.08
443 122697.11
444 122122.05
445 122162.82
446 122431.99
447 122171.88
448 122391.94
449 122617.96
450 122301.10
451 122818.95
452 122297.05
453 122463.94
454 122312.07
455 122642.99
456 122763.87
457 122294.90
458 122387.17
459 121953.96
460 122102.02
461 122385.98
462 122617.01
463 122331.14
464 122563.12
465 122008.09
466 122169.02
467 122728.82
468 122529.98
469 122217.89
470 122748.85
471 122406.96
472 122451.07
473 122559.07
474 122431.99
475 122294.90
476 122741.94
477 122704.03
478 122398.14
479 122241.02
480 122193.10
481 122443.91
482 122819.90
483 122313.98
484 122013.09
485 122045.99
486 122835.87
487 122340.20
488 122685.91
489 122837.07
490 122642.99
491 122370.96
492 122423.89
493 122710.94
494 122352.84
495 122194.05
496 122833.01
497 122136.83
498 122547.15
499 122516.16
500 122636.08
501 122293.95
502 122459.89
503 122190.95
504 121656.89
505 122517.11
506 122122.05
507 122371.91
508 122089.86
509 122835.87
510 122665.88
511 122494.94
512 121973.04
513 123069.05
514 122659.21
515 122137.07
516 122497.08
517 121709.11
518 122295.86
519 122555.02
520 122724.06
521 122241.02
522 122369.05
523 121793.99
524 122334.96
525 122501.13
526 122740.98
527 122394.80
528 122527.84
529 122411.01
530 122550.96
531 122200.97
532 122131.11
533 122371.91
534 122478.96
535 122597.93
536 122386.93
537 122725.96
538 122457.03
539 121946.10
540 122852.09
541 122266.05
542 122252.94
543 122848.99
544 123297.93
545 122494.94
546 122012.85
547 122082.00
548 122918.84
549 122138.02
550 122339.01
551 122373.10
552 122154.00
553 122102.98
554 122648.00
555 122549.06
556 122522.12
557 122840.88
558 123458.15
559 122354.98
560 122730.97
561 122006.18
562 122835.87
563 122086.05
564 122164.96
565 121920.82
566 122743.84
567 122182.13
568 122066.97
569 122037.17
570 122330.19
571 122625.83
572 122266.05
573 122527.84
574 122335.91
575 122272.01
576 122409.11
577 122694.97
578 122443.91
579 123248.82
580 122135.88
581 122690.20
582 122359.04
583 122646.09
584 122380.97
585 121896.98
586 122483.97
587 122181.89
588 123304.13
589 122879.98
590 122670.89
591 122065.07
592 122904.06
593 122009.04
594 122622.97
595 122357.13
596 122288.94
597 122506.14
598 123149.87
599 122362.14
600 122870.92
601 123167.04
602 122573.14
603 122287.03
604 121928.93
605 122240.07
606 122422.93
607 122414.11
608 122267.96
609 122195.01
610 122468.95
611 122788.91
612 122390.99
613 122329.95
614 122036.93
615 122475.15
616 122325.18
617 122266.05
618 122490.88
619 121948.96
620 122757.20
621 122766.02
622 122079.13
623 122306.82
624 122247.93
625 121933.94
626 122107.03
627 122119.90
628 123142.00
629 122307.78
630 122908.83
631 122764.11
632 122293.00
633 122089.86
634 122276.07
635 122414.83
636 121904.13
637 123162.03
638 123112.92
639 122509.00
640 122158.05
641 121943.00
642 122105.12
643 122552.87
644 122441.05
645 122257.95
646 122287.03
647 121952.06
648 122322.08
649 122362.14
650 121151.92
651 121110.92
652 121484.04
653 121612.07
654 120778.08
655 121232.03
656 121196.03
657 121633.05
658 121352.91
659 121332.88
660 120945.93
661 121026.04
662 121548.89
663 121386.05
664 121528.15
665 121093.03
666 120927.81
667 121292.11
668 121728.90
669 121497.15
670 121993.06
671 121224.16
672 121690.03
673 121526.96
674 120614.05
675 121207.95
676 121062.99
677 121031.05
678 121275.19
679 121966.12
680 121103.05
681 121029.85
682 121279.95
683 121917.96
684 121139.05
685 121060.85
686 121378.18
687 121454.00
688 121084.93
689 121809.96
690 121059.18
691 121392.97
692 121008.87
693 121496.92
694 120865.11
695 121455.91
696 120976.92
697 120887.99
698 120934.01
699 121118.07
700 121052.98
701 120992.90
702 120822.91
703 121192.93
704 120839.12
705 121263.03
706 121243.00
707 121079.92
708 121049.17
709 121023.18
710 121201.99
711 121087.07
712 121016.98
713 120836.02
714 121105.91
715 121186.97
716 121090.89
717 121260.88
718 121099.00
719 121023.18
720 121048.93
721 121127.13
722 120930.91
723 121278.05
724 121055.84
725 120961.90
726 121072.05
727 121361.02
728 120821.00
729 121062.04
730 121381.04
731 121099.00
732 121299.03
733 121319.06
734 121318.10
735 120965.96
736 121271.13
737 121057.03
738 121400.83
739 120946.88
740 121199.85
741 121261.12
742 121135.95
743 121005.06
744 121046.07
745 121549.84
746 121066.09
747 121008.87
748 120933.06
749 121124.98
750 121056.08
751 121150.02
752 121086.12
753 121045.11
754 121220.11
755 121264.93
756 121059.89
757 121203.90
758 120979.07
759 121122.84
760 121114.97
761 121500.02
762 121016.98
763 121203.90
764 121090.89
765 120803.12
766 121201.04
767 121260.88
768 121247.05
769 121613.98
770 121293.07
771 120957.85
772 121360.06
773 121115.21
774 121012.93
775 121165.99
776 121111.15
777 121088.98
778 121069.91
779 120980.02
780 120914.94
781 120939.97
782 120971.92
783 121111.15
784 120913.03
785 121324.06
786 120866.06
787 121179.82
788 121310.95
789 120949.98
790 121280.19
791 121412.04
792 121058.94
793 121129.99
794 121292.11
795 120997.91
796 120950.94
797 121175.05
798 121409.89
799 121024.13
800 121186.97
801 121349.10
802 120802.16
803 121031.05
804 120860.82
805 120929.96
806 121438.03
807 121070.15
808 120791.91
809 121166.94
810 121278.05
811 121051.07
812 121057.03
813 120985.98
814 121092.08
815 121213.91
816 120914.94
817 121016.03
818 121053.93
819 121165.04
820 121160.98
821 122026.92
822 121444.94
823 121197.94
824 120947.84
825 120821.00
826 120961.90
827 121332.88
828 120666.03
829 121344.09
830 120910.88
831 120730.88
832 121109.01
833 120733.02
834 121423.01
835 120794.06
836 120986.94
837 120781.90
838 121032.95
839 121300.94
840 121266.13
841 120796.92
842 120664.12
843 121171.95
844 121000.05
845 120940.92
846 121232.99
847 121146.92
848 121119.98
849 121034.86
850 121354.10
851 121331.21
852 121357.92
853 121115.92
854 120807.17
855 121100.19
856 120863.91
857 121037.96
858 121519.09
859 120908.02
860 121060.13
861 120790.96
862 121050.12
863 120976.92
864 121296.88
865 121078.97
866 120851.99
867 120959.04
868 121191.98
869 121008.87
870 121049.88
871 120934.01
872 121244.91
873 121451.14
874 121131.90
875 120990.99
876 120928.05
877 121225.12
878 121158.12
879 121166.94
880 121043.92
881 120773.08
882 120821.95
883 121186.97
884 121183.16
885 121238.95
886 121006.01
887 120785.00
888 121048.93
889 121772.05
890 121772.05
891 120942.12
892 121244.91
893 121066.09
894 121223.21
895 121042.97
896 120965.00
897 121585.85
898 120824.10
899 121073.96
900 121062.99
901 121118.07
902 120908.02
903 120852.95
904 120867.97
905 121764.90
906 121606.11
907 121139.05
908 121325.97
909 121019.12
910 121065.86
911 121216.06
912 121112.11
913 121174.81
914 121282.10
915 121046.07
916 121007.20
917 121450.90
918 121186.02
919 121511.94
920 120901.11
921 121181.01
922 121052.03
923 121064.19
924 121506.93
925 121204.14
926 120862.96
927 121419.91
928 121060.13
929 121313.10
930 120967.86
931 121330.98
932 121080.88
933 120891.09
934 121024.13
935 121397.02
936 121314.05
937 121695.04
938 121176.96
939 121051.07
940 120941.16
941 121407.99
942 121073.01
943 121366.02
944 120921.13
945 121019.12
946 121376.04
947 121013.88
948 121130.94
949 121062.99
950 120882.99
951 121320.01
952 120862.01
953 121160.98
954 120834.83
955 121201.04
956 120915.89
957 120915.89
958 121212.96
959 121228.93
960 121241.09
961 121293.07
962 120903.02
963 121218.92
964 121176.96
965 121357.92
966 121405.12
967 121459.01
968 120911.84
969 121171.00
970 120934.01
971 121194.12
972 120922.09
973 121299.03
974 120975.97
975 121222.97
976 121446.85
977 122082.00
978 121743.92
979 120886.09
980 121336.94
981 121334.08
982 120834.11
983 121022.94
984 121120.93
985 121082.78
986 121027.95
987 121052.98
988 120843.89
989 121232.03
990 121655.94
991 121121.17
992 121109.01
993 121063.95
994 120980.02
995 121337.18
996 120996.00
997 121082.07
998 121088.03
999 121413.95
1000 121193.89
1001 121237.04
1002 121068.00
1003 120870.11
1004 121018.17
1005 121382.00
1006 120785.95
1007 120896.10
1008 121232.99
1009 121052.98
1010 120963.10
1011 121079.92
1012 121224.16
1013 121337.89
1014 120872.97
1015 121306.90
1016 120809.08
1017 121062.04
1018 121073.01
1019 121568.20
1020 121082.07
1021 120990.99
1022 121301.89
1023 121145.01
1024 121891.98
1025 121214.87
1026 121068.00
1027 121047.97
1028 121098.04
1029 120934.96
1030 120956.90
1031 121057.99
1032 121533.87
1033 121144.06
1034 121114.02
1035 120968.10
1036 120885.85
1037 121400.12
1038 121217.97
1039 120887.99
1040 120770.93
1041 120970.01
1042 121148.82
1043 120908.98
1044 121482.85
1045 121167.18
1046 120780.94
1047 120975.97
1048 121280.91
1049 121263.03
1050 121073.96
1051 121351.00
1052 121049.88
1053 121191.02
1054 120996.00
1055 120880.84
1056 120811.94
1057 120921.85
1058 121244.91
1059 121183.16
1060 121227.98
1061 121349.10
1062 120877.98
1063 121366.98
1064 121191.98
1065 121413.95
1066 120825.05
1067 121114.02
1068 121128.08
1069 121021.99
1070 120863.20
1071 121301.89
1072 120985.98
1073 121179.10
1074 120849.85
1075 121207.95
1076 120996.00
1077 121107.10
1078 121021.99
1079 120758.06
1080 120916.13
1081 121527.91
1082 120958.09
1083 121273.04
1084 120862.96
1085 120976.92
1086 121047.97
1087 121083.02
1088 121024.13
1089 120780.94
1090 120970.96
1091 120955.94
1092 121011.02
1093 120794.06
1094 121099.95
1095 120921.13
1096 120988.13
1097 120925.90
1098 120893.00
1099 121038.91
1100 121202.95
1101 120985.98
1102 120989.08
1103 120957.14
1104 121791.84
1105 120943.78
1106 120960.00
1107 121287.11
1108 120995.04
1109 121042.97
1110 120934.01
1111 121191.02
1112 121035.10
1113 121093.99
1114 121127.84
1115 121132.85
1116 121130.94
1117 121152.16
1118 121138.10
1119 121091.13
1120 121072.05
1121 121119.02
1122 121099.95
1123 121109.01
1124 121036.05
1125 121105.91
1126 121091.13
1127 121113.06
1128 121111.15
1129 121129.04
1130 121128.08
1131 121117.12
1132 121112.82
1133 121132.14
1134 121131.18
1135 121134.04
1136 121111.87
1137 121097.09
1138 121133.09
1139 121115.21
1140 121083.02
1141 121124.98
1142 121114.02
1143 121129.99
1144 121124.03
1145 121073.01
1146 121035.10
1147 121135.00
1148 121097.09
1149 121111.87
1150 121123.08
1151 121133.80
1152 121140.00
1153 121133.80
1154 121139.05
1155 121111.87
1156 121084.93
1157 121134.04
1158 121123.08
1159 121080.88
1160 121127.84
1161 121106.86
1162 121139.05
1163 121130.94
1164 121155.98
1165 121109.01
1166 121055.13
1167 121129.99
1168 121132.14
1169 121108.06
1170 121150.02
1171 121132.14
1172 121085.88
1173 121078.97
1174 121119.02
1175 121110.92
1176 121130.94
1177 121120.93
1178 121147.16
1179 121133.09
1180 121145.01
1181 121027.95
1182 121111.87
1183 121067.05
1184 121129.99
1185 121104.96
1186 121057.03
1187 121119.02
1188 121124.98
1189 121137.86
1190 121134.04
1191 121106.86
1192 121116.88
1193 121140.96
1194 121132.14
1195 121126.89
1196 121110.20
1197 121041.77
1198 121127.13
1199 121140.00
1200 121133.80
1201 121080.88
1202 121124.03
1203 121129.99
1204 120887.04
1205 121125.94
1206 121128.08
1207 121078.97
1208 121144.06
1209 121113.06
1210 121142.86
1211 121129.04
1212 121109.01
1213 121104.96
1214 121132.14
1215 121128.08
1216 121144.06
1217 121126.89
1218 121109.96
1219 121139.05
1220 121123.08
1221 121073.96
1222 121140.96
1223 121042.01
1224 121085.17
1225 121033.91
1226 121050.83
1227 121134.04
1228 121130.94
1229 121113.06
1230 121142.15
1231 121128.08
1232 121086.12
1233 121145.01
1234 121127.13
1235 121079.92
1236 121083.02
1237 121113.06
1238 121131.90
1239 121112.82
1240 121073.96
1241 121120.93
1242 121144.06
1243 121102.09
1244 121122.84
1245 121124.98
1246 121058.94
1247 121130.23
1248 121149.06
1249 121135.95
1250 121115.92
1251 121135.00
1252 121137.86
1253 121141.91
1254 121122.12
1255 121070.15
1256 121136.90
1257 121129.04
1258 121136.90
1259 121147.16
1260 121111.87
1261 121094.94
1262 121133.80
1263 121127.84
1264 121109.96
1265 121042.97
1266 121058.94
1267 121120.21
1268 121128.80
1269 121136.19
1270 121140.00
1271 121114.02
1272 121081.11
1273 121126.89
1274 121118.07
1275 121109.01
1276 121129.99
1277 121129.04
1278 121072.05
1279 121140.96
1280 121155.02
1281 121104.96
1282 121095.90
1283 121118.07
1284 121105.91
1285 120907.07
1286 121045.11
1287 121146.92
1288 121143.82
1289 121145.01
1290 121088.98
1291 121088.03
1292 121160.98
1293 121114.97
1294 121093.99
1295 121134.04
1296 121128.08
1297 121067.05
1298 121056.08
1299 121133.09
1300 121127.84
1301 121109.01
1302 121111.15
1303 121111.87
1304 121134.04
1305 121109.96
1306 121090.89
1307 121026.04
1308 121116.16
1309 121127.84
1310 121116.88
1311 121021.03
1312 121055.84
1313 121064.19
1314 121057.03
1315 120996.95
1316 120996.00
1317 121027.95
1318 121071.10
1319 121041.06
1320 121051.79
1321 121060.85
1322 121062.99
1323 121036.05
1324 121068.00
1325 121047.97
1326 120981.22
1327 121070.15
1328 121053.93
1329 121020.08
1330 121016.03
1331 121047.97
1332 121066.81
1333 121069.91
1334 121013.88
1335 121006.97
1336 121038.20
1337 121066.09
1338 121050.83
1339 121046.78
1340 121066.09
1341 121065.14
1342 121040.11
1343 121042.01
1344 121057.99
1345 121043.92
1346 121006.01
1347 121069.91
1348 121057.99
1349 120996.00
1350 121073.01
1351 120974.06
1352 121016.98
1353 121042.01
1354 121042.97
1355 121043.92
1356 121049.17
1357 121052.03
1358 121049.88
1359 121021.03
1360 121058.94
1361 121045.83
1362 121074.91
1363 121073.01
1364 121052.98
1365 120845.08
1366 120996.00
1367 121062.04
1368 121094.94
1369 121007.92
1370 121010.07
1371 121039.15
1372 121034.86
1373 121044.87
1374 121073.96
1375 121052.98
1376 121041.06
1377 121068.00
1378 121054.89
1379 121035.81
1380 121049.88
1381 121054.89
1382 121006.01
1383 121032.00
1384 121052.03
1385 121150.02
1386 121044.16
1387 120961.90
1388 120958.09
1389 121053.22
1390 121042.01
1391 121059.89
1392 121031.05
1393 121066.09
1394 121039.87
1395 120992.90
1396 121048.93
1397 121079.92
1398 121048.93
1399 121079.92
