1400
0 121281.86
1 121073.01
2 121048.93
3 121125.94
4 121052.03
5 121068.95
6 121044.16
7 121064.90
8 121071.10
9 121073.01
10 121060.85
11 121059.89
12 121062.99
13 121060.13
14 120980.02
15 121065.14
16 121072.05
17 121061.09
18 121062.04
19 121055.84
20 121026.04
21 121057.99
22 121062.99
23 120990.99
24 121057.99
25 121055.13
26 121068.00
27 121017.93
28 121061.09
29 121066.09
30 121064.90
31 121051.07
32 121068.95
33 121058.94
34 120973.83
35 121056.08
36 121061.09
37 121049.17
38 121037.01
39 121043.92
40 121066.09
41 121044.87
42 120966.91
43 121050.12
44 121074.91
45 121052.03
46 121037.01
47 121027.95
48 121062.04
49 121054.89
50 121059.89
51 121059.89
52 121070.86
53 121059.89
54 120929.00
55 121062.99
56 121061.09
57 121054.17
58 121048.93
59 121057.03
60 121122.12
61 121046.07
62 121056.08
63 121045.83
64 121060.13
65 121047.97
66 121047.97
67 121028.90
68 121068.00
69 121054.17
70 121059.89
71 121020.08
72 121073.01
73 121039.87
74 121001.96
75 121062.99
76 121062.04
77 121064.90
78 121068.00
79 121061.80
80 121058.94
81 121107.10
82 121078.01
83 121037.01
84 120977.88
85 121042.97
86 121086.12
87 121016.03
88 121050.12
89 121059.89
90 121088.98
91 121049.17
92 121057.99
93 121036.05
94 120837.21
95 121057.99
96 120984.08
97 120978.83
98 121084.93
99 120975.02
100 121100.90
101 120940.92
102 122236.01
103 121073.96
104 120967.15
105 122723.10
106 122089.15
107 121759.89
108 122009.04
109 122462.03
110 123257.16
111 124095.92
112 124234.91
113 124739.89
114 124700.07
115 123482.94
116 123442.17
117 122764.11
118 122751.95
119 123368.98
120 122517.11
121 122677.09
122 122655.87
123 124042.99
124 123234.03
125 122335.91
126 122857.81
127 123770.95
128 122066.02
129 124388.93
130 123728.04
131 125079.15
132 123698.00
133 122952.94
134 123622.89
135 122712.14
136 122714.04
137 124243.97
138 123658.90
139 122761.96
140 122512.10
141 123281.00
142 123512.03
143 122668.98
144 123210.91
145 122217.89
146 122406.96
147 122335.91
148 123866.08
149 124739.17
150 123080.97
151 122848.03
152 123655.80
153 123698.00
154 123144.87
155 123107.91
156 123852.97
157 123785.02
158 122933.15
159 122114.90
160 123893.02
161 122797.97
162 123979.09
163 123822.93
164 123716.83
165 123286.96
166 124269.01
167 123388.05
168 122802.97
169 123754.02
170 124157.91
171 122575.04
172 125545.98
173 124898.91
174 123013.02
175 122320.89
176 122675.90
177 122740.98
178 122718.10
179 123243.09
180 123181.10
181 123159.17
182 123074.05
183 124572.04
184 124449.97
185 122896.91
186 124357.94
187 122792.96
188 122642.99
189 123697.04
190 122778.89
191 122864.96
192 123445.99
193 123420.00
194 122577.19
195 124239.92
196 123548.03
197 122642.99
198 123583.08
199 123370.89
200 123030.90
201 123372.08
202 125692.84
203 124109.98
204 122284.89
205 123747.11
206 122820.85
207 123491.05
208 122934.82
209 122566.94
210 122788.91
211 123730.90
212 123555.90
213 122717.14
214 122567.89
215 122841.12
216 123274.80
217 122730.02
218 122552.16
219 123997.21
220 124795.91
221 122394.08
222 122222.19
223 123826.03
224 123010.16
225 125463.01
226 123004.91
227 123035.91
228 124546.05
229 122860.91
230 122859.00
231 122727.87
232 122684.00
233 123959.06
234 122447.97
235 123190.88
236 122354.98
237 122349.98
238 125277.04
239 123635.05
240 122949.12
241 123573.06
242 122624.16
243 123483.90
244 125383.14
245 122578.86
246 125171.90
247 122586.97
248 124224.90
249 125082.97
250 124168.16
251 123241.90
252 122473.96
253 122888.80
254 122931.96
255 123369.93
256 122378.83
257 123085.02
258 123022.08
259 123930.93
260 125568.87
261 122701.17
262 122648.95
263 122762.92
264 123520.14
265 122847.08
266 123009.92
267 123791.93
268 121952.06
269 122838.02
270 124310.02
271 122566.94
272 123365.16
273 123207.81
274 122977.02
275 124475.00
276 122175.93
277 123042.82
278 124413.97
279 124372.01
280 122812.99
281 125181.20
282 123345.14
283 124455.21
284 123347.04
285 123405.93
286 124338.87
287 122280.12
288 123317.96
289 123262.88
290 123870.13
291 123955.97
292 123090.98
293 123036.15
294 122503.04
295 123088.12
296 123755.93
297 123754.02
298 123409.99
299 123507.02
300 122864.01
301 124265.19
302 122691.15
303 123492.00
304 123337.03
305 122357.13
306 123997.21
307 123192.07
308 123167.04
309 122424.84
310 124192.95
311 124042.03
312 123226.17
313 123145.10
314 122307.06
315 123905.90
316 121948.00
317 123677.02
318 123578.07
319 123601.91
320 123518.94
321 122492.07
322 122561.93
323 122663.97
324 124149.08
325 124253.03
326 123279.09
327 122277.98
328 123093.13
329 123014.93
330 123646.97
331 123777.15
332 123038.05
333 122824.19
334 124412.78
335 124787.09
336 122268.20
337 123826.03
338 122243.88
339 123764.99
340 122797.01
341 123717.07
342 123910.90
343 123516.08
344 122614.86
345 123617.89
346 123624.09
347 123605.97
348 122716.19
349 124201.06
350 122465.85
351 122441.05
352 124068.98
353 122577.91
354 124037.98
355 124152.90
356 123092.89
357 123372.08
358 125613.21
359 122311.83
360 122520.21
361 122250.08
362 122305.87
363 122504.95
364 121975.90
365 122375.97
366 121966.12
367 122102.98
368 122890.95
369 122291.09
370 122882.84
371 122220.99
372 123153.92
373 122893.10
374 123312.00
375 122307.06
376 122542.86
377 122375.01
378 122177.12
379 122903.82
380 122093.92
381 122221.95
382 122886.18
383 122226.00
384 122271.06
385 122582.91
386 122653.01
387 122800.11
388 122324.94
389 122967.00
390 122109.89
391 122689.01
392 123023.99
393 123099.80
394 122381.93
395 122634.89
396 122272.01
397 122840.88
398 122576.95
399 122483.97
400 122597.93
401 122171.16
402 122672.08
403 122966.05
404 122345.92
405 123679.88
406 123000.86
407 122444.87
408 122503.04
409 122256.99
410 122416.97
411 122817.99
412 122476.82
413 121870.04
414 122894.05
415 122692.11
416 122977.97
417 122235.06
418 123125.79
419 123570.20
420 123133.90
421 122675.18
422 122349.98
423 123399.02
424 122164.01
425 122555.97
426 122393.85
427 122755.05
428 122193.10
429 122082.00
430 122576.95
431 122987.99
432 122219.09
433 122534.04
434 122767.93
435 122309.92
436 122162.10
437 122593.16
438 122205.97
439 122148.99
440 122824.19
441 122176.89
442 122226.95
443 121981.86
444 122564.08
445 122642.99
446 122326.14
447 122752.90
448 122290.13
449 122416.02
450 122565.98
451 122608.18
452 122442.01
453 122923.14
454 123033.05
455 123318.91
456 122306.11
457 123106.96
458 122078.90
459 122367.86
460 121961.12
461 122083.19
462 122289.18
463 123526.10
464 122627.02
465 122339.01
466 122766.02
467 122472.05
468 122709.99
469 122514.96
470 122689.96
471 122360.94
472 122685.91
473 121929.88
474 122049.81
475 122579.10
476 123318.91
477 122066.02
478 122364.04
479 123147.96
480 122176.89
481 122390.03
482 122535.94
483 122687.10
484 123090.03
485 122248.17
486 123055.93
487 123045.92
488 122955.08
489 122003.08
490 122148.99
491 122476.10
492 122346.88
493 121850.01
494 122498.99
495 122763.16
496 122016.91
497 122877.12
498 121872.90
499 122473.00
500 122738.12
501 122896.91
502 122713.80
503 121939.18
504 122341.87
505 122422.93
506 123037.10
507 123012.07
508 122432.95
509 122478.01
510 122372.87
511 122493.98
512 123054.03
513 122448.92
514 122828.96
515 122921.94
516 123408.08
517 122513.06
518 123258.83
519 122898.82
520 122956.99
521 122879.98
522 122069.12
523 122462.03
524 122505.90
525 122913.84
526 122886.18
527 122272.97
528 122598.17
529 122059.11
530 122291.80
531 122638.94
532 123580.22
533 122386.93
534 122596.98
535 121827.84
536 123053.07
537 121958.02
538 122553.11
539 122588.16
540 122225.05
541 122194.05
542 122537.85
543 122387.89
544 123327.02
545 123018.03
546 122429.85
547 121972.08
548 122189.04
549 122673.03
550 122545.00
551 122063.16
552 122309.92
553 122390.03
554 122379.06
555 122429.13
556 122632.98
557 122691.87
558 122966.05
559 122694.02
560 122145.18
561 122605.09
562 122207.88
563 122411.01
564 122142.08
565 122627.97
566 122273.92
567 122492.07
568 122432.95
569 122713.09
570 122366.19
571 123306.04
572 122210.98
573 122428.89
574 122509.96
575 123206.14
576 122802.97
577 122262.95
578 122246.98
579 121996.16
580 122453.93
581 122485.88
582 121958.97
583 122313.02
584 121996.16
585 122912.17
586 121846.91
587 122274.88
588 122882.84
589 122551.92
590 122469.90
591 123057.13
592 122375.01
593 122784.85
594 122391.94
595 122327.09
596 122724.06
597 122244.12
598 122454.17
599 122028.83
600 122339.01
601 122498.99
602 122385.98
603 122374.06
604 122633.93
605 122974.87
606 122197.15
607 122293.95
608 122352.12
609 122023.11
610 122967.00
611 122353.08
612 122956.99
613 123159.89
614 122262.95
615 122379.06
616 122287.99
617 122699.98
618 122681.86
619 122466.80
620 122015.95
621 122329.95
622 122423.89
623 122114.90
624 122262.95
625 122576.00
626 122503.04
627 122497.08
628 122463.94
629 122964.14
630 122956.04
631 122097.02
632 122540.00
633 122386.22
634 122366.19
635 122051.00
636 122077.94
637 121889.11
638 122221.95
639 122152.09
640 121915.82
641 122431.04
642 122622.97
643 122828.96
644 121416.09
645 121545.08
646 121448.04
647 121384.86
648 121204.85
649 121007.20
650 120810.03
651 121315.00
652 121192.93
653 121335.98
654 121003.87
655 121253.01
656 121281.86
657 121546.03
658 121021.99
659 121292.83
660 121608.02
661 121427.06
662 121229.17
663 121648.07
664 121546.98
665 120955.94
666 121263.03
667 121541.02
668 121531.96
669 121162.89
670 121422.05
671 121537.92
672 121124.98
673 121338.84
674 121209.86
675 121459.01
676 122086.05
677 121214.15
678 121111.87
679 121704.10
680 121593.00
681 120786.91
682 120733.02
683 121564.87
684 120893.00
685 121593.00
686 121258.02
687 121437.07
688 121912.00
689 121172.19
690 120798.83
691 121020.08
692 120928.05
693 121381.04
694 121239.19
695 121079.92
696 121176.96
697 121061.09
698 120911.84
699 120683.91
700 121233.94
701 120831.01
702 121243.00
703 121548.89
704 121144.06
705 121518.14
706 120872.97
707 121138.10
708 120789.05
709 120851.99
710 121222.02
711 120867.01
712 121137.14
713 120918.04
714 120723.96
715 120857.95
716 120800.02
717 120915.17
718 120783.09
719 120986.94
720 121346.95
721 120972.16
722 121423.01
723 120985.98
724 120841.03
725 120860.10
726 120714.90
727 121118.07
728 120975.97
729 121196.99
730 120945.93
731 120924.95
732 121119.02
733 120697.02
734 121030.09
735 120818.14
736 121253.97
737 120908.02
738 120981.93
739 120806.93
740 121252.06
741 120939.02
742 120766.88
743 120885.13
744 120953.08
745 120993.85
746 121340.04
747 121145.01
748 120918.04
749 120991.95
750 120882.03
751 120811.94
752 121136.90
753 120925.19
754 120903.97
755 121222.97
756 121066.09
757 120856.05
758 120754.96
759 120822.91
760 120740.89
761 121140.00
762 120744.94
763 121387.00
764 121316.91
765 120895.86
766 120774.03
767 120760.92
768 120863.91
769 121238.95
770 120939.02
771 121433.02
772 121040.11
773 121110.92
774 121088.03
775 120900.15
776 121567.01
777 121097.09
778 120996.95
779 120619.06
780 120969.06
781 120822.91
782 121464.01
783 121412.04
784 120869.87
785 121655.94
786 120891.09
787 120987.89
788 120682.00
789 121196.99
790 120926.86
791 121047.97
792 120711.09
793 120754.00
794 120914.94
795 121042.01
796 120867.01
797 120929.00
798 121250.87
799 121076.82
800 120893.00
801 120798.11
802 121698.86
803 120999.81
804 120831.01
805 120940.92
806 120703.94
807 120729.92
808 120762.11
809 121026.04
810 120842.93
811 121281.86
812 121217.97
813 121012.93
814 121027.95
815 121006.97
816 120814.80
817 121185.06
818 121369.84
819 120871.07
820 121474.98
821 120860.10
822 120979.07
823 121373.89
824 121171.00
825 121325.02
826 121124.98
827 121310.95
828 121228.93
829 121175.05
830 120827.91
831 121271.13
832 120681.05
833 121151.92
834 121017.93
835 120740.18
836 121286.15
837 120737.08
838 120963.10
839 121150.97
840 120827.91
841 120795.01
842 121044.87
843 120852.95
844 121130.94
845 120760.92
846 120926.14
847 121345.04
848 121371.98
849 120792.87
850 120941.88
851 120903.97
852 120934.01
853 120780.94
854 120865.82
855 120948.08
856 120805.03
857 120893.00
858 120836.02
859 120913.98
860 120961.90
861 121248.96
862 121102.09
863 120897.77
864 120862.01
865 120725.87
866 121276.14
867 121415.14
868 121127.84
869 121285.20
870 120815.99
871 121157.88
872 120825.05
873 121244.91
874 120854.85
875 120754.00
876 120958.09
877 120971.92
878 121145.96
879 120710.85
880 120956.90
881 120839.12
882 121628.05
883 120893.00
884 121293.07
885 120946.17
886 121217.01
887 121049.17
888 121479.99
889 120927.10
890 120836.02
891 121117.83
892 121407.99
893 121104.96
894 120962.86
895 121144.06
896 121123.79
897 120826.96
898 120781.90
899 120942.12
900 121335.03
901 121377.94
902 120983.84
903 121089.94
904 120800.02
905 120928.05
906 121118.07
907 121151.21
908 120836.02
909 120834.11
910 121121.88
911 121282.10
912 120979.79
913 121300.94
914 120990.99
915 121294.98
916 121073.01
917 120988.85
918 121070.86
919 120994.81
920 120728.02
921 121734.86
922 120903.97
923 120992.90
924 121271.13
925 120968.82
926 120937.82
927 121128.08
928 120965.96
929 121056.08
930 121490.96
931 121335.03
932 120863.91
933 121467.11
934 120856.05
935 120916.84
936 121186.97
937 121131.90
938 121434.21
939 120805.98
940 121400.12
941 121041.06
942 121089.94
943 121040.82
944 121232.99
945 120904.92
946 121070.86
947 120826.96
948 120944.02
949 120867.97
950 121407.99
951 120935.92
952 121031.05
953 121186.02
954 121035.81
955 121083.97
956 121305.94
957 120859.86
958 121114.02
959 121052.98
960 121155.02
961 121227.98
962 121284.01
963 120955.94
964 121443.03
965 121040.11
966 121385.10
967 121037.01
968 120831.01
969 120980.98
970 121232.03
971 120908.98
972 121863.13
973 121091.13
974 121773.00
975 120918.04
976 121235.85
977 120990.99
978 121176.96
979 121035.10
980 121726.99
981 120953.08
982 120921.13
983 120850.09
984 121156.93
985 120859.86
986 121335.98
987 121158.84
988 120804.79
989 121028.90
990 120786.91
991 121247.05
992 121068.00
993 121140.96
994 121024.85
995 121384.86
996 121083.97
997 121316.19
998 120728.97
999 121076.82
1000 121218.92
1001 121106.15
1002 120876.07
1003 120867.01
1004 120938.06
1005 121340.99
1006 121029.85
1007 121222.02
1008 120948.08
1009 121074.91
1010 121201.99
1011 120758.06
1012 120989.08
1013 121410.85
1014 121165.99
1015 121079.92
1016 121021.03
1017 121055.13
1018 121244.91
1019 121101.86
1020 120977.88
1021 121096.85
1022 121000.05
1023 121176.00
1024 120851.04
1025 121080.16
1026 120987.89
1027 120918.99
1028 121207.95
1029 120990.04
1030 120847.94
1031 121227.03
1032 121125.94
1033 120974.78
1034 121217.01
1035 121248.01
1036 121481.18
1037 121173.86
1038 121115.92
1039 121041.06
1040 121190.07
1041 120868.21
1042 120965.00
1043 121278.05
1044 120913.98
1045 120908.98
1046 121146.92
1047 120795.97
1048 120971.92
1049 120838.88
1050 120837.93
1051 120796.92
1052 121152.16
1053 121068.00
1054 121067.05
1055 120955.94
1056 120877.03
1057 121293.07
1058 121037.96
1059 121572.97
1060 121167.90
1061 120958.09
1062 121212.01
1063 121176.00
1064 121295.93
1065 121454.95
1066 121296.88
1067 121078.97
1068 121109.96
1069 120998.14
1070 121094.94
1071 120852.95
1072 120831.01
1073 121531.01
1074 120874.88
1075 121231.08
1076 121073.01
1077 121046.07
1078 121000.05
1079 120986.94
1080 121150.02
1081 121428.97
1082 121041.06
1083 120886.09
1084 121101.86
1085 120788.10
1086 120908.02
1087 120760.92
1088 121068.95
1089 121442.08
1090 120996.00
1091 120952.13
1092 121001.01
1093 121497.15
1094 121111.15
1095 120893.00
1096 120998.86
1097 121472.84
1098 121025.09
1099 120990.04
1100 121005.06
1101 121233.94
1102 121207.00
1103 121062.99
1104 121156.93
1105 121181.01
1106 121289.01
1107 121074.91
1108 121052.03
1109 120852.95
1110 121062.04
1111 121104.96
1112 121138.81
1113 121117.12
1114 121117.83
1115 121135.95
1116 121131.90
1117 121076.11
1118 121119.02
1119 121133.09
1120 121126.89
1121 121037.01
1122 121139.05
1123 121129.04
1124 121073.01
1125 121131.18
1126 121166.94
1127 121135.00
1128 121112.11
1129 121153.12
1130 121130.94
1131 121093.03
1132 121068.00
1133 121140.96
1134 121111.15
1135 121082.07
1136 121037.01
1137 121135.00
1138 121087.79
1139 121052.03
1140 121112.11
1141 121140.96
1142 121126.89
1143 121084.21
1144 121135.00
1145 121054.89
1146 121140.96
1147 121132.14
1148 121088.03
1149 121038.91
1150 121132.14
1151 121119.98
1152 121140.96
1153 121125.94
1154 121147.87
1155 121138.81
1156 121087.07
1157 121138.10
1158 121088.03
1159 121081.11
1160 121105.91
1161 121131.18
1162 121119.02
1163 121109.01
1164 121132.85
1165 121135.00
1166 121078.97
1167 121095.90
1168 121136.19
1169 121147.87
1170 121147.16
1171 121083.97
1172 121088.03
1173 121124.98
1174 121109.96
1175 121096.13
1176 121119.02
1177 121129.99
1178 121091.13
1179 121160.03
1180 121111.87
1181 121075.87
1182 121129.99
1183 121114.02
1184 121134.04
1185 121056.08
1186 121064.19
1187 121140.00
1188 121099.95
1189 121079.92
1190 121114.02
1191 121114.02
1192 121136.90
1193 121130.94
1194 121131.90
1195 121129.04
1196 121108.06
1197 121105.91
1198 121104.00
1199 121119.98
1200 121120.93
1201 121130.94
1202 121134.04
1203 121139.05
1204 121167.90
1205 121115.92
1206 121090.89
1207 121135.00
1208 121119.02
1209 121113.06
1210 121129.99
1211 121133.09
1212 121093.03
1213 121145.96
1214 121118.07
1215 121078.97
1216 121058.94
1217 121127.13
1218 121098.04
1219 121068.00
1220 121024.13
1221 121142.86
1222 121131.90
1223 120972.87
1224 121130.94
1225 121064.19
1226 121073.01
1227 121158.12
1228 121090.89
1229 121090.17
1230 121132.85
1231 121112.11
1232 121137.86
1233 121156.22
1234 121141.91
1235 121088.98
1236 120979.07
1237 121143.10
1238 121093.99
1239 121073.96
1240 121118.07
1241 121136.90
1242 121066.09
1243 121079.92
1244 121143.82
1245 121082.07
1246 121060.85
1247 121129.04
1248 121161.94
1249 121134.04
1250 121085.88
1251 121088.98
1252 121144.06
1253 121132.85
1254 121074.91
1255 121138.81
1256 121134.04
1257 121082.07
1258 121076.11
1259 121134.04
1260 121124.98
1261 121071.10
1262 121148.11
1263 121127.13
1264 121089.94
1265 121056.80
1266 121110.92
1267 121095.90
1268 121123.08
1269 121134.04
1270 121132.14
1271 121138.10
1272 121131.90
1273 121126.17
1274 121124.03
1275 121116.88
1276 121131.90
1277 121131.90
1278 121099.23
1279 121165.04
1280 121145.01
1281 121094.94
1282 121074.20
1283 121125.94
1284 121118.07
1285 121087.07
1286 121107.10
1287 121113.06
1288 121132.85
1289 121133.09
1290 121120.93
1291 121206.05
1292 121138.81
1293 121113.06
1294 121133.09
1295 121101.14
1296 121112.11
1297 121115.92
1298 121127.13
1299 121135.00
1300 121066.09
1301 121111.15
1302 121131.18
1303 121114.97
1304 121135.95
1305 121016.98
1306 121114.02
1307 121112.82
1308 121155.02
1309 121129.04
1310 121087.07
1311 121134.04
1312 121119.02
1313 121109.96
1314 121143.82
1315 121129.99
1316 121090.89
1317 121104.00
1318 121082.07
1319 121115.92
1320 121119.98
1321 121135.00
1322 121084.93
1323 121087.07
1324 121135.00
1325 121051.07
1326 121114.02
1327 121122.84
1328 121132.85
1329 121134.04
1330 121137.14
1331 121139.05
1332 121104.00
1333 121146.92
1334 121129.99
1335 121088.03
1336 121136.90
1337 121112.82
1338 121088.03
1339 121131.18
1340 121155.98
1341 121132.14
1342 121088.03
1343 121140.00
1344 121137.86
1345 121111.87
1346 121080.88
1347 121132.85
1348 121048.93
1349 121146.92
1350 121135.00
1351 121117.12
1352 121140.96
1353 121127.13
1354 121109.01
1355 121146.92
1356 121119.02
1357 121118.07
1358 121089.22
1359 121123.79
1360 121113.78
1361 121126.89
1362 121129.04
1363 121150.97
1364 121133.09
1365 121055.13
1366 121145.96
1367 121145.96
1368 121085.88
1369 121088.03
1370 121124.03
1371 121119.98
1372 121129.99
1373 121129.99
1374 121131.90
1375 121140.00
1376 121104.00
1377 121077.06
1378 121121.88
1379 121132.14
1380 121133.09
1381 121109.01
1382 121139.05
1383 121129.04
1384 121129.04
1385 121111.15
1386 121127.84
1387 121116.88
1388 121115.92
1389 121074.91
1390 121023.89
1391 121122.12
1392 121135.95
1393 121123.79
1394 121111.15
1395 121158.12
1396 121131.18
1397 121119.02
1398 121090.17
1399 121131.18
