1400
0 121284.01
1 121174.10
2 121159.08
3 121103.05
4 121099.95
5 121102.09
6 121122.12
7 121165.04
8 121127.13
9 121152.88
10 121121.88
11 121116.88
12 121125.94
13 121130.23
14 121134.04
15 121149.06
16 121141.91
17 121112.82
18 121141.91
19 121122.84
20 121078.97
21 121128.08
22 121098.04
23 121137.14
24 121165.99
25 121135.95
26 121087.07
27 121134.04
28 121130.94
29 121135.00
30 121135.95
31 121133.09
32 121108.06
33 121135.95
34 121105.91
35 121122.84
36 121132.14
37 121104.00
38 121145.01
39 121129.99
40 121116.88
41 121144.06
42 121080.16
43 121143.10
44 121145.96
45 121145.01
46 121117.12
47 121135.00
48 121145.01
49 121130.94
50 121139.05
51 121129.04
52 121143.10
53 121130.94
54 121109.96
55 121134.04
56 121124.03
57 121134.04
58 121129.99
59 121119.02
60 121052.03
61 121114.97
62 121099.23
63 121157.17
64 121140.96
65 121093.03
66 121145.01
67 121099.95
68 121140.00
69 121150.97
70 121087.79
71 121090.89
72 121140.00
73 121111.15
74 121110.92
75 121199.13
76 121122.12
77 121118.07
78 121129.99
79 121124.98
80 121140.00
81 121142.15
82 121093.99
83 121058.94
84 121124.98
85 121112.11
86 121133.09
87 121108.06
88 121145.96
89 121123.08
90 121145.01
91 121124.03
92 121145.96
93 121133.80
94 120997.19
95 120975.97
96 120985.98
97 120973.11
98 121021.99
99 120985.03
100 121033.19
101 120996.95
102 120824.10
103 121772.05
104 121556.04
105 120945.93
106 120761.16
107 121590.85
108 121456.15
109 121277.09
110 120846.03
111 120814.09
112 120835.07
113 120913.03
114 121660.95
115 120836.97
116 120882.03
117 121711.02
118 121449.95
119 120964.05
120 120924.00
121 120949.03
122 121990.92
123 121657.85
124 122258.90
125 120839.12
126 120836.02
127 121766.09
128 122066.97
129 121252.06
130 121804.00
131 120964.05
132 120893.96
133 120887.04
134 120949.98
135 120944.98
136 121079.92
137 121299.03
138 120984.08
139 121174.10
140 120859.86
141 122055.05
142 121099.95
143 121244.91
144 120840.07
145 121085.88
146 121323.11
147 121362.92
148 121623.99
149 121426.11
150 121033.91
151 121042.01
152 121403.93
153 120867.97
154 122504.00
155 120793.10
156 121376.04
157 121037.96
158 120697.02
159 121934.18
160 121212.96
161 120887.99
162 121599.91
163 120877.03
164 120924.95
165 121240.14
166 121361.02
167 121462.82
168 122289.90
169 121112.82
170 121250.87
171 121006.97
172 121603.97
173 121097.09
174 121769.19
175 120829.11
176 120779.99
177 121538.88
178 121435.88
179 121541.02
180 121168.14
181 121248.01
182 121917.96
183 122094.15
184 121171.00
185 120918.04
186 120908.02
187 121560.10
188 121094.94
189 121057.99
190 120887.04
191 121083.02
192 121692.90
193 121079.92
194 121091.13
195 121023.89
196 120921.85
197 121068.95
198 121851.92
199 121418.00
200 120953.80
201 120741.13
202 121091.13
203 121339.08
204 120939.97
205 122427.94
206 121001.01
207 121332.88
208 121350.05
209 121973.99
210 122009.99
211 121064.90
212 121237.99
213 122725.01
214 121613.98
215 121659.99
216 121665.00
217 121579.89
218 121546.03
219 121512.89
220 121418.95
221 121355.06
222 120771.88
223 121101.86
224 120769.02
225 120768.07
226 121773.00
227 120857.00
228 121785.16
229 120783.81
230 121026.99
231 121030.09
232 120767.83
233 120993.14
234 121350.05
235 121177.20
236 121428.01
237 121382.95
238 121216.06
239 121507.88
240 121521.95
241 121593.95
242 121423.96
243 121253.01
244 121927.98
245 121416.81
246 120994.09
247 121091.84
248 121495.96
249 121662.14
250 121049.88
251 121572.02
252 121749.88
253 121254.92
254 121585.85
255 121238.95
256 121002.91
257 121419.91
258 121315.96
259 120938.06
260 121958.97
261 120838.17
262 121239.19
263 121112.82
264 121104.96
265 121633.05
266 121589.90
267 121599.91
268 121400.12
269 121478.08
270 120903.97
271 122233.87
272 122133.02
273 121304.99
274 121270.90
275 120819.09
276 121556.04
277 121614.93
278 120848.89
279 121609.93
280 121213.91
281 121401.07
282 121395.83
283 120868.92
284 121100.19
285 121095.18
286 120718.00
287 120977.88
288 121185.06
289 121648.07
290 121567.01
291 120709.90
292 121001.96
293 120961.90
294 121330.02
295 120872.97
296 120785.95
297 120970.96
298 120996.00
299 120904.21
300 121743.92
301 121011.97
302 120984.08
303 120968.10
304 120872.02
305 121236.09
306 120819.09
307 120837.93
308 121185.06
309 121732.95
310 121178.87
311 121196.03
312 121215.11
313 121078.97
314 121043.92
315 121826.89
316 121217.97
317 121423.96
318 120903.02
319 122168.06
320 122291.09
321 121307.13
322 121397.02
323 121255.87
324 121256.83
325 120895.15
326 120879.17
327 121894.12
328 121878.86
329 121214.15
330 121345.04
331 120878.93
332 122237.21
333 120968.10
334 121273.04
335 121323.11
336 121239.90
337 121208.19
338 121573.93
339 120657.92
340 121159.08
341 120896.82
342 121787.07
343 122312.07
344 121495.01
345 121416.09
346 121692.90
347 121989.97
348 121738.91
349 121006.01
350 121140.96
351 121458.05
352 121499.06
353 120786.91
354 121721.03
355 120814.09
356 121575.83
357 120841.98
358 120765.92
359 122215.99
360 121250.15
361 121299.03
362 121047.02
363 121045.11
364 120919.94
365 120841.03
366 121304.99
367 120923.04
368 120877.03
369 120785.00
370 121075.87
371 120808.12
372 120758.06
373 121420.15
374 121201.99
375 121001.01
376 120992.90
377 120971.92
378 120804.07
379 121001.01
380 121114.97
381 120763.06
382 120735.17
383 120726.82
384 120855.09
385 120804.07
386 121129.99
387 121165.04
388 120947.12
389 120958.09
390 120723.01
391 120833.16
392 120926.86
393 120820.05
394 120876.79
395 121171.95
396 120964.05
397 121181.01
398 120827.20
399 120644.09
400 120987.89
401 121262.07
402 120695.11
403 121196.03
404 120812.18
405 121018.17
406 120765.92
407 120884.90
408 120886.09
409 120806.93
410 120812.89
411 120792.15
412 120920.90
413 120804.07
414 120998.86
415 121170.04
416 121075.15
417 120810.99
418 120657.92
419 120769.98
420 121307.13
421 120754.96
422 121006.01
423 120741.84
424 120995.04
425 121024.13
426 121104.96
427 121521.95
428 120564.94
429 120872.02
430 120669.84
431 121542.93
432 120930.19
433 121050.12
434 121220.11
435 120855.81
436 120695.11
437 120934.01
438 120805.98
439 120929.96
440 121150.97
441 120708.94
442 120996.00
443 121097.09
444 121380.09
445 120861.05
446 120800.97
447 121212.96
448 120767.12
449 120718.00
450 120998.14
451 120855.09
452 120823.86
453 121279.00
454 120795.01
455 121021.99
456 120729.21
457 121047.97
458 120900.87
459 120800.02
460 121124.03
461 120686.05
462 120929.96
463 121310.95
464 121000.05
465 121252.06
466 120956.90
467 121029.14
468 120955.94
469 121280.91
470 120986.22
471 121085.17
472 120914.94
473 121243.95
474 121615.17
475 120882.03
476 121043.92
477 120756.86
478 121208.19
479 120836.97
480 121048.21
481 121509.08
482 121048.93
483 121051.07
484 120742.08
485 120886.09
486 120836.97
487 120770.22
488 120924.00
489 121225.12
490 121291.16
491 120841.98
492 121335.98
493 121130.94
494 120800.97
495 120823.14
496 120995.04
497 121130.94
498 121093.03
499 121062.99
500 120990.04
501 121344.09
502 121330.02
503 121126.89
504 121815.92
505 121135.00
506 121761.08
507 121277.81
508 121177.20
509 121155.02
510 121214.15
511 121414.90
512 121217.01
513 121178.87
514 121057.99
515 121271.13
516 121012.93
517 120996.95
518 121345.04
519 121392.97
520 120744.94
521 120800.02
522 120960.95
523 120878.93
524 121144.06
525 121463.06
526 120890.14
527 121037.01
528 121304.99
529 121263.03
530 121221.07
531 121024.85
532 121469.97
533 121398.93
534 120909.21
535 121109.96
536 121005.06
537 121206.05
538 121291.88
539 121104.00
540 121654.03
541 121167.90
542 120816.95
543 120806.93
544 121194.84
545 121223.93
546 120890.14
547 121176.00
548 121331.93
549 121081.83
550 121412.99
551 121217.97
552 121297.84
553 121419.19
554 121242.05
555 121204.85
556 121227.03
557 121102.81
558 120867.97
559 121138.10
560 121061.09
561 121175.05
562 121654.03
563 121212.01
564 121877.91
565 121247.05
566 121146.20
567 120591.16
568 121150.02
569 121154.07
570 121294.02
571 121232.99
572 120973.83
573 120952.84
574 121239.90
575 120956.90
576 120981.93
577 120917.80
578 120860.82
579 120769.02
580 120976.21
581 121069.91
582 121191.02
583 121455.19
584 120893.00
585 121102.09
586 121343.14
587 121380.09
588 120937.11
589 121169.81
590 120643.14
591 121083.97
592 121387.96
593 121551.04
594 121086.12
595 121132.14
596 121738.91
597 121618.99
598 121426.11
599 120842.22
600 120805.98
601 121421.10
602 120973.11
603 121631.15
604 121134.04
605 121317.86
606 121132.85
607 121229.17
608 121313.10
609 120944.98
610 121077.06
611 121213.20
612 121191.02
613 121175.05
614 121017.93
615 121510.98
616 120771.88
617 121108.06
618 120942.83
619 121365.07
620 121428.01
621 121210.81
622 120877.98
623 121265.17
624 121397.02
625 121177.91
626 121154.07
627 121531.96
628 120869.87
629 121248.01
630 121017.93
631 121107.10
632 120880.13
633 120800.02
634 121211.05
635 121054.17
636 121213.91
637 120951.18
638 121284.96
639 121528.15
640 120753.05
641 121509.79
642 121145.01
643 120845.79
644 121156.93
645 120977.88
646 121306.90
647 121114.02
648 121176.00
649 120843.89
650 121351.00
651 121118.07
652 121325.97
653 121148.11
654 121683.84
655 121067.05
656 121288.06
657 122006.18
658 121037.96
659 120986.94
660 121565.10
661 121111.87
662 120839.83
663 121047.97
664 121224.16
665 121005.06
666 121148.11
667 121380.81
668 121057.03
669 121514.80
670 120956.90
671 121038.91
672 121180.06
673 120926.14
674 121415.85
675 120982.89
676 121078.01
677 121277.09
678 121137.86
679 121109.96
680 121640.21
681 121025.80
682 121420.86
683 121130.94
684 121552.94
685 121267.08
686 121181.01
687 121464.97
688 121749.16
689 121059.89
690 121630.91
691 120917.80
692 121359.11
693 121018.17
694 120799.06
695 121207.00
696 121210.81
697 120633.84
698 121069.91
699 121587.99
700 121440.89
701 121241.09
702 121531.01
703 121222.97
704 121216.06
705 121243.95
706 120892.05
707 121014.12
708 120810.99
709 121798.99
710 121379.14
711 121293.07
712 121297.84
713 121499.06
714 121570.11
715 121415.85
716 121376.99
717 121585.13
718 121551.04
719 120904.92
720 121017.93
721 121153.12
722 121514.08
723 121451.85
724 121057.03
725 121604.92
726 121532.92
727 121273.04
728 121731.04
729 121381.04
730 121041.06
731 120965.96
732 121360.06
733 121584.89
734 121225.83
735 121249.91
736 120997.91
737 121176.96
738 121313.10
739 121314.05
740 121089.94
741 121459.01
742 120904.92
743 121258.02
744 120893.96
745 121546.03
746 121019.84
747 121100.90
748 120955.94
749 121100.90
750 121343.85
751 120942.12
752 121342.90
753 121324.06
754 121347.90
755 120815.04
756 121289.97
757 120691.06
758 121284.01
759 121211.05
760 120856.05
761 120862.01
762 120937.11
763 120903.97
764 121065.86
765 121822.83
766 120909.21
767 121420.86
768 121028.90
769 121279.95
770 121582.03
771 120992.90
772 121382.00
773 120990.04
774 121033.91
775 121015.07
776 121322.87
777 120996.00
778 121141.91
779 121406.08
780 121044.87
781 121994.02
782 121037.01
783 121284.96
784 121114.02
785 120841.98
786 121089.94
787 121726.04
788 121455.91
789 121464.01
790 120985.03
791 120867.97
792 121193.89
793 121285.92
794 121182.20
795 121452.81
796 121509.08
797 121457.10
798 121084.93
799 121524.81
800 121187.93
801 121175.05
802 121070.15
803 121344.09
804 121002.91
805 121104.00
806 121100.90
807 120798.11
808 122025.01
809 120893.96
810 121026.99
811 120962.86
812 121290.92
813 121293.78
814 121185.78
815 120898.96
816 121343.14
817 120966.91
818 121331.93
819 120910.88
820 120970.96
821 121032.00
822 121186.97
823 120785.95
824 121207.95
825 120994.09
826 121407.03
827 121814.01
828 121304.99
829 121262.07
830 121434.21
831 121151.92
832 121232.03
833 120841.98
834 121392.01
835 121679.07
836 120847.94
837 121471.88
838 121239.90
839 121560.81
840 121354.10
841 120659.83
842 120816.95
843 121453.05
844 120798.83
845 121721.98
846 121354.10
847 121106.86
848 121212.96
849 121258.02
850 121685.98
851 121105.91
852 120949.03
853 121553.90
854 121575.12
855 121076.11
856 121175.05
857 121168.14
858 121304.99
859 121020.08
860 120934.96
861 121124.03
862 121296.17
863 121078.01
864 121315.96
865 121194.12
866 121298.79
867 121407.03
868 121558.90
869 121575.83
870 121251.11
871 121001.01
872 121304.04
873 120887.04
874 121396.06
875 121320.96
876 121227.03
877 120888.95
878 120924.95
879 121279.00
880 121802.09
881 121216.77
882 121262.07
883 121079.21
884 121175.05
885 121241.09
886 121064.19
887 121373.18
888 120744.94
889 121216.77
890 121231.08
891 121499.06
892 121009.83
893 120909.93
894 121188.88
895 121232.03
896 121325.02
897 120926.14
898 121005.06
899 121366.98
900 121669.05
901 121593.95
902 121388.91
903 121656.89
904 121279.95
905 120860.10
906 121159.08
907 121380.81
908 121164.08
909 120913.98
910 120853.19
911 121078.01
912 121114.97
913 121562.96
914 120970.01
915 121619.94
916 121273.99
917 121166.94
918 121094.94
919 120927.10
920 121267.08
921 120946.88
922 121296.88
923 121161.94
924 121169.09
925 121501.92
926 121037.01
927 121160.03
928 121148.82
929 121782.06
930 121114.02
931 121937.04
932 121158.84
933 121471.88
934 120951.89
935 121606.83
936 121456.86
937 121922.02
938 121029.14
939 120861.05
940 121195.08
941 121290.92
942 120785.00
943 121106.15
944 120926.14
945 121428.97
946 121760.85
947 121635.91
948 121263.03
949 120932.10
950 121551.04
951 120810.03
952 121808.05
953 122029.07
954 121330.02
955 121204.14
956 121120.93
957 121469.02
958 120773.08
959 120999.81
960 121846.91
961 121341.94
962 120939.02
963 121817.11
964 121443.99
965 121210.10
966 120805.03
967 121135.00
968 120915.17
969 121034.86
970 121480.94
971 121349.10
972 120878.93
973 121109.01
974 120836.02
975 121326.21
976 121469.02
977 121455.91
978 121644.97
979 121964.93
980 121804.95
981 121181.01
982 121503.83
983 120723.96
984 121660.23
985 121471.88
986 121452.09
987 121325.97
988 121143.10
989 121268.03
990 121135.00
991 121423.01
992 121114.97
993 121612.07
994 121582.98
995 121556.04
996 121157.17
997 120854.85
998 121248.96
999 121416.09
1000 121035.10
1001 121222.02
1002 121232.03
1003 121119.98
1004 121008.16
1005 121472.12
1006 121104.00
1007 121450.90
1008 120900.87
1009 121257.07
1010 121140.96
1011 121005.06
1012 121079.92
1013 121521.95
1014 121312.14
1015 121109.01
1016 120788.10
1017 121480.94
1018 121174.10
1019 121011.02
1020 121052.03
1021 121392.97
1022 121042.01
1023 121232.99
1024 121299.03
1025 121068.00
1026 121150.97
1027 121545.08
1028 121181.96
1029 121234.89
1030 121833.09
1031 120662.93
1032 121037.01
1033 121359.83
1034 121620.89
1035 121505.98
1036 121376.99
1037 121507.88
1038 121293.07
1039 121697.19
1040 121478.08
1041 121264.93
1042 121140.00
1043 121109.96
1044 121621.13
1045 121255.16
1046 121026.99
1047 121352.91
1048 120918.04
1049 121474.98
1050 121260.88
1051 121448.99
1052 121288.06
1053 121335.98
1054 120928.05
1055 121513.84
1056 121543.17
1057 120949.03
1058 121073.96
1059 120754.00
1060 121391.06
1061 121128.80
1062 121006.01
1063 121613.03
1064 120838.88
1065 120598.08
1066 121397.97
1067 121007.92
1068 121042.01
1069 121001.96
1070 121395.83
1071 121196.99
1072 121000.77
1073 121273.04
1074 121009.11
1075 121368.89
1076 121696.95
1077 121184.83
1078 121329.07
1079 121412.04
1080 121144.06
1081 120867.97
1082 120840.07
1083 121045.11
1084 120848.89
1085 121230.13
1086 121480.94
1087 120754.00
1088 121072.05
1089 121593.95
1090 120781.90
1091 121227.98
1092 121177.91
1093 121263.98
1094 121088.98
1095 121734.86
1096 121541.98
1097 121983.05
1098 121878.15
1099 120723.01
1100 121375.08
1101 121195.08
1102 121454.95
1103 121120.93
1104 120780.94
1105 121063.95
1106 121382.95
1107 121146.92
1108 121985.91
1109 121111.15
1110 121016.98
1111 120925.90
1112 121786.83
1113 121130.94
1114 121068.00
1115 121458.05
1116 121185.06
1117 121027.95
1118 120919.94
1119 121463.06
1120 121052.03
1121 121574.88
1122 120897.05
1123 121046.07
1124 120872.02
1125 121179.10
1126 121398.21
1127 121297.12
1128 121001.96
1129 121474.03
1130 120976.92
1131 121474.03
1132 121289.01
1133 121161.94
1134 121141.91
1135 121136.90
1136 121349.81
1137 120939.97
1138 120741.13
1139 121347.90
1140 120791.91
1141 120690.82
1142 121018.89
1143 121358.87
1144 121431.83
1145 121321.92
1146 120934.01
1147 121396.78
1148 121212.96
1149 121084.93
1150 121057.99
1151 121337.18
1152 121422.05
1153 121054.89
1154 121102.09
1155 121218.92
1156 120888.95
1157 122135.88
1158 120754.96
1159 120945.93
1160 121002.91
1161 120923.04
1162 121389.87
1163 120826.01
1164 121360.06
1165 121345.04
1166 121093.99
1167 121079.92
1168 121220.83
1169 121572.02
1170 121092.80
1171 120819.09
1172 120968.10
1173 120913.03
1174 121238.95
1175 120920.90
1176 121788.98
1177 120815.04
1178 121141.91
1179 120829.11
1180 120829.11
1181 121365.79
1182 120999.10
1183 120803.83
1184 121405.84
1185 121079.92
1186 120754.96
1187 121125.94
1188 120911.12
1189 121027.95
1190 120893.96
1191 121039.87
1192 121262.07
1193 121381.04
1194 120985.98
1195 120894.19
1196 120928.05
1197 121318.82
1198 121106.15
1199 121062.99
1200 121381.04
1201 121097.09
1202 120851.99
1203 120862.96
1204 120878.93
1205 121198.89
1206 120849.13
1207 121070.86
1208 120693.21
1209 120819.81
1210 120975.97
1211 121001.01
1212 120785.00
1213 121139.05
1214 121308.09
1215 121029.85
1216 121232.03
1217 121243.00
1218 121258.97
1219 120726.11
1220 121125.94
1221 120843.17
1222 120935.92
1223 120868.92
1224 120792.87
1225 121029.14
1226 120820.05
1227 121237.04
1228 121350.05
1229 121058.94
1230 121539.12
1231 121656.89
1232 120809.79
1233 120971.20
1234 120829.11
1235 120984.08
1236 120791.91
1237 120916.84
1238 120986.94
1239 121047.02
1240 120919.94
1241 121146.92
1242 120812.18
1243 120769.98
1244 120733.98
1245 120688.92
1246 120810.99
1247 120898.01
1248 120874.17
1249 120773.08
1250 121124.98
1251 120876.07
1252 121003.87
1253 120889.90
1254 120716.09
1255 120884.90
1256 120893.00
1257 120802.88
1258 120779.04
1259 120997.91
1260 120870.11
1261 121159.08
1262 120832.92
1263 120758.06
1264 120963.10
1265 120960.00
1266 120761.87
1267 120935.92
1268 120958.81
1269 120946.88
1270 120939.97
1271 120951.89
1272 120954.99
1273 120934.96
1274 120935.92
1275 120950.94
1276 120937.82
1277 120875.84
1278 120958.09
1279 120939.02
1280 120758.06
1281 120949.98
1282 120910.17
1283 120934.01
1284 120944.02
1285 120952.13
1286 120946.88
1287 120910.88
1288 120954.04
1289 120933.06
1290 120927.10
1291 120948.08
1292 120960.95
1293 120965.00
1294 120903.02
1295 120962.14
1296 120929.96
1297 120860.10
1298 120941.88
1299 120940.21
1300 120924.00
1301 120925.90
1302 120915.89
1303 120941.16
1304 120934.96
1305 120949.98
1306 120944.98
1307 120971.92
1308 120962.14
1309 120903.02
1310 120915.89
1311 120930.91
1312 120935.92
1313 120951.89
1314 120949.03
1315 120913.03
1316 120908.02
1317 120875.12
1318 120963.10
1319 120957.14
1320 120878.93
1321 120956.90
1322 120939.02
1323 120952.84
1324 120960.95
1325 120956.90
1326 120956.90
1327 120959.04
1328 120951.89
1329 120897.05
1330 120898.96
1331 120965.00
1332 120954.99
1333 120893.96
1334 120914.22
1335 120944.02
1336 120965.96
1337 120884.90
1338 120939.97
1339 120983.84
1340 120949.03
1341 120903.97
1342 120917.08
1343 120940.92
1344 120938.06
1345 120954.04
1346 120939.02
1347 120947.84
1348 120944.98
1349 120954.04
1350 120913.98
1351 120960.00
1352 120918.99
1353 120913.03
1354 120945.93
1355 120943.07
1356 120998.14
1357 120872.02
1358 120923.04
1359 120914.94
1360 120848.18
1361 120867.01
1362 120982.89
1363 120967.15
1364 120904.92
1365 120969.06
1366 120848.89
1367 120909.93
1368 120960.95
1369 120943.07
1370 120866.78
1371 120959.04
1372 120935.92
1373 120954.04
1374 120957.14
1375 120960.95
1376 120950.94
1377 120877.98
1378 120970.01
1379 120971.92
1380 120921.13
1381 120896.82
1382 120916.84
1383 120968.10
1384 120948.08
1385 120975.02
1386 120953.08
1387 120913.03
1388 120934.01
1389 120961.90
1390 120950.94
1391 120929.00
1392 120949.98
1393 120938.06
1394 120953.08
1395 120941.88
1396 120980.98
1397 120882.99
1398 120882.03
1399 120956.90
