1400
0 121174.81
1 121001.01
2 121052.98
3 121029.14
4 121029.85
5 121043.92
6 121037.96
7 121055.13
8 121042.01
9 121057.99
10 120972.87
11 121066.09
12 121110.92
13 121037.96
14 120886.09
15 121052.03
16 121064.19
17 121034.86
18 121046.07
19 121079.92
20 120999.81
21 121021.03
22 121042.01
23 121043.21
24 121052.98
25 121036.05
26 121056.80
27 121012.93
28 121058.94
29 121057.03
30 121063.95
31 121062.04
32 121034.15
33 120958.09
34 121037.96
35 121068.00
36 121053.22
37 121052.03
38 121052.98
39 121059.18
40 121054.89
41 121062.04
42 121059.18
43 121014.12
44 121071.10
45 121043.92
46 121004.10
47 121022.22
48 121046.07
49 120989.08
50 121045.11
51 121044.16
52 121016.03
53 120993.14
54 121026.04
55 121054.17
56 121043.21
57 121063.95
58 121050.83
59 121053.93
60 121046.07
61 121022.94
62 121050.12
63 121042.97
64 121080.16
65 121052.03
66 120999.81
67 121016.98
68 121075.87
69 121060.13
70 121030.81
71 121063.95
72 121047.02
73 120983.12
74 121056.08
75 121037.96
76 120957.14
77 121038.91
78 121040.11
79 121047.97
80 121042.01
81 121066.09
82 121025.09
83 121034.86
84 121049.17
85 121047.97
86 121021.03
87 121042.01
88 121038.91
89 121037.01
90 121050.12
91 121052.03
92 121006.97
93 121005.06
94 120901.82
95 121071.10
96 121018.89
97 120982.89
98 120862.01
99 120929.00
100 121125.94
101 121038.91
102 120923.04
103 121041.06
104 121346.95
105 121043.92
106 121045.11
107 121828.79
108 120948.08
109 120878.93
110 121156.93
111 121820.93
112 121536.02
113 121071.82
114 121198.89
115 120967.86
116 121071.10
117 121208.91
118 120965.96
119 120976.21
120 121249.91
121 121550.08
122 121845.01
123 121315.96
124 122256.99
125 121057.99
126 120871.07
127 120957.14
128 121920.11
129 121037.01
130 120899.92
131 121360.06
132 121246.81
133 121049.17
134 121885.06
135 120944.98
136 120939.97
137 121458.05
138 121162.89
139 120867.01
140 121694.09
141 121100.19
142 121043.92
143 121639.97
144 120862.96
145 121218.92
146 121458.05
147 121161.94
148 121519.09
149 120882.03
150 121268.99
151 121349.81
152 121104.00
153 121505.98
154 122020.01
155 120913.98
156 121608.97
157 120826.96
158 121407.03
159 121389.87
160 121600.15
161 121747.97
162 122010.95
163 121030.09
164 121035.10
165 120835.07
166 122108.94
167 121171.00
168 121347.19
169 122436.05
170 121176.96
171 120990.99
172 120952.13
173 121047.97
174 121002.20
175 120832.92
176 120856.05
177 121821.17
178 121726.99
179 121132.85
180 120902.06
181 121516.94
182 121480.94
183 121433.02
184 121248.96
185 120896.10
186 121842.15
187 121207.95
188 121589.90
189 121515.99
190 120998.14
191 120996.95
192 120987.18
193 120829.82
194 121701.00
195 121168.85
196 120953.08
197 122369.05
198 121080.16
199 121285.92
200 121502.88
201 121946.10
202 121146.92
203 120934.96
204 120810.99
205 121521.95
206 121521.00
207 121271.85
208 122128.96
209 121849.06
210 120957.14
211 121075.87
212 121622.09
213 121347.19
214 121171.95
215 121113.06
216 121635.91
217 121793.99
218 121234.89
219 121191.98
220 121232.03
221 122926.00
222 121135.95
223 121340.04
224 121596.10
225 121631.15
226 120934.01
227 121428.01
228 121540.78
229 120866.06
230 122371.91
231 121501.92
232 121243.95
233 122081.04
234 120895.86
235 121184.83
236 121064.90
237 121131.90
238 121334.08
239 120944.02
240 120827.91
241 120768.07
242 121140.96
243 122025.97
244 120782.85
245 120925.19
246 121181.96
247 120929.96
248 121350.77
249 121047.97
250 121117.83
251 120810.99
252 121942.04
253 121968.98
254 121637.82
255 121742.01
256 120826.01
257 121164.08
258 122218.85
259 121269.94
260 120961.19
261 122015.00
262 121054.89
263 121026.04
264 120817.18
265 121054.89
266 120834.11
267 120910.17
268 121052.98
269 121190.07
270 120961.90
271 121320.96
272 120750.90
273 121200.08
274 121414.90
275 120985.03
276 120848.89
277 121814.97
278 121088.03
279 121485.95
280 121498.11
281 121130.94
282 121177.91
283 121990.92
284 121083.02
285 121618.99
286 120910.88
287 122566.94
288 120984.08
289 120939.97
290 120995.04
291 122459.89
292 121737.00
293 121197.94
294 121535.06
295 121308.80
296 121673.82
297 121878.15
298 121209.86
299 121860.03
300 121028.90
301 120989.80
302 121556.04
303 121650.93
304 120965.96
305 121518.14
306 120787.86
307 121150.02
308 121060.13
309 121266.13
310 121600.87
311 121594.91
312 120972.87
313 120975.02
314 121304.04
315 121547.94
316 122651.10
317 121549.13
318 120954.99
319 120777.13
320 121794.22
321 122549.06
322 121090.89
323 121163.13
324 122290.85
325 121296.88
326 120784.04
327 121431.83
328 121093.99
329 122442.96
330 120859.15
331 121336.94
332 121290.92
333 120872.97
334 122082.95
335 121060.13
336 121817.11
337 121507.88
338 121531.96
339 121227.03
340 121089.94
341 120837.93
342 121640.92
343 121722.94
344 120933.06
345 121665.00
346 121419.19
347 121335.98
348 121664.05
349 121778.01
350 121060.85
351 121490.00
352 121726.04
353 120767.12
354 120812.18
355 121000.05
356 121004.10
357 121757.03
358 120748.04
359 122425.08
360 120837.93
361 120782.14
362 121110.92
363 121299.03
364 120930.91
365 120939.02
366 120777.85
367 120931.15
368 120908.98
369 120924.95
370 120910.17
371 120941.88
372 120727.06
373 120846.99
374 120916.13
375 121290.92
376 120749.95
377 121037.96
378 120920.90
379 120759.96
380 120743.04
381 121217.97
382 120937.11
383 120923.04
384 121017.93
385 120955.94
386 121015.79
387 121509.79
388 120908.98
389 120797.87
390 120884.90
391 121167.18
392 120821.00
393 121002.20
394 120908.98
395 120803.12
396 121146.92
397 120917.08
398 120927.10
399 120869.87
400 120769.02
401 120880.13
402 121248.01
403 120893.00
404 121278.05
405 120969.06
406 120796.92
407 121014.83
408 121097.09
409 120800.97
410 120687.96
411 121025.80
412 120892.05
413 120723.01
414 120865.11
415 120903.97
416 121052.03
417 120953.08
418 121002.91
419 120928.05
420 121371.98
421 121335.03
422 120908.98
423 120731.12
424 121002.20
425 121249.91
426 120844.13
427 121021.03
428 120910.88
429 120764.97
430 120773.08
431 120831.97
432 120754.00
433 121561.05
434 120975.02
435 121023.89
436 120836.02
437 120709.90
438 120826.96
439 121189.83
440 121020.08
441 121506.93
442 121075.87
443 120872.97
444 120826.96
445 121336.94
446 121137.14
447 121001.01
448 120684.86
449 121286.87
450 121403.93
451 120905.16
452 121005.06
453 120808.84
454 120938.78
455 120949.03
456 121225.12
457 120992.90
458 121355.06
459 120903.02
460 121075.15
461 120858.91
462 120773.08
463 121018.89
464 120664.83
465 121037.01
466 120921.85
467 121254.92
468 121587.99
469 120913.03
470 120785.95
471 120713.95
472 120780.94
473 121268.99
474 120934.96
475 121252.06
476 120956.90
477 121308.80
478 121160.03
479 120867.97
480 121321.92
481 120874.17
482 121335.03
483 121380.09
484 121526.00
485 121310.00
486 121263.03
487 121254.92
488 121298.07
489 121055.13
490 121073.96
491 121174.81
492 121092.08
493 121443.99
494 121499.06
495 121225.12
496 121186.02
497 120985.98
498 121009.11
499 121094.94
500 121093.03
501 121299.03
502 121186.02
503 120907.07
504 120641.95
505 121139.05
506 121179.10
507 121574.16
508 121582.98
509 121181.96
510 121295.21
511 121319.06
512 120944.98
513 121676.92
514 121068.00
515 121532.20
516 121947.05
517 121829.03
518 121068.95
519 121026.99
520 121057.03
521 120801.93
522 121200.08
523 121444.94
524 121181.96
525 121403.93
526 121804.95
527 120892.05
528 121370.08
529 121028.18
530 121199.85
531 120817.18
532 121145.96
533 121374.13
534 121088.98
535 121194.12
536 120777.85
537 121638.77
538 121269.94
539 121233.22
540 120836.02
541 121165.04
542 121281.86
543 121193.17
544 121275.90
545 121419.91
546 121907.00
547 121307.13
548 121163.85
549 121343.14
550 121454.00
551 121280.91
552 120764.02
553 121206.05
554 121259.93
555 121212.01
556 121129.99
557 121034.86
558 121172.19
559 121551.99
560 120700.12
561 121021.03
562 121232.03
563 121387.96
564 120732.07
565 121637.11
566 121145.96
567 120780.94
568 121295.93
569 120809.08
570 121253.01
571 121143.82
572 121706.96
573 121204.14
574 121272.80
575 120903.02
576 121294.02
577 121057.99
578 121107.10
579 121247.05
580 120935.92
581 121329.07
582 121458.05
583 121318.10
584 121143.10
585 121338.13
586 121004.10
587 121141.91
588 121639.01
589 121169.09
590 121217.01
591 121217.01
592 121478.08
593 121068.95
594 120974.06
595 120958.09
596 121366.02
597 120921.85
598 121200.08
599 121143.82
600 121327.88
601 121406.08
602 121088.03
603 121290.92
604 121298.07
605 121076.11
606 121406.08
607 121283.05
608 121237.99
609 121120.93
610 121518.14
611 121159.08
612 121466.88
613 121037.01
614 121613.98
615 121037.96
616 121328.83
617 121026.99
618 121040.11
619 121163.85
620 121234.89
621 120820.05
622 121220.11
623 121242.05
624 120880.84
625 121552.94
626 121212.96
627 120935.92
628 121225.83
629 121510.98
630 121396.06
631 121379.14
632 121165.99
633 121453.05
634 121376.04
635 120944.02
636 121115.21
637 121150.97
638 121339.08
639 121133.09
640 121448.04
641 121021.99
642 120976.92
643 121225.12
644 121410.13
645 121356.96
646 121659.04
647 121299.98
648 121994.02
649 121633.05
650 121402.03
651 121354.82
652 121268.99
653 121083.97
654 121456.15
655 121655.94
656 121308.80
657 121114.97
658 121553.18
659 121685.03
660 121673.11
661 121533.87
662 121057.03
663 121286.15
664 121680.02
665 121470.93
666 121248.96
667 121233.94
668 121483.09
669 120866.06
670 121259.93
671 121213.20
672 121680.97
673 121177.20
674 121021.03
675 121068.95
676 121469.02
677 121109.96
678 121912.00
679 120778.80
680 121347.90
681 121457.10
682 121359.11
683 121592.04
684 120848.89
685 121176.00
686 121145.96
687 120872.02
688 121748.92
689 121227.03
690 121842.86
691 121613.03
692 121101.86
693 121318.10
694 121062.99
695 120971.92
696 121604.92
697 121289.01
698 121147.87
699 121211.05
700 121312.86
701 121152.16
702 121000.05
703 121586.08
704 121264.22
705 121215.11
706 121412.99
707 120989.08
708 121609.93
709 121469.97
710 121008.16
711 120852.95
712 120730.16
713 121150.97
714 121642.83
715 121257.07
716 120988.85
717 121233.94
718 121348.86
719 121847.15
720 121223.93
721 121222.97
722 120920.90
723 121055.13
724 120728.02
725 121726.04
726 121354.82
727 120869.87
728 121586.08
729 121878.15
730 121459.01
731 121655.94
732 121314.05
733 121397.02
734 120972.16
735 121773.96
736 121421.10
737 121373.89
738 121369.12
739 121115.92
740 121081.11
741 121731.04
742 121539.83
743 121449.95
744 121640.92
745 120644.09
746 121321.92
747 121145.01
748 121030.81
749 121089.94
750 121551.04
751 121353.15
752 121579.17
753 121101.14
754 121572.02
755 121610.88
756 121335.98
757 120916.84
758 120885.13
759 121066.09
760 120931.86
761 120932.82
762 120944.02
763 121421.81
764 121269.94
765 121439.93
766 121026.99
767 121572.02
768 121069.91
769 121137.86
770 121451.14
771 121088.03
772 121217.97
773 121082.07
774 120749.95
775 121562.00
776 121413.95
777 121133.09
778 121454.00
779 121070.15
780 121525.05
781 121367.93
782 121303.08
783 121477.13
784 121250.87
785 121248.96
786 121371.03
787 121890.07
788 120867.01
789 121248.01
790 121338.84
791 121543.17
792 121094.23
793 121417.05
794 120871.78
795 121642.11
796 121509.08
797 121668.10
798 121392.97
799 121501.92
800 121437.07
801 121169.09
802 121211.05
803 121321.20
804 121468.78
805 121044.16
806 121027.95
807 121346.00
808 121310.95
809 121530.06
810 121145.01
811 121662.86
812 120924.00
813 121657.85
814 121037.96
815 121444.94
816 120934.96
817 121104.96
818 121011.97
819 120933.06
820 121184.83
821 120857.95
822 121303.08
823 121047.97
824 121147.16
825 121801.14
826 121459.96
827 121378.90
828 121614.93
829 121225.12
830 120773.79
831 121310.95
832 121279.95
833 121865.99
834 121670.96
835 121369.12
836 121385.10
837 121592.04
838 121574.16
839 121413.95
840 121387.00
841 121195.08
842 121448.99
843 121353.86
844 121134.04
845 121488.81
846 121220.11
847 120912.08
848 121390.10
849 121017.93
850 121359.11
851 121312.14
852 121738.91
853 120757.10
854 121430.87
855 121243.00
856 121294.02
857 121333.12
858 120898.01
859 120953.80
860 120950.94
861 121033.91
862 121462.11
863 121422.05
864 120790.96
865 121608.02
866 121490.96
867 121737.00
868 121698.14
869 121502.16
870 121076.11
871 121450.19
872 121245.15
873 121307.13
874 121119.98
875 121075.87
876 121557.00
877 121762.04
878 121246.10
879 121191.98
880 121167.18
881 121404.89
882 121029.14
883 121281.86
884 121231.79
885 121751.07
886 121558.19
887 120898.96
888 121481.90
889 121553.90
890 121119.98
891 121430.16
892 120959.04
893 121802.09
894 121040.82
895 121021.03
896 121410.13
897 121049.88
898 121331.93
899 121706.01
900 121853.83
901 121117.12
902 121329.07
903 121473.07
904 121033.19
905 121200.80
906 121093.03
907 121416.09
908 121432.07
909 121230.84
910 121443.03
911 121551.04
912 121500.97
913 121200.80
914 121266.13
915 120921.13
916 121133.09
917 121469.02
918 122098.92
919 120939.02
920 121308.80
921 121405.84
922 120949.03
923 121108.06
924 121275.19
925 121359.11
926 120926.86
927 121473.07
928 121169.09
929 121289.97
930 121325.97
931 120977.16
932 121232.03
933 121582.03
934 121104.96
935 120952.84
936 121172.90
937 121246.81
938 121382.95
939 121332.88
940 121566.06
941 121985.91
942 120985.98
943 120936.87
944 121423.96
945 121429.20
946 120952.13
947 121798.04
948 121367.93
949 120947.12
950 121443.99
951 121033.19
952 120969.06
953 121097.09
954 121133.80
955 121273.04
956 121397.97
957 120885.13
958 121253.01
959 121389.15
960 121143.10
961 121553.90
962 121922.97
963 121105.19
964 120952.84
965 121891.98
966 121299.03
967 121790.17
968 121088.03
969 121782.06
970 121196.03
971 121199.85
972 121145.96
973 120980.02
974 121269.94
975 121510.03
976 121149.06
977 121579.17
978 121089.22
979 121109.01
980 121383.91
981 121261.84
982 120852.95
983 121458.05
984 121464.01
985 121259.21
986 121309.04
987 121734.86
988 121466.16
989 121020.08
990 121422.05
991 121171.00
992 121458.05
993 121452.09
994 121626.85
995 121575.12
996 120974.06
997 121633.05
998 121684.07
999 121189.12
1000 121247.05
1001 121235.13
1002 121402.98
1003 121036.05
1004 120942.12
1005 121536.02
1006 121461.87
1007 121422.05
1008 121419.19
1009 121181.01
1010 121617.08
1011 121706.96
1012 121108.06
1013 121376.04
1014 121644.02
1015 121365.07
1016 121610.88
1017 121571.06
1018 121600.15
1019 121954.92
1020 121373.89
1021 120974.78
1022 121698.14
1023 120661.02
1024 121025.09
1025 121506.93
1026 121090.89
1027 121076.11
1028 121587.99
1029 121850.01
1030 121464.01
1031 121917.96
1032 121304.99
1033 121370.08
1034 121104.00
1035 121742.01
1036 121066.81
1037 121300.94
1038 121716.98
1039 120748.04
1040 121571.06
1041 121495.96
1042 121812.11
1043 120922.09
1044 121145.01
1045 121243.95
1046 121138.10
1047 121073.96
1048 120884.90
1049 121144.06
1050 120936.87
1051 121160.03
1052 121554.14
1053 121598.96
1054 121021.99
1055 121080.88
1056 121309.04
1057 121479.03
1058 121279.95
1059 121279.95
1060 121829.99
1061 121460.91
1062 120954.99
1063 121325.97
1064 121506.93
1065 121500.02
1066 121458.05
1067 121593.00
1068 121222.97
1069 121436.12
1070 121249.91
1071 121928.93
1072 121388.91
1073 122039.08
1074 121565.10
1075 121455.91
1076 121721.03
1077 121551.99
1078 121223.93
1079 121510.98
1080 121405.84
1081 121142.15
1082 121565.10
1083 121465.92
1084 121405.12
1085 121089.22
1086 121783.97
1087 121602.06
1088 121710.06
1089 120980.02
1090 121317.86
1091 121222.02
1092 121079.21
1093 121360.06
1094 121588.95
1095 120963.10
1096 121351.00
1097 120873.21
1098 121226.07
1099 121453.05
1100 121288.78
1101 120745.18
1102 121026.04
1103 121052.03
1104 121382.95
1105 121306.90
1106 121138.10
1107 121497.87
1108 120838.88
1109 121397.02
1110 121114.02
1111 121003.87
1112 121101.86
1113 121551.04
1114 121300.94
1115 120935.92
1116 121184.83
1117 121242.05
1118 121863.13
1119 121476.89
1120 121470.21
1121 121454.00
1122 121195.79
1123 121114.97
1124 121304.04
1125 121147.16
1126 121482.13
1127 121326.92
1128 121140.00
1129 121284.96
1130 121346.95
1131 121558.19
1132 121515.04
1133 121305.94
1134 121057.03
1135 121594.91
1136 120884.90
1137 120911.12
1138 121649.98
1139 121249.91
1140 121189.12
1141 121248.01
1142 121196.03
1143 120988.85
1144 121643.07
1145 121810.91
1146 121083.02
1147 121136.90
1148 121371.03
1149 121037.01
1150 121431.11
1151 121024.13
1152 121546.03
1153 121173.86
1154 121312.86
1155 121488.09
1156 121474.03
1157 121376.04
1158 121422.05
1159 121034.86
1160 120979.07
1161 120990.99
1162 121467.83
1163 121353.86
1164 121608.97
1165 120988.85
1166 121324.78
1167 121801.14
1168 121002.91
1169 121166.94
1170 121294.98
1171 120857.00
1172 120996.95
1173 121299.03
1174 120935.92
1175 121077.06
1176 121329.07
1177 120776.89
1178 121485.95
1179 120786.91
1180 120874.88
1181 121305.23
1182 120777.13
1183 121211.05
1184 121224.16
1185 121586.08
1186 121414.18
1187 121264.93
1188 121347.90
1189 120858.91
1190 120985.03
1191 120914.22
1192 121109.01
1193 121080.88
1194 121176.00
1195 121359.11
1196 121343.14
1197 121516.94
1198 121474.03
1199 120950.94
1200 120946.17
1201 121002.91
1202 121526.96
1203 120944.02
1204 121095.90
1205 120904.21
1206 121379.85
1207 121026.99
1208 120877.98
1209 120850.80
1210 121182.92
1211 121102.09
1212 121389.15
1213 121315.00
1214 121158.12
1215 121376.99
1216 120802.88
1217 121045.11
1218 120958.81
1219 121079.92
1220 120782.85
1221 121491.91
1222 121006.01
1223 121099.00
1224 121047.97
1225 120969.06
1226 121229.17
1227 120766.88
1228 121001.96
1229 120753.05
1230 120980.02
1231 121572.02
1232 121253.97
1233 121059.18
1234 121103.05
1235 121054.89
1236 121052.98
1237 121066.09
1238 121021.99
1239 121059.89
1240 121324.06
1241 121098.04
1242 120883.94
1243 120990.99
1244 120890.86
1245 121084.93
1246 121098.04
1247 121001.96
1248 121051.79
1249 121083.02
1250 121031.05
1251 121084.93
1252 121061.09
1253 121007.92
1254 121045.83
1255 121080.16
1256 121064.19
1257 121078.01
1258 121074.91
1259 121077.06
1260 121063.23
1261 121089.94
1262 121009.11
1263 121035.10
1264 121068.00
1265 121093.03
1266 121063.23
1267 121030.09
1268 121093.03
1269 121068.95
1270 121068.00
1271 121084.93
1272 121073.96
1273 121103.05
1274 121086.84
1275 121088.03
1276 121029.85
1277 121030.09
1278 121061.09
1279 121102.81
1280 121080.16
1281 121024.85
1282 121010.07
1283 121068.00
1284 121073.96
1285 121064.90
1286 121071.10
1287 121071.10
1288 121029.14
1289 121088.03
1290 121088.98
1291 121099.00
1292 121108.06
1293 121040.11
1294 121039.15
1295 121067.05
1296 121083.97
1297 121064.19
1298 121082.07
1299 121078.01
1300 121068.95
1301 121079.92
1302 121030.09
1303 121031.05
1304 121092.08
1305 121088.98
1306 121094.94
1307 121063.95
1308 121085.88
1309 121108.06
1310 121087.79
1311 121041.06
1312 120990.99
1313 121066.09
1314 121085.88
1315 121084.93
1316 121106.15
1317 121099.00
1318 121037.96
1319 120990.04
1320 121111.15
1321 121078.01
1322 121021.03
1323 121078.01
1324 121093.99
1325 121092.80
1326 121104.00
1327 121097.09
1328 121039.87
1329 121032.00
1330 121094.94
1331 121094.94
1332 121042.01
1333 121040.11
1334 121037.96
1335 120947.12
1336 121019.12
1337 121034.86
1338 121078.01
1339 121047.02
1340 121021.99
1341 121096.85
1342 120996.95
1343 120996.95
1344 121099.95
1345 121068.00
1346 121032.00
1347 121078.01
1348 121084.21
1349 121090.17
1350 121097.09
1351 121100.19
1352 121064.19
1353 121040.11
1354 121100.90
1355 121099.95
1356 121063.95
1357 121077.06
1358 121092.08
1359 121079.92
1360 121030.09
1361 121070.86
1362 121007.92
1363 121078.97
1364 121094.94
1365 121081.83
1366 121023.89
1367 121097.09
1368 121087.07
1369 121078.01
1370 121099.95
1371 121094.23
1372 121091.13
1373 121095.90
1374 120932.10
1375 121029.14
1376 120982.89
1377 121077.06
1378 121081.83
1379 121034.15
1380 121043.21
1381 121085.88
1382 121013.88
1383 121027.95
1384 121091.13
1385 121088.03
1386 121027.95
1387 121094.94
1388 121064.19
1389 121113.06
1390 121013.88
1391 121042.01
1392 121093.03
1393 121079.92
1394 121037.96
1395 121064.90
1396 121029.14
1397 121080.16
1398 121103.05
1399 121078.01
