1400
0 121096.85
1 121088.03
2 121068.00
3 121064.90
4 121068.00
5 121071.10
6 121062.99
7 121062.04
8 121059.89
9 121117.12
10 121066.09
11 121066.81
12 121068.00
13 121062.04
14 121062.99
15 121057.99
16 121059.89
17 121048.93
18 121043.92
19 121067.05
20 121041.06
21 121039.15
22 121051.07
23 121065.14
24 121043.92
25 121056.08
26 121045.11
27 121069.19
28 121045.11
29 121042.01
30 121073.96
31 121067.05
32 121048.93
33 120954.99
34 121050.12
35 121027.95
36 121072.05
37 121064.90
38 121068.00
39 121066.09
40 120957.85
41 121067.05
42 121069.19
43 121068.00
44 121064.90
45 121063.95
46 121067.05
47 121073.96
48 121048.93
49 121043.92
50 121052.03
51 121059.89
52 121049.88
53 121039.15
54 121053.93
55 121046.07
56 121042.97
57 121047.97
58 121047.02
59 121062.99
60 121045.83
61 121045.11
62 121031.05
63 121062.99
64 121049.88
65 121052.03
66 121036.05
67 121093.03
68 121051.07
69 121045.83
70 121053.93
71 121069.19
72 121043.92
73 121061.09
74 121063.95
75 121057.99
76 121069.91
77 121064.90
78 121061.80
79 121068.00
80 121010.78
81 121063.95
82 121068.00
83 121069.19
84 121097.09
85 121060.13
86 121048.93
87 121063.95
88 121087.07
89 121067.05
90 120981.93
91 121070.86
92 121083.02
93 121062.04
94 120954.99
95 120963.10
96 120950.94
97 120945.93
98 121001.96
99 121072.05
100 120929.00
101 120940.92
102 121191.02
103 120949.98
104 122400.05
105 121152.16
106 122838.97
107 121173.86
108 122706.89
109 122723.10
110 122486.11
111 122163.06
112 123237.13
113 126739.03
114 125695.94
115 125092.03
116 124925.14
117 125088.93
118 124989.99
119 125697.85
120 124866.01
121 124977.11
122 125804.90
123 128073.22
124 126455.07
125 128154.04
126 126323.22
127 126439.09
128 127230.17
129 128037.93
130 125630.86
131 126781.94
132 125849.01
133 125253.92
134 126366.14
135 125684.98
136 125852.82
137 124212.98
138 125083.92
139 124881.98
140 125882.86
141 125084.16
142 126769.07
143 125792.98
144 124877.21
145 125018.12
146 125809.91
147 125155.21
148 125052.93
149 126013.04
150 126002.07
151 124286.89
152 126677.99
153 124962.81
154 124425.17
155 124187.95
156 125195.98
157 125892.16
158 124406.81
159 124139.79
160 124160.05
161 123382.09
162 124202.97
163 123468.88
164 124209.17
165 125113.01
166 125000.95
167 124274.97
168 125039.82
169 123361.11
170 125138.04
171 125226.02
172 125084.88
173 125063.18
174 124121.90
175 123427.15
176 124319.08
177 123600.96
178 123487.95
179 126059.06
180 125149.01
181 125191.93
182 125296.12
183 124387.98
184 124849.08
185 124465.94
186 124366.04
187 125269.17
188 125255.82
189 125195.03
190 123744.96
191 125226.97
192 124627.11
193 124578.95
194 123893.98
195 125328.06
196 123885.87
197 124698.16
198 125581.03
199 124863.15
200 124572.99
201 126282.93
202 123239.04
203 124603.99
204 124537.94
205 125419.14
206 125132.80
207 124282.84
208 125195.03
209 125036.95
210 123394.01
211 122551.20
212 125054.12
213 125055.79
214 125236.99
215 124606.85
216 123803.14
217 124277.11
218 126080.99
219 124418.02
220 122931.96
221 123901.84
222 126031.88
223 124739.89
224 125696.90
225 123828.89
226 123243.09
227 125226.97
228 123157.98
229 124940.87
230 124892.95
231 125682.12
232 123052.12
233 125863.08
234 124909.16
235 123954.06
236 124912.98
237 124211.07
238 124026.06
239 122968.91
240 125869.99
241 125000.00
242 124871.02
243 124908.92
244 124297.14
245 124085.90
246 124186.04
247 124260.19
248 123471.98
249 125779.87
250 125126.84
251 123303.17
252 124218.94
253 125152.11
254 124476.91
255 124228.95
256 125144.96
257 123723.98
258 125131.13
259 125925.06
260 124128.10
261 124367.95
262 124480.96
263 125072.96
264 124182.94
265 124980.93
266 125629.90
267 124084.00
268 124475.00
269 125082.02
270 125030.99
271 125327.83
272 123540.88
273 124025.82
274 124902.01
275 124388.93
276 124995.95
277 125056.03
278 123338.94
279 125042.92
280 123327.97
281 123608.11
282 125216.01
283 123511.08
284 124370.10
285 124210.83
286 123588.09
287 123531.10
288 124159.10
289 125110.86
290 125137.81
291 124538.90
292 124495.03
293 124205.11
294 125080.11
295 125152.11
296 124479.06
297 124320.03
298 125315.90
299 123955.97
300 125201.94
301 125580.07
302 123723.98
303 124480.96
304 124912.98
305 124926.09
306 124081.13
307 124348.16
308 122719.05
309 124222.99
310 124110.94
311 124156.00
312 124930.14
313 125191.93
314 124898.91
315 123231.89
316 123279.09
317 124861.00
318 124022.96
319 122974.87
320 124169.11
321 123944.04
322 124840.97
323 124974.97
324 124607.09
325 123128.89
326 124992.85
327 124139.07
328 123959.06
329 126592.87
330 123925.92
331 124114.99
332 124711.04
333 123964.07
334 123230.93
335 125411.99
336 123699.19
337 127094.03
338 123862.98
339 123806.00
340 124732.02
341 123681.07
342 125772.95
343 124093.06
344 124839.07
345 124173.88
346 123337.03
347 123998.17
348 124675.04
349 125766.04
350 124051.09
351 123327.02
352 124796.15
353 124154.09
354 123574.02
355 124262.09
356 125000.95
357 124195.81
358 125250.10
359 123493.91
360 125895.02
361 123582.12
362 122642.04
363 123759.03
364 123889.92
365 123137.00
366 123549.94
367 124084.95
368 123879.91
369 123525.86
370 123847.96
371 123391.87
372 123361.11
373 123780.01
374 123192.07
375 123640.06
376 123196.13
377 123439.07
378 123908.04
379 123914.96
380 123972.89
381 124088.05
382 123993.87
383 124152.18
384 123663.90
385 122641.09
386 123492.96
387 123034.00
388 123344.90
389 124469.04
390 123123.88
391 124121.90
392 124120.00
393 124068.02
394 124899.15
395 124061.11
396 124615.19
397 124624.97
398 123399.97
399 123804.09
400 123432.16
401 124106.88
402 124362.95
403 123585.94
404 123437.17
405 124179.12
406 124359.85
407 123674.87
408 123384.95
409 124456.88
410 123229.98
411 124303.82
412 123847.01
413 124399.19
414 123653.89
415 123595.95
416 124043.94
417 124099.02
418 123193.98
419 123988.87
420 123775.96
421 124139.07
422 123203.99
423 124179.12
424 123574.02
425 123698.95
426 123414.99
427 123460.05
428 124820.95
429 123444.08
430 123733.04
431 123909.95
432 124548.20
433 123753.07
434 124178.89
435 123748.06
436 123801.95
437 123920.92
438 123428.11
439 122565.98
440 123718.98
441 123276.95
442 124047.99
443 123707.06
444 124053.96
445 124259.95
446 125087.98
447 124428.99
448 125128.98
449 124686.00
450 123844.86
451 123666.05
452 124574.90
453 125087.98
454 125325.92
455 124859.09
456 124644.04
457 125094.89
458 124794.96
459 124499.08
460 124391.08
461 123162.98
462 123588.09
463 123744.96
464 122676.13
465 124198.20
466 124022.96
467 123884.20
468 123123.88
469 123317.00
470 123457.19
471 123285.06
472 123899.94
473 124783.04
474 123218.06
475 123852.97
476 123725.89
477 124065.88
478 123482.94
479 123087.17
480 123316.05
481 123069.05
482 124009.13
483 122938.87
484 124084.95
485 124044.90
486 123818.87
487 124212.98
488 123942.85
489 123384.00
490 123381.14
491 123673.92
492 123075.96
493 123917.10
494 123661.99
495 123758.79
496 123789.07
497 124150.04
498 123535.87
499 123399.97
500 123588.80
501 124389.89
502 124335.05
503 123754.98
504 124197.96
505 124525.07
506 124238.01
507 123444.80
508 124591.83
509 123492.96
510 123943.81
511 123972.89
512 123865.13
513 123095.04
514 123662.95
515 124572.99
516 122982.98
517 123703.96
518 123560.91
519 122911.93
520 123217.82
521 123385.91
522 123970.99
523 123981.95
524 123310.09
525 124161.96
526 123579.98
527 123610.02
528 123605.01
529 123910.19
530 124650.96
531 123719.93
532 123514.18
533 123664.14
534 123855.11
535 123880.86
536 123974.08
537 123836.99
538 123410.94
539 124087.10
540 122724.06
541 123465.06
542 125133.99
543 123572.11
544 123521.09
545 123249.05
546 123556.14
547 123753.07
548 123945.00
549 123231.89
550 123941.18
551 123200.18
552 123153.21
553 123680.83
554 124272.82
555 124948.98
556 123466.01
557 125163.08
558 124000.79
559 124218.94
560 124992.13
561 124996.90
562 124535.08
563 124983.07
564 124145.98
565 124550.10
566 124714.14
567 123531.10
568 124544.86
569 124281.88
570 124068.02
571 125164.99
572 123951.91
573 124135.02
574 123506.07
575 123094.08
576 124109.03
577 123274.80
578 123639.11
579 123896.12
580 123533.96
581 123378.04
582 124281.88
583 123641.97
584 123821.02
585 123324.16
586 124524.12
587 124590.16
588 123564.00
589 123804.09
590 122327.09
591 124063.97
592 123582.12
593 123357.06
594 122460.84
595 123492.00
596 123996.02
597 123202.09
598 123941.90
599 124303.10
600 123874.19
601 124006.03
602 123728.04
603 123420.00
604 123895.17
605 123036.15
606 123889.92
607 123681.78
608 123968.12
609 124210.12
610 123953.10
611 124675.04
612 123783.11
613 123979.09
614 123996.02
615 123519.90
616 123347.04
617 124572.99
618 123099.09
619 123074.05
620 123497.96
621 123409.03
622 124215.84
623 123431.21
624 124169.11
625 123817.92
626 124202.97
627 122400.05
628 123396.16
629 123963.12
630 123538.97
631 123757.84
632 123144.87
633 124212.03
634 124104.02
635 124119.04
636 124327.18
637 123809.10
638 124274.02
639 123835.09
640 123166.80
641 122694.02
642 121083.97
643 121679.07
644 121251.11
645 121382.95
646 121234.89
647 121866.23
648 121316.91
649 121216.06
650 121446.13
651 121554.14
652 121440.89
653 121595.14
654 120963.81
655 121195.08
656 120769.02
657 121224.16
658 121285.92
659 121730.09
660 121563.91
661 121128.08
662 121111.15
663 121205.09
664 121496.92
665 121646.17
666 121500.02
667 121415.85
668 121587.04
669 121450.90
670 121772.05
671 121620.89
672 121343.85
673 121212.01
674 121274.95
675 121145.96
676 121637.11
677 121243.00
678 121310.00
679 121180.06
680 121034.15
681 122047.90
682 121087.07
683 121180.06
684 121179.10
685 121382.00
686 120831.01
687 120828.87
688 121819.02
689 121006.97
690 120820.05
691 121274.95
692 121581.08
693 120997.91
694 121262.07
695 120912.08
696 120852.95
697 121560.10
698 120908.02
699 121155.98
700 120822.91
701 121056.08
702 120913.03
703 121274.95
704 120977.16
705 121205.81
706 121558.19
707 121084.21
708 120836.02
709 120930.91
710 120898.96
711 121289.01
712 120848.89
713 121604.92
714 121169.09
715 120814.09
716 120810.03
717 121108.06
718 120834.11
719 121269.94
720 120836.02
721 121134.04
722 121125.94
723 120779.99
724 120831.01
725 121046.07
726 121058.94
727 120954.04
728 121207.00
729 121087.79
730 120894.91
731 121459.96
732 121025.09
733 121133.80
734 120991.95
735 121109.96
736 121032.00
737 121075.87
738 120904.92
739 120733.98
740 120833.87
741 121126.89
742 120876.79
743 121001.96
744 120723.01
745 121260.88
746 120984.08
747 120888.95
748 121024.13
749 121093.99
750 120827.91
751 120649.10
752 120950.94
753 120814.09
754 120844.13
755 120832.20
756 121278.05
757 121124.03
758 120919.94
759 120801.93
760 121121.88
761 120988.13
762 120880.84
763 120961.90
764 120907.07
765 120918.99
766 121855.97
767 120856.05
768 120640.99
769 120829.11
770 120672.94
771 121252.06
772 121001.96
773 121136.90
774 121559.86
775 121227.03
776 120980.98
777 121356.96
778 121011.97
779 121545.08
780 120666.98
781 121064.19
782 121054.17
783 121041.06
784 121138.10
785 120924.95
786 120918.99
787 120877.03
788 120966.91
789 121067.05
790 120784.04
791 120851.99
792 121129.04
793 121088.98
794 121164.80
795 121091.84
796 121021.03
797 120904.92
798 120960.95
799 121130.94
800 121037.96
801 120797.16
802 120816.95
803 121083.02
804 120991.95
805 120945.22
806 120779.99
807 120994.81
808 121040.11
809 120994.09
810 121460.91
811 121024.85
812 120871.78
813 121172.19
814 120716.09
815 120812.18
816 120736.12
817 120555.88
818 121325.02
819 120855.09
820 121011.97
821 120858.19
822 120891.09
823 120966.20
824 120893.96
825 120862.96
826 120975.97
827 121007.92
828 120791.20
829 121140.96
830 120752.10
831 120766.16
832 120881.08
833 120950.94
834 120795.97
835 120769.98
836 121043.92
837 120783.81
838 120692.97
839 120692.01
840 120859.86
841 121129.99
842 121078.01
843 121049.88
844 120640.04
845 121130.94
846 121251.11
847 120939.97
848 121069.91
849 121011.97
850 121082.07
851 120680.09
852 120894.91
853 121002.91
854 121343.85
855 120906.83
856 121487.86
857 121234.89
858 120912.08
859 120918.04
860 120980.02
861 120918.04
862 121131.18
863 121426.11
864 121414.90
865 121001.01
866 120996.95
867 121082.07
868 121200.08
869 120968.82
870 121170.04
871 120836.97
872 120820.05
873 121180.06
874 120774.98
875 121116.16
876 120905.88
877 120702.03
878 121008.16
879 121068.95
880 120988.13
881 121228.93
882 120884.18
883 120857.95
884 120869.87
885 121562.96
886 120815.04
887 120877.98
888 121004.10
889 121295.93
890 120927.81
891 120978.12
892 120684.86
893 120970.96
894 120835.78
895 121024.85
896 120819.81
897 120660.07
898 121075.15
899 120612.14
900 120862.01
901 120996.95
902 120784.04
903 120995.04
904 121057.99
905 120929.00
906 120987.18
907 121258.02
908 121138.81
909 120859.15
910 120917.08
911 120956.90
912 121258.02
913 121613.03
914 121093.03
915 120826.01
916 121021.99
917 120851.04
918 120685.10
919 120748.04
920 120971.92
921 120947.84
922 121121.88
923 120958.09
924 120877.98
925 121029.14
926 120833.87
927 121311.90
928 121035.10
929 121073.01
930 121081.83
931 120893.96
932 121120.93
933 120724.92
934 120697.98
935 121004.82
936 120789.05
937 120998.86
938 120878.93
939 120862.01
940 121000.05
941 121008.87
942 120867.01
943 120695.11
944 120858.91
945 121222.02
946 120704.89
947 120759.01
948 121052.03
949 121135.00
950 120845.08
951 120801.93
952 120899.92
953 120615.96
954 121088.98
955 121003.87
956 121056.08
957 121390.10
958 120903.02
959 120929.00
960 121001.01
961 120965.96
962 121563.20
963 120972.87
964 120949.98
965 120864.87
966 120791.20
967 120794.06
968 121011.02
969 121042.01
970 121013.88
971 120770.93
972 121246.81
973 120908.02
974 121021.99
975 121086.12
976 121161.94
977 120923.04
978 121635.91
979 121021.99
980 120656.97
981 121174.10
982 120810.03
983 120991.95
984 121041.06
985 121006.97
986 120738.98
987 120949.03
988 121248.96
989 120935.92
990 121249.91
991 120743.99
992 120759.01
993 120869.87
994 121139.05
995 121351.96
996 120854.14
997 121015.79
998 120936.16
999 120947.12
1000 121056.80
1001 120787.86
1002 121043.92
1003 120876.07
1004 121073.96
1005 121222.97
1006 121132.14
1007 120880.13
1008 121302.13
1009 121361.02
1010 121092.80
1011 120789.05
1012 121144.06
1013 120902.06
1014 121503.11
1015 120744.94
1016 121366.02
1017 120966.20
1018 120960.00
1019 120961.90
1020 121237.99
1021 121528.86
1022 121156.93
1023 121194.84
1024 120806.93
1025 121063.95
1026 121093.99
1027 120859.15
1028 120905.16
1029 120850.09
1030 121068.00
1031 120806.93
1032 121091.84
1033 120876.07
1034 120707.99
1035 121031.05
1036 120917.08
1037 120992.90
1038 121275.19
1039 120975.97
1040 120857.00
1041 120983.12
1042 121206.05
1043 120968.10
1044 120852.95
1045 120638.85
1046 121042.01
1047 120881.08
1048 120749.00
1049 121137.14
1050 121027.95
1051 120630.98
1052 120895.86
1053 121028.18
1054 120798.11
1055 121361.02
1056 120901.11
1057 120690.82
1058 121120.93
1059 120947.12
1060 121149.78
1061 121059.18
1062 120997.19
1063 120782.14
1064 121134.04
1065 121002.20
1066 121150.02
1067 120928.05
1068 120788.10
1069 120686.05
1070 120642.19
1071 120810.99
1072 121402.03
1073 121341.94
1074 120735.88
1075 120889.90
1076 120915.17
1077 121355.06
1078 120800.02
1079 121189.12
1080 121273.04
1081 120642.19
1082 120850.09
1083 121029.14
1084 121290.21
1085 120887.04
1086 120754.00
1087 120959.04
1088 120863.91
1089 120851.99
1090 120923.04
1091 121135.95
1092 121190.07
1093 120820.05
1094 120996.00
1095 121243.00
1096 121153.12
1097 121241.09
1098 120822.91
1099 120853.90
1100 121236.80
1101 120999.10
1102 120874.17
1103 121192.93
1104 120906.11
1105 120782.14
1106 121124.98
1107 121032.00
1108 120689.15
1109 121144.06
1110 121050.83
1111 120893.00
1112 120924.95
1113 120857.95
1114 120957.85
1115 120934.96
1116 120925.90
1117 120919.94
1118 120942.12
1119 120944.02
1120 120942.12
1121 120929.00
1122 120953.08
1123 120925.90
1124 120919.94
1125 120934.01
1126 120943.07
1127 120945.93
1128 120928.05
1129 120948.08
1130 120944.98
1131 120949.98
1132 120940.92
1133 120949.98
1134 120935.20
1135 120933.06
1136 120941.88
1137 120939.02
1138 120939.02
1139 120932.10
1140 120944.02
1141 120945.93
1142 120947.84
1143 120951.89
1144 120913.98
1145 120960.95
1146 120928.05
1147 120963.10
1148 120937.82
1149 120867.01
1150 120952.84
1151 120930.91
1152 120949.03
1153 120918.99
1154 120949.03
1155 120907.07
1156 120950.94
1157 120950.94
1158 120951.89
1159 120952.84
1160 120971.92
1161 121021.99
1162 120970.96
1163 120908.98
1164 120900.87
1165 120839.83
1166 120963.81
1167 120965.96
1168 120956.90
1169 120963.10
1170 120952.84
1171 120959.04
1172 120957.14
1173 120962.14
1174 120952.84
1175 120926.14
1176 120952.84
1177 120932.10
1178 120959.04
1179 120979.07
1180 120964.05
1181 120909.93
1182 120969.06
1183 120949.03
1184 120913.03
1185 120965.96
1186 120954.99
1187 120949.03
1188 120954.99
1189 120881.08
1190 120966.91
1191 120944.98
1192 120863.91
1193 120953.08
1194 120935.92
1195 120955.23
1196 120929.96
1197 120924.00
1198 120948.08
1199 120965.00
1200 120926.14
1201 120897.05
1202 120958.09
1203 120925.90
1204 120908.98
1205 120891.09
1206 120935.20
1207 120978.12
1208 120950.94
1209 120868.92
1210 120957.14
1211 120951.18
1212 120952.13
1213 120949.98
1214 120949.98
1215 120952.13
1216 120952.84
1217 120943.07
1218 120953.80
1219 120939.97
1220 120956.90
1221 120940.92
1222 120936.87
1223 120960.95
1224 120924.00
1225 120954.99
1226 120946.17
1227 120956.90
1228 120954.04
1229 120874.88
1230 120968.82
1231 120948.08
1232 120956.90
1233 120949.98
1234 120956.90
1235 120864.87
1236 120921.85
1237 120949.98
1238 120941.88
1239 120946.88
1240 120942.83
1241 120954.99
1242 120950.94
1243 120955.23
1244 120917.08
1245 120880.13
1246 120866.06
1247 120955.94
1248 120958.09
1249 120889.90
1250 120962.14
1251 120965.00
1252 120961.19
1253 120961.90
1254 120956.90
1255 120964.05
1256 120960.00
1257 120963.81
1258 120966.91
1259 120932.10
1260 120920.18
1261 120957.85
1262 120968.10
1263 120960.95
1264 120934.01
1265 120956.90
1266 120945.93
1267 120954.99
1268 120949.03
1269 120898.96
1270 120951.89
1271 120950.94
1272 120951.89
1273 120949.03
1274 120847.94
1275 120956.18
1276 120919.94
1277 120918.99
1278 120913.03
1279 120977.88
1280 120948.08
1281 120907.78
1282 120952.13
1283 120954.99
1284 120922.80
1285 120962.14
1286 120927.10
1287 120949.98
1288 120898.01
1289 120904.92
1290 120956.18
1291 120960.95
1292 120970.01
1293 120965.00
1294 120961.19
1295 120958.09
1296 120960.00
1297 120958.09
1298 120960.00
1299 120965.96
1300 120938.06
1301 120973.11
1302 120942.83
1303 120969.77
1304 120941.88
1305 120963.10
1306 120951.89
1307 120965.96
1308 120950.94
1309 120904.21
1310 120954.99
1311 120959.04
1312 120950.94
1313 120944.02
1314 120959.04
1315 120942.12
1316 120925.90
1317 120947.12
1318 120931.86
1319 120948.08
1320 120944.02
1321 120954.99
1322 120952.13
1323 120959.04
1324 120912.08
1325 120960.95
1326 120877.03
1327 120960.95
1328 120964.77
1329 120871.07
1330 121021.99
1331 120971.92
1332 120924.95
1333 120946.88
1334 120939.02
1335 120949.03
1336 120946.17
1337 120973.11
1338 120949.03
1339 120940.92
1340 120961.19
1341 120971.92
1342 120978.12
1343 120936.87
1344 120918.04
1345 120957.14
1346 120938.06
1347 120957.14
1348 120931.86
1349 120972.16
1350 120948.08
1351 120965.00
1352 120946.17
1353 120960.00
1354 120956.18
1355 120956.90
1356 120944.02
1357 120955.94
1358 120944.02
1359 120960.00
1360 120946.88
1361 120960.00
1362 120949.03
1363 120965.00
1364 120920.18
1365 120964.05
1366 120851.99
1367 120967.15
1368 120922.80
1369 120883.94
1370 120980.98
1371 120967.86
1372 120906.83
1373 120926.86
1374 120956.90
1375 120944.02
1376 120945.93
1377 120951.18
1378 120960.00
1379 120961.90
1380 120960.95
1381 120966.91
1382 120967.15
1383 120916.13
1384 120928.05
1385 120962.14
1386 120945.93
1387 120983.12
1388 120947.12
1389 120885.13
1390 120985.03
1391 120940.92
1392 120899.92
1393 120950.94
1394 120970.01
1395 120948.08
1396 120962.86
1397 120951.89
1398 120908.98
1399 120952.84
