900
0 121178.15
1 121083.02
2 121070.86
3 121028.90
4 121037.01
5 121072.05
6 121054.17
7 121001.96
8 121046.07
9 121073.01
10 121042.97
11 121035.10
12 121059.18
13 121038.91
14 121051.07
15 121052.98
16 121025.09
17 121041.06
18 121068.00
19 121097.80
20 121047.02
21 121026.99
22 121059.18
23 121048.21
24 121067.05
25 121049.88
26 121046.07
27 121062.99
28 121051.07
29 121032.00
30 121060.13
31 121066.09
32 121060.85
33 121012.93
34 121000.05
35 121033.91
36 121061.09
37 121038.91
38 121005.06
39 121062.04
40 120984.08
41 121071.82
42 121058.94
43 121007.92
44 121011.97
45 121041.06
46 121070.86
47 121041.06
48 121062.99
49 121042.97
50 121037.96
51 121055.13
52 121037.96
53 121078.97
54 121044.16
55 121003.15
56 121023.18
57 121045.11
58 121047.97
59 121064.90
60 121066.09
61 121012.93
62 121068.95
63 121027.95
64 121007.92
65 121181.96
66 121067.05
67 120972.87
68 121073.96
69 121066.09
70 120944.98
71 121067.05
72 121061.80
73 121034.86
74 121062.99
75 121052.03
76 121070.15
77 121059.89
78 120984.08
79 121057.03
80 120981.93
81 121038.91
82 121088.98
83 120975.02
84 121017.93
85 121062.99
86 121045.11
87 121037.01
88 121049.88
89 121047.97
90 121055.13
91 121051.07
92 121061.09
93 121057.03
94 121047.97
95 121003.87
96 120974.06
97 121005.06
98 121039.15
99 121074.91
100 121062.04
101 120975.97
102 121027.95
103 120816.95
104 121073.01
105 121396.06
106 121036.05
107 121047.02
108 120729.92
109 121043.21
110 122316.12
111 120810.03
112 121084.21
113 120801.93
114 121052.03
115 121417.05
116 121024.13
117 121047.02
118 121123.08
119 121076.11
120 120854.14
121 120808.84
122 121024.85
123 121471.88
124 121088.98
125 121917.01
126 120993.85
127 121047.97
128 120996.00
129 121053.93
130 120891.81
131 121052.98
132 122073.89
133 120878.93
134 121227.03
135 120900.87
136 121000.05
137 121813.06
138 120836.97
139 121014.12
140 121193.89
141 121128.80
142 121047.02
143 120941.88
144 120834.11
145 122771.02
146 121017.93
147 121252.06
148 121018.89
149 121045.83
150 121997.83
151 121015.07
152 121708.15
153 121178.87
154 120947.12
155 121594.19
156 121044.16
157 121473.07
158 121203.90
159 120842.93
160 121150.02
161 120944.02
162 120899.92
163 121094.94
164 120954.99
165 121046.07
166 121081.11
167 121203.90
168 120983.12
169 121153.12
170 120977.88
171 121357.92
172 121184.83
173 121439.93
174 121233.94
175 120985.03
176 121211.05
177 120994.09
178 120991.95
179 121789.93
180 121007.92
181 121490.96
182 121033.91
183 120945.22
184 121149.06
185 121067.05
186 121928.93
187 120816.23
188 120948.08
189 120953.08
190 121382.00
191 120903.02
192 121129.04
193 121050.12
194 121006.97
195 120928.05
196 121398.93
197 120977.88
198 121091.84
199 121809.96
200 121124.03
201 121603.97
202 120938.06
203 120898.96
204 121398.93
205 121813.06
206 122154.00
207 120998.86
208 120761.87
209 120980.02
210 121258.02
211 121520.04
212 121085.88
213 122287.99
214 121513.84
215 121347.19
216 121295.93
217 120959.04
218 120827.91
219 121721.03
220 120702.98
221 120934.01
222 121219.87
223 121610.16
224 120960.00
225 121663.09
226 121075.15
227 121200.08
228 121649.98
229 121243.00
230 122276.07
231 120961.90
232 121430.87
233 121201.04
234 121393.20
235 120970.96
236 120975.02
237 122306.11
238 121318.10
239 121395.11
240 121484.99
241 121263.98
242 120851.04
243 120885.13
244 121109.01
245 121374.85
246 121451.85
247 121932.03
248 121535.78
249 121275.90
250 120816.95
251 120973.11
252 121495.01
253 121068.95
254 120921.85
255 121766.09
256 121182.92
257 121124.98
258 120923.04
259 121035.10
260 121047.97
261 120929.00
262 120979.07
263 121287.11
264 121722.94
265 120987.89
266 121687.89
267 120792.87
268 120924.00
269 121552.94
270 121320.96
271 121912.00
272 120947.12
273 121762.04
274 121107.82
275 120958.81
276 121714.12
277 121589.90
278 120877.98
279 121928.93
280 120958.09
281 120915.17
282 121690.03
283 121045.11
284 122065.07
285 120856.05
286 121057.03
287 121051.07
288 121638.06
289 121036.05
290 121249.91
291 122555.02
292 121347.90
293 120939.02
294 120985.03
295 120946.88
296 121108.06
297 121324.06
298 120903.97
299 121673.11
300 121733.90
301 121142.15
302 121895.07
303 121464.97
304 120857.00
305 121703.86
306 121395.83
307 121414.18
308 121367.93
309 120834.11
310 121284.01
311 120815.99
312 121129.99
313 121061.09
314 121171.00
315 120900.87
316 121049.88
317 120855.09
318 120805.98
319 120836.02
320 121485.95
321 120944.98
322 121140.00
323 121371.03
324 120902.06
325 121332.17
326 121081.11
327 121749.88
328 121093.03
329 121293.07
330 121614.93
331 121250.87
332 121106.15
333 121008.87
334 121338.84
335 120912.08
336 121070.86
337 120725.15
338 121294.98
339 121323.11
340 121740.10
341 121441.13
342 121108.06
343 121412.04
344 121006.97
345 121211.05
346 121627.81
347 121332.17
348 121048.93
349 122298.96
350 120994.09
351 121701.96
352 121026.99
353 121584.89
354 121486.90
355 121216.06
356 121078.01
357 121973.04
358 120783.81
359 120839.83
360 120905.88
361 121009.83
362 120949.98
363 120629.07
364 121068.00
365 121050.83
366 120767.83
367 120862.96
368 120985.98
369 121052.98
370 121548.18
371 120908.98
372 120785.95
373 120862.01
374 120923.04
375 120790.00
376 120784.04
377 121012.93
378 121094.94
379 120889.90
380 121301.89
381 120947.84
382 120959.04
383 120841.03
384 121053.93
385 121017.93
386 121307.85
387 120919.94
388 120822.19
389 120804.07
390 121249.91
391 120836.97
392 120872.97
393 120809.08
394 120682.95
395 121522.90
396 120906.83
397 120975.02
398 120684.15
399 120841.98
400 120831.01
401 120933.06
402 121410.13
403 120944.02
404 120837.21
405 120886.80
406 120898.01
407 120815.99
408 121118.07
409 121656.89
410 120894.91
411 120977.88
412 120775.94
413 120812.89
414 120870.11
415 120783.81
416 120582.82
417 121279.00
418 121209.86
419 121359.83
420 120741.13
421 120990.04
422 120866.06
423 120936.16
424 120927.81
425 120866.06
426 121108.06
427 121306.90
428 121051.07
429 120945.93
430 121054.89
431 121156.93
432 120955.94
433 120962.14
434 120854.85
435 120899.92
436 121262.07
437 120782.14
438 121628.05
439 120983.12
440 121017.93
441 121300.22
442 120805.98
443 121373.89
444 121351.96
445 121160.03
446 121037.01
447 121066.09
448 121627.09
449 121320.01
450 121287.11
451 121428.97
452 120929.00
453 121216.06
454 120711.09
455 120743.04
456 121565.82
457 120996.95
458 120967.15
459 121122.84
460 120972.16
461 121034.15
462 120893.96
463 121020.79
464 121386.05
465 121515.04
466 121100.90
467 121026.04
468 120905.88
469 120954.99
470 120781.90
471 120961.90
472 121356.96
473 121019.12
474 121456.86
475 121474.98
476 121037.01
477 121327.16
478 121431.83
479 120703.94
480 120749.95
481 120831.01
482 120982.89
483 121162.89
484 121346.95
485 121100.90
486 121061.09
487 120975.97
488 120996.00
489 120719.19
490 121169.09
491 121430.16
492 121320.01
493 121124.03
494 121256.11
495 120906.11
496 122005.94
497 120763.06
498 120918.99
499 121376.99
500 121207.00
501 121056.08
502 121443.99
503 121409.89
504 121093.99
505 120939.97
506 121528.15
507 121358.16
508 121195.08
509 121690.99
510 121268.03
511 121563.91
512 121083.02
513 121429.20
514 120841.98
515 120749.00
516 120960.95
517 121115.92
518 120946.88
519 121067.05
520 121371.03
521 121679.07
522 121673.82
523 121537.92
524 121247.05
525 121835.95
526 121310.00
527 120965.96
528 121402.03
529 121674.06
530 121420.15
531 121636.87
532 121223.93
533 120971.92
534 121178.87
535 120841.98
536 121439.93
537 121089.22
538 121188.88
539 121454.00
540 121201.99
541 121088.03
542 121500.02
543 121356.01
544 121056.80
545 121226.07
546 120944.02
547 121478.08
548 120848.89
549 121167.90
550 120747.09
551 121495.01
552 121562.00
553 121356.01
554 120997.91
555 121150.97
556 121415.85
557 121268.99
558 121598.96
559 120924.95
560 121716.02
561 121114.97
562 121465.92
563 121030.09
564 121280.91
565 121459.96
566 121443.99
567 121202.95
568 120882.99
569 120915.89
570 121538.88
571 120837.93
572 121310.95
573 121413.95
574 121057.99
575 121114.02
576 121507.17
577 121575.12
578 121644.97
579 121134.04
580 121460.20
581 121382.95
582 121232.03
583 121197.22
584 121131.90
585 121128.08
586 121020.79
587 121121.17
588 121448.99
589 121175.05
590 120821.00
591 121325.97
592 121005.06
593 121097.09
594 121449.95
595 121306.90
596 121291.16
597 121545.08
598 121184.11
599 121579.89
600 121517.18
601 121426.11
602 121200.08
603 121081.11
604 121049.88
605 121140.96
606 121224.88
607 121371.98
608 121072.05
609 121607.07
610 121589.90
611 121310.00
612 121367.93
613 121757.98
614 120928.05
615 121373.18
616 121360.06
617 121191.98
618 121500.97
619 121358.16
620 120950.94
621 121236.09
622 121318.82
623 121180.06
624 121204.14
625 121565.10
626 121543.88
627 121407.99
628 121736.05
629 121107.10
630 121145.01
631 121494.05
632 121275.90
633 121176.00
634 121108.06
635 121026.99
636 121181.96
637 121845.96
638 121113.06
639 121284.01
640 121382.00
641 121678.11
642 121314.05
643 121511.94
644 121534.11
645 120883.94
646 121306.18
647 120903.02
648 121400.12
649 121148.11
650 121603.01
651 121420.15
652 121145.96
653 121562.96
654 121149.06
655 121474.98
656 121118.07
657 121542.93
658 120921.13
659 121037.01
660 121270.90
661 121011.97
662 121064.19
663 120898.96
664 121232.03
665 121140.96
666 121495.96
667 121895.79
668 121354.10
669 121047.02
670 121695.04
671 121383.91
672 121346.95
673 120934.96
674 121324.06
675 121258.97
676 121371.98
677 121193.89
678 121335.03
679 121267.08
680 121302.84
681 121008.16
682 121149.06
683 120979.07
684 121398.21
685 121338.13
686 121184.83
687 120842.93
688 121240.14
689 121373.89
690 121779.92
691 121388.91
692 121227.98
693 121536.02
694 121263.98
695 121283.05
696 121411.09
697 121180.06
698 121246.10
699 121376.04
700 121656.89
701 121241.09
702 121210.10
703 121368.89
704 121203.90
705 120997.19
706 121739.86
707 120843.17
708 121321.92
709 121390.10
710 120960.00
711 121245.86
712 121621.85
713 121428.97
714 121303.08
715 121381.04
716 121207.00
717 121077.06
718 121182.92
719 121001.96
720 121359.11
721 121454.95
722 120999.81
723 121443.99
724 121686.94
725 121457.10
726 121368.89
727 121493.10
728 121760.85
729 121272.09
730 121395.11
731 121499.06
732 121114.97
733 120921.13
734 121199.85
735 121079.92
736 121261.12
737 121583.94
738 121324.06
739 121102.09
740 122008.09
741 121622.09
742 120830.06
743 121496.20
744 121087.07
745 120793.10
746 121213.20
747 121374.13
748 120999.10
749 121478.08
750 121475.93
751 121222.97
752 120871.07
753 121386.05
754 121152.88
755 121568.92
756 121674.06
757 121623.99
758 121317.86
759 121716.98
760 121465.92
761 121481.90
762 121050.83
763 121325.97
764 121487.86
765 120868.92
766 121334.08
767 120964.05
768 121292.11
769 121375.08
770 121154.07
771 121220.11
772 121695.04
773 121639.97
774 121726.99
775 121332.17
776 121350.05
777 122431.04
778 120955.94
779 120908.02
780 121376.04
781 120778.08
782 121623.04
783 121331.21
784 120989.08
785 121597.05
786 121407.99
787 121523.14
788 120773.08
789 121102.81
790 121209.14
791 120872.97
792 120962.86
793 121433.02
794 120989.08
795 121329.07
796 121647.12
797 121468.07
798 120920.90
799 121196.99
800 120877.03
801 120975.97
802 120985.98
803 121448.04
804 121124.03
805 121307.13
806 121474.03
807 121072.05
808 121026.99
809 121067.05
810 121194.84
811 120927.10
812 120962.86
813 121447.09
814 121490.96
815 121155.02
816 120804.07
817 120764.02
818 121225.12
819 121255.16
820 120768.07
821 121059.89
822 121078.01
823 120764.97
824 120990.99
825 121257.07
826 121357.92
827 121450.19
828 121194.84
829 121532.92
830 120913.98
831 121719.12
832 121078.97
833 121414.90
834 121187.93
835 121364.12
836 120983.12
837 121034.86
838 121243.00
839 120865.11
840 120972.87
841 120803.12
842 120926.14
843 120798.11
844 121598.96
845 121112.11
846 121122.84
847 121151.92
848 121179.82
849 121202.95
850 121029.85
851 121167.90
852 121202.95
853 121171.00
854 121181.01
855 121189.83
856 121196.03
857 121186.97
858 121196.03
859 121181.01
860 121212.01
861 121171.95
862 121143.10
863 121106.86
864 121205.09
865 121155.98
866 121181.01
867 121141.91
868 121108.06
869 121225.83
870 121197.94
871 121161.94
872 121135.00
873 121171.95
874 121186.97
875 121185.06
876 121202.95
877 121235.13
878 121210.10
879 121145.96
880 121024.85
881 121171.95
882 121187.93
883 121177.91
884 121189.83
885 121181.96
886 121197.22
887 121120.93
888 121205.09
889 121174.10
890 121141.91
891 121182.20
892 121192.93
893 121192.93
894 121180.06
895 121166.94
896 121199.85
897 121173.14
898 121207.95
899 121181.01
