900
0 121370.08
1 121145.96
2 121092.08
3 121084.93
4 121118.07
5 121163.13
6 121143.10
7 121097.09
8 121103.05
9 121142.15
10 121145.01
11 121117.83
12 121117.83
13 121142.86
14 121127.13
15 121143.82
16 121145.01
17 121129.04
18 121073.96
19 121135.00
20 121123.08
21 121105.91
22 121092.08
23 121125.94
24 121150.97
25 121129.04
26 121127.13
27 121119.02
28 121265.89
29 121141.91
30 120958.09
31 121140.96
32 121052.98
33 121046.07
34 121125.94
35 121149.06
36 121129.99
37 120902.06
38 121127.13
39 121149.06
40 121123.08
41 121146.92
42 121094.94
43 121114.97
44 121140.00
45 121160.98
46 121140.96
47 121145.01
48 121119.02
49 121142.15
50 121134.04
51 121140.96
52 121119.02
53 121062.04
54 121143.10
55 121131.90
56 121144.06
57 121140.00
58 121101.86
59 121130.94
60 121087.07
61 121130.94
62 121114.02
63 121139.05
64 121119.02
65 121125.94
66 121138.10
67 121124.03
68 121120.93
69 121128.08
70 121039.15
71 121129.99
72 121146.92
73 121058.94
74 121140.00
75 121133.09
76 121138.81
77 121134.04
78 121143.10
79 121138.10
80 121127.84
81 121121.88
82 121097.09
83 121056.08
84 121165.99
85 121068.95
86 121140.00
87 121132.14
88 121112.11
89 121136.90
90 121162.89
91 121144.06
92 121167.90
93 120895.15
94 121032.00
95 121001.01
96 120993.85
97 120878.93
98 120940.92
99 121021.03
100 121089.94
101 120833.16
102 121304.04
103 120916.84
104 121268.99
105 120716.09
106 121999.98
107 121057.99
108 121644.02
109 120723.96
110 122605.09
111 122416.02
112 122495.17
113 122490.88
114 122322.08
115 123318.91
116 122576.00
117 123190.88
118 123312.00
119 123095.04
120 122890.95
121 124560.12
122 123955.01
123 123599.05
124 122796.06
125 122689.01
126 123683.93
127 124294.04
128 123331.07
129 123918.06
130 122462.03
131 124019.15
132 123125.08
133 123399.97
134 124512.91
135 122998.00
136 123106.00
137 123142.00
138 122376.92
139 123951.91
140 123391.87
141 124073.98
142 123957.87
143 122309.21
144 123129.84
145 123231.89
146 123045.92
147 124125.00
148 122439.15
149 122220.04
150 122848.99
151 122851.13
152 122039.08
153 123565.91
154 122530.94
155 123490.81
156 122380.02
157 122617.01
158 122467.04
159 122732.16
160 122440.10
161 123550.89
162 123520.85
163 124352.93
164 123955.97
165 124977.11
166 123934.98
167 123094.80
168 123100.04
169 123100.04
170 124061.82
171 123855.11
172 124653.10
173 123218.06
174 123611.93
175 123695.85
176 122121.81
177 123784.07
178 123621.94
179 122618.91
180 122879.98
181 122723.82
182 122720.96
183 123600.01
184 124222.99
185 123820.07
186 123217.11
187 123996.97
188 123888.02
189 123182.06
190 124433.99
191 122815.13
192 123675.11
193 122709.04
194 122569.08
195 124930.14
196 124032.02
197 123226.88
198 124001.98
199 124256.13
200 122410.06
201 123031.14
202 122275.83
203 122164.01
204 122746.94
205 123374.94
206 123371.84
207 124140.98
208 121810.91
209 123337.03
210 122226.00
211 122193.10
212 122241.02
213 122756.00
214 122598.17
215 122287.03
216 124289.99
217 122370.96
218 123292.92
219 122407.91
220 123116.02
221 123580.93
222 123643.88
223 122605.09
224 123331.07
225 122663.97
226 123181.10
227 122337.10
228 122998.00
229 122070.07
230 123157.98
231 123775.01
232 122025.97
233 122889.04
234 124291.90
235 122810.84
236 123461.96
237 122349.02
238 124306.92
239 123094.08
240 123822.21
241 122898.82
242 123729.94
243 123021.13
244 122882.84
245 124408.96
246 123542.07
247 122068.17
248 123322.01
249 122487.07
250 123189.93
251 122242.93
252 123280.05
253 122065.07
254 123626.95
255 122207.88
256 123718.98
257 124418.02
258 122663.97
259 123366.83
260 123331.07
261 122389.08
262 122457.98
263 122534.04
264 123703.00
265 122715.00
266 122819.19
267 123477.22
268 123443.13
269 123854.16
270 122922.90
271 121926.07
272 123665.81
273 122339.01
274 124745.85
275 122861.86
276 123018.98
277 122920.04
278 122918.84
279 121915.10
280 123377.08
281 124106.88
282 124736.07
283 123054.03
284 123989.82
285 122981.07
286 123075.96
287 122882.84
288 122792.96
289 123608.11
290 123389.01
291 124186.99
292 124626.16
293 123662.95
294 122802.02
295 123471.02
296 122748.14
297 122738.12
298 122732.88
299 122542.14
300 122206.93
301 124180.08
302 122421.98
303 122244.83
304 123466.01
305 123974.08
306 123076.92
307 123655.80
308 124451.16
309 122202.87
310 122824.91
311 123559.00
312 124920.13
313 123368.98
314 123349.19
315 123967.89
316 123811.01
317 122645.14
318 122671.84
319 124460.94
320 123155.12
321 122894.05
322 123941.90
323 122956.04
324 122915.98
325 122972.97
326 122648.00
327 123163.94
328 124432.80
329 123529.91
330 123123.88
331 123082.88
332 125141.14
333 123024.94
334 121944.90
335 122102.02
336 123093.13
337 123469.11
338 123074.05
339 122819.90
340 122540.95
341 123360.16
342 122956.99
343 123731.14
344 122507.10
345 122153.04
346 124702.93
347 123345.14
348 123157.02
349 124042.03
350 125000.95
351 122942.92
352 122942.92
353 122965.81
354 122286.80
355 122975.11
356 122241.02
357 122979.88
358 123731.85
359 122100.11
360 122301.10
361 122055.05
362 122076.03
363 122146.13
364 121998.07
365 122320.89
366 122502.09
367 122071.03
368 121967.08
369 121970.89
370 122241.97
371 122396.95
372 122055.05
373 122335.91
374 122185.95
375 122525.22
376 122419.83
377 122558.12
378 122785.09
379 122113.94
380 122360.94
381 122483.02
382 122408.15
383 122133.97
384 122374.06
385 122190.00
386 121937.99
387 122161.15
388 122669.94
389 122435.09
390 122452.02
391 122048.85
392 121041.06
393 121223.93
394 120851.99
395 120780.94
396 120816.95
397 120919.94
398 121026.04
399 121067.05
400 120797.16
401 121037.01
402 120983.12
403 120949.98
404 120934.96
405 121174.10
406 120803.83
407 120990.04
408 120933.06
409 120725.87
410 121095.18
411 120765.21
412 121155.02
413 121093.03
414 120813.85
415 120988.13
416 120957.14
417 120943.07
418 121073.96
419 120994.09
420 120778.08
421 121114.02
422 120818.85
423 121040.11
424 121109.01
425 120838.88
426 120718.00
427 120980.98
428 120806.22
429 121007.92
430 120903.02
431 121001.96
432 120920.90
433 120876.07
434 121174.10
435 120848.18
436 120827.91
437 121068.00
438 120993.14
439 121016.98
440 121177.91
441 120857.00
442 121192.93
443 121095.90
444 120785.00
445 120916.84
446 120797.87
447 120892.05
448 120932.82
449 120915.89
450 120837.21
451 120804.07
452 121085.88
453 121075.15
454 121037.96
455 120810.03
456 120892.05
457 120795.01
458 120964.05
459 120998.86
460 121061.09
461 120779.99
462 120949.03
463 121016.98
464 121021.03
465 121207.95
466 120841.98
467 120874.17
468 121049.17
469 121111.87
470 121311.90
471 121154.07
472 121001.96
473 120851.99
474 120917.08
475 121053.93
476 120850.09
477 120916.84
478 120941.88
479 120743.04
480 120822.91
481 120767.12
482 120939.97
483 120911.12
484 120981.93
485 121325.97
486 121150.02
487 121165.99
488 120994.09
489 120788.10
490 120872.97
491 121114.02
492 120753.05
493 120906.11
494 120949.98
495 120986.94
496 120838.88
497 120965.96
498 120948.08
499 121014.12
500 120871.07
501 120967.86
502 120881.08
503 120880.84
504 120964.05
505 121179.82
506 121093.03
507 121046.07
508 120889.90
509 120790.96
510 120965.96
511 121139.05
512 120852.95
513 120795.01
514 120904.92
515 120887.04
516 120843.17
517 120738.98
518 120882.99
519 120823.14
520 120990.04
521 121021.03
522 121196.03
523 120897.05
524 120841.03
525 121118.07
526 120908.02
527 121048.93
528 121100.90
529 120743.04
530 120806.22
531 120970.01
532 120924.00
533 120821.95
534 120769.98
535 121032.00
536 120905.16
537 120965.00
538 120756.15
539 121069.91
540 120998.14
541 120977.16
542 120800.97
543 120896.10
544 120745.90
545 120952.84
546 120785.00
547 120885.13
548 120839.12
549 120962.86
550 120936.16
551 120894.91
552 120965.96
553 120932.82
554 120870.11
555 121026.04
556 121066.09
557 120947.12
558 121035.10
559 121133.09
560 120961.90
561 120828.15
562 120887.99
563 121191.02
564 121016.03
565 121116.88
566 121355.06
567 120749.95
568 120965.00
569 121179.10
570 120956.90
571 120887.04
572 121314.05
573 120960.00
574 121101.86
575 121162.89
576 120969.06
577 120918.99
578 120999.10
579 120747.09
580 120873.21
581 120913.03
582 120928.05
583 121160.98
584 120924.00
585 120851.04
586 120909.93
587 121041.06
588 120892.05
589 120973.83
590 120879.89
591 120843.17
592 120862.01
593 121130.94
594 120743.04
595 120756.15
596 121208.91
597 120985.98
598 120888.95
599 121029.14
600 120847.94
601 120924.23
602 120863.91
603 120970.01
604 120935.20
605 120918.04
606 120958.09
607 120824.81
608 121018.89
609 120970.96
610 121085.88
611 121086.12
612 121080.88
613 120893.96
614 121040.11
615 120818.14
616 120841.03
617 120826.96
618 120839.83
619 120937.11
620 120802.88
621 121059.18
622 120851.99
623 121151.21
624 120929.00
625 121043.92
626 120944.98
627 120942.12
628 120887.99
629 121020.08
630 120822.19
631 121211.05
632 121000.05
633 120749.95
634 120797.87
635 120963.10
636 120851.04
637 120800.97
638 120846.03
639 120963.10
640 120887.99
641 120875.84
642 121219.87
643 121026.04
644 120909.93
645 120934.01
646 121160.98
647 121311.90
648 121026.99
649 120996.95
650 121348.14
651 120856.05
652 120980.02
653 120810.03
654 121129.04
655 121129.04
656 121103.05
657 120814.09
658 121151.92
659 120911.84
660 121026.99
661 120871.07
662 120940.92
663 120996.95
664 120975.02
665 121159.08
666 121088.03
667 121069.91
668 121020.08
669 121154.07
670 120915.89
671 120975.97
672 121121.17
673 120975.97
674 121244.19
675 120867.97
676 120757.82
677 121149.06
678 120737.79
679 120878.93
680 120989.08
681 120739.94
682 121075.87
683 120798.11
684 120877.03
685 120907.07
686 120808.12
687 120779.99
688 121137.14
689 120781.90
690 121149.06
691 121026.04
692 120755.91
693 120991.95
694 120980.98
695 120876.07
696 120881.08
697 121110.92
698 120970.96
699 120943.07
700 120784.04
701 121196.03
702 121125.94
703 120985.98
704 121011.97
705 121056.08
706 120857.95
707 120882.03
708 121135.95
709 120957.85
710 120901.11
711 121021.99
712 121047.02
713 120985.03
714 120987.89
715 121030.09
716 121036.05
717 121032.95
718 121013.88
719 121031.05
720 120940.92
721 120967.86
722 121016.98
723 121042.01
724 121030.09
725 121012.93
726 121032.00
727 121018.89
728 121032.00
729 121047.97
730 120964.05
731 120952.84
732 121040.11
733 121008.87
734 121011.02
735 121009.11
736 121019.12
737 121032.00
738 121025.09
739 121036.05
740 121026.99
741 121037.01
742 121032.00
743 121034.15
744 121036.05
745 121042.01
746 120966.91
747 121008.16
748 121031.05
749 121027.95
750 120946.17
751 121029.14
752 121006.01
753 121030.81
754 120982.89
755 120961.19
756 121018.17
757 121037.96
758 121030.09
759 121062.04
760 120936.87
761 120975.97
762 121112.11
763 121135.00
764 121116.88
765 121144.06
766 121121.88
767 121115.92
768 121133.09
769 121149.06
770 121047.97
771 121110.92
772 121128.08
773 121123.08
774 121133.09
775 121129.99
776 121140.00
777 121115.21
778 121114.02
779 121125.22
780 121122.12
781 121136.19
782 121123.08
783 121118.07
784 121145.01
785 121127.13
786 121150.97
787 121130.23
788 121114.02
789 121093.03
790 120977.88
791 121112.11
792 121143.10
793 121121.88
794 121113.06
795 121122.84
796 121126.89
797 121125.94
798 121140.00
799 121140.96
800 121135.95
801 121135.95
802 121135.95
803 121149.06
804 121140.96
805 121081.11
806 121140.00
807 121131.90
808 121142.15
809 121093.03
810 121050.12
811 121099.95
812 121146.92
813 121136.19
814 121194.12
815 121138.10
816 121104.00
817 121145.01
818 121119.02
819 121140.00
820 121020.79
821 121145.96
822 121127.13
823 121111.87
824 121134.04
825 121121.88
826 121137.86
827 121121.17
828 121139.05
829 121096.85
830 121069.19
831 121134.04
832 121140.96
833 121063.95
834 121047.97
835 121109.96
836 121131.18
837 121120.21
838 121142.86
839 121141.91
840 121147.87
841 121145.01
842 121083.97
843 121145.01
844 121123.08
845 121145.01
846 121138.81
847 121115.92
848 121167.18
849 121104.96
850 121100.19
851 121121.88
852 121124.03
853 121129.04
854 121120.93
855 121134.04
856 121135.95
857 121132.85
858 121140.00
859 121141.91
860 121064.90
861 121142.15
862 121140.96
863 121149.06
864 121141.91
865 121147.16
866 121145.01
867 121088.03
868 121082.07
869 121107.10
870 121057.99
871 121136.19
872 121145.96
873 121134.04
874 121150.02
875 121134.04
876 121078.01
877 121073.01
878 121135.00
879 121121.88
880 121142.15
881 121024.13
882 121109.96
883 121146.20
884 121115.92
885 121114.02
886 121125.22
887 121126.89
888 121184.83
889 121098.04
890 121096.13
891 121110.92
892 121076.11
893 121109.96
894 121011.97
895 121118.07
896 121108.06
897 121124.03
898 121119.98
899 121132.14
