900
0 121239.90
1 121149.06
2 121155.02
3 121132.85
4 121097.09
5 121140.00
6 121124.03
7 121148.11
8 121184.11
9 121145.96
10 121138.10
11 121083.02
12 121062.04
13 121057.03
14 121107.10
15 121120.93
16 121117.83
17 121133.09
18 121154.07
19 121086.12
20 121158.84
21 121145.01
22 121092.08
23 121071.82
24 121119.98
25 121129.99
26 121195.08
27 121123.08
28 121072.05
29 121130.94
30 121146.92
31 121155.02
32 121084.93
33 121082.07
34 121114.97
35 121140.96
36 121126.89
37 121141.91
38 121065.14
39 121062.99
40 121124.03
41 121140.96
42 121129.99
43 121157.17
44 121114.02
45 121087.79
46 121130.94
47 121126.17
48 121111.87
49 121127.84
50 121116.88
51 121148.11
52 121134.04
53 121073.01
54 121142.86
55 121106.15
56 121139.05
57 121102.09
58 121135.95
59 121096.85
60 121121.17
61 121119.98
62 121132.14
63 121126.89
64 121132.14
65 121134.04
66 121141.91
67 121143.82
68 121132.85
69 121145.96
70 121135.95
71 121141.91
72 121143.82
73 121080.16
74 121047.97
75 121124.98
76 121143.10
77 121131.18
78 121143.10
79 121046.07
80 121144.06
81 121140.00
82 121122.84
83 121146.92
84 121125.94
85 121083.02
86 121135.95
87 121130.94
88 121141.20
89 121150.97
90 121114.97
91 121134.04
92 121124.98
93 120874.17
94 121138.10
95 121099.95
96 121032.95
97 120969.06
98 121044.87
99 121098.04
100 121010.07
101 121057.99
102 120874.88
103 121160.98
104 120826.96
105 121889.83
106 121111.87
107 121819.97
108 122475.86
109 121976.14
110 122137.07
111 122848.03
112 122725.01
113 125383.85
114 123752.83
115 122067.93
116 124268.05
117 124247.07
118 124248.98
119 123450.04
120 124252.80
121 123152.02
122 123552.80
123 124006.99
124 123486.04
125 123709.92
126 123799.09
127 126050.00
128 123550.89
129 124518.16
130 124305.96
131 125328.06
132 123698.95
133 124295.95
134 123381.14
135 123621.94
136 122637.03
137 125026.94
138 123190.88
139 122425.08
140 123132.94
141 122581.96
142 123423.81
143 122452.97
144 123214.96
145 123164.89
146 122431.99
147 123992.92
148 123286.01
149 123874.90
150 123301.98
151 123178.01
152 122247.22
153 123291.97
154 122357.85
155 122680.90
156 122529.98
157 122671.13
158 122522.83
159 123355.15
160 123193.03
161 124159.10
162 123269.80
163 123305.08
164 122112.04
165 122942.92
166 124670.98
167 123051.88
168 123088.12
169 124666.93
170 122982.03
171 123625.99
172 123663.90
173 122924.09
174 125402.93
175 123745.20
176 122927.19
177 122942.21
178 122201.20
179 123895.88
180 123113.87
181 124016.05
182 123955.97
183 123667.96
184 123758.08
185 122221.95
186 123034.00
187 123157.02
188 124099.97
189 123906.14
190 124062.06
191 122285.13
192 123009.92
193 125453.00
194 124782.09
195 123989.82
196 122694.97
197 123275.04
198 123206.85
199 123268.84
200 124780.89
201 122349.02
202 124977.83
203 122555.97
204 123198.03
205 123521.09
206 122223.85
207 123494.15
208 122950.08
209 123029.95
210 123019.93
211 124641.90
212 123833.89
213 123754.02
214 123881.10
215 124239.92
216 122709.04
217 123509.88
218 123878.00
219 123265.98
220 124931.10
221 122461.08
222 123384.00
223 122317.08
224 122762.92
225 123369.93
226 123502.02
227 123791.93
228 122905.02
229 122855.90
230 123519.18
231 124480.01
232 124640.94
233 122856.14
234 122758.87
235 122719.05
236 123819.11
237 123759.03
238 122802.02
239 123533.01
240 122769.83
241 123682.98
242 123692.04
243 122920.04
244 123698.00
245 124493.84
246 123687.98
247 122133.97
248 123011.11
249 124542.00
250 122756.00
251 123318.91
252 123466.01
253 123473.17
254 122749.09
255 122138.98
256 122799.87
257 123545.89
258 122967.96
259 123628.85
260 122939.83
261 122807.98
262 123543.02
263 123716.83
264 123880.86
265 125402.93
266 123798.85
267 123162.98
268 122172.83
269 122514.01
270 125708.10
271 123192.07
272 122524.02
273 124960.90
274 123636.01
275 122927.90
276 123834.13
277 123901.13
278 124583.96
279 123793.13
280 122972.97
281 122820.14
282 124432.09
283 123471.02
284 124337.20
285 124385.83
286 123533.96
287 122602.94
288 122531.89
289 122706.17
290 122906.92
291 122881.89
292 123018.03
293 122931.96
294 123629.09
295 123734.00
296 124587.06
297 122905.97
298 122940.06
299 123811.96
300 122130.87
301 123035.91
302 124707.94
303 123751.88
304 123764.99
305 123072.15
306 123166.08
307 123710.16
308 121989.97
309 124090.91
310 123513.94
311 125390.05
312 122224.09
313 122910.02
314 123701.10
315 123879.19
316 123996.02
317 123924.97
318 123213.05
319 123529.91
320 123381.85
321 124148.85
322 122611.05
323 124027.01
324 122645.14
325 123146.06
326 122863.05
327 122109.89
328 123025.18
329 124664.07
330 123038.05
331 123020.89
332 122771.98
333 124252.08
334 123645.07
335 122018.81
336 124367.95
337 123847.96
338 122114.18
339 123187.07
340 122552.87
341 122833.01
342 123034.95
343 122778.89
344 123451.95
345 122759.82
346 122284.17
347 123063.09
348 122411.01
349 124007.94
350 124869.11
351 123807.19
352 122903.11
353 122082.00
354 123436.93
355 125000.95
356 124108.79
357 123476.98
358 123583.08
359 122503.04
360 121824.98
361 122426.03
362 122666.84
363 122520.21
364 122523.07
365 122488.02
366 122889.04
367 122138.02
368 122510.91
369 122000.93
370 122690.92
371 122441.05
372 122617.01
373 122432.95
374 122061.97
375 123068.09
376 123219.01
377 122673.99
378 122431.04
379 122645.85
380 122168.06
381 122390.03
382 123083.83
383 122610.81
384 122655.15
385 122262.00
386 122478.96
387 122119.90
388 122451.07
389 122441.05
390 122552.16
391 122414.83
392 121797.08
393 120895.15
394 121227.98
395 121190.79
396 120942.83
397 120806.93
398 120834.11
399 121022.94
400 120905.88
401 121171.00
402 121190.07
403 121052.03
404 121163.13
405 121078.97
406 121143.10
407 121212.96
408 121119.02
409 121083.97
410 120847.23
411 121040.11
412 120943.07
413 121212.01
414 120963.81
415 121094.94
416 120977.88
417 121142.86
418 120887.04
419 121201.99
420 121205.09
421 120989.08
422 121126.17
423 121126.89
424 120990.04
425 120892.05
426 121180.06
427 121080.88
428 121139.05
429 121029.14
430 121087.79
431 121279.00
432 121021.03
433 121093.99
434 121098.04
435 121026.99
436 120870.83
437 120925.90
438 121191.98
439 121065.14
440 121021.03
441 120982.89
442 121032.00
443 121273.99
444 121167.90
445 120963.81
446 120874.88
447 120941.88
448 120988.85
449 121005.06
450 121325.02
451 121085.17
452 120885.85
453 121177.91
454 121209.86
455 120996.95
456 121254.92
457 120912.08
458 121044.16
459 120814.80
460 121011.02
461 121151.92
462 121073.01
463 121069.91
464 121384.86
465 120969.06
466 121062.99
467 120909.93
468 121088.03
469 121301.89
470 120882.99
471 120862.96
472 121222.97
473 120993.85
474 121104.00
475 120980.02
476 121075.15
477 121029.85
478 120848.89
479 121163.13
480 121201.99
481 121066.81
482 121130.94
483 120985.98
484 120864.87
485 121073.96
486 121013.16
487 121086.12
488 120882.99
489 121061.09
490 121281.86
491 121003.15
492 120957.85
493 121330.98
494 121052.98
495 120906.11
496 120942.12
497 121208.91
498 121008.16
499 120962.86
500 121170.04
501 120924.95
502 121142.15
503 121219.87
504 120903.02
505 121320.96
506 120894.91
507 121124.98
508 120952.84
509 121075.87
510 121425.87
511 120969.06
512 121166.94
513 121157.88
514 120878.93
515 120906.83
516 121272.09
517 120939.97
518 121084.93
519 121080.16
520 121036.05
521 120790.00
522 121041.06
523 120907.07
524 120934.01
525 121021.99
526 120800.02
527 121054.89
528 121044.87
529 121320.01
530 120879.17
531 121063.95
532 120908.98
533 121172.90
534 120876.07
535 120963.10
536 121088.98
537 120873.93
538 121253.01
539 120814.09
540 121007.92
541 121156.93
542 120837.93
543 121078.01
544 121129.99
545 121037.01
546 121044.16
547 120996.95
548 121127.84
549 121232.03
550 120954.04
551 120985.98
552 121243.95
553 121060.13
554 120845.08
555 121114.02
556 121001.01
557 120881.80
558 120882.99
559 121119.98
560 120934.01
561 121162.89
562 121135.00
563 120882.03
564 120997.19
565 121196.99
566 121056.08
567 121251.11
568 120924.00
569 121020.79
570 121005.06
571 120967.15
572 120996.00
573 120864.15
574 120799.06
575 121096.13
576 121011.02
577 121204.14
578 120926.14
579 120962.86
580 121214.87
581 121245.15
582 120996.00
583 120875.12
584 120937.11
585 120824.10
586 120670.80
587 121131.90
588 120754.96
589 120912.08
590 120867.01
591 121197.94
592 121039.87
593 121073.01
594 121006.01
595 121096.85
596 121246.10
597 121171.00
598 120821.95
599 121084.93
600 121027.95
601 121015.07
602 121080.16
603 121070.86
604 120851.99
605 120980.02
606 120821.00
607 120857.00
608 120988.13
609 121029.14
610 121003.87
611 120823.14
612 120837.21
613 121329.07
614 120831.97
615 121130.94
616 121153.12
617 121018.89
618 121111.87
619 120836.02
620 120971.92
621 121100.90
622 120914.94
623 120978.12
624 121089.94
625 120913.03
626 120710.85
627 121167.90
628 120893.00
629 120819.09
630 121047.02
631 121128.80
632 120846.99
633 120818.85
634 120939.02
635 120940.92
636 121075.15
637 121001.01
638 121155.98
639 120846.03
640 120895.15
641 120994.81
642 120893.00
643 120937.11
644 120741.13
645 121282.10
646 120893.96
647 121010.07
648 121300.94
649 121166.94
650 121319.06
651 121003.15
652 121052.03
653 121032.95
654 120998.14
655 121074.20
656 120985.98
657 120992.90
658 120931.15
659 121021.03
660 120981.93
661 120918.99
662 120828.15
663 121203.18
664 120849.13
665 121018.17
666 120898.01
667 120974.06
668 121043.92
669 120795.01
670 120877.03
671 121033.19
672 120768.07
673 120785.95
674 121166.94
675 121052.98
676 121324.78
677 121012.93
678 120881.08
679 121343.14
680 121047.02
681 120700.84
682 120944.02
683 121068.95
684 120909.93
685 120929.96
686 120904.92
687 120992.90
688 120924.00
689 120787.86
690 121109.01
691 120930.91
692 120924.00
693 120984.08
694 120851.99
695 120801.93
696 121202.95
697 120770.22
698 120905.16
699 121275.19
700 120876.07
701 120953.08
702 121001.01
703 120995.04
704 121119.98
705 120928.05
706 120940.92
707 121142.15
708 121073.01
709 120954.99
710 121289.01
711 121036.05
712 120990.99
713 121094.94
714 121116.88
715 121011.02
716 121106.15
717 121113.06
718 121098.04
719 121106.86
720 121104.96
721 121104.00
722 120996.00
723 121093.99
724 121103.05
725 121104.00
726 121133.09
727 121094.94
728 121124.98
729 121094.94
730 121111.87
731 121093.03
732 121070.86
733 121114.97
734 121105.91
735 121040.11
736 121093.03
737 121119.02
738 121099.95
739 121123.08
740 121052.03
741 121119.02
742 121133.80
743 121128.08
744 121125.94
745 121112.82
746 121104.96
747 121099.00
748 121090.89
749 121095.90
750 121124.98
751 121104.00
752 121075.15
753 121135.00
754 121107.82
755 121109.01
756 121099.00
757 121093.03
758 121103.05
759 121129.99
760 121109.96
761 121125.94
762 120913.98
763 121082.78
764 121123.08
765 121089.94
766 121099.95
767 121120.93
768 121124.98
769 121073.96
770 121111.87
771 121099.95
772 121078.01
773 121121.88
774 121119.98
775 121057.99
776 121109.01
777 121117.12
778 121095.90
779 121109.01
780 121073.96
781 121099.00
782 121111.87
783 121101.14
784 121104.96
785 121169.09
786 121105.19
787 121085.88
788 121099.00
789 121124.03
790 121133.09
791 121113.06
792 121071.10
793 121106.86
794 121096.85
795 121032.00
796 121123.08
797 121142.15
798 121111.15
799 121121.88
800 121107.10
801 121110.92
802 121099.00
803 121105.91
804 121110.92
805 121109.01
806 121105.91
807 121104.00
808 121110.92
809 121102.09
810 121101.86
811 121092.08
812 121077.06
813 121087.07
814 121114.02
815 121099.00
816 121113.06
817 121106.86
818 121102.09
819 121157.88
820 121135.00
821 121075.87
822 121122.12
823 121093.99
824 121107.82
825 121107.10
826 121109.01
827 121088.03
828 121099.00
829 121090.89
830 121112.11
831 121128.08
832 121073.01
833 121104.96
834 121124.03
835 120975.97
836 121112.11
837 121121.17
838 121103.05
839 121114.02
840 121095.90
841 121109.01
842 121089.94
843 121103.05
844 121115.92
845 121117.83
846 121129.04
847 121108.06
848 121114.02
849 121112.11
850 121104.96
851 121106.86
852 121083.02
853 121113.06
854 121119.02
855 121046.07
856 121103.05
857 121119.98
858 121034.86
859 121099.95
860 121105.91
861 121099.95
862 121105.91
863 121093.03
864 121104.00
865 121125.94
866 121101.86
867 121113.06
868 121134.04
869 121106.15
870 121124.03
871 121109.96
872 121088.98
873 121119.02
874 121100.19
875 121110.92
876 121096.13
877 121096.85
878 121103.05
879 121160.98
880 121106.86
881 121067.05
882 121015.07
883 121151.92
884 121141.91
885 121070.15
886 121054.17
887 121083.97
888 121120.93
889 121117.12
890 121112.82
891 121108.06
892 121076.11
893 121095.90
894 121122.84
895 121084.93
896 121115.92
897 121112.11
898 121101.14
899 121096.85
