900
0 121234.89
1 121170.04
2 121118.07
3 121066.09
4 121083.97
5 121135.00
6 121126.17
7 121161.94
8 121138.81
9 121147.87
10 121137.86
11 121089.94
12 121088.03
13 121128.08
14 121084.93
15 121165.99
16 121108.06
17 121093.99
18 121115.92
19 121204.85
20 121134.04
21 121126.89
22 121135.95
23 121056.08
24 121074.20
25 121143.10
26 121109.01
27 121125.94
28 121121.88
29 121137.86
30 121137.86
31 121144.06
32 121082.07
33 121074.91
34 121089.94
35 121119.02
36 121166.94
37 121140.00
38 121044.87
39 121044.87
40 121135.95
41 121113.06
42 121088.03
43 120985.98
44 121114.97
45 121138.10
46 121129.04
47 121128.08
48 121019.12
49 121164.08
50 121136.19
51 121095.90
52 121103.05
53 121119.02
54 121088.03
55 121146.92
56 121102.09
57 121082.07
58 121123.08
59 121132.85
60 121135.00
61 121081.83
62 121080.88
63 121061.09
64 121110.92
65 121123.08
66 121122.12
67 121141.91
68 121131.90
69 121139.05
70 121140.96
71 121083.02
72 121115.92
73 121111.15
74 121090.17
75 121130.94
76 121114.02
77 121114.97
78 121079.21
79 121081.11
80 121140.00
81 121122.12
82 121087.07
83 121062.04
84 121153.12
85 121096.85
86 121092.08
87 121122.12
88 121117.12
89 121107.10
90 121204.14
91 121118.07
92 121125.94
93 121150.02
94 121011.97
95 121068.00
96 120997.91
97 120939.97
98 120959.04
99 121104.00
100 120898.96
101 121077.78
102 121045.11
103 121609.93
104 121163.85
105 120879.89
106 120852.95
107 121100.90
108 122243.88
109 121147.16
110 121421.81
111 121621.13
112 121015.79
113 121522.90
114 121154.07
115 121279.00
116 121206.05
117 121564.15
118 120905.16
119 120984.08
120 121280.91
121 121026.99
122 121974.23
123 121794.94
124 121052.98
125 121512.89
126 120918.04
127 121383.91
128 121500.02
129 121588.95
130 121743.92
131 121219.16
132 121251.82
133 120913.98
134 121525.05
135 121055.84
136 120958.09
137 121521.95
138 121088.03
139 121690.99
140 121613.03
141 121283.05
142 122244.83
143 121062.04
144 120965.00
145 121371.03
146 121871.95
147 121214.87
148 121129.99
149 121031.05
150 121001.01
151 121232.99
152 121646.17
153 121389.87
154 121649.03
155 121112.82
156 121173.86
157 121612.07
158 120948.08
159 121086.12
160 121108.06
161 121086.12
162 121066.81
163 121088.03
164 120962.86
165 120863.91
166 120985.98
167 120862.01
168 121511.94
169 121645.93
170 121292.83
171 121080.16
172 121143.10
173 120962.14
174 120961.90
175 121116.88
176 121021.03
177 121296.88
178 120975.97
179 121536.97
180 121340.99
181 121188.88
182 121285.92
183 121312.14
184 121114.97
185 120966.20
186 121437.07
187 121397.97
188 121263.03
189 120980.98
190 121312.14
191 121024.85
192 121462.11
193 120866.06
194 121440.89
195 120890.14
196 121506.93
197 121205.09
198 121001.01
199 121116.16
200 121723.89
201 121436.83
202 121083.02
203 121083.02
204 121121.88
205 121119.98
206 121090.17
207 121007.20
208 121881.96
209 120912.08
210 120918.99
211 120983.84
212 121422.05
213 121981.86
214 121155.98
215 121587.04
216 121214.15
217 121357.20
218 121233.94
219 121311.90
220 121155.02
221 121223.93
222 121664.05
223 121656.89
224 121267.08
225 121427.06
226 120927.10
227 121536.02
228 121228.93
229 120928.05
230 121097.09
231 121026.99
232 121491.91
233 121198.89
234 121492.86
235 120908.98
236 120978.12
237 121250.87
238 121593.95
239 121951.10
240 121345.04
241 121021.03
242 121844.05
243 120789.05
244 121729.85
245 121561.05
246 121039.87
247 121533.87
248 121179.10
249 121250.87
250 121696.95
251 121757.98
252 121069.19
253 121553.90
254 121469.02
255 120851.99
256 121917.01
257 121037.01
258 121559.14
259 120746.14
260 121625.19
261 121266.84
262 121547.94
263 121713.16
264 121372.94
265 121891.02
266 121708.87
267 120981.93
268 121528.15
269 121578.93
270 121619.94
271 120810.03
272 120977.88
273 121526.00
274 121047.97
275 121516.94
276 120985.98
277 121510.98
278 120899.92
279 120790.00
280 121488.09
281 120846.03
282 120893.96
283 121095.18
284 121213.20
285 121632.10
286 121279.00
287 121680.02
288 120997.91
289 121490.96
290 120970.01
291 120852.95
292 120903.02
293 121571.06
294 121584.89
295 121653.08
296 121315.00
297 121616.13
298 121129.99
299 121612.07
300 120880.13
301 121556.04
302 121243.95
303 121106.86
304 121263.03
305 121106.15
306 121340.99
307 121511.94
308 121241.09
309 121486.19
310 122023.11
311 121541.98
312 121632.81
313 120881.08
314 122123.00
315 122335.20
316 121262.07
317 121848.11
318 123158.93
319 121490.96
320 121155.98
321 121670.96
322 121357.92
323 120947.84
324 120944.98
325 121495.01
326 120965.96
327 121243.00
328 120927.10
329 121376.04
330 120786.91
331 121062.99
332 121279.95
333 120969.06
334 121115.92
335 122650.86
336 121038.91
337 120844.84
338 121767.04
339 120889.90
340 121366.02
341 120871.07
342 121077.06
343 122088.19
344 121515.04
345 121052.03
346 121342.90
347 121437.07
348 121526.00
349 121646.88
350 121040.11
351 121584.89
352 121232.03
353 121844.05
354 122343.06
355 120871.07
356 121191.98
357 121228.93
358 121143.82
359 120854.14
360 120903.97
361 120932.10
362 120861.05
363 120842.93
364 121282.82
365 121268.03
366 121078.97
367 121047.97
368 120996.95
369 121203.90
370 120879.89
371 120925.90
372 120895.86
373 121009.83
374 120996.00
375 121143.10
376 121032.00
377 120944.98
378 120987.89
379 120903.02
380 120984.08
381 120862.01
382 121022.94
383 121414.90
384 120866.06
385 121147.87
386 120914.94
387 121033.91
388 121129.99
389 121109.01
390 121588.95
391 121242.05
392 120950.94
393 120898.96
394 120847.94
395 121040.11
396 120774.03
397 121119.02
398 121207.00
399 121032.00
400 120832.92
401 120949.98
402 120908.98
403 120793.10
404 120958.09
405 120854.85
406 121093.99
407 120821.00
408 121414.90
409 121102.09
410 121102.09
411 121098.04
412 120740.89
413 120898.01
414 120996.00
415 121107.10
416 120996.95
417 121470.21
418 120965.00
419 121557.00
420 120894.19
421 120864.87
422 120976.92
423 121221.07
424 121333.12
425 120939.02
426 121057.99
427 121143.10
428 121105.91
429 120996.00
430 121058.94
431 120990.99
432 120813.85
433 121015.07
434 121131.90
435 121029.14
436 120921.13
437 120735.88
438 121049.88
439 120829.11
440 121143.10
441 121021.99
442 121210.10
443 120929.96
444 120880.13
445 121031.05
446 120929.00
447 121120.93
448 121104.96
449 120831.97
450 120902.78
451 121200.08
452 121361.97
453 121001.01
454 120860.82
455 121263.03
456 121230.84
457 120699.17
458 120968.82
459 120920.90
460 120954.99
461 121107.10
462 121093.03
463 121057.99
464 121037.01
465 120794.06
466 120795.01
467 121286.15
468 121219.87
469 121139.05
470 121320.96
471 121049.88
472 121376.04
473 121263.03
474 120846.03
475 121085.88
476 121084.93
477 121161.94
478 121201.04
479 121211.05
480 121106.15
481 120917.08
482 120933.06
483 121171.00
484 121262.79
485 121657.85
486 121222.97
487 121006.97
488 121125.94
489 120830.06
490 120834.83
491 120772.12
492 120887.99
493 120815.99
494 121205.09
495 121310.95
496 121075.15
497 121044.16
498 121558.90
499 121083.02
500 120820.05
501 121047.97
502 121073.01
503 121139.05
504 120949.98
505 121075.15
506 120877.98
507 120852.95
508 121057.03
509 120816.95
510 121416.09
511 120751.14
512 121163.85
513 121001.01
514 120822.91
515 121305.94
516 120991.95
517 120930.91
518 121099.00
519 121430.87
520 120911.84
521 121290.92
522 121177.91
523 121097.09
524 121135.95
525 121253.01
526 121671.92
527 120868.92
528 121090.89
529 121186.02
530 121042.01
531 121586.08
532 121213.91
533 120987.89
534 121204.85
535 120924.00
536 121046.78
537 121209.14
538 120903.02
539 121676.92
540 121558.90
541 121412.04
542 120975.02
543 121532.92
544 120831.01
545 121253.97
546 121548.89
547 121118.07
548 121223.93
549 121491.91
550 121233.94
551 121062.04
552 121228.93
553 121024.85
554 121181.01
555 121171.95
556 121141.91
557 121697.19
558 120848.89
559 121195.08
560 121308.09
561 121042.97
562 121361.97
563 121727.94
564 120886.09
565 121212.01
566 120985.98
567 121183.87
568 121002.91
569 121358.16
570 121386.05
571 121197.94
572 121219.87
573 120959.04
574 120982.89
575 121096.13
576 121026.04
577 121334.08
578 121206.05
579 121263.98
580 120929.00
581 120912.08
582 121034.15
583 121186.02
584 121204.14
585 121324.06
586 121241.81
587 121175.05
588 120830.06
589 120970.01
590 121245.86
591 121155.98
592 121222.97
593 121109.01
594 121319.06
595 121090.17
596 121136.90
597 120894.91
598 120957.14
599 121316.91
600 121489.05
601 121602.06
602 121410.85
603 121119.02
604 121266.13
605 121361.02
606 121319.06
607 121119.98
608 121464.97
609 120926.86
610 121103.05
611 121557.00
612 121563.20
613 121006.97
614 121152.88
615 121160.98
616 121479.03
617 121222.97
618 121065.14
619 121289.97
620 121420.15
621 121863.13
622 121408.22
623 121272.09
624 121270.90
625 121773.00
626 121207.95
627 121287.11
628 121750.83
629 121222.02
630 120878.93
631 121680.97
632 121160.03
633 121257.07
634 121389.15
635 121049.17
636 121001.01
637 121121.88
638 121214.15
639 121181.01
640 121032.95
641 121087.07
642 121455.91
643 121025.09
644 121063.95
645 121345.04
646 120755.91
647 120971.92
648 120879.17
649 121355.06
650 121290.92
651 121173.14
652 121123.08
653 121056.08
654 121287.11
655 121312.86
656 121218.92
657 121253.01
658 120909.93
659 121201.04
660 121300.94
661 121476.17
662 121346.95
663 121448.99
664 120913.98
665 121208.91
666 121299.98
667 121117.12
668 121227.98
669 121469.02
670 121304.99
671 121449.95
672 120838.88
673 120837.93
674 120909.93
675 120899.92
676 121279.00
677 121019.12
678 120777.85
679 121160.98
680 121495.96
681 121207.95
682 121213.91
683 121086.84
684 121315.00
685 121249.20
686 121593.95
687 120871.07
688 121233.94
689 120863.91
690 121070.15
691 121316.91
692 120867.01
693 121531.01
694 120974.06
695 120913.03
696 120799.06
697 121258.02
698 121267.08
699 121371.03
700 121246.10
701 121397.02
702 121263.98
703 121339.80
704 120841.03
705 121093.99
706 121268.03
707 121341.94
708 121088.03
709 120942.12
710 121622.09
711 121406.08
712 121197.94
713 121115.92
714 121366.98
715 121067.05
716 120944.02
717 121308.09
718 121011.97
719 121582.03
720 121304.04
721 121155.02
722 121268.99
723 120984.08
724 120972.87
725 121462.11
726 121311.90
727 121006.97
728 121212.01
729 121161.22
730 121035.10
731 121283.05
732 121260.88
733 121348.86
734 120896.10
735 120994.81
736 121280.91
737 120911.84
738 121068.00
739 121391.06
740 121129.04
741 120785.00
742 121317.86
743 121263.98
744 121067.05
745 121086.12
746 120767.83
747 121218.20
748 121023.89
749 121055.84
750 121093.99
751 121072.05
752 120867.97
753 121205.09
754 121222.02
755 121270.18
756 120981.93
757 121280.91
758 121465.92
759 121258.97
760 120877.98
761 121147.87
762 121459.01
763 121054.17
764 121118.07
765 121148.11
766 120800.97
767 121033.19
768 121349.81
769 121186.97
770 121016.98
771 121346.00
772 120793.10
773 120882.99
774 121240.85
775 120985.03
776 120823.86
777 121304.04
778 121073.96
779 120933.06
780 121302.13
781 121412.99
782 120789.05
783 121247.05
784 121152.88
785 121093.99
786 121326.92
787 121302.84
788 121570.11
789 120851.04
790 120723.96
791 120769.02
792 120937.11
793 121440.17
794 121451.14
795 121191.98
796 121089.94
797 120746.85
798 120766.16
799 120805.98
800 121068.95
801 121125.94
802 120877.03
803 120942.83
804 121098.04
805 121418.00
806 120869.87
807 120755.91
808 120893.96
809 120708.23
810 120977.16
811 120966.91
812 121187.21
813 121080.88
814 121154.07
815 120759.96
816 120887.04
817 120824.10
818 120740.89
819 120672.94
820 121178.15
821 120924.00
822 120821.95
823 121338.84
824 120990.99
825 120985.03
826 121083.02
827 120887.04
828 120906.11
829 121202.95
830 120996.95
831 121028.90
832 120799.06
833 120979.07
834 121171.00
835 120949.03
836 120938.06
837 120964.05
838 121049.17
839 120722.06
840 121096.13
841 120954.99
842 120850.09
843 120821.95
844 121153.12
845 121218.92
846 121047.97
847 120929.96
848 121062.99
849 120887.04
850 120820.05
851 121142.15
852 121146.92
853 121301.89
854 121043.21
855 121110.92
856 121248.01
857 121044.87
858 121333.12
859 121188.16
860 120954.04
861 121422.05
862 121135.00
863 120788.10
864 121068.95
865 121203.90
866 120850.09
867 120960.00
868 121163.85
869 121045.11
870 120848.18
871 121007.92
872 120856.05
873 120745.90
874 120982.17
875 121164.08
876 121110.92
877 121049.88
878 121124.03
879 121123.08
880 121109.96
881 121145.01
882 121082.07
883 121123.08
884 121121.88
885 121127.13
886 121070.15
887 121136.90
888 121135.00
889 121116.88
890 121083.97
891 121129.04
892 121088.98
893 121140.96
894 121122.84
895 121093.99
896 121135.95
897 121124.03
898 121131.90
899 121115.92
