900
0 121116.16
1 120970.96
2 121000.05
3 121045.11
4 121025.09
5 121046.07
6 121021.99
7 121047.97
8 121024.85
9 121039.15
10 121057.03
11 121069.91
12 121024.85
13 121043.92
14 121021.99
15 121042.01
16 121021.03
17 121019.84
18 121032.00
19 121025.09
20 121035.81
21 121026.99
22 121043.21
23 121025.09
24 120969.06
25 121026.04
26 121043.92
27 121045.11
28 120970.96
29 121037.96
30 120986.94
31 121046.07
32 120963.10
33 121068.00
34 121038.91
35 121025.09
36 121043.92
37 121015.07
38 121008.16
39 121041.06
40 121022.94
41 120949.03
42 121029.14
43 121032.00
44 121042.97
45 121026.99
46 121047.02
47 121043.92
48 121030.09
49 121010.07
50 121043.92
51 121023.18
52 120965.96
53 121033.91
54 120997.91
55 121034.15
56 121045.83
57 120965.00
58 121012.93
59 121038.91
60 121042.97
61 121056.08
62 121015.07
63 121021.99
64 121023.89
65 121028.18
66 121025.09
67 121028.90
68 121021.99
69 121038.91
70 121026.04
71 121042.01
72 120980.02
73 121042.01
74 121027.95
75 121040.11
76 121029.85
77 121042.01
78 121042.01
79 121011.02
80 120970.01
81 120798.11
82 121031.05
83 121027.95
84 121035.10
85 120925.90
86 121037.96
87 121013.88
88 121036.05
89 120970.01
90 121039.87
91 121020.08
92 120968.10
93 121025.09
94 121009.11
95 120942.12
96 120844.84
97 121046.78
98 120998.86
99 120903.02
100 121077.06
101 120908.98
102 120834.11
103 120817.90
104 122272.97
105 120841.03
106 123033.05
107 121396.06
108 122177.12
109 121279.00
110 123564.00
111 122200.97
112 123829.84
113 124839.07
114 124576.09
115 124672.89
116 124631.88
117 126286.03
118 124688.15
119 124633.79
120 124655.01
121 123942.14
122 123821.02
123 124604.94
124 125560.05
125 124919.18
126 125692.13
127 123973.85
128 124056.10
129 123729.94
130 124478.10
131 124564.89
132 125211.00
133 125386.95
134 124916.79
135 124995.95
136 125122.07
137 123408.08
138 123865.84
139 124092.82
140 123897.08
141 125612.97
142 124738.93
143 124843.12
144 124634.98
145 123887.06
146 123986.01
147 123585.94
148 125448.94
149 124517.92
150 125960.11
151 124682.90
152 124095.92
153 124450.92
154 124130.96
155 123977.90
156 125056.03
157 124026.06
158 124004.84
159 124120.95
160 125220.06
161 125041.96
162 123338.22
163 124048.95
164 124060.87
165 123149.87
166 123499.87
167 124221.80
168 123577.12
169 124274.97
170 124163.87
171 125044.82
172 124272.11
173 124022.96
174 123511.79
175 124082.09
176 123255.97
177 123414.99
178 124369.86
179 123588.09
180 123379.95
181 123481.99
182 124407.77
183 124185.80
184 123414.04
185 124114.04
186 123453.14
187 122904.06
188 123752.83
189 123500.11
190 125065.80
191 123967.89
192 124078.04
193 123857.98
194 124044.90
195 124936.10
196 124989.99
197 123183.01
198 123785.02
199 124346.97
200 123694.90
201 124250.89
202 125009.06
203 123390.20
204 125183.11
205 125088.93
206 124670.03
207 123289.11
208 125143.05
209 124238.97
210 125051.98
211 124682.90
212 124612.81
213 123605.97
214 123737.10
215 124109.03
216 123672.96
217 123039.96
218 125364.07
219 122943.88
220 123156.07
221 124835.01
222 123955.97
223 123106.00
224 123171.81
225 124663.83
226 125380.04
227 124779.22
228 124202.97
229 125180.01
230 124180.08
231 123612.17
232 124180.08
233 123415.95
234 125847.82
235 124875.07
236 125650.17
237 123207.81
238 124838.11
239 123838.90
240 123660.09
241 123747.83
242 124014.85
243 124022.96
244 125075.10
245 123236.89
246 124841.93
247 123182.06
248 125694.99
249 123923.06
250 123061.90
251 124619.01
252 123672.01
253 125317.10
254 125389.10
255 123775.96
256 124297.86
257 123531.82
258 124289.99
259 123589.04
260 124411.11
261 125046.97
262 123399.97
263 124158.14
264 123288.15
265 123218.06
266 124269.01
267 125478.03
268 124745.13
269 122834.92
270 123295.07
271 123917.10
272 123864.17
273 123690.84
274 123724.94
275 123454.09
276 125597.00
277 124022.96
278 123065.95
279 124482.87
280 123665.09
281 122786.05
282 124264.00
283 124799.01
284 123700.14
285 125684.98
286 125461.82
287 125513.08
288 123210.91
289 123126.98
290 123661.99
291 123622.89
292 123015.88
293 123564.96
294 126765.01
295 124329.09
296 125957.97
297 124376.06
298 123428.11
299 124957.08
300 123134.85
301 122871.16
302 123707.06
303 125325.92
304 123476.03
305 123392.11
306 123724.94
307 124314.07
308 124222.99
309 124366.04
310 124734.16
311 123682.98
312 124358.89
313 123645.07
314 124343.16
315 124305.01
316 123882.06
317 123842.95
318 123129.13
319 125632.05
320 123797.18
321 124533.89
322 123850.11
323 123559.95
324 126233.10
325 123039.01
326 125228.17
327 123706.82
328 125643.01
329 124836.92
330 124760.87
331 123852.97
332 124552.01
333 124603.99
334 125419.14
335 123960.02
336 123869.90
337 123978.14
338 124738.93
339 123954.06
340 124012.95
341 124650.96
342 123394.97
343 124138.12
344 124017.95
345 124659.06
346 124581.81
347 124841.93
348 124565.84
349 123724.94
350 123263.84
351 123688.94
352 123580.93
353 123830.08
354 125495.91
355 124356.03
356 123420.00
357 123325.82
358 124249.94
359 123164.18
360 123899.94
361 122766.97
362 124103.07
363 123614.07
364 123765.95
365 122781.99
366 123296.02
367 123579.03
368 122969.87
369 123240.95
370 124314.79
371 123823.17
372 123759.03
373 123208.05
374 124037.98
375 123096.23
376 124365.81
377 123485.09
378 123223.07
379 123163.94
380 122967.00
381 122810.84
382 123505.83
383 123394.97
384 123377.08
385 123193.98
386 123134.85
387 122878.07
388 123373.99
389 123790.98
390 123621.94
391 124158.86
392 121097.09
393 121079.92
394 121204.85
395 120822.91
396 121083.97
397 121064.90
398 120812.18
399 120882.03
400 120892.05
401 120733.98
402 120961.90
403 120845.08
404 121088.98
405 120822.19
406 120855.09
407 120960.95
408 120965.96
409 121337.89
410 120892.05
411 120918.04
412 121288.06
413 120970.96
414 120944.98
415 120985.03
416 120911.12
417 121213.20
418 120909.93
419 120932.82
420 120925.19
421 120933.06
422 120894.19
423 120877.03
424 120754.96
425 120951.89
426 120763.06
427 121087.07
428 120791.20
429 120910.88
430 121171.95
431 121351.00
432 120799.06
433 120822.91
434 121137.14
435 121229.17
436 120977.16
437 121010.78
438 120914.94
439 120919.94
440 121095.18
441 121210.10
442 120982.89
443 120881.08
444 121117.83
445 120864.87
446 121111.15
447 120867.01
448 120926.14
449 120990.04
450 121122.12
451 120960.95
452 120874.88
453 121022.94
454 121104.96
455 120646.95
456 120980.98
457 121299.98
458 120934.01
459 120852.95
460 121002.91
461 120846.99
462 120839.83
463 121246.10
464 121027.95
465 120841.98
466 121147.87
467 120960.00
468 120960.95
469 120786.91
470 120902.06
471 120712.04
472 120760.92
473 121184.11
474 120998.86
475 121070.86
476 121159.08
477 121159.08
478 120898.01
479 120999.10
480 121085.88
481 120965.96
482 120795.97
483 120902.06
484 121068.95
485 121242.05
486 120920.18
487 120737.08
488 121160.98
489 121057.03
490 121026.99
491 121190.79
492 120976.21
493 121008.87
494 121140.00
495 121257.07
496 121086.84
497 120944.98
498 120929.00
499 120975.02
500 120992.90
501 121234.89
502 120774.03
503 120861.05
504 121145.96
505 120982.17
506 121047.02
507 121147.87
508 120668.17
509 120955.94
510 120996.95
511 120966.91
512 120990.99
513 121110.92
514 120919.94
515 121285.92
516 121090.17
517 120908.02
518 120851.99
519 121135.00
520 120989.08
521 120844.13
522 121027.95
523 121245.15
524 121162.89
525 121163.85
526 121219.16
527 121259.93
528 121199.13
529 121197.94
530 120853.90
531 120824.10
532 121169.81
533 121121.88
534 120927.10
535 120903.02
536 121212.96
537 120918.99
538 121050.12
539 120901.11
540 121013.88
541 120749.95
542 121223.93
543 120991.95
544 120801.93
545 121170.04
546 121185.06
547 120965.00
548 121043.92
549 120821.95
550 120916.13
551 121086.12
552 121077.06
553 120920.90
554 120788.10
555 121339.08
556 121246.81
557 120864.15
558 120908.02
559 120937.11
560 121085.88
561 120949.98
562 120728.97
563 120865.82
564 120912.08
565 121030.09
566 121001.96
567 121454.00
568 121047.02
569 120846.03
570 120743.04
571 120979.07
572 120827.91
573 121057.99
574 120774.98
575 121082.07
576 121109.96
577 120986.94
578 121002.91
579 121039.87
580 121120.93
581 121258.97
582 121030.09
583 120727.06
584 121140.00
585 121171.00
586 121251.11
587 121174.10
588 120959.04
589 120797.87
590 121145.96
591 120923.04
592 120970.96
593 120949.98
594 120939.02
595 120641.95
596 121070.86
597 121161.94
598 120827.91
599 120864.87
600 121187.93
601 120724.92
602 120895.86
603 121026.99
604 120931.86
605 121114.02
606 121029.14
607 121011.02
608 120885.13
609 121042.97
610 121111.87
611 120936.87
612 121052.98
613 121106.86
614 120814.09
615 120790.00
616 120747.09
617 121196.99
618 120910.88
619 120795.01
620 120983.12
621 121024.13
622 121117.12
623 121002.20
624 120798.11
625 120913.03
626 120898.96
627 120733.98
628 120682.95
629 121289.01
630 120913.98
631 120810.03
632 120790.96
633 120944.02
634 121376.04
635 120779.99
636 121020.08
637 120817.90
638 120943.07
639 121101.86
640 120959.04
641 120965.96
642 120868.92
643 121339.08
644 121310.95
645 120957.85
646 121339.08
647 120941.88
648 121011.02
649 121171.95
650 121034.15
651 121217.01
652 120846.03
653 121129.99
654 120929.00
655 121012.93
656 120948.08
657 120966.91
658 120860.10
659 120810.03
660 120893.00
661 121144.06
662 121021.03
663 121127.13
664 120904.92
665 121001.96
666 120835.07
667 121030.09
668 120808.84
669 121271.85
670 121109.96
671 120910.88
672 121258.97
673 121145.01
674 120944.98
675 120761.87
676 121069.91
677 121192.93
678 121031.05
679 121255.87
680 121217.01
681 120910.88
682 121086.12
683 121069.19
684 121352.91
685 120998.14
686 121123.79
687 121129.99
688 121078.97
689 120952.13
690 120801.93
691 121107.10
692 121035.10
693 120743.04
694 121037.01
695 120759.96
696 121099.95
697 120730.16
698 120773.08
699 120841.98
700 121351.00
701 121142.15
702 120996.00
703 120756.15
704 121196.03
705 120940.92
706 120809.08
707 121084.93
708 121088.03
709 121097.09
710 121459.01
711 121021.03
712 121062.99
713 121036.05
714 121058.94
715 121046.07
716 121071.10
717 121054.89
718 120996.00
719 121055.13
720 121068.95
721 121057.99
722 121029.85
723 121028.90
724 120987.18
725 121067.05
726 121106.15
727 121001.96
728 121012.93
729 121056.08
730 121072.05
731 121047.97
732 121056.08
733 121052.03
734 121046.07
735 121057.99
736 121054.89
737 121062.04
738 121055.13
739 120986.94
740 121057.03
741 121057.03
742 120985.98
743 121083.97
744 120960.00
745 121065.86
746 121048.93
747 121040.11
748 121057.99
749 121090.89
750 121026.99
751 121026.99
752 121052.98
753 121037.01
754 121058.94
755 121044.87
756 121061.09
757 121054.89
758 121067.05
759 121055.84
760 121067.05
761 121060.13
762 121032.95
763 121054.89
764 120954.99
765 121068.00
766 121094.94
767 121068.95
768 121022.22
769 120975.02
770 121016.98
771 121051.07
772 121063.95
773 120979.07
774 121032.00
775 121062.04
776 121053.93
777 121064.90
778 120980.02
779 120920.18
780 121049.88
781 121010.07
782 121057.99
783 121073.96
784 121027.95
785 121010.07
786 121052.98
787 121062.99
788 121057.03
789 121015.79
790 121032.00
791 121068.00
792 121056.08
793 121070.15
794 121110.92
795 121038.20
796 121035.10
797 121092.08
798 121045.11
799 121024.85
800 121067.05
801 121052.03
802 121082.07
803 121021.03
804 121039.15
805 121060.13
806 121051.07
807 121068.00
808 121065.14
809 120972.87
810 121026.99
811 121064.90
812 121042.01
813 121069.19
814 121047.97
815 121037.01
816 121057.03
817 121043.92
818 121059.89
819 121063.23
820 120967.86
821 121065.86
822 121064.90
823 121067.05
824 121067.05
825 121065.86
826 121062.99
827 121066.09
828 121087.07
829 121043.92
830 121000.05
831 121037.01
832 120979.07
833 121062.04
834 121062.99
835 121047.97
836 121006.97
837 121053.93
838 121030.09
839 121055.13
840 121047.02
841 121060.13
842 121048.93
843 121064.90
844 121052.98
845 121074.91
846 121055.13
847 121005.06
848 121060.13
849 120985.98
850 121021.99
851 121068.95
852 121078.01
853 121065.14
854 121044.16
855 121033.91
856 121047.02
857 121044.87
858 121059.89
859 121056.08
860 121059.89
861 121062.99
862 121075.15
863 121057.99
864 121037.01
865 121100.19
866 121047.97
867 121029.85
868 121049.17
869 121068.95
870 121023.89
871 120999.10
872 121047.97
873 121057.99
874 121057.99
875 121066.09
876 121069.91
877 120977.16
878 121073.01
879 121085.17
880 121005.06
881 121016.03
882 121044.16
883 121037.96
884 120948.08
885 121047.02
886 121019.12
887 120975.02
888 121072.05
889 120984.08
890 121021.99
891 121096.13
892 121044.16
893 121013.88
894 121051.07
895 121059.89
896 121052.98
897 121070.15
898 121062.04
899 121038.20
