900
0 121130.94
1 121026.99
2 121034.15
3 121018.89
4 121017.93
5 121019.84
6 121011.97
7 121007.92
8 121021.99
9 121012.93
10 121013.88
11 121024.13
12 121003.87
13 120923.04
14 121011.97
15 121032.95
16 121004.82
17 120997.91
18 121041.06
19 121015.07
20 120938.06
21 121011.97
22 121027.23
23 121027.95
24 120998.14
25 121022.94
26 121021.03
27 121026.99
28 121019.12
29 121012.93
30 121026.04
31 121026.04
32 121016.03
33 120937.11
34 121011.02
35 121001.96
36 120993.14
37 121013.88
38 121016.03
39 121034.86
40 121022.94
41 121037.01
42 121034.86
43 121011.97
44 121007.92
45 121027.95
46 121030.09
47 121013.16
48 121027.95
49 121006.97
50 121015.07
51 121027.95
52 121021.99
53 120946.88
54 121021.99
55 121016.03
56 121016.98
57 121013.16
58 121029.85
59 120997.19
60 120941.88
61 121011.97
62 121031.05
63 121008.87
64 121011.97
65 121054.89
66 121023.89
67 120995.04
68 120996.95
69 121043.92
70 121024.13
71 121016.03
72 121001.01
73 120990.99
74 121025.09
75 120920.18
76 121025.09
77 121016.03
78 121019.84
79 121025.09
80 121013.88
81 121011.97
82 121040.11
83 121023.89
84 121016.03
85 121015.07
86 121023.89
87 121022.94
88 121023.89
89 121016.98
90 121026.99
91 121019.12
92 121015.07
93 120719.91
94 120970.96
95 120954.99
96 120975.97
97 120953.80
98 121021.99
99 120929.96
100 121085.88
101 121613.03
102 122088.91
103 122746.94
104 121253.01
105 122780.08
106 121657.85
107 122694.97
108 122609.14
109 121809.96
110 123332.98
111 122728.11
112 122416.97
113 122753.14
114 123499.16
115 125087.98
116 122655.87
117 122649.91
118 123439.07
119 124686.00
120 124060.15
121 124250.89
122 122846.84
123 124756.81
124 122698.07
125 124508.86
126 122014.05
127 124514.10
128 123016.83
129 123838.90
130 122270.11
131 123020.17
132 124073.03
133 122134.92
134 124324.08
135 122699.98
136 122812.99
137 122863.05
138 122514.01
139 124704.12
140 123076.92
141 122466.80
142 122909.78
143 122340.92
144 122469.90
145 123165.85
146 123392.82
147 123138.90
148 123389.01
149 123102.90
150 122681.14
151 122648.95
152 122648.00
153 123516.08
154 122679.95
155 122443.91
156 122969.15
157 124138.12
158 124990.94
159 122936.01
160 123234.03
161 122931.00
162 123039.96
163 122276.07
164 122195.01
165 122294.90
166 122391.94
167 123276.00
168 122345.92
169 123903.99
170 124041.08
171 123245.00
172 122510.91
173 123314.14
174 122164.01
175 124552.01
176 122256.99
177 123604.06
178 123286.01
179 122836.83
180 124653.82
181 123822.93
182 122208.83
183 124216.79
184 123044.01
185 121943.95
186 124560.12
187 122976.06
188 123139.86
189 123014.93
190 123696.09
191 122338.06
192 124925.14
193 122346.88
194 124009.13
195 123227.12
196 124090.91
197 122439.86
198 124752.04
199 121960.88
200 122555.02
201 122491.84
202 124102.83
203 122437.95
204 122555.97
205 123591.90
206 123419.05
207 122931.96
208 122705.94
209 125298.02
210 123625.04
211 122684.00
212 122792.01
213 122864.96
214 123460.05
215 123695.85
216 123747.83
217 122911.93
218 123411.89
219 123543.98
220 123581.89
221 123595.95
222 123688.94
223 123718.02
224 122764.11
225 123836.99
226 123211.15
227 125688.79
228 124112.84
229 124862.91
230 123047.83
231 123873.95
232 122327.09
233 122245.79
234 122364.04
235 123383.05
236 122574.09
237 124132.87
238 123395.20
239 122453.93
240 123304.84
241 124338.87
242 123042.11
243 124955.18
244 122504.00
245 122459.89
246 123231.17
247 124808.07
248 122964.14
249 123147.96
250 123344.90
251 122452.02
252 122519.02
253 123561.14
254 123631.95
255 123775.01
256 123371.84
257 123821.02
258 123387.81
259 122627.97
260 122651.82
261 121985.91
262 124330.04
263 122431.04
264 122530.94
265 122132.06
266 122467.04
267 122322.08
268 123270.99
269 122489.93
270 123378.04
271 123347.04
272 122669.94
273 122562.17
274 122754.10
275 123284.10
276 123508.93
277 123264.07
278 122694.02
279 122518.06
280 122743.84
281 123471.98
282 122558.83
283 122643.95
284 122574.81
285 122598.89
286 123519.18
287 122752.90
288 122668.98
289 122601.99
290 123265.98
291 122638.94
292 122461.08
293 124521.97
294 122494.94
295 122757.91
296 124981.88
297 123817.21
298 122570.99
299 123414.04
300 122802.02
301 121947.05
302 122726.92
303 123705.15
304 123399.02
305 123430.97
306 123461.01
307 123628.14
308 122674.94
309 123550.89
310 123431.92
311 125055.07
312 121889.11
313 122693.06
314 123463.15
315 123584.03
316 122322.08
317 123313.90
318 122390.99
319 123028.99
320 122994.90
321 122992.99
322 122716.90
323 121969.94
324 122410.06
325 123502.02
326 122670.89
327 122678.04
328 123414.99
329 122533.80
330 123529.91
331 122681.86
332 122860.91
333 122654.91
334 122714.04
335 122530.94
336 123486.04
337 122752.19
338 122511.86
339 122712.14
340 122726.92
341 122613.91
342 122669.94
343 122824.91
344 123370.89
345 122694.97
346 123234.99
347 123456.95
348 124034.17
349 124038.93
350 123353.00
351 122879.98
352 123800.04
353 123698.00
354 123086.93
355 124012.95
356 122338.06
357 122752.90
358 123785.97
359 122078.90
360 122052.91
361 122167.83
362 121913.19
363 121850.97
364 122322.08
365 121947.05
366 122463.23
367 122205.02
368 122040.99
369 122265.10
370 122111.08
371 122362.14
372 122162.10
373 122234.11
374 122536.90
375 122658.01
376 122321.13
377 122362.85
378 122453.21
379 122456.07
380 122675.90
381 122878.07
382 122541.19
383 122268.92
384 122316.84
385 122395.99
386 121968.98
387 122519.97
388 122163.77
389 122152.09
390 122128.01
391 122601.03
392 121046.07
393 121082.07
394 120703.22
395 120927.10
396 120926.86
397 120678.90
398 120901.11
399 120969.06
400 120863.91
401 120954.99
402 120800.02
403 120917.08
404 120903.02
405 121135.00
406 120714.19
407 120996.00
408 120826.01
409 121062.04
410 120882.99
411 120805.98
412 120801.93
413 121165.04
414 121213.91
415 121006.97
416 120975.02
417 120799.06
418 120692.01
419 121042.97
420 120595.93
421 121006.01
422 120855.09
423 121258.02
424 120684.86
425 120803.83
426 121061.09
427 120838.17
428 120846.03
429 121120.93
430 120820.05
431 120729.92
432 121080.16
433 121165.99
434 120795.01
435 120748.04
436 121231.08
437 120809.08
438 120969.06
439 120886.09
440 120844.84
441 120934.01
442 120935.92
443 120898.01
444 120761.16
445 120878.93
446 121055.84
447 120899.92
448 121021.99
449 120843.17
450 120973.11
451 121030.09
452 120896.10
453 120810.99
454 120901.82
455 120835.07
456 121072.05
457 120985.03
458 120804.79
459 120900.87
460 121062.04
461 120857.95
462 121279.95
463 120900.87
464 121016.03
465 120774.03
466 120795.01
467 121114.97
468 120969.77
469 120927.10
470 120964.05
471 121047.97
472 120914.94
473 120702.98
474 121021.99
475 121023.89
476 121176.96
477 120842.93
478 120965.96
479 121169.09
480 120907.07
481 121073.96
482 120990.04
483 121047.97
484 120821.00
485 121070.86
486 120818.85
487 120948.08
488 121029.85
489 120868.92
490 120814.80
491 120794.06
492 121118.07
493 120763.06
494 120962.86
495 121030.09
496 120983.12
497 121103.05
498 120923.04
499 120997.91
500 120938.06
501 121004.10
502 120879.89
503 121162.89
504 121143.10
505 121015.07
506 120898.96
507 121110.92
508 120954.99
509 120900.15
510 121004.82
511 121172.90
512 120938.06
513 120694.88
514 120877.98
515 120669.13
516 121105.19
517 120929.00
518 121030.09
519 120836.97
520 120747.80
521 121073.01
522 121109.01
523 121033.19
524 120715.86
525 120908.02
526 121002.91
527 120816.95
528 120831.97
529 121132.85
530 120800.02
531 121052.98
532 120997.19
533 121164.08
534 121156.93
535 120697.02
536 120877.98
537 121008.87
538 120904.92
539 120951.18
540 120949.03
541 121074.91
542 121050.12
543 121027.95
544 120798.83
545 121219.16
546 120710.85
547 120790.00
548 120746.85
549 120816.95
550 120764.97
551 120808.84
552 120813.85
553 121042.97
554 121085.88
555 120840.07
556 120947.84
557 120604.04
558 120805.03
559 121080.88
560 120672.94
561 120934.01
562 121307.85
563 120913.03
564 120768.07
565 121055.13
566 120651.96
567 120841.03
568 120892.05
569 120919.94
570 121253.97
571 120927.10
572 120916.13
573 121048.93
574 121038.91
575 120752.10
576 120787.86
577 121056.08
578 121150.97
579 120884.18
580 120884.90
581 120837.93
582 120768.07
583 120903.97
584 120992.90
585 121040.11
586 120736.84
587 120713.95
588 120823.14
589 120848.89
590 120786.91
591 120990.99
592 121102.81
593 121145.96
594 120898.01
595 121101.14
596 121146.20
597 121206.05
598 121028.90
599 120829.11
600 120956.18
601 120791.91
602 120747.80
603 121089.94
604 121043.92
605 120882.99
606 120919.94
607 121192.93
608 121387.00
609 121209.14
610 121052.98
611 121160.98
612 120722.06
613 121067.05
614 121029.14
615 120785.00
616 120923.04
617 120838.88
618 120895.15
619 121036.05
620 120805.98
621 120913.03
622 121164.08
623 120909.93
624 120949.03
625 120885.85
626 120771.17
627 120923.04
628 121006.01
629 121130.94
630 120940.92
631 120975.02
632 120843.17
633 121002.91
634 120703.94
635 121017.93
636 121010.07
637 120893.96
638 120844.13
639 120965.96
640 120660.07
641 120851.04
642 120908.02
643 120733.02
644 120772.12
645 120874.88
646 120703.94
647 121124.03
648 120775.94
649 120877.03
650 121047.02
651 120818.14
652 121057.03
653 121083.02
654 120640.99
655 121170.04
656 121017.93
657 120901.82
658 120984.08
659 120813.85
660 121042.01
661 121170.04
662 120900.87
663 120730.16
664 120659.11
665 121010.07
666 121230.13
667 121045.83
668 120882.03
669 120805.03
670 120985.98
671 120763.06
672 120913.03
673 120931.15
674 120772.12
675 120952.84
676 121199.13
677 121051.07
678 121276.14
679 120879.89
680 120899.92
681 121081.11
682 120889.90
683 120949.03
684 121181.96
685 120810.99
686 121057.99
687 121077.06
688 120989.08
689 120898.01
690 120905.88
691 121116.88
692 120934.96
693 121105.91
694 120950.94
695 120961.90
696 121028.90
697 121214.15
698 120948.08
699 121164.08
700 120856.05
701 120876.79
702 120920.90
703 120897.05
704 120692.97
705 121027.95
706 120866.06
707 120795.01
708 120938.78
709 121279.00
710 121064.90
711 121023.89
712 121062.99
713 121057.99
714 121064.19
715 120980.02
716 121061.09
717 120988.13
718 121060.85
719 121067.05
720 121062.04
721 121065.14
722 121067.05
723 121055.84
724 121059.89
725 121057.03
726 121053.93
727 121056.08
728 121052.98
729 120992.90
730 120960.95
731 121057.99
732 121035.10
733 121037.96
734 121035.81
735 121056.08
736 121027.95
737 121046.78
738 121044.87
739 121071.10
740 121041.06
741 121056.08
742 121057.99
743 121055.13
744 121042.01
745 121038.91
746 121013.16
747 121062.99
748 121060.13
749 121069.91
750 121035.10
751 121067.05
752 121061.80
753 121062.99
754 121068.00
755 121057.03
756 121068.00
757 121056.08
758 121062.04
759 121062.99
760 121057.99
761 121067.05
762 121071.10
763 121054.89
764 121068.00
765 121055.84
766 121037.96
767 121070.15
768 121066.81
769 121067.05
770 121062.04
771 121066.81
772 121035.10
773 121068.00
774 121073.01
775 121062.99
776 121057.03
777 121068.95
778 121062.99
779 121064.90
780 121065.86
781 121063.95
782 121072.05
783 120990.04
784 121057.03
785 121058.94
786 121060.13
787 121059.89
788 121049.17
789 121106.86
790 121073.01
791 121066.81
792 121062.99
793 121071.10
794 121006.97
795 121067.05
796 121068.95
797 121068.00
798 121067.05
799 121072.05
800 121062.04
801 121058.94
802 121064.90
803 121064.90
804 121061.09
805 121052.98
806 121059.89
807 121060.85
808 121050.12
809 121052.03
810 121022.94
811 121057.99
812 121047.97
813 120949.03
814 121050.83
815 121057.99
816 121037.01
817 121088.98
818 121039.87
819 121076.11
820 121057.99
821 121085.17
822 121072.77
823 121037.96
824 121068.00
825 121083.97
826 121062.99
827 121062.04
828 121058.94
829 121082.07
830 121073.01
831 121068.95
832 121052.03
833 121087.07
834 121061.09
835 121063.95
836 121063.95
837 121081.11
838 121060.85
839 121071.10
840 121075.15
841 121062.99
842 121068.95
843 121064.19
844 121069.91
845 121069.19
846 121065.86
847 121061.80
848 121058.94
849 121053.93
850 121052.98
851 121048.93
852 121047.02
853 121047.02
854 121063.95
855 121047.02
856 121034.86
857 121042.97
858 121068.95
859 121048.93
860 121037.01
861 121047.02
862 121067.05
863 121042.97
864 121045.11
865 121063.95
866 121065.86
867 121047.02
868 121022.94
869 121050.83
870 121026.99
871 121053.93
872 121041.06
873 121070.86
874 121078.97
875 121073.01
876 121067.05
877 121071.10
878 121073.96
879 121071.10
880 121062.99
881 121067.05
882 121062.99
883 121064.19
884 121057.99
885 121062.04
886 121056.08
887 121072.05
888 121058.23
889 121065.14
890 121059.89
891 121058.94
892 121060.13
893 121062.04
894 121068.00
895 121028.90
896 121066.09
897 121064.90
898 121057.03
899 121058.94
