900
0 121124.98
1 120981.93
2 120887.04
3 120917.08
4 120967.86
5 120970.01
6 120968.82
7 120980.98
8 120971.92
9 120962.14
10 120912.79
11 120970.01
12 120969.06
13 120985.98
14 120947.12
15 120916.13
16 120956.90
17 120952.84
18 120949.98
19 120958.81
20 120970.96
21 120966.91
22 120970.96
23 120965.00
24 120977.88
25 120954.04
26 120946.17
27 120960.00
28 120949.98
29 120961.90
30 120975.97
31 120965.96
32 120923.04
33 120941.88
34 120918.99
35 120949.98
36 120958.09
37 120933.06
38 120953.08
39 120964.05
40 120960.00
41 120965.96
42 120963.10
43 120964.05
44 120966.91
45 120931.86
46 120960.95
47 120980.98
48 120954.99
49 120970.96
50 120964.05
51 120965.00
52 120964.05
53 120967.15
54 120924.00
55 120967.15
56 120893.00
57 120871.07
58 120990.99
59 120966.20
60 120918.04
61 121088.03
62 120963.10
63 120867.97
64 120984.08
65 120953.08
66 120967.86
67 120962.14
68 120965.96
69 120972.87
70 120971.92
71 120970.96
72 120967.86
73 120972.87
74 120918.99
75 120980.98
76 120948.08
77 120916.84
78 120949.98
79 120938.06
80 120950.94
81 120962.14
82 120960.00
83 120954.04
84 120965.00
85 120955.94
86 120973.11
87 120961.90
88 120945.93
89 120965.00
90 120877.03
91 120962.14
92 120964.05
93 120965.96
94 120918.99
95 120866.06
96 120840.07
97 120903.02
98 120995.04
99 120990.99
100 120888.95
101 120965.00
102 120802.88
103 120913.03
104 120939.02
105 121209.86
106 121021.99
107 121073.01
108 120930.91
109 120926.14
110 121964.93
111 120956.90
112 121572.02
113 120980.02
114 121845.01
115 120801.93
116 120924.00
117 121896.03
118 120970.96
119 121681.93
120 121454.95
121 120950.94
122 121644.97
123 120990.04
124 121389.87
125 120891.09
126 120929.96
127 121793.03
128 120877.03
129 120779.99
130 120949.03
131 121193.89
132 121515.99
133 120971.20
134 121610.16
135 121032.95
136 121073.96
137 121047.97
138 121360.06
139 120839.83
140 120975.97
141 121415.85
142 121273.99
143 120964.05
144 121235.13
145 121003.87
146 120958.81
147 121405.12
148 121696.00
149 121386.05
150 121130.94
151 120857.95
152 120954.99
153 120771.17
154 120977.88
155 120712.04
156 121181.96
157 120989.80
158 120896.10
159 121001.96
160 121321.92
161 121464.01
162 120881.08
163 121147.87
164 120947.84
165 121251.82
166 121868.13
167 121228.93
168 121692.18
169 121051.07
170 120962.86
171 120926.14
172 120932.10
173 121208.91
174 120918.99
175 120919.94
176 121130.94
177 120845.08
178 121460.20
179 120800.02
180 120893.00
181 121466.16
182 121341.94
183 121248.01
184 120985.98
185 121350.05
186 120920.90
187 121680.02
188 122032.17
189 120969.06
190 122105.12
191 120877.03
192 121496.92
193 120862.01
194 121716.02
195 120910.17
196 121195.08
197 121477.13
198 121191.02
199 121628.05
200 121505.98
201 120860.10
202 121613.98
203 121104.96
204 121508.12
205 122356.89
206 121870.04
207 121305.94
208 120992.90
209 121578.93
210 121693.13
211 120921.85
212 121407.99
213 120882.99
214 121395.11
215 121270.90
216 121410.13
217 122813.94
218 120772.12
219 120846.99
220 121068.95
221 120974.06
222 121592.04
223 121272.09
224 120955.94
225 121006.97
226 120930.91
227 121485.95
228 120975.02
229 121680.97
230 121619.94
231 121721.98
232 121228.22
233 120819.09
234 121052.03
235 121983.05
236 120996.95
237 121128.80
238 120825.05
239 121243.95
240 121196.03
241 122079.85
242 121218.92
243 121943.00
244 121535.78
245 121616.84
246 121366.02
247 120883.94
248 121879.10
249 121056.08
250 120919.94
251 122383.83
252 121796.85
253 120789.05
254 120902.06
255 120837.93
256 121473.07
257 121133.09
258 120851.04
259 120723.01
260 121211.05
261 120948.08
262 120961.90
263 121726.04
264 121386.77
265 121292.83
266 121223.93
267 121132.85
268 121078.01
269 120941.16
270 120847.94
271 120686.05
272 121378.90
273 121312.14
274 121294.02
275 121371.03
276 121298.07
277 121324.06
278 121123.79
279 120816.95
280 121043.21
281 121021.03
282 121138.10
283 121713.16
284 120934.96
285 120960.95
286 120986.94
287 120916.13
288 122117.04
289 121119.02
290 121568.92
291 121456.15
292 120728.02
293 120661.02
294 121912.00
295 122318.98
296 121358.87
297 121503.11
298 120847.94
299 120687.96
300 120996.95
301 120983.12
302 120977.16
303 121366.98
304 121039.87
305 121511.94
306 121566.06
307 120878.22
308 121226.07
309 120792.15
310 122243.88
311 121473.07
312 121077.06
313 121509.08
314 121356.01
315 121248.96
316 121274.95
317 121891.02
318 121979.00
319 120919.23
320 120925.90
321 121431.83
322 120845.08
323 121284.96
324 120972.87
325 121293.78
326 121275.90
327 121119.02
328 121175.05
329 120954.99
330 121111.15
331 120810.03
332 121258.97
333 120679.86
334 120791.91
335 121572.97
336 121329.07
337 121428.97
338 121613.03
339 120823.14
340 121363.16
341 120820.05
342 121321.92
343 121351.00
344 120738.03
345 121345.04
346 120943.07
347 121749.88
348 121098.04
349 121557.95
350 121356.96
351 120890.14
352 121104.00
353 120818.85
354 120978.12
355 121680.97
356 121001.01
357 121315.96
358 120718.96
359 120790.96
360 120973.11
361 120824.10
362 120980.02
363 120774.98
364 120756.15
365 121124.03
366 120811.22
367 120855.09
368 120826.01
369 120733.02
370 120795.01
371 121264.93
372 121042.97
373 121095.90
374 121164.08
375 121218.92
376 120942.83
377 121019.12
378 121276.86
379 120995.04
380 120962.14
381 120680.81
382 120824.81
383 120835.07
384 120996.00
385 120788.10
386 121619.94
387 120776.18
388 120910.88
389 120964.05
390 120863.91
391 121124.03
392 121208.19
393 120872.02
394 121196.03
395 120822.91
396 120873.93
397 120884.18
398 120841.03
399 120792.15
400 120967.86
401 120971.92
402 120874.88
403 121095.90
404 120891.09
405 120915.17
406 120820.05
407 120923.04
408 121217.97
409 120881.80
410 120844.84
411 120848.18
412 120879.17
413 121930.12
414 120929.96
415 120877.03
416 120811.94
417 121305.94
418 121268.03
419 120826.01
420 120970.01
421 121081.11
422 120910.88
423 120774.98
424 120805.03
425 120708.94
426 120927.81
427 121081.11
428 120910.88
429 120796.92
430 120996.95
431 120892.05
432 121336.94
433 121012.93
434 121240.14
435 121010.07
436 120924.95
437 120948.08
438 120810.99
439 121614.93
440 120893.00
441 121523.14
442 120718.00
443 120743.99
444 120871.07
445 120714.90
446 120858.91
447 120845.79
448 121029.85
449 121218.20
450 121167.90
451 120942.12
452 121037.96
453 121235.13
454 121578.93
455 121361.02
456 121103.05
457 120775.94
458 120868.92
459 120736.12
460 120890.14
461 120649.10
462 120861.05
463 120895.15
464 121065.14
465 120914.94
466 120879.89
467 121071.10
468 121047.97
469 120805.98
470 121571.06
471 121011.97
472 121408.94
473 120872.02
474 120815.04
475 121016.03
476 121520.04
477 121068.00
478 121104.96
479 120797.16
480 120738.03
481 121135.00
482 121406.08
483 121268.99
484 121156.93
485 121464.01
486 120872.02
487 120909.21
488 121357.92
489 121266.84
490 121030.81
491 120767.12
492 121037.01
493 120918.04
494 120895.15
495 121175.05
496 120943.78
497 120891.09
498 121029.14
499 121257.07
500 120723.96
501 121320.01
502 120875.84
503 121280.19
504 121419.91
505 121202.95
506 121037.96
507 121088.03
508 121011.02
509 120872.02
510 121288.06
511 121390.82
512 121099.95
513 121229.89
514 120790.00
515 121264.93
516 121343.85
517 120999.10
518 121572.02
519 121176.00
520 121505.98
521 121074.91
522 121265.89
523 121174.81
524 121038.91
525 121109.01
526 121030.09
527 121048.93
528 121035.81
529 121107.82
530 121266.13
531 121183.87
532 121279.00
533 121120.93
534 121078.01
535 121543.17
536 121562.00
537 121535.06
538 120908.98
539 121271.13
540 120787.86
541 120969.06
542 121218.92
543 121340.99
544 121258.97
545 121367.93
546 120769.98
547 121171.00
548 121720.08
549 121689.08
550 120929.96
551 121046.07
552 121099.95
553 120912.08
554 120868.92
555 121274.95
556 121239.90
557 121352.20
558 120863.91
559 121497.15
560 120950.22
561 120903.02
562 121381.04
563 120949.98
564 121431.11
565 121096.85
566 120932.82
567 121229.89
568 121199.85
569 121277.09
570 121154.07
571 121079.92
572 121327.16
573 121092.08
574 121346.95
575 121222.97
576 121322.15
577 120705.84
578 120942.83
579 121284.96
580 120971.20
581 121269.94
582 121027.95
583 121304.99
584 120656.97
585 121279.00
586 121114.02
587 121134.04
588 121170.04
589 121287.11
590 121129.99
591 121246.10
592 121323.11
593 120914.94
594 121278.05
595 121351.96
596 120837.93
597 121433.97
598 121022.94
599 121127.13
600 121246.10
601 121240.14
602 121272.09
603 121129.04
604 121559.14
605 121114.02
606 121347.19
607 121037.96
608 121477.13
609 120841.98
610 121028.18
611 120939.97
612 121208.19
613 121194.12
614 121382.00
615 121057.03
616 121572.97
617 121458.05
618 121654.99
619 121441.13
620 121212.96
621 121340.99
622 121333.84
623 120924.95
624 121195.08
625 121352.20
626 121087.07
627 121285.92
628 120933.06
629 121039.15
630 121453.05
631 121036.05
632 121334.79
633 121516.94
634 121167.18
635 121075.87
636 121119.02
637 121066.09
638 121392.01
639 121042.97
640 121570.11
641 121416.09
642 121617.08
643 121088.98
644 121496.92
645 120725.15
646 121333.12
647 121383.91
648 120996.95
649 121067.05
650 121396.06
651 121122.12
652 121070.15
653 121119.98
654 120980.98
655 121313.10
656 121037.01
657 121351.00
658 120800.97
659 121603.01
660 121005.06
661 120754.96
662 121433.97
663 121168.85
664 121366.02
665 121078.01
666 121203.18
667 121370.79
668 121401.79
669 120985.98
670 121296.88
671 121374.13
672 121043.21
673 121196.03
674 121454.95
675 121318.10
676 121325.97
677 121632.10
678 121443.99
679 121165.04
680 121186.97
681 121493.82
682 121679.07
683 121623.04
684 120949.03
685 121464.97
686 121021.99
687 121341.94
688 121432.07
689 121638.06
690 121553.90
691 121296.88
692 120808.12
693 121521.95
694 121083.97
695 121612.07
696 121192.22
697 120998.14
698 121319.06
699 120946.17
700 121460.91
701 121401.07
702 121227.03
703 120840.07
704 121200.08
705 121442.08
706 121817.11
707 121047.97
708 121319.06
709 121825.22
710 121330.02
711 121595.14
712 121405.12
713 120800.97
714 121784.21
715 121087.79
716 120584.96
717 121295.93
718 121456.15
719 120788.10
720 121487.86
721 121146.92
722 121253.01
723 121480.94
724 120777.85
725 121151.92
726 121028.90
727 121603.01
728 121030.09
729 120860.10
730 121294.02
731 121462.11
732 121567.01
733 121243.00
734 120999.10
735 121121.88
736 121637.82
737 121402.03
738 121419.91
739 121251.11
740 121346.00
741 121487.86
742 121117.12
743 121106.15
744 120783.09
745 121086.12
746 121369.12
747 121117.12
748 121568.92
749 121389.87
750 121802.09
751 121207.95
752 121854.07
753 121711.97
754 121135.95
755 120985.98
756 121433.97
757 121291.88
758 120975.02
759 120780.94
760 121184.83
761 121119.98
762 121515.99
763 120876.07
764 121465.21
765 121245.15
766 120931.86
767 121541.02
768 121110.92
769 121101.86
770 121307.85
771 121278.05
772 121208.91
773 120858.91
774 120714.90
775 121287.82
776 121089.94
777 121553.90
778 120884.90
779 120996.95
780 121318.10
781 121067.05
782 120821.00
783 121093.03
784 121372.94
785 121206.05
786 121090.17
787 121432.07
788 120687.01
789 121032.00
790 121121.88
791 120947.12
792 121092.08
793 121444.94
794 121122.12
795 121166.94
796 120750.90
797 120813.85
798 121062.04
799 120758.06
800 120749.00
801 120749.95
802 120770.93
803 121129.99
804 121184.83
805 121042.01
806 120741.13
807 121047.97
808 120843.17
809 120757.10
810 120815.99
811 120739.94
812 120846.03
813 120722.06
814 120763.06
815 121111.87
816 121014.12
817 121104.96
818 121431.11
819 121130.94
820 120558.02
821 121809.96
822 121067.05
823 121006.97
824 121241.81
825 120758.06
826 120721.82
827 120823.14
828 120801.93
829 120806.93
830 120840.07
831 120771.88
832 121193.17
833 120821.95
834 120851.04
835 121186.02
836 120794.06
837 120922.09
838 120682.95
839 120966.20
840 121176.00
841 120671.99
842 120839.83
843 120810.03
844 120764.97
845 120972.87
846 120768.07
847 120810.03
848 120962.86
849 120924.95
850 120926.86
851 120949.03
852 120944.02
853 120956.18
854 120920.90
855 120956.90
856 120958.09
857 120960.95
858 120979.07
859 120964.05
860 120897.05
861 120965.96
862 120897.05
863 120970.01
864 120968.82
865 120934.01
866 120969.06
867 120939.02
868 120975.97
869 120980.98
870 120907.07
871 120948.08
872 120951.18
873 120934.01
874 120912.08
875 120847.94
876 120967.15
877 120946.88
878 120898.96
879 120929.00
880 120979.07
881 120926.86
882 120886.09
883 120941.88
884 120960.95
885 120950.94
886 120985.03
887 120959.04
888 120914.22
889 120861.05
890 120969.06
891 120965.96
892 120972.16
893 120965.00
894 120927.10
895 120963.10
896 120944.02
897 120967.15
898 120945.93
899 120936.16
