900
0 121232.99
1 121158.12
2 121124.98
3 121094.94
4 121143.10
5 121144.06
6 121142.15
7 121117.12
8 121145.01
9 121099.00
10 121109.96
11 121124.03
12 121090.17
13 121129.99
14 121136.90
15 121144.06
16 121081.11
17 121132.14
18 121145.96
19 121089.94
20 121121.17
21 121110.92
22 121124.98
23 121121.17
24 121129.99
25 121132.85
26 121134.04
27 121141.91
28 121142.15
29 120898.96
30 121163.13
31 121122.12
32 121096.85
33 121126.17
34 121116.88
35 121063.95
36 121113.06
37 121114.97
38 121128.08
39 121157.88
40 121136.19
41 121087.07
42 121127.13
43 121132.85
44 121131.90
45 121099.95
46 121107.10
47 121145.01
48 121132.85
49 121142.15
50 121134.04
51 121114.02
52 121099.95
53 121124.98
54 121124.03
55 121134.04
56 121068.00
57 121106.15
58 121150.02
59 121158.12
60 121141.91
61 121089.94
62 121082.07
63 121140.96
64 121143.10
65 121145.01
66 121118.07
67 121075.87
68 121135.00
69 121047.97
70 121131.90
71 121122.12
72 121056.80
73 121135.00
74 121129.99
75 121141.91
76 121104.96
77 121077.06
78 121129.04
79 121130.94
80 121134.04
81 121140.00
82 121119.02
83 121105.19
84 121125.94
85 121124.98
86 121121.17
87 121125.94
88 121124.98
89 121133.09
90 121140.00
91 121132.85
92 121090.89
93 120965.00
94 121151.21
95 121068.00
96 120917.80
97 120872.02
98 121093.03
99 120947.84
100 120951.89
101 120959.04
102 122312.07
103 120960.95
104 121726.04
105 120974.06
106 122025.97
107 121212.96
108 121144.06
109 121562.00
110 122315.88
111 122868.06
112 122751.00
113 123754.02
114 125340.94
115 123164.18
116 122084.14
117 122926.00
118 123203.04
119 123695.14
120 123162.03
121 123677.97
122 123552.08
123 123917.10
124 122808.93
125 123909.95
126 125139.00
127 123725.18
128 123639.11
129 122890.00
130 123687.03
131 122807.03
132 124516.01
133 122977.97
134 123566.87
135 123876.09
136 122702.12
137 122549.06
138 122733.12
139 124063.97
140 124644.04
141 122989.89
142 122934.10
143 124233.96
144 125028.85
145 123449.09
146 124224.90
147 124072.07
148 122738.12
149 123449.09
150 123332.98
151 123188.97
152 123383.05
153 122647.05
154 122760.06
155 122694.02
156 123526.10
157 122633.93
158 122836.83
159 122103.93
160 123868.94
161 122997.05
162 122154.00
163 122189.04
164 123257.16
165 125490.90
166 122280.84
167 123859.17
168 122980.12
169 122335.91
170 122564.08
171 124058.01
172 124189.14
173 122745.04
174 125105.14
175 122073.17
176 122500.90
177 123857.98
178 122961.04
179 123034.00
180 123561.14
181 122933.15
182 123544.93
183 123852.97
184 123677.02
185 122848.03
186 124490.02
187 123684.88
188 123087.17
189 126318.93
190 123606.92
191 123494.15
192 123914.00
193 122030.02
194 123028.99
195 123167.04
196 123039.96
197 122969.87
198 123345.85
199 123902.08
200 124608.99
201 123024.94
202 123757.12
203 122556.92
204 124945.88
205 124377.97
206 123264.79
207 122726.92
208 123514.18
209 123437.88
210 123238.80
211 122467.04
212 123425.01
213 122519.97
214 123541.83
215 122685.91
216 124949.93
217 122283.22
218 123564.96
219 122853.99
220 124450.21
221 123092.89
222 122162.10
223 123080.02
224 122984.17
225 124756.81
226 123965.02
227 122130.87
228 124825.95
229 122667.07
230 124358.89
231 122418.88
232 123939.99
233 123007.06
234 123250.96
235 122339.96
236 123898.03
237 123966.93
238 123151.06
239 123958.11
240 124408.96
241 123352.05
242 123269.08
243 122285.13
244 124701.02
245 123072.86
246 122974.87
247 122788.19
248 123630.05
249 123093.13
250 122714.04
251 122940.06
252 122112.99
253 125557.90
254 123085.98
255 122766.97
256 124732.02
257 123112.92
258 122246.98
259 123343.94
260 124742.98
261 123373.99
262 124207.02
263 123278.14
264 124076.84
265 124146.94
266 122416.97
267 123384.00
268 122668.03
269 123401.88
270 124225.85
271 122613.91
272 124174.12
273 122283.94
274 123344.18
275 122735.98
276 122848.03
277 123195.89
278 123651.98
279 122775.08
280 122641.09
281 124344.11
282 124679.09
283 123881.10
284 123687.03
285 122881.89
286 122964.14
287 124031.07
288 122110.13
289 122488.02
290 123529.91
291 122512.82
292 124074.94
293 123184.20
294 123255.97
295 122956.99
296 122973.92
297 122695.92
298 123373.99
299 123255.97
300 122452.97
301 124136.92
302 122486.11
303 123018.03
304 122854.95
305 123672.01
306 122664.21
307 122357.13
308 123129.13
309 122956.04
310 122973.92
311 122960.09
312 123873.00
313 123649.84
314 121941.09
315 123316.05
316 123188.02
317 122235.06
318 123072.15
319 123195.89
320 123621.94
321 123484.85
322 123645.07
323 122087.96
324 122829.91
325 123364.93
326 122701.17
327 122395.99
328 122082.00
329 124679.80
330 122735.02
331 122759.82
332 123412.85
333 124140.02
334 123142.00
335 123564.00
336 122139.93
337 124763.01
338 124693.87
339 122766.97
340 123889.92
341 123558.04
342 123342.99
343 122058.15
344 122977.97
345 123674.15
346 123625.99
347 124501.94
348 122760.06
349 122709.04
350 122766.02
351 123148.92
352 123547.08
353 123088.84
354 123174.91
355 123119.83
356 123748.06
357 123776.91
358 122918.13
359 122509.96
360 121990.92
361 122093.92
362 121974.95
363 122005.94
364 122109.89
365 122134.21
366 121971.13
367 122185.95
368 122315.17
369 121852.16
370 122172.12
371 122303.01
372 122751.00
373 122206.93
374 122265.10
375 122298.96
376 122069.84
377 122143.98
378 122076.03
379 121839.05
380 122556.21
381 122232.91
382 121860.98
383 122583.87
384 122457.03
385 122190.00
386 122676.13
387 122071.03
388 121826.89
389 122802.02
390 122612.00
391 121936.08
392 121171.95
393 120953.80
394 121239.90
395 121187.93
396 121091.13
397 121067.76
398 121038.91
399 121057.99
400 120750.19
401 120909.93
402 120818.14
403 120836.97
404 120948.08
405 121114.97
406 120970.96
407 121074.91
408 120979.07
409 121163.85
410 120949.03
411 120861.05
412 120810.03
413 120996.24
414 120673.89
415 121137.14
416 120931.86
417 121295.93
418 120992.90
419 120841.03
420 120854.85
421 120685.10
422 121024.85
423 121062.99
424 120912.08
425 121064.90
426 121154.07
427 120807.17
428 121207.00
429 120871.07
430 121001.01
431 120957.14
432 121073.01
433 121130.94
434 120775.94
435 120995.04
436 121037.96
437 120736.84
438 120873.93
439 121189.12
440 121156.93
441 120933.06
442 121257.07
443 121043.92
444 120865.11
445 120868.21
446 120795.01
447 121050.83
448 121303.08
449 121023.18
450 120806.93
451 121102.81
452 120996.95
453 120872.97
454 120934.96
455 120797.16
456 121087.79
457 121021.99
458 120728.02
459 120965.96
460 120983.12
461 121234.18
462 120917.80
463 121010.07
464 121231.79
465 120733.02
466 120697.02
467 121094.94
468 120916.13
469 120896.10
470 120924.00
471 120724.92
472 120898.01
473 120707.99
474 121177.91
475 120918.04
476 120901.11
477 120878.93
478 120648.15
479 121052.03
480 121076.11
481 121153.83
482 121058.94
483 121060.85
484 120629.07
485 120913.98
486 120864.87
487 120908.98
488 120884.90
489 120965.00
490 120863.91
491 120819.09
492 120907.07
493 120824.10
494 120989.08
495 121042.97
496 120751.14
497 121036.05
498 121061.09
499 120655.06
500 120912.08
501 120949.98
502 120694.16
503 120913.03
504 120774.03
505 120656.97
506 120872.02
507 120754.96
508 120886.09
509 120786.19
510 121066.09
511 120942.12
512 120810.99
513 120944.98
514 120932.10
515 120917.08
516 120774.03
517 120710.85
518 120892.05
519 120765.92
520 120799.06
521 120796.92
522 121121.17
523 121076.82
524 120826.96
525 120778.08
526 121056.08
527 120651.01
528 121123.08
529 120800.02
530 121001.01
531 121023.89
532 121144.06
533 120831.97
534 120696.07
535 120717.05
536 120870.11
537 120903.97
538 121070.86
539 120840.07
540 120901.82
541 121119.02
542 121016.98
543 120958.09
544 120953.08
545 120824.81
546 120968.10
547 121097.80
548 121005.06
549 121226.79
550 120919.94
551 120805.98
552 120983.12
553 120632.89
554 120893.96
555 120993.14
556 120907.07
557 120943.07
558 121182.92
559 120738.03
560 120924.95
561 120944.02
562 120923.04
563 121115.92
564 120879.89
565 120893.96
566 121061.09
567 121055.13
568 120765.92
569 121067.05
570 120703.94
571 121130.94
572 120929.00
573 121001.96
574 120898.01
575 120978.12
576 120764.97
577 121004.82
578 121083.97
579 120878.22
580 120964.05
581 120732.07
582 120885.85
583 120851.04
584 120877.98
585 120825.05
586 120857.00
587 120958.09
588 120715.14
589 120723.01
590 120831.01
591 120905.88
592 121046.07
593 120984.08
594 120965.00
595 120691.06
596 120739.94
597 121100.19
598 120837.93
599 120813.85
600 120824.10
601 120865.11
602 121160.98
603 120818.14
604 120881.08
605 120916.84
606 120832.92
607 120945.93
608 120846.99
609 120980.02
610 120991.95
611 120764.97
612 120846.99
613 121081.83
614 120792.15
615 120755.20
616 120952.84
617 120779.99
618 120676.99
619 120960.00
620 120885.13
621 120623.11
622 120887.04
623 120728.97
624 121066.09
625 120908.02
626 120663.17
627 120813.85
628 121047.02
629 121036.05
630 120872.97
631 120877.03
632 120929.00
633 120738.03
634 120882.99
635 120885.85
636 121129.99
637 120886.09
638 120818.14
639 121014.83
640 120790.96
641 120822.19
642 120749.00
643 120980.98
644 120848.89
645 120936.16
646 120681.05
647 120688.92
648 120774.98
649 120830.06
650 120981.93
651 121022.94
652 120819.09
653 121032.95
654 120808.12
655 120794.06
656 120982.17
657 120929.96
658 120630.03
659 121084.93
660 120836.02
661 120970.96
662 120995.04
663 120921.13
664 120829.11
665 121063.95
666 121186.02
667 120879.17
668 120871.07
669 120850.09
670 120741.84
671 120977.88
672 120836.02
673 120924.23
674 120806.93
675 120814.09
676 121209.86
677 120786.19
678 121026.04
679 121081.83
680 120850.09
681 120672.94
682 120849.85
683 120954.04
684 120890.14
685 121351.00
686 120724.92
687 120862.01
688 120986.94
689 120838.88
690 120754.00
691 120877.98
692 120891.09
693 121210.81
694 120896.10
695 120862.01
696 120836.02
697 120812.89
698 120854.14
699 120996.95
700 121191.98
701 121032.00
702 120895.15
703 121032.95
704 120718.00
705 120942.12
706 120986.94
707 120887.99
708 120812.18
709 121042.01
710 120872.97
711 121043.21
712 120941.88
713 121051.07
714 121056.08
715 121058.94
716 121062.99
717 121053.93
718 121065.86
719 121057.99
720 121037.01
721 120986.94
722 121069.91
723 121093.99
724 121038.91
725 121021.03
726 121041.06
727 120975.02
728 121041.06
729 121080.16
730 120974.06
731 120873.21
732 121014.83
733 121053.22
734 121068.00
735 121058.23
736 121032.95
737 121052.98
738 121084.93
739 121056.08
740 121013.88
741 121059.89
742 121065.86
743 121057.03
744 121047.97
745 121072.05
746 121061.80
747 120974.06
748 121053.93
749 121126.89
750 121050.83
751 121047.97
752 121015.07
753 121048.93
754 120999.81
755 121034.15
756 121042.97
757 121050.83
758 121047.02
759 121044.87
760 121045.11
761 121042.01
762 121046.07
763 121026.04
764 121050.12
765 121040.11
766 121053.93
767 120999.10
768 121055.13
769 121051.07
770 121060.13
771 121056.08
772 121026.99
773 121053.93
774 121047.97
775 121055.84
776 121053.93
777 121056.08
778 121055.84
779 121056.08
780 121063.95
781 121058.23
782 121068.95
783 121055.84
784 121059.89
785 121062.04
786 120992.90
787 120987.18
788 121069.91
789 121062.04
790 121063.95
791 121061.09
792 120965.00
793 121045.83
794 121047.97
795 121062.04
796 121062.99
797 121068.00
798 121062.04
799 121062.99
800 121071.10
801 121065.14
802 121067.05
803 121062.99
804 121032.00
805 121062.04
806 121076.82
807 121066.09
808 121042.01
809 121058.94
810 121048.93
811 121061.80
812 121026.99
813 121064.90
814 121049.17
815 120996.95
816 121054.17
817 121090.89
818 121051.07
819 121019.12
820 121055.13
821 121043.92
822 121055.84
823 121041.06
824 121113.06
825 121066.81
826 121028.90
827 120997.19
828 121053.93
829 121068.95
830 121055.13
831 121034.15
832 121017.93
833 121043.92
834 121081.11
835 121026.99
836 121011.97
837 121024.85
838 121044.16
839 121035.10
840 121104.96
841 121036.05
842 121011.97
843 121046.07
844 121064.90
845 121052.98
846 121067.05
847 121054.89
848 121001.01
849 121062.04
850 120965.00
851 121025.80
852 121016.03
853 121052.98
854 121037.96
855 121050.83
856 121047.97
857 121057.99
858 121051.07
859 121059.89
860 121054.17
861 121063.95
862 121057.03
863 120969.06
864 121059.89
865 121067.05
866 121023.89
867 120973.11
868 121081.11
869 121047.97
870 121010.07
871 121051.07
872 120996.00
873 120954.99
874 121042.97
875 121055.84
876 121044.16
877 121057.99
878 121057.03
879 121062.99
880 121067.05
881 121066.81
882 121067.05
883 121037.01
884 121036.05
885 121063.95
886 121041.06
887 120958.09
888 121042.97
889 121062.04
890 121047.02
891 121058.94
892 120990.04
893 121052.03
894 121060.13
895 121057.03
896 121079.92
897 121058.94
898 121067.05
899 121053.93
