900
0 121219.16
1 121087.07
2 120970.96
3 121066.09
4 121060.13
5 121052.03
6 121063.95
7 121049.88
8 121066.09
9 121079.92
10 120975.02
11 121073.01
12 121068.95
13 121026.99
14 121058.94
15 121030.09
16 121043.92
17 121030.09
18 121082.07
19 121031.05
20 121042.97
21 121068.00
22 121048.93
23 121063.95
24 121051.07
25 121062.99
26 121032.95
27 121053.93
28 121050.83
29 121052.98
30 121052.98
31 121044.16
32 121042.01
33 121001.96
34 121048.93
35 121068.95
36 121071.10
37 121044.16
38 121042.97
39 121057.03
40 121055.13
41 120991.95
42 121059.89
43 121062.04
44 121053.93
45 121058.23
46 121030.09
47 121023.18
48 121069.91
49 121068.00
50 121062.99
51 121060.85
52 121049.17
53 121071.10
54 121065.86
55 121071.10
56 121067.05
57 121072.05
58 121064.90
59 121057.03
60 121054.89
61 121059.18
62 121052.03
63 120985.98
64 121073.96
65 121062.04
66 121025.09
67 121028.18
68 121050.12
69 121069.91
70 121075.15
71 120969.06
72 121111.15
73 121041.06
74 121023.89
75 121054.89
76 121057.99
77 121057.03
78 120973.11
79 121052.03
80 121073.01
81 121057.99
82 121057.99
83 121054.89
84 121032.00
85 121054.17
86 121055.13
87 121047.97
88 121063.95
89 121054.89
90 121064.90
91 120996.95
92 120960.95
93 120984.08
94 120896.10
95 121047.97
96 121199.85
97 121141.91
98 121032.00
99 120970.96
100 120914.94
101 120810.99
102 122632.98
103 122850.89
104 120692.97
105 121352.91
106 123091.94
107 121932.03
108 121905.80
109 121914.86
110 124387.98
111 122999.91
112 124288.08
113 123121.02
114 122212.17
115 123688.94
116 124470.95
117 123901.84
118 124314.79
119 123385.91
120 125717.88
121 123319.15
122 123087.17
123 122270.11
124 122783.90
125 123606.92
126 123692.04
127 122688.06
128 123716.12
129 122857.09
130 122989.18
131 123955.01
132 122726.92
133 124317.88
134 122280.12
135 124599.93
136 123637.91
137 124561.07
138 124718.90
139 123767.85
140 123661.04
141 122482.06
142 123871.80
143 122954.13
144 123106.96
145 123176.81
146 122253.89
147 122297.05
148 122817.99
149 122817.99
150 124162.91
151 122484.92
152 122874.98
153 123420.00
154 123435.97
155 123338.94
156 124004.13
157 123745.92
158 122941.97
159 123445.03
160 122792.01
161 122539.04
162 124102.12
163 122730.02
164 122585.06
165 123080.97
166 122432.95
167 123142.00
168 124799.01
169 123890.88
170 123023.99
171 123079.06
172 122998.00
173 123769.04
174 122406.01
175 123039.96
176 122487.78
177 123428.82
178 123203.04
179 124021.05
180 123803.14
181 122761.96
182 122723.10
183 122421.98
184 122372.87
185 122906.92
186 123373.03
187 123068.09
188 124017.00
189 123890.16
190 122684.96
191 123768.81
192 123584.03
193 122587.92
194 122534.99
195 122493.98
196 124048.95
197 125215.05
198 124027.97
199 124509.10
200 123578.79
201 123561.86
202 122809.17
203 122560.98
204 122591.02
205 124439.95
206 122792.01
207 123404.03
208 123399.97
209 124355.79
210 123921.16
211 123642.92
212 122860.91
213 122369.05
214 122431.04
215 124583.96
216 123741.15
217 121960.88
218 122595.07
219 123194.93
220 123137.95
221 123713.02
222 122198.82
223 123369.93
224 123331.07
225 122370.00
226 125269.17
227 122740.98
228 124239.92
229 122542.14
230 124094.01
231 122971.06
232 123636.01
233 124459.98
234 123209.00
235 123044.97
236 123182.06
237 122452.02
238 123100.04
239 124001.03
240 123485.09
241 123476.98
242 122644.90
243 122406.01
244 122141.12
245 123822.93
246 124433.04
247 122302.06
248 123246.91
249 122879.98
250 122756.96
251 123589.99
252 122482.06
253 123053.07
254 122265.10
255 124261.14
256 123341.08
257 123476.03
258 124969.96
259 123308.90
260 123137.95
261 124979.97
262 123786.21
263 122146.13
264 123384.95
265 122329.00
266 124903.20
267 123805.05
268 123915.91
269 125212.19
270 122242.93
271 122937.20
272 124328.14
273 123845.10
274 122663.02
275 123739.96
276 122703.08
277 123456.95
278 122411.97
279 122525.93
280 122361.18
281 122148.99
282 123090.98
283 123450.04
284 122761.96
285 123690.84
286 124772.07
287 122518.06
288 124742.98
289 123853.92
290 124438.05
291 124253.03
292 122488.02
293 123303.89
294 123461.96
295 122114.18
296 123378.99
297 122386.93
298 123194.93
299 122321.13
300 122764.11
301 123427.15
302 122309.92
303 123754.98
304 123985.05
305 122337.10
306 122948.88
307 123599.05
308 122694.97
309 124595.88
310 123661.04
311 124138.12
312 123354.91
313 124149.08
314 123339.89
315 123169.90
316 123119.83
317 122204.07
318 123876.09
319 122890.00
320 122266.05
321 122910.02
322 123831.03
323 123396.87
324 124159.10
325 123878.00
326 124812.13
327 123063.80
328 123794.79
329 121998.07
330 122193.10
331 124350.07
332 123752.12
333 123402.12
334 122519.02
335 122993.95
336 123500.82
337 122770.07
338 123734.95
339 122822.05
340 122668.98
341 122282.98
342 123780.97
343 123683.93
344 123454.09
345 123108.86
346 122341.16
347 122077.94
348 122742.89
349 124045.85
350 123115.06
351 123024.94
352 122944.12
353 124771.12
354 123822.93
355 124556.06
356 122355.94
357 122126.82
358 122194.05
359 122194.05
360 121942.04
361 122329.95
362 122289.18
363 122950.08
364 122273.92
365 122190.00
366 122860.91
367 122555.97
368 122606.04
369 122407.91
370 122108.22
371 123281.00
372 122401.00
373 122617.96
374 122778.18
375 122723.82
376 122102.02
377 122196.20
378 122520.92
379 122241.02
380 122208.12
381 122259.86
382 122472.05
383 122094.15
384 123099.09
385 122622.01
386 122474.91
387 122418.17
388 122493.98
389 121298.07
390 121146.92
391 120826.96
392 120810.99
393 120872.02
394 121062.04
395 120989.80
396 121074.20
397 121125.22
398 120991.95
399 121275.90
400 120862.96
401 121114.02
402 121244.91
403 120932.10
404 120820.05
405 120952.13
406 121055.13
407 121353.15
408 121067.05
409 121279.00
410 121240.14
411 121037.96
412 121369.84
413 121150.02
414 121176.00
415 120891.09
416 121227.03
417 121080.16
418 121037.01
419 121107.10
420 120996.95
421 121138.10
422 121128.08
423 121044.87
424 121104.00
425 121393.20
426 121273.04
427 120903.02
428 121150.97
429 120825.05
430 121147.16
431 120943.07
432 121215.11
433 120928.05
434 120962.14
435 120960.00
436 121170.04
437 120879.89
438 121042.97
439 120927.10
440 121016.03
441 121058.94
442 120881.08
443 121225.83
444 121032.00
445 121116.16
446 121212.01
447 121071.10
448 121144.06
449 121097.09
450 121226.07
451 120935.92
452 121026.99
453 121145.01
454 121086.12
455 120805.98
456 121376.04
457 121097.09
458 121131.90
459 120766.16
460 120922.09
461 120955.94
462 120842.93
463 121182.92
464 120785.00
465 121150.02
466 121367.93
467 121163.13
468 120819.09
469 121164.08
470 120996.95
471 121012.93
472 120882.03
473 120977.16
474 120880.13
475 121155.98
476 120804.07
477 121068.00
478 121009.11
479 120980.02
480 121135.00
481 120784.04
482 120748.04
483 121073.01
484 120908.02
485 121146.92
486 121206.05
487 121065.86
488 121212.01
489 121129.99
490 120936.16
491 121189.12
492 120996.95
493 120835.07
494 121026.04
495 121064.19
496 120954.04
497 120891.81
498 121024.13
499 121144.77
500 120903.02
501 120796.92
502 121219.87
503 121036.05
504 120821.95
505 120683.91
506 121155.98
507 121076.82
508 120828.87
509 121003.87
510 120765.92
511 121273.04
512 121315.00
513 120810.03
514 120804.07
515 121091.13
516 120959.04
517 120944.98
518 120857.95
519 121183.87
520 120812.89
521 120980.02
522 121098.04
523 120939.02
524 121093.03
525 120719.91
526 121001.01
527 121217.01
528 120735.17
529 120994.81
530 120835.07
531 120804.07
532 120857.95
533 120945.93
534 120764.97
535 120958.09
536 121134.04
537 121004.10
538 120993.85
539 120989.08
540 121020.79
541 120887.04
542 120813.85
543 121034.15
544 121110.92
545 121176.00
546 121062.04
547 121129.04
548 121239.90
549 120816.95
550 121173.14
551 121097.09
552 120845.08
553 121108.06
554 121135.00
555 121231.79
556 121320.01
557 120901.11
558 120976.92
559 121097.09
560 120980.02
561 121176.96
562 120986.94
563 120862.01
564 120851.04
565 121147.87
566 121097.09
567 121187.93
568 120755.20
569 120905.88
570 121040.82
571 120853.90
572 120954.99
573 120897.05
574 120807.17
575 121019.12
576 121109.01
577 121047.02
578 120780.94
579 120851.04
580 120980.98
581 121143.10
582 120933.06
583 120774.98
584 120790.96
585 121032.95
586 120928.05
587 121251.82
588 121199.85
589 121068.95
590 120886.09
591 120975.02
592 120845.08
593 121016.03
594 121160.98
595 121337.18
596 121032.95
597 121107.10
598 121099.00
599 121181.01
600 120931.15
601 121160.03
602 120953.08
603 120805.98
604 121199.13
605 121028.18
606 120845.08
607 121232.03
608 121093.99
609 121080.88
610 120952.13
611 121160.03
612 121179.10
613 121212.01
614 121032.95
615 120841.98
616 121104.00
617 121146.20
618 120980.02
619 121042.01
620 121052.98
621 120912.08
622 120915.89
623 120853.19
624 120942.83
625 121101.14
626 120908.02
627 121177.91
628 120844.84
629 120907.07
630 120841.98
631 120929.96
632 120873.93
633 120758.77
634 121094.94
635 120738.98
636 121104.00
637 121107.10
638 120800.97
639 121076.82
640 120833.87
641 120988.85
642 120694.88
643 120790.00
644 120901.82
645 121108.77
646 120909.93
647 121183.16
648 121084.93
649 120804.07
650 120772.12
651 120937.11
652 121124.03
653 121051.79
654 121077.06
655 120759.01
656 121201.04
657 121114.97
658 120905.88
659 120975.02
660 120898.96
661 120924.00
662 120989.08
663 120977.16
664 120961.19
665 121198.18
666 121076.11
667 121050.12
668 120854.14
669 121068.00
670 121072.77
671 121117.83
672 121003.87
673 120925.19
674 121116.88
675 121108.06
676 120904.21
677 121013.88
678 120841.98
679 121015.79
680 120748.04
681 120888.95
682 121045.11
683 120961.90
684 120980.02
685 120829.82
686 120798.83
687 120805.03
688 121110.20
689 120822.91
690 120978.12
691 121165.04
692 121035.10
693 121190.07
694 120978.83
695 121132.85
696 121087.07
697 121053.93
698 120821.95
699 121102.09
700 120987.89
701 121135.95
702 121026.99
703 121052.98
704 121163.13
705 121223.93
706 121284.01
707 120977.88
708 121042.01
709 121037.01
710 121037.01
711 121042.01
712 121046.07
713 121042.97
714 120913.98
715 120939.97
716 121054.17
717 121011.97
718 120980.02
719 121020.79
720 121045.11
721 121028.18
722 121042.01
723 121017.93
724 121007.92
725 120965.00
726 121026.99
727 121027.95
728 120997.19
729 121011.97
730 121041.06
731 121037.01
732 121038.20
733 121033.19
734 121044.16
735 121030.09
736 121011.02
737 121036.05
738 121000.05
739 121031.05
740 121033.91
741 121032.00
742 121038.91
743 121029.14
744 121033.91
745 121001.96
746 121034.86
747 121006.01
748 120998.14
749 121023.18
750 121047.97
751 121023.89
752 121012.93
753 121030.09
754 121021.03
755 121032.00
756 121023.18
757 121014.12
758 121007.92
759 121021.03
760 121027.95
761 121026.04
762 121034.15
763 121021.03
764 121039.87
765 120951.89
766 121034.15
767 121030.09
768 121050.83
769 121034.15
770 121008.16
771 121031.05
772 121017.93
773 121068.95
774 121026.99
775 121000.05
776 121028.90
777 121045.11
778 121032.00
779 121043.92
780 121036.05
781 121044.16
782 121044.16
783 121046.07
784 121047.02
785 120989.08
786 121038.91
787 121044.16
788 121001.96
789 121045.11
790 121057.03
791 120975.02
792 121018.89
793 121036.05
794 120941.88
795 120941.88
796 121042.01
797 121051.07
798 121041.06
799 121011.02
800 121037.01
801 121027.95
802 121035.10
803 121052.03
804 121036.05
805 120954.99
806 121034.15
807 121047.02
808 121031.05
809 121045.11
810 121024.85
811 121041.06
812 121028.18
813 121041.77
814 121029.14
815 121038.91
816 121015.07
817 121039.87
818 121021.03
819 121040.11
820 121024.13
821 121006.01
822 121046.07
823 121038.91
824 121047.02
825 120905.16
826 121039.15
827 121004.10
828 121032.95
829 121017.93
830 121056.08
831 121023.89
832 121024.13
833 121021.03
834 120927.81
835 121031.05
836 121030.09
837 121011.97
838 121027.95
839 121028.90
840 121030.09
841 121068.00
842 121040.82
843 121034.15
844 120970.96
845 120950.94
846 121008.87
847 121025.09
848 121026.99
849 121025.09
850 121022.94
851 120967.15
852 121036.05
853 121021.99
854 121032.00
855 121021.99
856 120967.86
857 121029.85
858 121073.96
859 121035.10
860 120992.90
861 121038.91
862 121016.03
863 121037.01
864 121031.05
865 121023.18
866 121035.10
867 121044.87
868 120990.99
869 121052.98
870 121037.01
871 120983.84
872 121033.91
873 121046.07
874 121020.08
875 120959.04
876 121020.08
877 120934.96
878 121032.00
879 121021.03
880 121030.09
881 121021.99
882 121027.95
883 121042.97
884 121037.01
885 120958.81
886 121042.01
887 121040.82
888 121038.91
889 121039.15
890 121034.15
891 121037.96
892 121015.07
893 121040.11
894 121032.00
895 121042.97
896 121028.90
897 121041.06
898 121047.02
899 121033.91
