900
0 121165.04
1 121078.97
2 121044.87
3 121042.97
4 121048.21
5 121030.09
6 121047.97
7 121041.77
8 121037.01
9 121081.83
10 121046.07
11 121046.07
12 121042.97
13 121065.86
14 121049.17
15 121037.96
16 121073.01
17 121062.04
18 121028.90
19 121039.15
20 121063.95
21 121067.05
22 121064.19
23 121059.89
24 120972.16
25 121018.89
26 121059.89
27 120980.02
28 121052.03
29 121063.95
30 121066.09
31 121046.07
32 121046.07
33 121057.99
34 121042.01
35 120991.95
36 121037.96
37 121057.03
38 121041.06
39 121049.88
40 121044.87
41 121062.04
42 121042.01
43 121047.02
44 121056.08
45 120929.96
46 121041.06
47 121013.88
48 121056.08
49 121069.91
50 121057.99
51 121062.99
52 121066.09
53 121056.08
54 121064.90
55 121069.91
56 121062.04
57 121055.13
58 121061.09
59 121039.87
60 121055.13
61 121062.04
62 121068.00
63 121073.96
64 121064.19
65 121023.89
66 121067.05
67 121047.02
68 121039.87
69 121055.13
70 121054.17
71 121061.09
72 121062.04
73 121057.03
74 121062.99
75 121060.13
76 120987.89
77 121064.90
78 121052.98
79 121051.07
80 121061.80
81 121058.94
82 121054.89
83 121053.93
84 121052.98
85 121026.04
86 121044.87
87 121013.88
88 121063.23
89 121051.07
90 121046.07
91 121020.08
92 121052.98
93 120987.89
94 121128.08
95 121038.91
96 120987.89
97 120982.89
98 121021.99
99 121115.92
100 121089.94
101 121119.02
102 121062.04
103 121524.10
104 121066.81
105 121443.03
106 121057.03
107 121070.86
108 120978.83
109 121009.83
110 120869.87
111 121075.87
112 121294.02
113 120934.01
114 121042.97
115 121088.98
116 121110.92
117 121370.08
118 121027.95
119 121073.01
120 122603.18
121 120946.88
122 121340.04
123 121381.04
124 121154.07
125 121051.07
126 120918.04
127 120930.91
128 121064.90
129 121141.20
130 121056.08
131 120889.90
132 122427.94
133 121027.95
134 121607.07
135 121023.89
136 121288.06
137 120826.01
138 122504.00
139 121497.87
140 120901.11
141 121284.96
142 121761.08
143 121062.99
144 121134.04
145 120924.95
146 121257.07
147 120938.06
148 120950.94
149 121585.85
150 121013.88
151 121057.99
152 121032.00
153 121765.14
154 121035.10
155 120959.04
156 121020.08
157 121015.07
158 121031.05
159 121526.96
160 121073.01
161 120867.01
162 120840.79
163 121570.83
164 121112.82
165 121678.83
166 120909.93
167 121011.02
168 121586.08
169 121420.86
170 121376.99
171 121325.02
172 121053.93
173 121751.07
174 121001.01
175 121218.92
176 121371.98
177 120906.83
178 121097.09
179 120870.83
180 121873.14
181 121062.04
182 121227.03
183 121137.14
184 121020.79
185 120952.84
186 120947.84
187 120852.95
188 121561.05
189 121115.92
190 121299.03
191 121335.03
192 120872.97
193 122047.90
194 121047.02
195 121377.94
196 121083.97
197 121441.13
198 120971.92
199 121330.02
200 121224.88
201 121658.80
202 121136.90
203 121715.07
204 121443.99
205 121439.93
206 120783.09
207 121355.06
208 121537.92
209 122024.06
210 121881.01
211 120986.94
212 121061.09
213 121993.06
214 121547.94
215 121763.94
216 121393.92
217 121856.93
218 121371.98
219 121112.11
220 120847.94
221 121112.82
222 121402.03
223 121633.05
224 121232.03
225 121320.96
226 121270.18
227 120821.00
228 120811.94
229 121525.05
230 121583.94
231 121516.94
232 122363.81
233 121220.11
234 120961.90
235 120915.17
236 121809.96
237 121033.91
238 121002.91
239 120878.93
240 121590.14
241 121289.97
242 121068.95
243 121481.90
244 121960.88
245 121230.13
246 121011.97
247 121054.89
248 121078.97
249 121020.08
250 120899.92
251 121090.89
252 122926.95
253 121557.95
254 121419.19
255 121810.20
256 120979.07
257 121382.00
258 120938.78
259 121953.01
260 121017.93
261 121814.97
262 121798.99
263 120953.08
264 121360.06
265 120737.08
266 120764.97
267 121077.06
268 121464.01
269 122562.89
270 121221.07
271 121390.10
272 121521.00
273 121184.83
274 121025.09
275 121622.09
276 121737.96
277 120884.90
278 121612.07
279 121305.94
280 121361.02
281 121438.98
282 121843.10
283 121519.09
284 120786.91
285 121748.92
286 120804.07
287 121491.91
288 120992.18
289 120883.94
290 121281.86
291 120836.97
292 121188.88
293 121211.05
294 120998.14
295 120824.81
296 120863.91
297 121264.93
298 121617.08
299 120811.94
300 121266.13
301 120969.06
302 121175.05
303 120786.19
304 120836.02
305 121257.07
306 121010.07
307 121618.99
308 120886.09
309 121276.86
310 121311.90
311 120952.13
312 121993.06
313 121217.01
314 121787.07
315 121829.99
316 121520.04
317 121023.89
318 120989.80
319 121037.01
320 121557.00
321 120955.94
322 120999.10
323 121444.94
324 120889.19
325 122540.95
326 120914.94
327 121133.80
328 120975.02
329 121044.87
330 122676.85
331 121809.96
332 121130.94
333 120754.00
334 121128.08
335 122008.80
336 120891.81
337 120909.93
338 121789.93
339 120903.02
340 121459.01
341 122384.07
342 121330.02
343 121433.02
344 120898.96
345 121761.80
346 121207.95
347 120952.84
348 120763.06
349 121111.15
350 121643.07
351 120955.94
352 121320.01
353 121309.04
354 121345.04
355 121151.92
356 120994.09
357 121529.82
358 121525.05
359 120739.94
360 121356.96
361 120935.92
362 120901.11
363 121070.86
364 120879.89
365 120944.98
366 120893.96
367 120871.07
368 120957.14
369 120823.14
370 121029.14
371 120857.95
372 121052.03
373 120949.98
374 120937.11
375 121671.20
376 121012.93
377 121127.13
378 120837.93
379 121226.79
380 120794.06
381 121275.19
382 121136.90
383 121063.95
384 120965.96
385 121114.02
386 120908.02
387 120911.12
388 120944.02
389 121037.96
390 120972.87
391 120962.86
392 121391.06
393 120924.95
394 121154.07
395 120934.96
396 120911.12
397 121029.14
398 120970.96
399 120914.94
400 121037.01
401 120908.02
402 121078.01
403 120703.94
404 120795.97
405 121057.99
406 120902.06
407 120841.98
408 121014.12
409 120799.06
410 120792.87
411 121242.05
412 120991.95
413 120986.94
414 120932.82
415 120787.86
416 120783.09
417 121024.85
418 121823.07
419 121043.92
420 120939.97
421 120796.92
422 121222.97
423 120892.05
424 121044.87
425 120832.92
426 120965.96
427 120986.94
428 120851.99
429 120875.84
430 120983.12
431 121399.88
432 121625.90
433 121041.06
434 121508.12
435 121283.77
436 121083.02
437 121445.89
438 121511.94
439 121285.92
440 121282.10
441 120980.98
442 120988.85
443 120947.12
444 121117.12
445 121435.17
446 120918.99
447 121140.96
448 121546.03
449 121176.00
450 121495.01
451 121139.05
452 121124.98
453 120836.97
454 120825.05
455 120770.93
456 120852.95
457 121122.12
458 120939.97
459 121073.01
460 120915.89
461 121444.94
462 120984.79
463 121345.04
464 121359.11
465 121134.04
466 121688.84
467 121330.98
468 121093.99
469 121060.13
470 120906.83
471 120859.15
472 120929.00
473 120803.12
474 121510.03
475 120895.15
476 121116.16
477 121376.99
478 121010.07
479 121695.04
480 121116.88
481 121180.06
482 121061.09
483 120955.94
484 121442.08
485 120843.17
486 121530.06
487 121137.14
488 120947.12
489 121095.90
490 121151.92
491 120983.12
492 121249.91
493 121475.93
494 121200.08
495 121413.95
496 120924.95
497 121016.98
498 121263.03
499 121452.09
500 121019.84
501 121119.02
502 120823.14
503 121294.98
504 121009.83
505 120946.17
506 121278.05
507 121423.01
508 120843.89
509 121169.81
510 121489.05
511 121115.21
512 121329.07
513 121408.94
514 121475.93
515 121107.10
516 121235.85
517 121273.04
518 121608.02
519 121342.90
520 120874.17
521 121232.03
522 121145.01
523 121526.96
524 121453.05
525 121106.86
526 121187.93
527 121096.85
528 121052.98
529 121213.91
530 121717.21
531 121345.04
532 121046.07
533 121290.92
534 121683.84
535 121164.08
536 121011.02
537 121160.98
538 121492.86
539 121736.05
540 121279.95
541 121245.15
542 121435.17
543 121286.15
544 121274.95
545 121469.97
546 120923.04
547 121105.91
548 120850.09
549 121092.08
550 121064.19
551 120992.90
552 121223.93
553 121280.91
554 121495.01
555 121112.11
556 121397.02
557 121083.02
558 121309.04
559 120644.81
560 121451.14
561 120889.90
562 120749.95
563 121286.87
564 120998.86
565 121194.12
566 121224.16
567 121218.20
568 121443.03
569 121366.02
570 121075.87
571 121326.92
572 121051.07
573 121424.91
574 121267.08
575 121176.00
576 120857.00
577 121250.15
578 120880.84
579 121536.02
580 121342.90
581 120916.13
582 121699.81
583 121228.93
584 121030.09
585 121075.15
586 121327.88
587 121185.06
588 121430.16
589 121009.11
590 121186.97
591 121268.99
592 120791.91
593 120894.91
594 121681.93
595 121865.99
596 121522.90
597 121118.07
598 121212.96
599 121567.01
600 121234.18
601 121336.94
602 121650.93
603 120930.19
604 121503.11
605 121495.01
606 121042.97
607 121206.05
608 121503.83
609 121516.94
610 121173.86
611 120879.89
612 121275.90
613 121017.22
614 121325.97
615 121092.08
616 121187.93
617 121359.11
618 121365.07
619 120822.91
620 121431.11
621 121248.96
622 121579.17
623 121089.94
624 121152.16
625 122130.87
626 121104.00
627 121169.09
628 121078.01
629 121761.08
630 121348.14
631 121454.95
632 120825.05
633 120841.03
634 121139.05
635 121160.98
636 121201.04
637 121712.92
638 120854.85
639 121263.03
640 121321.92
641 121319.06
642 121087.79
643 120966.91
644 121253.97
645 121147.87
646 120703.94
647 121169.09
648 121457.10
649 121682.88
650 121440.17
651 121299.03
652 121523.86
653 121040.11
654 121290.92
655 121065.14
656 121144.06
657 121010.07
658 121891.98
659 121293.07
660 121237.99
661 121150.02
662 120880.13
663 121064.90
664 121168.14
665 121162.18
666 120971.92
667 121396.06
668 121584.18
669 121181.01
670 121487.86
671 121222.97
672 121550.08
673 121212.01
674 121468.07
675 121464.97
676 121098.04
677 121325.97
678 121575.12
679 121168.14
680 120795.97
681 121158.84
682 121634.01
683 121128.08
684 121333.12
685 121634.01
686 121287.82
687 121331.93
688 121474.03
689 121764.90
690 121560.10
691 121340.99
692 121306.90
693 121320.01
694 121240.85
695 121466.88
696 121420.86
697 121249.91
698 121802.09
699 121491.19
700 121202.95
701 120851.04
702 121690.99
703 121262.07
704 120876.07
705 121221.07
706 121184.83
707 121202.95
708 121253.01
709 121545.79
710 121111.87
711 121423.96
712 121483.09
713 121016.98
714 121565.10
715 121441.13
716 121097.09
717 121428.01
718 121611.83
719 121380.09
720 121263.98
721 121268.03
722 121178.87
723 121333.12
724 120831.97
725 121117.83
726 121454.00
727 121218.92
728 121464.97
729 121024.13
730 120989.08
731 121291.16
732 120937.11
733 120907.07
734 121532.92
735 120883.94
736 121369.12
737 121492.15
738 121865.03
739 121054.89
740 121340.04
741 120859.15
742 120830.06
743 121194.12
744 120990.99
745 120889.90
746 120764.97
747 121471.17
748 121009.11
749 121627.09
750 120973.83
751 120923.04
752 121433.97
753 120766.88
754 121152.88
755 121773.00
756 121493.10
757 120972.16
758 121652.13
759 121456.15
760 121455.91
761 121854.78
762 120836.02
763 121674.06
764 121209.86
765 121477.13
766 120992.90
767 121289.97
768 120851.99
769 121114.97
770 120935.92
771 121726.04
772 121194.12
773 121163.85
774 121443.03
775 120956.90
776 121623.99
777 121708.15
778 121787.07
779 121477.84
780 121303.80
781 121731.04
782 121721.03
783 121268.99
784 121509.08
785 121128.08
786 121094.94
787 121316.91
788 121292.11
789 121225.83
790 121433.97
791 121445.89
792 121359.11
793 121989.97
794 121056.08
795 122107.98
796 121695.04
797 120996.00
798 121457.82
799 121094.94
800 121403.93
801 121199.13
802 121070.15
803 121422.05
804 121232.03
805 121272.09
806 120796.92
807 120996.95
808 121173.86
809 120990.04
810 121342.90
811 120929.96
812 120905.88
813 121046.07
814 121073.01
815 121124.98
816 120908.02
817 121061.09
818 120904.92
819 120825.05
820 120898.01
821 120954.99
822 121349.10
823 120997.91
824 120975.02
825 121096.85
826 121395.11
827 120986.94
828 120954.04
829 121021.99
830 121838.09
831 120960.00
832 121100.90
833 121078.97
834 121137.14
835 120934.01
836 121117.83
837 121254.92
838 120924.95
839 121378.18
840 121025.80
841 121138.81
842 121394.87
843 121130.94
844 121567.01
845 121303.80
846 121253.01
847 121453.05
848 120984.08
849 121474.03
850 120977.88
851 121257.07
852 121035.10
853 120867.97
854 121035.10
855 121316.19
856 121462.11
857 120813.85
858 121003.87
859 121015.07
860 120935.92
861 121293.78
862 121074.20
863 121411.09
864 121074.91
865 120945.93
866 120909.93
867 121059.89
868 120977.16
869 121574.88
870 120965.96
871 120870.11
872 121133.80
873 121550.08
874 121719.84
875 120963.10
876 121187.21
877 120909.93
878 120802.16
879 120997.91
880 121070.15
881 121004.82
882 121035.10
883 121043.92
884 120750.90
885 121043.92
886 120871.07
887 120933.06
888 121386.05
889 121351.00
890 121053.93
891 120782.14
892 121343.14
893 121114.97
894 120867.97
895 120856.05
896 121011.02
897 121486.90
898 121114.97
899 121129.99
