350
0 121155.98
1 121088.03
2 121055.13
3 121039.87
4 120886.80
5 121052.03
6 120821.00
7 120989.08
8 120600.94
9 120954.99
10 121382.00
11 120877.98
12 122072.94
13 120979.07
14 121870.04
15 122331.86
16 121990.92
17 122801.07
18 122337.82
19 123124.12
20 122215.03
21 122756.96
22 122358.08
23 123181.82
24 122737.17
25 122280.12
26 122371.91
27 123211.15
28 122771.98
29 122356.18
30 123165.13
31 122755.05
32 122827.05
33 122396.23
34 123190.88
35 122754.10
36 122359.99
37 121670.01
38 123182.06
39 122748.85
40 122354.98
41 122903.82
42 122543.10
43 122055.05
44 122218.13
45 123246.91
46 122555.97
47 122108.94
48 122950.08
49 122726.92
50 122130.16
51 122168.06
52 123018.03
53 122558.12
54 122144.94
55 122967.96
56 122753.86
57 122843.03
58 122259.14
59 121996.88
60 122529.03
61 122124.91
62 122749.09
63 123242.14
64 122542.14
65 122148.99
66 123040.91
67 122520.21
68 122182.85
69 123393.06
70 121845.01
71 121254.92
72 120875.12
73 121550.08
74 121042.97
75 121098.04
76 122000.93
77 121546.98
78 121052.98
79 121871.95
80 121158.12
81 121434.21
82 120950.94
83 121726.99
84 121320.01
85 120835.07
86 121430.87
87 121083.97
88 121223.93
89 121960.88
90 121512.17
91 120978.83
92 121582.98
93 121263.03
94 121338.84
95 121074.91
96 121669.77
97 121139.05
98 121879.10
99 121361.97
100 121675.97
101 121165.04
102 121872.90
103 121470.93
104 120996.00
105 121596.81
106 121780.16
107 121311.90
108 121006.01
109 121599.91
110 121164.80
111 121798.04
112 120976.92
113 121564.15
114 121188.88
115 121809.01
116 121408.94
117 120959.04
118 121577.02
119 121789.93
120 121366.98
121 121011.02
122 121654.99
123 121145.01
124 121778.96
125 122035.98
126 121566.06
127 120980.98
128 121807.10
129 121315.00
130 120948.08
131 120970.96
132 121720.08
133 121296.88
134 120992.18
135 121494.05
136 121116.16
137 121296.17
138 121993.06
139 121541.98
140 120996.00
141 121860.03
142 121211.05
143 120924.00
144 120971.20
145 121749.88
146 121337.18
147 121029.85
148 121619.94
149 120974.06
150 121390.10
151 120877.03
152 121539.12
153 121087.79
154 121694.80
155 121141.91
156 121464.97
157 120924.00
158 121713.88
159 121299.03
160 120867.01
161 121423.96
162 121752.98
163 121221.07
164 121960.16
165 121582.98
166 121023.89
167 121587.99
168 121129.04
169 121294.98
170 120894.91
171 121686.94
172 121296.88
173 120893.00
174 121350.05
175 121736.05
176 121153.12
177 121931.08
178 121244.91
179 121042.97
180 121582.03
181 121872.90
182 121277.09
183 120918.99
184 121801.14
185 121222.02
186 121854.78
187 121047.97
188 121639.97
189 121158.84
190 121877.91
191 121300.94
192 120985.03
193 121056.08
194 121864.08
195 121440.17
196 121034.86
197 121746.06
198 121252.06
199 121877.91
200 121047.97
201 121590.14
202 121122.12
203 121829.99
204 121290.92
205 121002.91
206 121083.97
207 121848.11
208 121415.14
209 120996.00
210 121544.84
211 121198.89
212 121328.12
213 121016.03
214 121612.07
215 121165.04
216 121772.05
217 121214.87
218 121569.87
219 121005.06
220 121784.93
221 121448.99
222 120931.15
223 121476.17
224 121145.01
225 121261.84
226 120946.88
227 121613.03
228 121145.01
229 121726.04
230 121259.93
231 121450.90
232 121014.83
233 121764.90
234 121421.10
235 120940.92
236 121536.02
237 121766.09
238 121312.14
239 120902.06
240 121644.02
241 121160.03
242 121876.00
243 122018.10
244 121681.21
245 121009.83
246 121838.09
247 121230.13
248 120919.94
249 120994.09
250 121814.01
251 121315.96
252 120944.02
253 121654.03
254 121145.96
255 121756.79
256 122020.01
257 121535.06
258 121139.05
259 121717.93
260 121166.94
261 120938.06
262 120961.19
263 121733.19
264 121303.08
265 120853.90
266 121482.13
267 121037.01
268 121257.07
269 122005.94
270 121508.12
271 120908.02
272 121613.03
273 121145.01
274 121378.90
275 120837.93
276 121718.88
277 121284.96
278 121943.00
279 121443.03
280 121062.99
281 121222.02
282 121946.10
283 121511.94
284 120963.10
285 121556.04
286 121235.13
287 121357.20
288 121061.80
289 121183.87
290 121117.12
291 121136.90
292 121092.08
293 121090.89
294 121090.89
295 121078.97
296 121134.04
297 121130.94
298 121093.99
299 121093.03
300 121110.92
301 121141.91
302 121136.19
303 121157.88
304 121109.01
305 121114.97
306 121082.07
307 121101.86
308 121139.05
309 120940.21
310 121089.94
311 121127.84
312 121134.04
313 121057.03
314 121006.01
315 121079.92
316 121114.02
317 121138.81
318 121158.84
319 121095.90
320 121111.87
321 121140.96
322 121087.07
323 121094.94
324 121140.96
325 121135.95
326 121099.95
327 121093.99
328 121139.05
329 121147.16
330 121093.03
331 121093.99
332 121135.95
333 121079.21
334 121091.84
335 121089.94
336 121104.96
337 121132.14
338 121078.01
339 121093.99
340 121119.02
341 121139.05
342 121093.99
343 121093.99
344 121111.15
345 121150.02
346 120948.08
347 120999.10
348 121064.90
349 120990.99
