350
0 121307.13
1 121212.01
2 121078.01
3 120949.03
4 121123.08
5 120931.15
6 121117.83
7 121010.07
8 120979.07
9 121194.84
10 121052.03
11 121022.94
12 120963.10
13 120954.99
14 121031.05
15 121159.08
16 121248.96
17 121425.87
18 120830.06
19 121049.88
20 121196.03
21 121209.14
22 121365.07
23 121323.11
24 121359.83
25 121543.17
26 121052.03
27 120836.97
28 120870.11
29 121160.98
30 120915.17
31 120852.95
32 120939.97
33 121016.98
34 120998.86
35 120937.82
36 120949.03
37 120861.05
38 120810.99
39 121027.95
40 120853.90
41 121107.10
42 120872.02
43 120893.00
44 120954.04
45 121049.88
46 120885.13
47 120970.01
48 120838.17
49 120965.00
50 120859.15
51 120978.83
52 121082.07
53 120799.06
54 120781.90
55 120897.05
56 120864.87
57 121291.16
58 120852.95
59 120896.10
60 121026.99
61 120858.91
62 120862.01
63 120741.13
64 120922.80
65 120894.91
66 120788.10
67 121068.00
68 121029.14
69 121224.88
70 120890.86
71 121063.95
72 120673.89
73 120954.99
74 120998.86
75 120749.95
76 121077.06
77 121019.84
78 120835.07
79 120918.04
80 120981.93
81 120928.05
82 120949.03
83 121036.05
84 120954.99
85 120851.04
86 120889.90
87 120765.92
88 120948.08
89 120986.94
90 120794.06
91 120939.97
92 120804.79
93 121086.84
94 120960.95
95 120832.92
96 120775.94
97 120970.01
98 120949.98
99 120995.04
100 120902.06
101 120872.97
102 121003.15
103 121080.88
104 120898.96
105 121127.13
106 120841.03
107 121134.04
108 121001.96
109 120794.06
110 120923.04
111 120827.91
112 120836.02
113 121197.94
114 120975.02
115 120990.99
116 120839.83
117 120897.77
118 120990.04
119 121063.95
120 120952.84
121 120867.97
122 121018.89
123 120986.94
124 120902.06
125 121355.06
126 120659.11
127 121142.15
128 120768.07
129 121236.09
130 120992.90
131 120720.86
132 120834.11
133 121073.96
134 121396.06
135 120898.01
136 120979.07
137 120863.91
138 120800.02
139 120775.94
140 121047.97
141 121250.15
142 121047.02
143 120846.99
144 121181.01
145 120900.87
146 121608.97
147 120847.94
148 121194.12
149 120942.12
150 121021.99
151 121272.09
152 120844.13
153 121016.98
154 121293.07
155 120796.92
156 120966.91
157 120854.14
158 121256.11
159 120694.16
160 121085.88
161 120864.87
162 120911.84
163 121557.00
164 120811.94
165 121398.93
166 121101.86
167 120966.91
168 121311.90
169 120877.03
170 121158.84
171 120887.04
172 121005.06
173 120876.07
174 121006.97
175 121526.00
176 121092.08
177 121093.99
178 120777.85
179 121396.06
180 121455.91
181 121051.07
182 121010.78
183 120934.01
184 121045.11
185 121195.08
186 121073.96
187 121586.08
188 121192.93
189 121466.88
190 120967.86
191 121098.04
192 121193.17
193 120816.95
194 121052.03
195 121030.09
196 120826.01
197 120975.97
198 121095.18
199 121025.09
200 121183.16
201 120731.12
202 121461.15
203 121166.23
204 121145.01
205 120946.88
206 120901.11
207 121181.01
208 120975.97
209 121599.91
210 121132.14
211 121014.12
212 121304.04
213 121324.78
214 121346.95
215 121369.12
216 121028.90
217 121121.88
218 121039.15
219 121256.83
220 121455.91
221 121022.94
222 121288.78
223 121121.17
224 121304.99
225 121448.04
226 120984.08
227 121320.01
228 121136.90
229 121336.94
230 121423.01
231 121548.18
232 121267.08
233 121154.07
234 121136.90
235 121001.96
236 120698.93
237 121034.86
238 120948.79
239 120964.05
240 121099.95
241 120793.10
242 121161.94
243 121193.17
244 121097.09
245 121097.09
246 121227.03
247 121018.89
248 121018.89
249 120919.94
250 121119.98
251 120876.07
252 121037.96
253 120895.86
254 120762.11
255 121021.03
256 121170.04
257 120872.02
258 121021.99
259 121194.84
260 120869.87
261 121293.07
262 121062.99
263 121158.84
264 120859.86
265 120855.09
266 121153.12
267 121198.18
268 121273.99
269 120962.86
270 121070.15
271 120887.04
272 120958.09
273 120733.02
274 120818.85
275 120871.07
276 120974.06
277 121056.08
278 120995.04
279 121018.17
280 120959.04
281 120870.11
282 120835.07
283 120800.02
284 120864.87
285 121075.87
286 120795.01
287 120966.91
288 121250.15
289 121052.98
290 120916.13
291 120909.93
292 121198.18
293 120786.91
294 121109.96
295 120920.18
296 121140.96
297 120826.01
298 121014.12
299 121086.12
300 120975.97
301 121183.16
302 120943.07
303 120889.19
304 121078.97
305 120961.19
306 120735.17
307 120874.17
308 121038.91
309 121109.01
310 120885.13
311 121002.91
312 120966.20
313 121017.93
314 121238.95
315 121013.88
316 120910.17
317 120859.15
318 121197.94
319 121099.95
320 120928.05
321 120883.94
322 120947.84
323 121293.07
324 120848.89
325 120877.98
326 121006.97
327 121010.07
328 120764.02
329 121072.05
330 121072.05
331 120786.91
332 120926.86
333 120877.98
334 120949.98
335 120945.93
336 121002.20
337 121047.97
338 121011.97
339 120939.97
340 120754.00
341 121033.91
342 120913.98
343 120904.92
344 120912.08
345 121058.94
346 121001.01
347 120858.19
348 120841.03
349 121061.09
