350
0 121331.93
1 121207.95
2 121175.05
3 121179.10
4 121181.96
5 121163.13
6 121194.12
7 121196.03
8 121198.18
9 121188.16
10 121195.08
11 121212.96
12 121188.88
13 121170.04
14 121185.06
15 121191.98
16 121207.95
17 121195.08
18 121131.90
19 121099.95
20 121105.91
21 121104.00
22 121183.87
23 121191.02
24 121193.89
25 121196.99
26 121068.00
27 121157.88
28 121177.20
29 121180.06
30 121185.06
31 121192.93
32 121158.12
33 121209.14
34 121211.05
35 121168.85
36 121195.08
37 121109.96
38 121160.98
39 121197.94
40 121190.07
41 121196.03
42 121196.99
43 121196.03
44 121194.12
45 121169.09
46 121168.85
47 121177.91
48 121173.86
49 121191.02
50 121207.95
51 121190.07
52 121180.77
53 121196.03
54 121176.96
55 121196.03
56 121176.96
57 121191.98
58 121198.89
59 121196.03
60 121201.04
61 121191.98
62 121171.00
63 121192.93
64 121187.93
65 121195.79
66 121149.06
67 121228.93
68 121188.88
69 121176.96
70 121178.87
71 121182.92
72 121155.02
73 121195.08
74 121123.08
75 121193.17
76 121194.12
77 121192.93
78 121157.88
79 121169.09
80 121175.05
81 121190.07
82 121195.08
83 121193.89
84 121206.05
85 120963.10
86 121088.03
87 121094.94
88 121176.96
89 121182.92
90 121190.07
91 121193.89
92 121199.85
93 121198.89
94 121047.97
95 121192.93
96 121180.06
97 121171.00
98 121191.02
99 121190.07
100 121232.99
101 121207.00
102 121164.08
103 121159.08
104 121154.79
105 121195.08
106 121186.97
107 121196.99
108 121196.99
109 121210.10
110 121075.15
111 121176.00
112 121179.10
113 121175.05
114 121184.11
115 121191.02
116 121191.98
117 121196.03
118 121208.91
119 121188.88
120 121175.05
121 121180.06
122 121191.98
123 121196.99
124 121196.99
125 121199.85
126 121212.96
127 121193.17
128 121174.10
129 121162.89
130 121191.02
131 121182.92
132 121196.03
133 121195.08
134 121156.93
135 121205.09
136 121189.12
137 121166.94
138 121161.94
139 121194.12
140 121192.93
141 121192.93
142 121198.18
143 121196.99
144 121191.02
145 121142.15
146 121154.07
147 121182.92
148 121189.12
149 121190.07
150 121198.89
151 121034.86
152 121143.10
153 121121.88
154 121105.91
155 121185.06
156 121188.88
157 121195.08
158 121058.94
159 121192.93
160 121227.98
161 121177.91
162 121171.95
163 121191.98
164 121190.07
165 121155.98
166 121189.12
167 121147.87
168 121161.94
169 121191.98
170 121191.98
171 121192.93
172 121195.08
173 121195.08
174 121195.08
175 121196.03
176 121174.81
177 121173.86
178 121194.84
179 121196.03
180 121152.88
181 121187.93
182 121191.02
183 121154.07
184 121183.87
185 121186.97
186 121196.03
187 121143.10
188 121191.98
189 121204.14
190 121191.98
191 121177.20
192 121191.98
193 121201.04
194 121188.16
195 121160.98
196 121180.06
197 121149.06
198 121176.96
199 121189.83
200 121173.14
201 121174.10
202 121182.92
203 121191.02
204 121201.99
205 121151.92
206 121164.80
207 121188.88
208 121175.05
209 121164.80
210 121190.07
211 121197.94
212 121193.17
213 121186.97
214 121158.12
215 121192.93
216 121196.03
217 121137.14
218 121057.03
219 121120.93
220 121128.08
221 121186.02
222 121187.93
223 121193.17
224 121155.98
225 121158.12
226 121114.97
227 121167.18
228 121188.88
229 121221.78
230 121237.04
231 121162.89
232 121196.03
233 121205.09
234 121188.88
235 121166.94
236 121183.16
237 121232.03
238 121171.00
239 121147.87
240 121176.96
241 121155.98
242 121186.02
243 121196.03
244 121196.03
245 121165.04
246 121212.96
247 121176.00
248 121175.05
249 121186.97
250 121198.18
251 121193.89
252 121193.17
253 121197.94
254 121173.86
255 121196.03
256 121186.02
257 121186.02
258 121194.12
259 121193.89
260 121198.18
261 121194.12
262 121192.93
263 121207.95
264 121159.08
265 121139.05
266 121109.96
267 121198.18
268 121181.01
269 121191.02
270 121191.98
271 121196.03
272 121167.90
273 121156.93
274 121191.02
275 121196.99
276 121191.98
277 121205.09
278 121126.89
279 121181.01
280 121170.04
281 121170.04
282 121190.07
283 121201.04
284 121160.98
285 121062.99
286 121093.03
287 121099.00
288 121192.93
289 121193.89
290 121196.03
291 121191.98
292 121154.07
293 121195.08
294 121173.86
295 121169.81
296 121184.11
297 121196.03
298 121191.98
299 121192.93
300 121185.06
301 121158.12
302 121191.98
303 121174.81
304 121177.91
305 121140.96
306 121192.93
307 121194.84
308 121191.02
309 121168.14
310 121202.95
311 121177.91
312 121182.20
313 121186.02
314 121199.13
315 121193.89
316 121117.12
317 121186.02
318 121164.08
319 121171.00
320 121191.02
321 121197.94
322 121196.03
323 121192.93
324 121169.81
325 121133.09
326 121189.12
327 121200.08
328 121160.98
329 121196.03
330 121201.99
331 121194.12
332 121118.07
333 121186.97
334 121196.99
335 121193.17
336 121196.99
337 121192.93
338 121157.17
339 121199.13
340 121191.98
341 121178.87
342 121176.96
343 121186.02
344 121201.99
345 121144.06
346 121172.90
347 121135.00
348 121151.92
349 121171.00
