600
0 120509.15
1 120190.86
2 120143.89
3 120144.13
4 120132.92
5 120129.11
6 120128.15
7 120128.87
8 120128.15
9 120136.02
10 120129.11
11 120142.94
12 120146.99
13 120141.98
14 120131.97
15 120126.01
16 120135.07
17 120127.20
18 120157.96
19 120146.99
20 120125.77
21 120140.08
22 120139.12
23 120124.10
24 120145.08
25 120140.08
26 120126.01
27 120130.06
28 120141.03
29 120141.98
30 120126.01
31 120141.03
32 120136.98
33 120139.12
34 120138.88
35 120132.92
36 120155.10
37 120132.92
38 120126.01
39 120136.02
40 120126.01
41 120126.96
42 120135.07
43 120152.00
44 120131.02
45 120126.96
46 120126.01
47 120141.03
48 120140.08
49 120129.11
50 120128.15
51 120126.01
52 120125.06
53 120133.88
54 120127.92
55 120135.78
56 120136.98
57 120125.06
58 120124.82
59 120135.07
60 120141.03
61 120129.11
62 120126.01
63 120136.02
64 120126.96
65 120136.98
66 120125.06
67 120157.00
68 120136.98
69 120125.06
70 120135.07
71 120141.98
72 120138.17
73 120128.15
74 120126.96
75 120121.96
76 120123.86
77 120127.92
78 120122.91
79 120135.07
80 120125.06
81 120137.93
82 120126.96
83 120123.15
84 120145.08
85 120127.92
86 120123.86
87 120126.96
88 120128.87
89 120123.86
90 120140.08
91 120128.15
92 120134.12
93 120125.06
94 120142.94
95 120125.06
96 120136.98
97 120127.92
98 120123.86
99 120124.10
100 120136.98
101 120124.82
102 120136.98
103 120124.10
104 120126.96
105 120126.01
106 120121.96
107 120154.86
108 120141.98
109 120126.01
110 120126.01
111 120144.84
112 120126.01
113 120135.07
114 120129.11
115 120136.02
116 120122.91
117 120126.96
118 120122.91
119 120125.77
120 120139.84
121 120144.13
122 120122.91
123 120138.88
124 120133.88
125 120126.96
126 120126.01
127 120126.01
128 120136.98
129 120133.88
130 120126.01
131 120124.10
132 120140.79
133 120126.01
134 120127.92
135 120124.10
136 120125.06
137 120122.91
138 120132.92
139 120122.91
140 120137.93
141 120126.01
142 120125.06
143 120122.91
144 120153.90
145 120127.20
146 120122.91
147 120132.21
148 120136.02
149 120142.94
150 120123.86
151 120125.06
152 120122.91
153 120125.06
154 120138.88
155 120137.21
156 120138.88
157 120130.06
158 120122.91
159 120126.01
160 120137.93
161 120134.83
162 120121.96
163 120136.02
164 120142.94
165 120124.82
166 120122.91
167 120124.10
168 120144.13
169 120123.86
170 120136.98
171 120126.01
172 120124.10
173 120121.00
174 120127.20
175 120134.83
176 120137.21
177 120121.96
178 120121.96
179 120121.96
180 120140.08
181 120126.01
182 120125.06
183 120131.97
184 120126.01
185 120121.96
186 120135.07
187 120132.92
188 120135.07
189 120125.06
190 120135.07
191 120126.96
192 120141.98
193 120127.92
194 120124.10
195 120124.10
196 120121.96
197 120153.90
198 120125.06
199 120124.82
200 120136.02
201 120125.06
202 120125.06
203 120136.02
204 120157.00
205 120142.94
206 120127.20
207 120129.11
208 120126.01
209 120124.10
210 120136.98
211 120126.96
212 120124.10
213 120126.01
214 120124.82
215 120124.10
216 120158.91
217 120127.92
218 120148.90
219 120122.91
220 120124.82
221 120124.82
222 120126.96
223 120135.07
224 120127.92
225 120123.15
226 120135.07
227 120126.01
228 120141.98
229 120123.86
230 120135.07
231 120140.08
232 120125.06
233 120126.01
234 120126.96
235 120122.91
236 120126.01
237 120149.14
238 120126.96
239 120125.06
240 120132.92
241 120138.88
242 120124.10
243 120122.91
244 120126.01
245 120122.91
246 120125.06
247 120136.98
248 120122.91
249 120124.10
250 120123.86
251 120126.96
252 120131.97
253 120138.17
254 120130.06
255 120124.10
256 120133.88
257 120136.02
258 120136.98
259 120122.91
260 120126.01
261 120147.94
262 120125.06
263 120125.06
264 120132.92
265 120147.94
266 120126.01
267 120143.89
268 120126.01
269 120136.02
270 120126.96
271 120133.16
272 120125.06
273 120136.02
274 120136.98
275 120146.04
276 120129.82
277 120126.96
278 120121.96
279 120123.86
280 120126.96
281 120131.97
282 120126.01
283 120139.84
284 120124.82
285 120135.78
286 120125.06
287 120124.82
288 120130.06
289 120123.86
290 120136.02
291 120121.96
292 120136.98
293 120122.91
294 120126.96
295 120135.07
296 120124.10
297 120123.86
298 120137.21
299 120125.06
300 120148.90
301 120124.82
302 120136.02
303 120122.91
304 120124.10
305 120135.07
306 120134.83
307 120133.88
308 120133.88
309 120124.10
310 120133.88
311 120126.96
312 120141.98
313 120123.86
314 120138.17
315 120134.12
316 120125.06
317 120127.92
318 120121.96
319 120122.91
320 120146.04
321 120122.19
322 120121.96
323 120128.15
324 120132.92
325 120136.02
326 120124.10
327 120134.83
328 120123.86
329 120121.96
330 120136.02
331 120125.06
332 120121.96
333 120123.15
334 120149.14
335 120126.01
336 120130.78
337 120130.06
338 120146.99
339 120125.06
340 120122.91
341 120121.00
342 120123.86
343 120135.07
344 120125.06
345 120124.10
346 120125.06
347 120139.12
348 120139.12
349 120139.84
350 120124.82
351 120121.96
352 120126.01
353 120122.91
354 120123.86
355 120134.83
356 120136.02
357 120131.97
358 120125.06
359 120136.98
360 120126.01
361 120129.82
362 120136.02
363 120126.01
364 120138.88
365 120132.92
366 120125.77
367 120123.86
368 120138.88
369 120121.96
370 120197.06
371 120144.13
372 120131.02
373 120144.13
374 120128.15
375 120126.01
376 120146.04
377 120132.92
378 120155.10
379 120131.97
380 120146.04
381 120144.13
382 120144.13
383 120143.18
384 120136.02
385 120143.89
386 120132.92
387 120134.12
388 120143.89
389 120141.03
390 120124.82
391 120145.08
392 120132.21
393 120133.16
394 120131.97
395 120136.98
396 120131.97
397 120151.04
398 120144.13
399 120133.16
400 120132.92
401 120131.97
402 120142.94
403 120138.88
404 120148.90
405 120131.02
406 120129.11
407 120141.98
408 120136.02
409 120134.12
410 120135.78
411 120133.88
412 120131.97
413 120130.06
414 120129.82
415 120131.97
416 120134.12
417 120131.02
418 120143.18
419 120148.90
420 120134.83
421 120138.88
422 120133.16
423 120131.02
424 120131.02
425 120142.94
426 120131.97
427 120155.10
428 120133.16
429 120144.84
430 120132.92
431 120132.92
432 120128.87
433 120137.93
434 120144.13
435 120126.01
436 120141.98
437 120131.02
438 120149.85
439 120131.02
440 120130.06
441 120130.06
442 120152.95
443 120131.02
444 120146.04
445 120134.83
446 120152.95
447 120131.97
448 120136.98
449 120146.99
450 120135.07
451 120141.98
452 120126.96
453 120129.11
454 120130.06
455 120149.85
456 120135.07
457 120141.98
458 120142.94
459 120133.16
460 120129.11
461 120142.94
462 120126.96
463 120131.02
464 120142.22
465 120142.94
466 120141.03
467 120145.08
468 120131.97
469 120129.11
470 120135.07
471 120131.97
472 120136.02
473 120126.96
474 120125.06
475 120131.97
476 120131.02
477 120132.21
478 120129.82
479 120133.88
480 120156.05
481 120130.06
482 120145.08
483 120131.02
484 120137.21
485 120127.92
486 120136.02
487 120127.92
488 120157.00
489 120134.12
490 120129.82
491 120136.02
492 120130.06
493 120128.15
494 120137.93
495 120141.03
496 120141.98
497 120127.92
498 120129.82
499 120130.06
500 120129.11
501 120149.85
502 120129.11
503 120147.94
504 120146.99
505 120143.18
506 120136.02
507 120129.11
508 120125.06
509 120130.06
510 120128.87
511 120141.03
512 120130.06
513 120130.06
514 120138.17
515 120155.10
516 120131.97
517 120140.08
518 120135.07
519 120132.21
520 120128.87
521 120128.87
522 120142.94
523 120130.06
524 120131.97
525 120131.02
526 120127.92
527 120135.07
528 120126.96
529 120129.82
530 120135.07
531 120141.98
532 120128.15
533 120159.15
534 120131.97
535 120136.02
536 120144.84
537 120129.11
538 120143.18
539 120136.98
540 120142.94
541 120131.97
542 120146.99
543 120130.06
544 120153.90
545 120131.97
546 120127.92
547 120126.01
548 120130.06
549 120130.06
550 120129.11
551 120146.99
552 120140.08
553 120129.11
554 120133.88
555 120142.94
556 120153.90
557 120129.82
558 120141.03
559 120130.06
560 120129.11
561 120130.06
562 120138.17
563 120146.04
564 120131.02
565 120142.94
566 120136.02
567 120141.03
568 120131.02
569 120128.15
570 120126.96
571 120137.93
572 120129.11
573 120129.11
574 120128.87
575 120129.82
576 120141.03
577 120128.87
578 120145.08
579 120131.02
580 120131.02
581 120130.06
582 120130.06
583 120138.17
584 120127.92
585 120131.02
586 120126.96
587 120129.11
588 120134.83
589 120131.02
590 120199.20
591 120133.16
592 120128.87
593 120126.01
594 120126.01
595 120128.87
596 120130.06
597 120126.01
598 120130.06
599 120138.88
