600
0 120499.85
1 120165.82
2 120147.94
3 120131.02
4 120128.15
5 120124.10
6 120125.77
7 120177.03
8 120126.01
9 120129.11
10 120124.82
11 120138.88
12 120124.10
13 120132.92
14 120121.96
15 120125.06
16 120124.10
17 120123.15
18 120124.10
19 120129.11
20 120126.01
21 120126.96
22 120134.12
23 120145.08
24 120121.00
25 120126.01
26 120126.96
27 120121.96
28 120121.96
29 120146.99
30 120149.85
31 120126.01
32 120128.87
33 120122.91
34 120121.00
35 120140.08
36 120140.08
37 120121.96
38 120123.86
39 120147.94
40 120121.96
41 120143.89
42 120136.98
43 120126.96
44 120126.96
45 120124.82
46 120123.86
47 120136.02
48 120136.98
49 120126.96
50 120131.97
51 120121.96
52 120121.96
53 120134.83
54 120135.07
55 120150.80
56 120131.02
57 120119.09
58 120121.00
59 120124.10
60 120122.91
61 120135.07
62 120143.89
63 120120.05
64 120132.92
65 120125.06
66 120140.08
67 120123.15
68 120131.97
69 120121.00
70 120120.05
71 120146.99
72 120125.06
73 120121.00
74 120121.00
75 120122.91
76 120121.96
77 120120.05
78 120125.06
79 120121.96
80 120133.16
81 120121.96
82 120124.82
83 120124.10
84 120132.92
85 120132.92
86 120144.13
87 120218.04
88 120137.93
89 120135.07
90 120128.15
91 120125.06
92 120125.06
93 120124.10
94 120125.06
95 120124.82
96 120141.03
97 120124.10
98 120121.96
99 120123.86
100 120122.91
101 120125.06
102 120126.96
103 120155.10
104 120125.06
105 120122.91
106 120126.01
107 120121.96
108 120134.83
109 120122.91
110 120126.96
111 120122.19
112 120129.11
113 120141.98
114 120126.96
115 120126.01
116 120136.02
117 120122.91
118 120127.92
119 120153.90
120 120122.91
121 120126.01
122 120124.82
123 120133.88
124 120125.06
125 120123.86
126 120125.06
127 120136.98
128 120130.06
129 120139.12
130 120134.12
131 120119.81
132 120122.19
133 120126.96
134 120121.00
135 120168.92
136 120123.86
137 120121.96
138 120122.91
139 120132.92
140 120126.96
141 120124.82
142 120123.15
143 120133.88
144 120121.96
145 120124.82
146 120125.06
147 120131.02
148 120123.86
149 120131.97
150 120126.96
151 120148.18
152 120137.93
153 120121.96
154 120122.91
155 120122.91
156 120136.02
157 120133.88
158 120137.93
159 120132.92
160 120124.82
161 120121.00
162 120125.77
163 120134.83
164 120126.01
165 120123.15
166 120135.07
167 120149.14
168 120122.91
169 120126.96
170 120131.02
171 120121.96
172 120121.96
173 120122.91
174 120122.91
175 120125.06
176 120132.92
177 120123.86
178 120121.96
179 120126.01
180 120126.01
181 120146.99
182 120133.88
183 120157.00
184 120121.00
185 120121.96
186 120138.17
187 120133.88
188 120122.91
189 120124.10
190 120125.06
191 120142.94
192 120137.93
193 120132.92
194 120121.96
195 120122.91
196 120125.77
197 120130.06
198 120128.87
199 120150.80
200 120136.02
201 120121.00
202 120121.96
203 120126.96
204 120126.01
205 120135.07
206 120123.15
207 120121.96
208 120136.02
209 120128.87
210 120123.15
211 120125.06
212 120124.82
213 120121.00
214 120124.10
215 120148.90
216 120121.96
217 120121.96
218 120120.05
219 120135.07
220 120134.12
221 120124.10
222 120122.91
223 120132.92
224 120126.01
225 120122.91
226 120133.88
227 120122.91
228 120121.96
229 120121.00
230 120140.08
231 120150.09
232 120136.02
233 120122.91
234 120118.86
235 120133.88
236 120136.02
237 120133.88
238 120138.17
239 120121.96
240 120141.03
241 120125.06
242 120135.07
243 120137.93
244 120123.86
245 120142.94
246 120134.12
247 120174.17
248 120124.82
249 120128.15
250 120121.00
251 120121.96
252 120121.00
253 120137.93
254 120123.86
255 120136.98
256 120138.17
257 120131.02
258 120121.00
259 120125.06
260 120123.86
261 120123.86
262 120146.99
263 120150.80
264 120121.00
265 120123.15
266 120126.01
267 120122.91
268 120133.88
269 120121.00
270 120123.86
271 120122.91
272 120141.98
273 120134.12
274 120121.96
275 120121.96
276 120123.86
277 120132.92
278 120126.01
279 120149.14
280 120120.05
281 120142.94
282 120125.06
283 120126.01
284 120126.01
285 120131.02
286 120133.88
287 120121.96
288 120128.87
289 120137.93
290 120123.86
291 120121.96
292 120130.06
293 120125.06
294 120132.92
295 120155.10
296 120124.10
297 120131.97
298 120132.92
299 120132.92
300 120123.86
301 120126.01
302 120156.05
303 120121.96
304 120122.91
305 120138.88
306 120127.92
307 120123.86
308 120123.86
309 120123.86
310 120145.08
311 120124.10
312 120126.01
313 120132.21
314 120121.96
315 120141.98
316 120123.86
317 120121.00
318 120126.01
319 120133.88
320 120126.96
321 120122.91
322 120124.82
323 120123.86
324 120123.86
325 120122.19
326 120123.15
327 120121.00
328 120125.06
329 120124.10
330 120122.91
331 120124.10
332 120124.10
333 120121.00
334 120125.06
335 120125.06
336 120144.84
337 120132.92
338 120121.00
339 120132.92
340 120136.98
341 120134.83
342 120121.96
343 120124.10
344 120124.10
345 120121.96
346 120146.04
347 120122.91
348 120122.19
349 120121.96
350 120137.93
351 120121.96
352 120128.87
353 120132.92
354 120119.81
355 120121.00
356 120147.94
357 120120.05
358 120124.82
359 120121.00
360 120133.16
361 120131.97
362 120122.91
363 120122.91
364 120126.01
365 120131.97
366 120122.91
367 120125.06
368 120126.01
369 120130.06
370 120122.91
371 120121.00
372 120134.12
373 120121.00
374 120122.91
375 120124.82
376 120133.88
377 120121.96
378 120132.92
379 120124.10
380 120121.96
381 120124.82
382 120122.91
383 120132.92
384 120136.02
385 120134.12
386 120125.06
387 120143.89
388 120121.00
389 120141.98
390 120124.10
391 120146.04
392 120129.11
393 120146.04
394 120121.96
395 120121.96
396 120122.19
397 120135.07
398 120146.99
399 120132.92
400 120131.02
401 120121.00
402 120121.00
403 120125.06
404 120133.16
405 120121.00
406 120121.00
407 120143.89
408 120133.88
409 120140.08
410 120134.12
411 120121.00
412 120141.03
413 120123.86
414 120128.87
415 120125.06
416 120121.96
417 120121.00
418 120121.00
419 120122.91
420 120121.96
421 120121.00
422 120122.19
423 120120.05
424 120121.00
425 120121.96
426 120157.00
427 120122.19
428 120131.02
429 120125.06
430 120123.15
431 120121.00
432 120121.96
433 120123.15
434 120122.91
435 120121.00
436 120144.13
437 120120.05
438 120138.88
439 120124.10
440 120119.09
441 120120.05
442 120142.94
443 120124.10
444 120136.98
445 120119.81
446 120131.02
447 120158.20
448 120134.12
449 120132.92
450 120132.92
451 120124.10
452 120121.00
453 120130.78
454 120131.97
455 120125.06
456 120122.91
457 120131.02
458 120120.05
459 120131.97
460 120136.02
461 120123.86
462 120118.14
463 120122.91
464 120132.92
465 120123.15
466 120129.82
467 120133.88
468 120120.05
469 120122.19
470 120131.97
471 120121.00
472 120146.99
473 120121.96
474 120121.96
475 120124.10
476 120135.07
477 120131.97
478 120134.12
479 120121.96
480 120122.91
481 120119.81
482 120131.97
483 120123.15
484 120124.10
485 120131.02
486 120121.00
487 120121.96
488 120134.12
489 120125.06
490 120143.89
491 120118.86
492 120141.98
493 120121.00
494 120123.15
495 120120.05
496 120120.05
497 120131.97
498 120121.00
499 120124.10
500 120157.96
501 120121.00
502 120120.05
503 120121.00
504 120128.87
505 120122.91
506 120131.02
507 120122.91
508 120120.05
509 120121.00
510 120131.97
511 120132.92
512 120126.01
513 120133.88
514 120131.97
515 120121.00
516 120123.15
517 120132.92
518 120127.92
519 120131.02
520 120119.81
521 120129.82
522 120121.96
523 120122.91
524 120123.86
525 120119.81
526 120121.96
527 120121.96
528 120122.91
529 120124.10
530 120133.16
531 120120.05
532 120119.09
533 120137.93
534 120122.91
535 120148.90
536 120132.92
537 120121.96
538 120143.89
539 120132.92
540 120133.88
541 120125.06
542 120131.97
543 120119.81
544 120131.97
545 120121.96
546 120136.98
547 120123.86
548 120135.07
549 120121.00
550 120122.91
551 120122.91
552 120126.96
553 120131.97
554 120131.97
555 120119.81
556 120124.10
557 120122.91
558 120126.96
559 120135.07
560 120121.96
561 120119.09
562 120133.88
563 120123.86
564 120124.82
565 120119.09
566 120133.16
567 120136.02
568 120122.91
569 120124.82
570 120121.00
571 120118.86
572 120132.92
573 120125.06
574 120121.00
575 120123.15
576 120121.96
577 120131.97
578 120119.81
579 120121.00
580 120131.97
581 120131.97
582 120120.05
583 120120.05
584 120122.19
585 120121.96
586 120136.02
587 120132.92
588 120132.21
589 120121.00
590 120121.00
591 120150.09
592 120122.91
593 120121.00
594 120131.02
595 120118.86
596 120133.88
597 120121.00
598 120135.07
599 120122.19
