275
0 121994.02
1 121736.05
2 121680.02
3 121744.16
4 121674.06
5 121711.02
6 121622.80
7 121692.18
8 121510.03
9 121686.22
10 121361.97
11 121706.96
12 121641.87
13 122070.07
14 121987.10
15 122319.94
16 121778.96
17 122428.89
18 122020.96
19 122699.02
20 122263.91
21 122444.15
22 121857.88
23 122567.89
24 122117.04
25 122946.98
26 122484.92
27 122567.89
28 122142.08
29 122848.99
30 122414.83
31 123095.99
32 122633.93
33 122840.17
34 122253.89
35 123082.88
36 122485.88
37 123298.17
38 122838.97
39 122920.04
40 122462.99
41 123148.92
42 122711.90
43 122278.93
44 122949.12
45 122531.18
46 122720.96
47 122253.89
48 122949.84
49 122529.98
50 123229.98
51 122781.99
52 122962.95
53 122390.03
54 123207.81
55 122626.07
56 123443.84
57 122867.11
58 123079.06
59 122630.12
60 123216.15
61 122933.15
62 122352.12
63 123033.05
64 123350.86
65 122927.19
66 123387.10
67 122976.06
68 123713.97
69 123286.96
70 122771.98
71 123048.07
72 122622.01
73 122154.00
74 121611.83
75 122418.88
76 121876.96
77 122200.97
78 121629.00
79 122312.07
80 121826.89
81 121590.85
82 122149.94
83 122338.06
84 121778.01
85 122715.95
86 122159.96
87 121742.01
88 122564.08
89 122603.89
90 122044.09
91 121616.13
92 122308.02
93 121859.07
94 121561.05
95 121651.17
96 122200.97
97 121754.88
98 121595.14
99 122160.91
100 121715.07
101 121748.21
102 122590.07
103 122020.96
104 121564.15
105 122366.91
106 121819.02
107 122764.83
108 121589.90
109 122277.02
110 121860.03
111 122551.92
112 122109.17
113 121671.20
114 121736.05
115 122689.01
116 121993.06
117 121555.09
118 122241.02
119 121907.00
120 121843.10
121 121664.05
122 122092.01
123 121789.93
124 122596.03
125 122029.07
126 122210.03
127 121638.06
128 122611.05
129 122048.14
130 121625.90
131 122171.16
132 121872.19
133 121920.82
134 121599.91
135 122154.00
136 121801.85
137 122611.05
138 122170.21
139 122080.09
140 121766.09
141 122610.09
142 122040.99
143 121547.94
144 122083.19
145 122409.82
146 121848.11
147 122645.14
148 122100.11
149 121721.03
150 122400.05
151 122595.07
152 122159.96
153 121590.14
154 122268.92
155 121839.05
156 121534.11
157 121584.89
158 122287.03
159 121845.01
160 122644.90
161 122243.88
162 121663.09
163 122373.10
164 122534.04
165 122130.16
166 121566.06
167 122358.08
168 121918.20
169 122599.84
170 121674.06
171 122247.22
172 121802.09
173 122621.06
174 122056.96
175 121614.93
176 121812.11
177 122475.86
178 122050.05
179 121602.77
180 122293.95
181 121854.07
182 121928.93
183 121626.85
184 122322.08
185 121737.00
186 122546.91
187 122003.08
188 121675.97
189 121703.15
190 122649.91
191 122103.93
192 121537.92
193 122386.93
194 121953.01
195 122128.96
196 121546.03
197 122249.13
198 121808.05
199 122504.95
200 122066.97
201 122271.06
202 121706.96
203 122527.12
204 122091.05
205 121659.04
206 122336.86
207 122519.97
208 121949.91
209 121677.16
210 122357.13
211 121783.97
212 122598.89
213 121550.08
214 122118.00
215 121673.11
216 122622.97
217 121915.82
218 121629.00
219 122230.05
220 122366.91
221 122082.00
222 121623.99
223 122308.02
224 121740.82
225 122550.96
226 121520.04
227 122342.11
228 121813.06
229 122639.89
230 122087.96
231 121675.97
232 121862.17
233 122545.00
234 122096.06
235 121686.94
236 122370.96
237 121929.88
238 121986.87
239 121572.97
240 122234.11
241 121652.13
242 122462.99
243 122055.05
244 121597.05
245 121650.93
246 122478.96
247 122047.90
248 121590.14
249 122290.13
250 121844.05
251 122044.09
252 121603.97
253 122147.08
254 121847.15
255 122385.03
256 121939.90
257 122128.96
258 121699.09
259 122376.92
260 121956.83
261 121531.01
262 122241.02
263 122292.04
264 121852.16
265 122657.06
266 122184.04
267 121716.98
268 122443.20
269 122000.93
270 122262.95
271 121672.87
272 122511.15
273 121936.80
274 121612.07
