575
0 121797.08
1 121636.15
2 121627.09
3 121581.08
4 121564.87
5 121708.87
6 121640.92
7 121632.81
8 121636.15
9 121616.84
10 121752.98
11 121611.83
12 121614.93
13 121610.88
14 121605.16
15 121617.08
16 121606.11
17 121593.00
18 121724.84
19 121732.95
20 121590.85
21 121728.90
22 121730.09
23 121728.90
24 121593.00
25 121584.89
26 121711.02
27 121707.92
28 121620.89
29 121714.12
30 121707.92
31 121706.96
32 121711.97
33 121713.16
34 121706.96
35 121711.02
36 121708.87
37 121714.12
38 121709.11
39 121567.01
40 121708.15
41 121707.92
42 121566.06
43 121563.91
44 121563.20
45 121712.21
46 121723.89
47 121698.86
48 121698.86
49 121714.12
50 121700.05
51 121684.07
52 121702.91
53 121639.01
54 121643.07
55 121636.87
56 121659.99
57 121637.82
58 121639.97
59 121658.09
60 121663.09
61 121648.07
62 121652.13
63 121658.09
64 121657.85
65 121515.99
66 121650.93
67 121654.03
68 121654.03
69 121665.95
70 121678.11
71 121608.97
72 121736.05
73 121712.92
74 121716.98
75 121713.88
76 121714.12
77 121714.83
78 121715.07
79 121714.83
80 121717.93
81 121720.08
82 121715.07
83 121711.97
84 121588.95
85 121717.93
86 121715.07
87 121618.03
88 121710.78
89 121715.07
90 121710.06
91 121737.96
92 121704.10
93 121706.01
94 121707.92
95 121701.00
96 121699.81
97 121701.96
98 121684.07
99 121698.14
100 121698.86
101 121697.90
102 121693.85
103 121624.95
104 121648.07
105 121617.08
106 121519.09
107 121479.99
108 121602.06
109 121505.02
110 121489.05
111 121370.08
112 121879.82
113 122362.85
114 122002.12
115 121557.00
116 122181.89
117 121803.05
118 122430.09
119 121912.96
120 121418.00
121 122160.91
122 121656.89
123 122559.07
124 122061.97
125 122809.17
126 122086.05
127 121615.89
128 122554.06
129 121914.86
130 121551.99
131 122275.11
132 121924.16
133 122667.07
134 122245.79
135 121595.14
136 121477.13
137 121487.14
138 121738.20
139 122483.02
140 121483.09
141 122118.95
142 121713.88
143 122470.86
144 121984.00
145 121599.20
146 122617.96
147 121511.94
148 121639.01
149 121986.87
150 121624.95
151 122498.04
152 121501.92
153 122231.96
154 121882.92
155 122648.00
156 122277.02
157 121650.93
158 122404.81
159 122030.02
160 121390.10
161 122143.98
162 121762.99
163 122528.79
164 121889.11
165 121528.86
166 122263.91
167 121788.02
168 122411.01
169 121898.17
170 121541.02
171 122282.98
172 121907.95
173 122633.93
174 122031.21
175 121658.09
176 122277.98
177 121761.08
178 122514.01
179 122151.14
180 121653.08
181 122278.93
182 121892.93
183 122637.99
184 122009.04
185 121636.87
186 122377.87
187 121891.02
188 121383.91
189 122265.82
190 121632.10
191 122377.87
192 122004.03
193 121522.90
194 122273.92
195 121624.95
196 122509.96
197 122020.01
198 121521.00
199 122268.92
200 121752.98
201 122522.12
202 122020.96
203 121517.90
204 122262.95
205 121887.92
206 122657.06
207 122016.91
208 121681.93
209 122491.12
210 121860.03
211 121345.04
212 122219.09
213 121734.14
214 122486.11
215 121927.02
216 121483.09
217 122229.10
218 121731.04
219 122604.13
220 121978.04
221 121580.12
222 122272.97
223 121917.01
224 122668.03
225 122300.86
226 121529.82
227 122421.98
228 122045.99
229 121407.03
230 122164.01
231 121778.96
232 122547.15
233 121923.92
234 121428.97
235 122298.00
236 121648.07
237 122543.10
238 122020.96
239 121545.08
240 122298.96
241 121784.21
242 122595.07
243 122024.06
244 121528.15
245 122273.92
246 121778.01
247 122538.09
248 122169.97
249 121556.04
250 122455.12
251 121943.95
252 122553.11
253 122195.96
254 121818.78
255 122362.85
256 121968.98
257 121612.07
258 122220.99
259 121711.97
260 122474.91
261 121974.95
262 121485.95
263 122216.94
264 121854.07
265 122603.89
266 122241.02
267 121618.99
268 122369.05
269 121876.96
270 122620.82
271 122102.98
272 121618.99
273 122357.85
274 121993.06
275 122740.98
276 122110.13
277 121612.07
278 122490.88
279 121849.06
280 121345.04
281 122246.03
282 121760.13
283 122506.86
284 121915.82
285 121516.94
286 122273.92
287 121758.94
288 122667.07
289 122098.92
290 121696.00
291 122260.81
292 121842.86
293 121458.05
294 122228.15
295 121605.16
296 122351.88
297 121838.09
298 121480.94
299 121458.05
300 121338.84
301 121461.87
302 121501.92
303 121363.88
304 121366.02
305 121493.10
306 121606.83
307 121357.20
308 121758.94
309 121361.97
310 121507.17
311 121502.88
312 121369.12
313 121870.99
314 121354.10
315 121495.96
316 121500.97
317 121478.08
318 121372.94
319 121355.06
320 121742.96
321 121495.96
322 121430.16
323 121591.09
324 121485.95
325 121474.98
326 121345.04
327 121471.88
328 121340.99
329 121546.03
330 121419.19
331 121418.00
332 121529.82
333 121418.00
334 121541.02
335 121663.09
336 121519.09
337 121402.03
338 121401.07
339 121636.15
340 121382.95
341 121652.13
342 121521.95
343 121399.88
344 121267.08
345 121782.06
346 121530.06
347 121388.20
348 121388.20
349 121383.91
350 121402.98
351 121382.95
352 121651.17
353 121529.10
354 121383.19
355 121634.01
356 121531.96
357 121530.06
358 121404.17
359 121647.12
360 121382.95
361 121401.07
362 121656.89
363 121507.88
364 121413.95
365 121531.01
366 121408.94
367 121406.08
368 121407.99
369 121538.16
370 121523.14
371 121526.00
372 121637.11
373 121656.89
374 121397.02
375 121527.91
376 121443.03
377 121582.03
378 121441.84
379 121459.01
380 121448.04
381 121587.04
382 121321.92
383 121320.96
384 121450.90
385 121563.91
386 121700.05
387 121459.96
388 121432.07
389 121320.01
390 121581.08
391 121562.96
392 121453.05
393 121531.96
394 121519.09
395 121526.00
396 121779.92
397 121515.04
398 121655.94
399 121532.92
400 121673.82
401 121551.99
402 121423.96
403 121556.04
404 121410.85
405 121429.20
406 121426.11
407 121355.06
408 121606.11
409 121676.92
410 121681.93
411 121428.01
412 121563.91
413 121685.03
414 121430.87
415 121555.09
416 121600.87
417 121330.98
418 121597.05
419 121361.97
420 121592.04
421 121469.02
422 121598.01
423 121490.96
424 121350.05
425 121627.09
426 121620.89
427 121375.08
428 121350.05
429 121500.02
430 121613.03
431 121497.87
432 121373.18
433 121506.93
434 121613.03
435 121631.86
436 121509.08
437 121501.92
438 121502.16
439 121503.83
440 121521.95
441 121615.89
442 121479.03
443 121446.13
444 121357.92
445 121361.97
446 121605.16
447 121360.06
448 121411.09
449 121623.04
450 121384.14
451 121382.95
452 121394.16
453 121403.93
454 121400.83
455 121524.10
456 121381.04
457 121266.84
458 121783.97
459 121389.87
460 121520.04
461 121783.97
462 121777.06
463 121515.04
464 121644.02
465 121379.14
466 121640.92
467 121742.01
468 121363.88
469 121540.07
470 121546.03
471 121543.17
472 121419.91
473 121429.92
474 121402.03
475 121533.87
476 121677.88
477 121555.09
478 121664.05
479 121550.08
480 121287.11
481 121428.97
482 121804.95
483 121670.96
484 121528.86
485 121549.84
486 121407.03
487 121421.10
488 121427.06
489 121551.99
490 121558.90
491 121674.06
492 121665.00
493 121422.05
494 121418.95
495 121635.91
496 121645.93
497 121634.96
498 121618.99
499 121623.99
500 121616.13
501 121612.07
502 121618.99
503 121620.89
504 121710.78
505 121705.06
506 121704.10
507 121703.86
508 121711.97
509 121714.83
510 121710.06
511 121711.97
512 121704.10
513 121569.87
514 121711.97
515 121703.15
516 121698.86
517 121706.96
518 121699.81
519 121681.93
520 121704.82
521 121701.00
522 121699.09
523 121692.90
524 121694.09
525 121696.95
526 121701.96
527 121690.03
528 121690.99
529 121694.09
530 121723.89
531 121586.08
532 121722.94
533 121583.22
534 121722.22
535 121727.94
536 121725.80
537 121613.98
538 121607.07
539 121749.88
540 121749.88
541 121747.97
542 121744.16
543 121745.11
544 121731.04
545 121727.94
546 121589.90
547 121588.95
548 121717.93
549 121726.04
550 121721.98
551 121734.14
552 121788.02
553 121609.93
554 121751.07
555 121598.96
556 121599.20
557 121603.01
558 121599.91
559 121631.86
560 121612.07
561 121609.93
562 121603.97
563 121609.93
564 121611.12
565 121605.87
566 121611.83
567 121605.16
568 121544.84
569 121608.02
570 121630.91
571 121631.86
572 121647.12
573 121522.90
574 121664.05
