2750
0 121255.16
1 121148.11
2 121119.02
3 121069.91
4 121072.05
5 121121.17
6 121124.03
7 121124.98
8 121080.16
9 121108.06
10 121129.99
11 121104.96
12 121136.90
13 121109.01
14 121081.11
15 121107.10
16 121086.12
17 121136.90
18 121089.22
19 121111.87
20 121115.21
21 121107.82
22 121110.92
23 121108.06
24 121100.90
25 121115.92
26 121124.03
27 121104.96
28 121123.08
29 121109.96
30 121119.02
31 121106.86
32 121109.96
33 121104.00
34 121079.92
35 121047.02
36 121129.99
37 121122.84
38 121118.07
39 121065.86
40 121073.96
41 121099.00
42 121135.00
43 121123.08
44 121112.11
45 121109.96
46 121112.11
47 121126.89
48 121119.98
49 121110.20
50 121121.17
51 121105.91
52 121109.96
53 121108.06
54 121083.02
55 121044.87
56 121118.78
57 121106.86
58 121104.00
59 121151.92
60 121112.11
61 121071.82
62 121109.01
63 121092.08
64 121112.11
65 121119.02
66 121154.07
67 121108.06
68 121108.06
69 121109.96
70 121113.06
71 121124.98
72 121091.84
73 121099.95
74 121075.15
75 121114.02
76 121128.08
77 121099.00
78 121115.92
79 121176.96
80 121114.97
81 121078.01
82 121143.10
83 121116.88
84 121131.90
85 121112.11
86 121115.92
87 121109.01
88 121106.86
89 121100.90
90 121109.96
91 121111.15
92 121109.96
93 121135.00
94 120917.08
95 120891.09
96 120918.99
97 121028.90
98 120998.86
99 121047.02
100 121054.17
101 121068.00
102 121077.06
103 121363.88
104 120903.97
105 120936.16
106 120953.80
107 121808.77
108 120933.77
109 121174.10
110 120960.00
111 120884.90
112 121007.92
113 120886.09
114 121136.19
115 121091.13
116 121197.94
117 120926.14
118 121278.05
119 121483.09
120 120826.01
121 121299.98
122 121129.99
123 120913.03
124 121101.14
125 120874.88
126 121096.13
127 120787.14
128 121246.81
129 121192.93
130 121557.95
131 121425.15
132 120851.04
133 121043.92
134 121162.89
135 121107.10
136 121795.89
137 120829.11
138 120960.00
139 121042.97
140 121027.95
141 121495.01
142 121181.96
143 121673.82
144 121434.93
145 121101.86
146 121046.07
147 121268.03
148 121134.04
149 121063.95
150 121195.08
151 121146.92
152 121000.05
153 121530.06
154 121437.07
155 120938.06
156 120810.99
157 121268.03
158 121484.04
159 121349.10
160 120754.96
161 121571.06
162 120728.97
163 121130.94
164 121667.86
165 121196.03
166 121042.01
167 120994.09
168 121177.91
169 121417.05
170 121448.99
171 121726.99
172 120849.13
173 121020.79
174 120795.01
175 121361.02
176 120891.09
177 121088.03
178 121201.04
179 121241.09
180 120925.90
181 121264.93
182 121378.90
183 121237.99
184 121690.03
185 121000.05
186 120929.96
187 121678.11
188 121042.97
189 121224.88
190 121126.89
191 121376.99
192 121546.98
193 121496.92
194 120851.99
195 120913.98
196 120888.95
197 121097.09
198 121759.89
199 121217.97
200 121048.93
201 121077.06
202 120764.02
203 121978.04
204 121113.06
205 121222.02
206 121696.95
207 121080.16
208 121481.90
209 120820.05
210 120862.01
211 121476.89
212 120820.05
213 120932.82
214 121334.08
215 120856.05
216 121490.00
217 121618.99
218 121262.07
219 120979.07
220 121418.95
221 121163.85
222 121120.93
223 121186.02
224 121043.92
225 121332.88
226 121525.05
227 121060.13
228 120952.13
229 121240.14
230 121363.88
231 121711.97
232 121137.86
233 121507.88
234 121571.06
235 121016.03
236 121166.94
237 120871.07
238 121272.09
239 122122.05
240 121680.02
241 121356.01
242 120910.17
243 121007.92
244 121685.03
245 121659.04
246 121299.03
247 121119.98
248 121299.03
249 120924.95
250 121431.11
251 121242.05
252 120874.88
253 121468.07
254 121214.87
255 121418.00
256 121243.95
257 120924.00
258 121032.95
259 120868.92
260 121293.07
261 121165.04
262 121039.15
263 121525.05
264 121176.00
265 120826.01
266 121485.95
267 121341.94
268 121123.08
269 121130.94
270 121177.91
271 121040.82
272 121370.08
273 120826.96
274 121646.88
275 121148.11
276 120939.97
277 120805.03
278 121049.88
279 121248.01
280 121393.92
281 121094.94
282 121430.87
283 121008.87
284 121356.96
285 120764.02
286 120958.09
287 121713.16
288 120958.09
289 121021.99
290 120962.14
291 120877.03
292 120892.05
293 120929.00
294 120811.94
295 121131.90
296 120970.01
297 120892.05
298 120704.17
299 120847.94
300 121418.95
301 120994.09
302 121084.93
303 120835.07
304 121511.94
305 121068.00
306 121183.16
307 120677.95
308 121389.15
309 120892.05
310 121118.07
311 121754.88
312 121022.94
313 120880.84
314 120991.95
315 120985.98
316 121144.06
317 121651.89
318 120731.12
319 122226.95
320 121401.07
321 121870.04
322 121937.04
323 120898.01
324 120675.80
325 121097.09
326 121112.11
327 121946.81
328 121249.20
329 120738.03
330 121112.11
331 121271.85
332 121340.99
333 121028.90
334 120678.19
335 121265.89
336 121178.87
337 121148.11
338 120918.99
339 121430.16
340 121124.03
341 121019.12
342 120898.96
343 120987.18
344 120705.84
345 122128.01
346 121083.97
347 121308.09
348 121037.96
349 120954.99
350 120868.92
351 121130.94
352 121458.05
353 120788.81
354 121279.95
355 121387.96
356 120756.15
357 120866.06
358 121347.19
359 121062.99
360 120816.23
361 121425.87
362 121042.97
363 120913.98
364 121182.92
365 121162.18
366 121187.93
367 121272.80
368 121857.88
369 121469.97
370 121960.16
371 121159.08
372 120868.92
373 121237.99
374 121481.90
375 121088.98
376 122449.16
377 120757.82
378 121107.10
379 120868.21
380 120883.23
381 121099.00
382 121160.03
383 120973.83
384 121177.91
385 120734.93
386 121307.85
387 121335.03
388 121921.06
389 121626.14
390 121696.00
391 121778.96
392 121478.80
393 121294.02
394 121295.93
395 121144.06
396 120857.00
397 121129.99
398 121621.13
399 121479.99
400 120882.03
401 120962.86
402 120863.20
403 121739.86
404 120923.04
405 121701.00
406 121567.96
407 121701.96
408 121253.01
409 121764.90
410 121153.12
411 121760.85
412 121258.02
413 121515.04
414 121212.96
415 121291.88
416 120823.14
417 121294.02
418 121143.10
419 121113.06
420 121294.98
421 120829.11
422 121074.91
423 121074.91
424 121453.05
425 121817.83
426 121225.83
427 121690.03
428 120965.96
429 120911.84
430 121665.00
431 120917.08
432 121526.00
433 121434.93
434 122015.95
435 121556.04
436 121171.95
437 121411.09
438 121551.99
439 121029.14
440 121186.97
441 120955.94
442 121624.95
443 121029.14
444 121589.90
445 121048.93
446 120887.99
447 121107.10
448 121326.92
449 120934.01
450 121216.06
451 121321.92
452 120930.91
453 120960.00
454 121139.05
455 120835.07
456 120661.02
457 121760.13
458 120931.86
459 121317.15
460 121072.05
461 120999.10
462 121207.00
463 120941.88
464 121759.18
465 121228.22
466 121424.20
467 121576.07
468 121331.21
469 121273.99
470 120877.03
471 121247.05
472 121572.02
473 121269.94
474 121168.85
475 121460.91
476 121520.04
477 120884.90
478 121299.98
479 120867.97
480 121103.05
481 121100.90
482 121212.01
483 121192.93
484 120911.84
485 121521.00
486 121257.07
487 121536.97
488 121527.91
489 122015.00
490 121010.07
491 121132.85
492 121160.98
493 121644.02
494 121245.15
495 121080.88
496 121306.90
497 121059.89
498 120944.98
499 121208.91
500 120770.93
501 121416.09
502 120889.90
503 120867.97
504 121303.80
505 121556.04
506 121113.78
507 120769.02
508 120925.90
509 120894.91
510 120844.84
511 121068.95
512 121237.99
513 121360.78
514 120987.18
515 120802.88
516 121048.93
517 121396.06
518 120962.86
519 121208.91
520 121350.05
521 121901.99
522 122502.80
523 121519.09
524 121025.09
525 120998.14
526 120980.02
527 121750.12
528 122230.05
529 121387.96
530 122030.97
531 121618.99
532 121567.01
533 121447.09
534 121990.92
535 120969.06
536 121385.81
537 120724.92
538 121088.98
539 121104.00
540 121279.95
541 121109.96
542 120958.81
543 120795.01
544 120932.10
545 121526.96
546 121361.97
547 120829.11
548 121181.96
549 121147.16
550 121433.97
551 121277.09
552 121465.92
553 121273.99
554 121284.01
555 121320.96
556 121107.10
557 121062.04
558 120964.05
559 120927.10
560 120973.83
561 120857.95
562 121057.03
563 121099.00
564 121339.08
565 121537.92
566 121517.90
567 120963.10
568 120831.01
569 122071.98
570 121355.06
571 121047.97
572 120987.89
573 121014.83
574 121268.03
575 121128.08
576 120895.86
577 120774.03
578 121468.07
579 120970.01
580 120875.84
581 120826.01
582 121271.13
583 121595.86
584 121570.11
585 121510.03
586 121151.92
587 121236.09
588 120936.87
589 121241.09
590 121059.89
591 121073.01
592 121008.87
593 121189.83
594 121055.84
595 121052.98
596 121240.85
597 121173.14
598 120903.97
599 120877.03
600 121021.99
601 121042.97
602 121179.10
603 120836.02
604 121198.18
605 121388.91
606 121575.83
607 121659.99
608 121491.91
609 120970.01
610 121285.92
611 121299.98
612 121071.10
613 120949.98
614 121367.93
615 121306.90
616 120888.95
617 121001.96
618 121510.98
619 121289.01
620 120934.96
621 120910.88
622 121458.05
623 121065.86
624 121107.10
625 120892.05
626 121533.16
627 121370.08
628 120831.01
629 120822.91
630 121888.88
631 121405.84
632 121052.98
633 121545.08
634 121219.16
635 121233.94
636 121486.90
637 121499.06
638 121196.03
639 120936.87
640 121193.89
641 120757.10
642 120929.96
643 121738.91
644 121855.02
645 121104.00
646 121126.89
647 121155.98
648 121052.03
649 120856.05
650 120973.83
651 121202.95
652 121119.02
653 120748.04
654 120881.08
655 120893.00
656 121218.20
657 121293.07
658 121206.05
659 121296.88
660 120763.06
661 121020.08
662 121237.04
663 121006.97
664 121388.91
665 121290.92
666 121440.89
667 121458.05
668 121603.97
669 120931.86
670 120910.88
671 121019.12
672 120899.92
673 120903.97
674 121366.02
675 120962.14
676 120965.00
677 121023.89
678 121064.90
679 121404.89
680 121092.08
681 120800.02
682 121104.96
683 120841.03
684 121162.18
685 121592.04
686 121546.03
687 120945.93
688 121304.99
689 121395.83
690 121058.94
691 121101.86
692 121179.10
693 121013.16
694 120863.91
695 120985.98
696 121075.87
697 121588.95
698 121584.89
699 121156.93
700 121183.16
701 121253.01
702 120920.18
703 122201.92
704 121593.95
705 120769.02
706 121476.17
707 121228.93
708 121280.91
709 120870.83
710 121889.11
711 120924.95
712 121526.96
713 121313.10
714 121011.02
715 121931.08
716 121047.97
717 121484.99
718 120868.92
719 121068.00
720 121599.91
721 120952.84
722 120955.94
723 120975.02
724 121636.15
725 121175.05
726 121042.97
727 121294.98
728 121400.83
729 121171.00
730 121334.08
731 120891.09
732 120942.83
733 121108.06
734 121660.95
735 120891.81
736 120761.87
737 121636.15
738 120955.94
739 121530.06
740 120978.12
741 121040.11
742 121158.12
743 120871.07
744 120694.88
745 121514.08
746 121190.07
747 122324.94
748 121412.04
749 121049.17
750 121249.91
751 120731.12
752 121282.10
753 121172.90
754 121108.06
755 121524.10
756 121328.12
757 121386.05
758 121010.07
759 120926.86
760 120800.97
761 121175.05
762 121201.99
763 121385.10
764 121207.95
765 121139.05
766 121479.03
767 121366.02
768 121021.99
769 121243.00
770 120786.91
771 120949.98
772 121239.90
773 121547.94
774 120919.94
775 121001.01
776 121484.04
777 121294.98
778 121281.15
779 120759.01
780 120993.14
781 121043.92
782 121047.02
783 121265.89
784 120815.99
785 120996.00
786 121178.15
787 121251.11
788 121437.07
789 121525.05
790 120859.86
791 121430.16
792 121087.07
793 120996.00
794 121294.98
795 121141.20
796 121102.81
797 121432.78
798 121499.06
799 121761.08
800 121757.98
801 120838.88
802 121475.93
803 121079.92
804 121103.05
805 121916.06
806 121618.03
807 121564.87
808 122112.99
809 121738.91
810 121318.10
811 121414.90
812 121117.83
813 120898.01
814 121707.92
815 121757.03
816 121294.98
817 121635.91
818 121286.15
819 121065.86
820 120944.98
821 121004.10
822 121103.05
823 121310.95
824 121338.13
825 121277.09
826 121263.98
827 121533.87
828 121290.92
829 121351.96
830 121043.92
831 121961.12
832 121176.96
833 120944.98
834 121209.86
835 121512.89
836 121469.02
837 121168.14
838 121144.06
839 121217.01
840 121053.93
841 121588.95
842 121779.20
843 121512.89
844 121099.00
845 120874.17
846 121376.99
847 120985.03
848 121477.84
849 121509.08
850 120714.90
851 121546.98
852 121558.90
853 120837.93
854 121304.04
855 120774.03
856 121010.07
857 121546.98
858 120805.98
859 120878.93
860 122248.17
861 121392.01
862 120881.08
863 121109.01
864 120966.91
865 121494.05
866 121621.13
867 121053.93
868 121070.15
869 120933.06
870 121041.06
871 120880.84
872 121300.94
873 121040.11
874 121520.04
875 121635.91
876 120836.97
877 120790.96
878 121492.15
879 121320.01
880 121145.96
881 121184.11
882 121064.19
883 120912.08
884 121307.13
885 121239.90
886 121114.02
887 121716.02
888 120867.01
889 121526.00
890 120803.12
891 121101.86
892 121273.99
893 120877.03
894 121258.02
895 121466.88
896 120918.04
897 121044.16
898 121098.04
899 121021.99
900 121099.95
901 120962.86
902 121234.89
903 121116.88
904 120940.92
905 121968.03
906 121896.98
907 120937.82
908 121492.86
909 121560.10
910 121258.02
911 121001.96
912 121256.83
913 121249.91
914 121186.97
915 121538.88
916 121500.02
917 121000.77
918 120969.77
919 121277.09
920 121207.95
921 120991.95
922 121063.95
923 121559.14
924 121490.96
925 121634.01
926 121903.90
927 121411.09
928 121424.91
929 121618.03
930 121092.80
931 121648.07
932 121163.13
933 120960.00
934 120916.13
935 121380.09
936 120836.02
937 121558.19
938 120949.98
939 121105.91
940 121096.85
941 120916.84
942 121320.96
943 121199.13
944 121364.12
945 121306.90
946 121211.05
947 121559.14
948 121284.01
949 121392.97
950 121742.96
951 121086.12
952 120995.04
953 121151.92
954 121308.09
955 121398.21
956 121460.91
957 121161.94
958 121100.19
959 121349.81
960 121643.07
961 121108.06
962 121331.93
963 121329.07
964 121490.96
965 121135.95
966 121368.89
967 121660.95
968 121240.85
969 121441.84
970 121106.15
971 121420.86
972 121237.04
973 121373.18
974 121643.07
975 121464.01
976 121237.04
977 121293.07
978 121428.01
979 121062.04
980 121060.85
981 121844.05
982 120971.20
983 121152.88
984 121902.94
985 121301.89
986 121461.87
987 121340.99
988 120996.95
989 121355.06
990 120882.03
991 121297.84
992 121583.94
993 121414.90
994 121335.98
995 122042.89
996 120826.96
997 121034.86
998 120990.04
999 121274.95
1000 121131.90
1001 120846.99
1002 121883.87
1003 120889.90
1004 121206.05
1005 120944.98
1006 120995.04
1007 121160.03
1008 121859.07
1009 120872.02
1010 121267.80
1011 120822.19
1012 121701.00
1013 121278.05
1014 121093.99
1015 120985.03
1016 121397.02
1017 121298.07
1018 121263.98
1019 121149.06
1020 121528.86
1021 121740.82
1022 121109.96
1023 122219.09
1024 121489.05
1025 121946.81
1026 121062.04
1027 121495.01
1028 121015.07
1029 121022.94
1030 121261.84
1031 122250.80
1032 121649.03
1033 121471.88
1034 120980.02
1035 121243.95
1036 121712.92
1037 121178.15
1038 120975.02
1039 120815.99
1040 120953.08
1041 121008.87
1042 121184.11
1043 121754.88
1044 121016.03
1045 121191.02
1046 121193.89
1047 122226.00
1048 121568.92
1049 121074.91
1050 121690.03
1051 121090.89
1052 121485.95
1053 120981.93
1054 121500.02
1055 121778.96
1056 121284.96
1057 121433.02
1058 121500.02
1059 121466.88
1060 121094.94
1061 121437.07
1062 120817.90
1063 121166.94
1064 121017.93
1065 121346.00
1066 121983.05
1067 121478.80
1068 121073.01
1069 120973.11
1070 121520.04
1071 120944.02
1072 121242.05
1073 121017.93
1074 120787.86
1075 121765.85
1076 121474.03
1077 121301.17
1078 121894.12
1079 121318.10
1080 121289.97
1081 121472.12
1082 121853.11
1083 121253.01
1084 121361.97
1085 121438.03
1086 121427.06
1087 121892.93
1088 121252.06
1089 121280.19
1090 120946.88
1091 121469.97
1092 121229.89
1093 120706.08
1094 120925.90
1095 121300.94
1096 121077.06
1097 121304.99
1098 121093.99
1099 120914.94
1100 120869.87
1101 121195.08
1102 120873.93
1103 121557.95
1104 121312.14
1105 121263.03
1106 121393.92
1107 122131.11
1108 121488.09
1109 121952.06
1110 121891.02
1111 121047.97
1112 121576.07
1113 121396.06
1114 120935.92
1115 121466.88
1116 121696.00
1117 121283.05
1118 120932.10
1119 121196.99
1120 121170.04
1121 121350.05
1122 120970.01
1123 121197.94
1124 121551.99
1125 121153.83
1126 121168.85
1127 121071.10
1128 121119.02
1129 121425.15
1130 121192.93
1131 120852.95
1132 121371.98
1133 121264.93
1134 121181.01
1135 121408.94
1136 121479.03
1137 122016.19
1138 120859.15
1139 121066.09
1140 121391.06
1141 121907.95
1142 121677.88
1143 121608.02
1144 121063.23
1145 120966.20
1146 121159.08
1147 121373.18
1148 121422.05
1149 121185.06
1150 121702.19
1151 122525.93
1152 121507.88
1153 121212.01
1154 121206.05
1155 120939.97
1156 121582.03
1157 120902.06
1158 121857.88
1159 121623.99
1160 120980.98
1161 120832.92
1162 121247.05
1163 121659.99
1164 121120.21
1165 121950.86
1166 121585.85
1167 121039.87
1168 121130.94
1169 121841.91
1170 121821.88
1171 120851.04
1172 121958.02
1173 121378.90
1174 121263.98
1175 121243.00
1176 121263.03
1177 121227.03
1178 121269.23
1179 121565.10
1180 121233.94
1181 121018.89
1182 121268.99
1183 120944.98
1184 121526.96
1185 121239.90
1186 120967.15
1187 121563.91
1188 121015.07
1189 121989.01
1190 122313.02
1191 121294.02
1192 122323.99
1193 121227.98
1194 121752.98
1195 121224.16
1196 121082.07
1197 122179.99
1198 121357.92
1199 122314.93
1200 120810.99
1201 121619.94
1202 121342.90
1203 121142.15
1204 121088.98
1205 121030.09
1206 121033.91
1207 121405.84
1208 121423.96
1209 121172.90
1210 121263.03
1211 121371.03
1212 121435.88
1213 121252.06
1214 121499.06
1215 121298.07
1216 121290.92
1217 121518.85
1218 121351.00
1219 121603.01
1220 121423.01
1221 121099.00
1222 120981.93
1223 121232.03
1224 121145.96
1225 122090.10
1226 121671.20
1227 121715.07
1228 120822.91
1229 121186.02
1230 121562.00
1231 121620.18
1232 121203.90
1233 120947.12
1234 121384.14
1235 121311.19
1236 121009.83
1237 121684.07
1238 121189.12
1239 121138.10
1240 121407.03
1241 121334.08
1242 121338.13
1243 121158.12
1244 122344.02
1245 121324.06
1246 120993.85
1247 120956.90
1248 121005.06
1249 120909.93
1250 121254.92
1251 121567.01
1252 121291.16
1253 121223.93
1254 121414.18
1255 121203.90
1256 121387.00
1257 121272.09
1258 121566.77
1259 121442.08
1260 121473.07
1261 121113.06
1262 121165.99
1263 121220.11
1264 121145.01
1265 122363.09
1266 121451.85
1267 121101.14
1268 121272.09
1269 121193.17
1270 121151.92
1271 121260.17
1272 121134.04
1273 121457.10
1274 121432.07
1275 120982.89
1276 121178.87
1277 121111.15
1278 121320.96
1279 121232.99
1280 121587.04
1281 121508.12
1282 121491.91
1283 121448.99
1284 121368.89
1285 121295.93
1286 121664.05
1287 121185.06
1288 121146.92
1289 121344.09
1290 121298.07
1291 121115.92
1292 120858.91
1293 121499.06
1294 121037.01
1295 120960.95
1296 121212.96
1297 120942.83
1298 121301.17
1299 121065.86
1300 121069.91
1301 121200.08
1302 122401.00
1303 121544.84
1304 120795.97
1305 121289.97
1306 121167.90
1307 121739.86
1308 121403.93
1309 121308.09
1310 121327.88
1311 121379.14
1312 122150.90
1313 121564.15
1314 121253.01
1315 121212.96
1316 121020.08
1317 121303.80
1318 121390.10
1319 120791.20
1320 121191.02
1321 120905.88
1322 120947.12
1323 121332.88
1324 121129.99
1325 121521.95
1326 120906.83
1327 121649.03
1328 121114.97
1329 120960.95
1330 121442.79
1331 121276.86
1332 121135.95
1333 121127.84
1334 120864.87
1335 120893.00
1336 121142.15
1337 122068.88
1338 121065.14
1339 120939.02
1340 121057.03
1341 121421.81
1342 121791.12
1343 121420.86
1344 121220.11
1345 121268.03
1346 121653.08
1347 121187.93
1348 120996.00
1349 120908.02
1350 121448.99
1351 121299.98
1352 120870.83
1353 121329.07
1354 121084.93
1355 121213.91
1356 121634.01
1357 121728.90
1358 121576.07
1359 120859.86
1360 121222.97
1361 121320.01
1362 121471.88
1363 121112.11
1364 121273.99
1365 120961.90
1366 121473.07
1367 121249.91
1368 121438.03
1369 121180.06
1370 120913.03
1371 121168.14
1372 121186.02
1373 120890.86
1374 121541.02
1375 121122.12
1376 121665.00
1377 121139.05
1378 120882.99
1379 121346.95
1380 121528.86
1381 121278.05
1382 121142.15
1383 121375.08
1384 121074.91
1385 121340.04
1386 121037.01
1387 121166.94
1388 121253.97
1389 121051.79
1390 121105.19
1391 120793.10
1392 120874.17
1393 121293.07
1394 122037.89
1395 121047.97
1396 121303.80
1397 121492.86
1398 120864.15
1399 120877.98
1400 121803.05
1401 121273.99
1402 121153.83
1403 120935.20
1404 121870.99
1405 121157.88
1406 121077.06
1407 121009.83
1408 121225.12
1409 121196.03
1410 120846.99
1411 120885.13
1412 121598.96
1413 120957.85
1414 121102.09
1415 122023.82
1416 121082.07
1417 120934.01
1418 120884.90
1419 121662.14
1420 120839.83
1421 121253.01
1422 121315.00
1423 120769.02
1424 121121.88
1425 121304.04
1426 121201.04
1427 121222.02
1428 121174.81
1429 121270.18
1430 120857.00
1431 121124.98
1432 121706.96
1433 121278.05
1434 120932.10
1435 121117.12
1436 121369.12
1437 121670.96
1438 121267.08
1439 121792.08
1440 121390.10
1441 121146.92
1442 120986.94
1443 121313.81
1444 121159.08
1445 121656.89
1446 121649.98
1447 121613.98
1448 120787.86
1449 121258.02
1450 121271.13
1451 121578.93
1452 121051.07
1453 120856.05
1454 121502.88
1455 121557.00
1456 121019.84
1457 121435.17
1458 121617.08
1459 120786.19
1460 121237.04
1461 121170.04
1462 121028.90
1463 121014.83
1464 121472.84
1465 121352.91
1466 121556.04
1467 121619.94
1468 121625.90
1469 121330.02
1470 120887.04
1471 121177.91
1472 121120.93
1473 120997.91
1474 121151.92
1475 121419.91
1476 120822.91
1477 121329.07
1478 121626.14
1479 121304.04
1480 121500.02
1481 121217.97
1482 120903.97
1483 121320.96
1484 121329.07
1485 121084.93
1486 121042.01
1487 121448.04
1488 121525.05
1489 121488.81
1490 121665.00
1491 121279.95
1492 121523.86
1493 121406.08
1494 122076.03
1495 121073.96
1496 121393.92
1497 121201.99
1498 122054.10
1499 121402.03
1500 121545.08
1501 121011.02
1502 122106.08
1503 121137.86
1504 120942.12
1505 120944.02
1506 121403.93
1507 121095.18
1508 121093.99
1509 121752.98
1510 121690.99
1511 121165.99
1512 121470.93
1513 121344.09
1514 121510.03
1515 121253.97
1516 121251.11
1517 120990.99
1518 120950.94
1519 120998.86
1520 121258.02
1521 121117.83
1522 121425.87
1523 121100.90
1524 120857.00
1525 121065.14
1526 120898.01
1527 121808.05
1528 120872.97
1529 121160.03
1530 120943.07
1531 121389.87
1532 121064.90
1533 121140.00
1534 120759.01
1535 121073.96
1536 121493.10
1537 120780.23
1538 120965.00
1539 121260.17
1540 121173.14
1541 121127.13
1542 121505.02
1543 121561.05
1544 121619.94
1545 121557.95
1546 120988.13
1547 121389.87
1548 121368.17
1549 121382.00
1550 121386.05
1551 121088.98
1552 120877.98
1553 120995.04
1554 121035.10
1555 121042.01
1556 120959.04
1557 121075.87
1558 121052.98
1559 121361.02
1560 120865.11
1561 121551.99
1562 121080.88
1563 121273.99
1564 120921.13
1565 121647.83
1566 121681.93
1567 120962.14
1568 121284.96
1569 121112.82
1570 121248.01
1571 121119.02
1572 121279.00
1573 121574.88
1574 120871.78
1575 121301.17
1576 121261.84
1577 121349.10
1578 121208.91
1579 121095.90
1580 121037.96
1581 121371.98
1582 121159.08
1583 120954.04
1584 121021.99
1585 121026.04
1586 121733.90
1587 121344.09
1588 121584.18
1589 120956.90
1590 120784.04
1591 120838.88
1592 121058.23
1593 121193.17
1594 121777.06
1595 121065.86
1596 121564.15
1597 121390.10
1598 120768.79
1599 121553.90
1600 122437.00
1601 121177.91
1602 120943.07
1603 121517.90
1604 121024.13
1605 120921.85
1606 120934.96
1607 121108.06
1608 121149.06
1609 121527.19
1610 121737.96
1611 120867.97
1612 121547.94
1613 121448.99
1614 121171.95
1615 121140.00
1616 121925.12
1617 120925.19
1618 121223.93
1619 121037.01
1620 121127.84
1621 121270.90
1622 121243.00
1623 121731.04
1624 121114.02
1625 121491.91
1626 122199.06
1627 121284.01
1628 120973.11
1629 121294.02
1630 121211.05
1631 121088.03
1632 121603.01
1633 121447.09
1634 121405.84
1635 121397.97
1636 121198.89
1637 121384.86
1638 120680.81
1639 122075.08
1640 122421.03
1641 121000.05
1642 121330.02
1643 121325.97
1644 121201.04
1645 121179.10
1646 120994.09
1647 121681.93
1648 121732.00
1649 121213.91
1650 120946.88
1651 121552.94
1652 120881.08
1653 121228.93
1654 121675.01
1655 121289.01
1656 121459.96
1657 121470.93
1658 121183.16
1659 121193.89
1660 121429.92
1661 121411.09
1662 120738.03
1663 121317.86
1664 120868.21
1665 121433.02
1666 121171.95
1667 120977.88
1668 120862.96
1669 121128.08
1670 121536.02
1671 121067.05
1672 120924.00
1673 121207.95
1674 121234.89
1675 120811.22
1676 121340.99
1677 121253.97
1678 121196.99
1679 121737.00
1680 121615.89
1681 121773.96
1682 120780.94
1683 121607.07
1684 121304.04
1685 120965.96
1686 121609.93
1687 121324.06
1688 121368.89
1689 120983.12
1690 121191.98
1691 120717.05
1692 121222.97
1693 121235.85
1694 121771.10
1695 120806.93
1696 121192.93
1697 120822.91
1698 120882.99
1699 121685.98
1700 121145.01
1701 121069.91
1702 120772.12
1703 121593.95
1704 121738.91
1705 121692.90
1706 121605.16
1707 121083.97
1708 121867.18
1709 121899.84
1710 121683.84
1711 120923.04
1712 122087.00
1713 120991.23
1714 120730.16
1715 121103.05
1716 120988.13
1717 120942.83
1718 121078.01
1719 121549.13
1720 120913.03
1721 121305.94
1722 121151.92
1723 121577.98
1724 121361.02
1725 120967.86
1726 121166.94
1727 120964.05
1728 121466.88
1729 120782.14
1730 121060.13
1731 121473.07
1732 121356.01
1733 121246.81
1734 121210.81
1735 121244.19
1736 121829.03
1737 121062.99
1738 120827.91
1739 121963.02
1740 121064.19
1741 121413.95
1742 122183.08
1743 121086.12
1744 121320.01
1745 121032.95
1746 121268.03
1747 121149.06
1748 121203.90
1749 121056.08
1750 121119.98
1751 121314.05
1752 121510.98
1753 121231.79
1754 121006.97
1755 120795.97
1756 121042.97
1757 121372.94
1758 120927.10
1759 121567.96
1760 120826.96
1761 120997.91
1762 121141.91
1763 121883.15
1764 121026.99
1765 121673.11
1766 120863.91
1767 121556.04
1768 120929.96
1769 121079.92
1770 121032.00
1771 121337.18
1772 121725.80
1773 121488.81
1774 121117.12
1775 120913.03
1776 121036.05
1777 120879.89
1778 121454.00
1779 121071.10
1780 121355.06
1781 120821.00
1782 121513.84
1783 120945.93
1784 121132.85
1785 121268.03
1786 121902.94
1787 121174.10
1788 121485.95
1789 120967.15
1790 121050.12
1791 121037.01
1792 121564.87
1793 121481.90
1794 121582.03
1795 121670.01
1796 120965.96
1797 121071.82
1798 121082.07
1799 120987.89
1800 122098.92
1801 120882.03
1802 121391.06
1803 121306.18
1804 121415.14
1805 121546.03
1806 121570.11
1807 121211.05
1808 120968.82
1809 121298.07
1810 121527.19
1811 121201.04
1812 121041.06
1813 120942.12
1814 121371.03
1815 120851.04
1816 121616.13
1817 121962.07
1818 121131.90
1819 121500.97
1820 121141.91
1821 121146.92
1822 121155.02
1823 121299.98
1824 121599.20
1825 121880.05
1826 120922.80
1827 121201.04
1828 121289.97
1829 120948.79
1830 121757.03
1831 120886.09
1832 121922.02
1833 120884.90
1834 121578.93
1835 121289.97
1836 120821.95
1837 121519.09
1838 122014.05
1839 121047.97
1840 121178.87
1841 121032.95
1842 120930.91
1843 122208.83
1844 121120.93
1845 121210.10
1846 120979.07
1847 121065.14
1848 121403.93
1849 121141.91
1850 121593.95
1851 121521.00
1852 120901.11
1853 121135.00
1854 121217.01
1855 121004.10
1856 121475.93
1857 121397.02
1858 121473.79
1859 120965.96
1860 121809.96
1861 122084.14
1862 121814.97
1863 121069.91
1864 121341.94
1865 121151.92
1866 121175.05
1867 121085.88
1868 121436.12
1869 121327.16
1870 121301.17
1871 121768.95
1872 121403.93
1873 121689.08
1874 121376.99
1875 120940.92
1876 120932.82
1877 121193.17
1878 121423.96
1879 121448.99
1880 121621.13
1881 120836.02
1882 120799.06
1883 121273.04
1884 121360.06
1885 120857.00
1886 121060.13
1887 121210.81
1888 120788.81
1889 121073.01
1890 121016.03
1891 121926.07
1892 120772.84
1893 121033.91
1894 121664.05
1895 120945.93
1896 120875.12
1897 121196.03
1898 121326.92
1899 121199.85
1900 121088.98
1901 121058.94
1902 120934.96
1903 121359.83
1904 121400.83
1905 120886.09
1906 121567.01
1907 121279.95
1908 120851.04
1909 121111.87
1910 121495.96
1911 120849.13
1912 121299.98
1913 121203.90
1914 120817.90
1915 120846.99
1916 121943.00
1917 120971.20
1918 121293.07
1919 120787.86
1920 120820.05
1921 121166.94
1922 120950.94
1923 120970.01
1924 121238.95
1925 120691.06
1926 121230.84
1927 121096.13
1928 121342.90
1929 121145.96
1930 121023.89
1931 120896.10
1932 121170.04
1933 121461.87
1934 120996.95
1935 121372.94
1936 121019.12
1937 121399.16
1938 120932.10
1939 120960.00
1940 121414.90
1941 121016.98
1942 121191.02
1943 120956.90
1944 121050.83
1945 121521.00
1946 121284.01
1947 121661.90
1948 120865.82
1949 120871.07
1950 121239.19
1951 121043.92
1952 121310.00
1953 121268.99
1954 120927.10
1955 121069.91
1956 121355.06
1957 121329.07
1958 121001.01
1959 121759.89
1960 120940.92
1961 121089.94
1962 121368.89
1963 120885.85
1964 122177.12
1965 120647.91
1966 121114.02
1967 120864.87
1968 120785.00
1969 121040.11
1970 121603.97
1971 121046.07
1972 120996.95
1973 121739.86
1974 121342.90
1975 121260.88
1976 121419.19
1977 120901.11
1978 121224.16
1979 120825.05
1980 121409.18
1981 121493.10
1982 121083.97
1983 120946.17
1984 121505.02
1985 120918.04
1986 120904.92
1987 121050.12
1988 121849.06
1989 120874.88
1990 120731.12
1991 121227.98
1992 121567.96
1993 120851.04
1994 120844.13
1995 121154.07
1996 120907.07
1997 121377.94
1998 121320.01
1999 121163.85
2000 121127.84
2001 121350.05
2002 120888.95
2003 121376.04
2004 121207.95
2005 121327.16
2006 120925.19
2007 121466.88
2008 121191.98
2009 121406.08
2010 121398.93
2011 120953.08
2012 121245.86
2013 121070.15
2014 121763.94
2015 120897.05
2016 121556.04
2017 121173.86
2018 121173.14
2019 121892.93
2020 121109.01
2021 121758.94
2022 121167.90
2023 121061.09
2024 121744.16
2025 121011.02
2026 121073.01
2027 121104.00
2028 121263.98
2029 121061.09
2030 121236.80
2031 121619.94
2032 121232.99
2033 121254.92
2034 120924.95
2035 121201.99
2036 120932.10
2037 121054.89
2038 121237.99
2039 121064.90
2040 121220.11
2041 121066.81
2042 120821.95
2043 120961.90
2044 121433.02
2045 121383.19
2046 121222.02
2047 121251.11
2048 121509.08
2049 120917.08
2050 120927.10
2051 121575.83
2052 120772.12
2053 121011.97
2054 121024.13
2055 121300.94
2056 120971.92
2057 121250.15
2058 121093.03
2059 121072.05
2060 121215.82
2061 121087.07
2062 121429.92
2063 120918.99
2064 121250.15
2065 120898.96
2066 120940.92
2067 121097.09
2068 121092.80
2069 121062.99
2070 120930.91
2071 121031.05
2072 121418.95
2073 121189.83
2074 121083.97
2075 121169.09
2076 121078.97
2077 120999.10
2078 121834.04
2079 121111.87
2080 121100.90
2081 121027.95
2082 121154.07
2083 121129.99
2084 121155.98
2085 121032.00
2086 120903.97
2087 121201.04
2088 121164.08
2089 121184.83
2090 121054.89
2091 121075.87
2092 121481.90
2093 121114.02
2094 121091.13
2095 121122.12
2096 120908.02
2097 121004.82
2098 121030.81
2099 121567.01
2100 121121.88
2101 120970.01
2102 121160.98
2103 121059.89
2104 121315.00
2105 121098.04
2106 120924.00
2107 121207.95
2108 121135.00
2109 120969.06
2110 121124.03
2111 121140.00
2112 121088.98
2113 121130.94
2114 121001.01
2115 121131.90
2116 121427.06
2117 121109.96
2118 121276.14
2119 120885.13
2120 121209.14
2121 121957.06
2122 121181.01
2123 121091.84
2124 121199.13
2125 121081.11
2126 121124.03
2127 121145.96
2128 121448.99
2129 121073.01
2130 121097.80
2131 121193.89
2132 121199.13
2133 121219.16
2134 121191.98
2135 121197.94
2136 121194.12
2137 121064.19
2138 121094.94
2139 121191.02
2140 121156.93
2141 121207.00
2142 121194.12
2143 121196.99
2144 121198.89
2145 121142.15
2146 121195.08
2147 121177.91
2148 121187.93
2149 121181.01
2150 121176.00
2151 121165.04
2152 121173.86
2153 121179.10
2154 121174.81
2155 121191.98
2156 121191.98
2157 121215.11
2158 121184.11
2159 121177.91
2160 121175.05
2161 121192.93
2162 121193.17
2163 121187.93
2164 121196.99
2165 121106.86
2166 121186.02
2167 121182.20
2168 121177.91
2169 121165.04
2170 121089.94
2171 121176.96
2172 121174.10
2173 121179.82
2174 121180.06
2175 121183.87
2176 121180.06
2177 121181.01
2178 121175.05
2179 121212.01
2180 121202.95
2181 121206.05
2182 121193.17
2183 121194.84
2184 121207.00
2185 121140.96
2186 121199.85
2187 121200.08
2188 121199.13
2189 121201.04
2190 121191.02
2191 121190.79
2192 121194.12
2193 121204.85
2194 121207.00
2195 121203.90
2196 121192.93
2197 121196.03
2198 121206.05
2199 121198.18
2200 121201.04
2201 121201.04
2202 121204.14
2203 121213.91
2204 121194.12
2205 121119.98
2206 121200.08
2207 121207.00
2208 121201.99
2209 121124.98
2210 121202.95
2211 121201.04
2212 121193.89
2213 121202.95
2214 121194.12
2215 121192.93
2216 121191.02
2217 121191.98
2218 121201.99
2219 121201.99
2220 121204.14
2221 121192.93
2222 121201.99
2223 121114.97
2224 121207.00
2225 121129.99
2226 121193.17
2227 121203.90
2228 121200.08
2229 121200.80
2230 121198.89
2231 121202.95
2232 121194.84
2233 121200.08
2234 121196.99
2235 121193.17
2236 121196.03
2237 121201.99
2238 121201.99
2239 121200.08
2240 121191.02
2241 121199.85
2242 121201.04
2243 121189.12
2244 121198.89
2245 121121.17
2246 121105.91
2247 121190.07
2248 121196.03
2249 121193.89
2250 121190.07
2251 121190.07
2252 121189.12
2253 121190.07
2254 121191.02
2255 121195.08
2256 121191.02
2257 121185.06
2258 121178.87
2259 121187.93
2260 121196.99
2261 121158.84
2262 121225.12
2263 121171.95
2264 121204.14
2265 121123.08
2266 121171.95
2267 121183.16
2268 121221.78
2269 121171.95
2270 121208.91
2271 121176.00
2272 121209.86
2273 121194.12
2274 121203.90
2275 121202.95
2276 121202.95
2277 121195.08
2278 121196.03
2279 121200.08
2280 121196.99
2281 121196.03
2282 121191.98
2283 121188.16
2284 121188.88
2285 121133.09
2286 121181.96
2287 121212.01
2288 121181.01
2289 121186.97
2290 121154.07
2291 121186.02
2292 121153.83
2293 121190.07
2294 121179.82
2295 121171.00
2296 121184.11
2297 121185.06
2298 121181.96
2299 121176.96
2300 121181.96
2301 121096.13
2302 121182.92
2303 121184.11
2304 121176.96
2305 121114.02
2306 121183.16
2307 121186.97
2308 121207.95
2309 121206.05
2310 121218.92
2311 121199.13
2312 121207.00
2313 121202.95
2314 121196.99
2315 121206.05
2316 121200.80
2317 121193.89
2318 121199.13
2319 121198.89
2320 121199.85
2321 121192.93
2322 121196.03
2323 121176.00
2324 121195.08
2325 121128.80
2326 121195.08
2327 121197.22
2328 121180.06
2329 121189.12
2330 121153.83
2331 121191.02
2332 121185.06
2333 121182.92
2334 121186.02
2335 121190.79
2336 121213.91
2337 121189.83
2338 121201.04
2339 121202.95
2340 121196.99
2341 121201.04
2342 121202.95
2343 121197.94
2344 121201.04
2345 121134.04
2346 121196.03
2347 121174.81
2348 121193.89
2349 121194.12
2350 121191.98
2351 121189.83
2352 121176.96
2353 121157.17
2354 121198.89
2355 121196.99
2356 121191.02
2357 121193.89
2358 121192.93
2359 121219.87
2360 121182.20
2361 121165.04
2362 121179.10
2363 121196.03
2364 121181.96
2365 121186.97
2366 121190.07
2367 121158.12
2368 121191.98
2369 121186.97
2370 121110.92
2371 121265.17
2372 121345.04
2373 121200.80
2374 121165.04
2375 121200.08
2376 121196.99
2377 121192.93
2378 121194.12
2379 121201.99
2380 121191.02
2381 121200.80
2382 121193.89
2383 121207.95
2384 121190.79
2385 121133.09
2386 121198.18
2387 121165.04
2388 121199.85
2389 121191.02
2390 121207.00
2391 121201.04
2392 121201.04
2393 121199.85
2394 121181.01
2395 121197.94
2396 121196.99
2397 121188.88
2398 121186.97
2399 121201.99
2400 121186.02
2401 121189.83
2402 121183.16
2403 121187.93
2404 121163.85
2405 121104.00
2406 121213.91
2407 121182.92
2408 121201.04
2409 121143.10
2410 121193.89
2411 121217.01
2412 121207.00
2413 121057.99
2414 121198.89
2415 121198.89
2416 121204.14
2417 121203.90
2418 121194.12
2419 121195.08
2420 121208.91
2421 121201.99
2422 121192.93
2423 121207.95
2424 121150.97
2425 121179.10
2426 121217.97
2427 121152.16
2428 121198.89
2429 121194.12
2430 121203.90
2431 121194.12
2432 121194.84
2433 121202.95
2434 121214.15
2435 121198.89
2436 121195.08
2437 121191.98
2438 121202.95
2439 121183.16
2440 121183.87
2441 121185.78
2442 121187.93
2443 121188.88
2444 121186.02
2445 121155.98
2446 121186.97
2447 121142.86
2448 121177.20
2449 121176.00
2450 121190.79
2451 121181.01
2452 121187.93
2453 121184.11
2454 121182.92
2455 121190.07
2456 121201.04
2457 121179.10
2458 121170.04
2459 121182.92
2460 121186.97
2461 121191.02
2462 121203.90
2463 121182.20
2464 121126.17
2465 121181.01
2466 121188.16
2467 121153.83
2468 121186.97
2469 121190.79
2470 121208.91
2471 121196.99
2472 121201.99
2473 121207.00
2474 121207.95
2475 121200.08
2476 121188.88
2477 121196.99
2478 121195.08
2479 121198.89
2480 121199.13
2481 121207.95
2482 121193.89
2483 121201.04
2484 121198.18
2485 121203.90
2486 121193.89
2487 121168.14
2488 121188.16
2489 121177.91
2490 121177.91
2491 121154.07
2492 121186.02
2493 121180.06
2494 121174.10
2495 121176.96
2496 121188.16
2497 121186.02
2498 121186.02
2499 121177.91
2500 121184.11
2501 121171.95
2502 121185.06
2503 121192.93
2504 121191.02
2505 121156.93
2506 121178.15
2507 121151.92
2508 121183.87
2509 121176.00
2510 121186.02
2511 121195.08
2512 121191.98
2513 121197.94
2514 121186.97
2515 121186.02
2516 121186.97
2517 121184.11
2518 121196.03
2519 121182.92
2520 121163.13
2521 121187.93
2522 121178.15
2523 121181.01
2524 121186.02
2525 121202.95
2526 121192.93
2527 121139.05
2528 121205.81
2529 121171.00
2530 121136.19
2531 121145.96
2532 121186.02
2533 121175.05
2534 121154.07
2535 121183.87
2536 121182.20
2537 121187.93
2538 121172.90
2539 121197.94
2540 121203.90
2541 121201.04
2542 121200.80
2543 121204.85
2544 121196.99
2545 121188.88
2546 121201.99
2547 121075.87
2548 121217.97
2549 121200.80
2550 121220.11
2551 121194.84
2552 121189.12
2553 121191.02
2554 121195.08
2555 121191.02
2556 121182.92
2557 121180.06
2558 121201.99
2559 121178.15
2560 121188.16
2561 121179.82
2562 121175.05
2563 121198.89
2564 121176.96
2565 121184.11
2566 121178.87
2567 121167.90
2568 121176.00
2569 121198.89
2570 121177.91
2571 121194.84
2572 121201.99
2573 121202.95
2574 121182.20
2575 121197.94
2576 121186.97
2577 121232.03
2578 121201.99
2579 121201.99
2580 121181.96
2581 121215.11
2582 121196.03
2583 121207.00
2584 121203.18
2585 121213.91
2586 121196.03
2587 121176.96
2588 121194.12
2589 121196.03
2590 121201.99
2591 121201.99
2592 121197.94
2593 121196.99
2594 121191.98
2595 121201.04
2596 121194.12
2597 121199.85
2598 121199.13
2599 121205.09
2600 121192.93
2601 121191.02
2602 121201.04
2603 121191.02
2604 121194.12
2605 121132.85
2606 121186.97
2607 121160.03
2608 121152.88
2609 121181.96
2610 121179.82
2611 121103.05
2612 121171.00
2613 121190.07
2614 121183.87
2615 121190.07
2616 121187.93
2617 121183.16
2618 121196.03
2619 121185.06
2620 121182.92
2621 121179.82
2622 121174.10
2623 121186.97
2624 121186.97
2625 121136.90
2626 121175.05
2627 121126.17
2628 121093.99
2629 121215.11
2630 121201.99
2631 121201.04
2632 121196.03
2633 121219.87
2634 121202.95
2635 121208.19
2636 121194.84
2637 121224.16
2638 121203.90
2639 121196.99
2640 121198.18
2641 121207.00
2642 121200.08
2643 121188.88
2644 121184.11
2645 121120.93
2646 121190.07
2647 121207.00
2648 121190.07
2649 121175.05
2650 121171.00
2651 121178.15
2652 121171.95
2653 121186.02
2654 121181.01
2655 121184.11
2656 121219.87
2657 121207.00
2658 121203.18
2659 121199.13
2660 121212.96
2661 121201.99
2662 121169.09
2663 121164.08
2664 121207.95
2665 121141.20
2666 121205.09
2667 121165.04
2668 121176.00
2669 121176.96
2670 121199.85
2671 121195.08
2672 121196.99
2673 121188.88
2674 121189.83
2675 121183.16
2676 121188.88
2677 121179.10
2678 121189.12
2679 121187.93
2680 121186.97
2681 121181.01
2682 121184.11
2683 121185.78
2684 121196.99
2685 121140.96
2686 121179.10
2687 121207.95
2688 121222.02
2689 121196.03
2690 121191.98
2691 121203.90
2692 121205.09
2693 121204.85
2694 121199.13
2695 121191.98
2696 121206.05
2697 121199.13
2698 121207.00
2699 121189.83
2700 121197.94
2701 121202.95
2702 121206.05
2703 121201.99
2704 121203.90
2705 121127.13
2706 121205.09
2707 121212.96
2708 121164.08
2709 121193.89
2710 121200.08
2711 121111.15
2712 121197.94
2713 121200.08
2714 121188.16
2715 121181.01
2716 121199.13
2717 121194.84
2718 121199.13
2719 121203.18
2720 121187.93
2721 121196.03
2722 121199.85
2723 121194.12
2724 121186.02
2725 121121.88
2726 121180.06
2727 121185.06
2728 121180.06
2729 121190.07
2730 121186.97
2731 121162.89
2732 121217.01
2733 121171.95
2734 121204.14
2735 121210.10
2736 121213.91
2737 121206.05
2738 121211.05
2739 121191.98
2740 121204.85
2741 121199.85
2742 121206.05
2743 121202.95
2744 121201.99
2745 121125.94
2746 121181.01
2747 121185.06
2748 121209.14
2749 121181.96
