2750
0 121180.06
1 121048.93
2 121014.83
3 121024.13
4 121023.18
5 121044.87
6 121021.03
7 121006.01
8 121021.03
9 121052.03
10 121015.07
11 121005.06
12 120929.00
13 121043.92
14 121015.07
15 121021.03
16 121021.99
17 120963.81
18 121039.15
19 121016.98
20 121008.87
21 121011.97
22 121027.95
23 121008.87
24 121010.07
25 121007.92
26 121017.93
27 121011.02
28 121006.01
29 120996.95
30 121042.97
31 121035.10
32 121026.04
33 121016.03
34 121021.03
35 121026.99
36 121015.79
37 121019.12
38 121014.83
39 121037.96
40 121005.06
41 121002.20
42 121021.99
43 121011.97
44 121007.92
45 120996.95
46 121027.95
47 121017.93
48 121025.80
49 121026.99
50 121023.89
51 121026.99
52 121029.85
53 121023.89
54 121022.94
55 121026.04
56 121021.99
57 121021.99
58 120990.04
59 121029.85
60 121024.85
61 121030.09
62 121026.99
63 121029.85
64 121020.08
65 121026.04
66 121040.11
67 121031.05
68 121012.93
69 121025.80
70 121025.09
71 121022.94
72 120993.85
73 121026.04
74 121026.04
75 121028.90
76 121018.17
77 121029.85
78 121013.16
79 121011.97
80 121008.16
81 121023.89
82 121028.18
83 121010.07
84 121008.87
85 121026.99
86 121000.05
87 121016.03
88 120997.91
89 121016.03
90 120970.01
91 121012.93
92 121004.10
93 120865.82
94 120878.93
95 120964.05
96 120880.13
97 120680.09
98 120892.05
99 120939.97
100 120965.00
101 120869.16
102 120913.98
103 120986.94
104 120935.20
105 120836.97
106 121284.96
107 121898.89
108 121188.88
109 120967.15
110 121902.94
111 122536.90
112 123266.94
113 123239.99
114 123671.05
115 122221.95
116 123314.14
117 122560.02
118 122326.14
119 122737.88
120 123152.97
121 123013.02
122 123785.02
123 123309.14
124 122545.00
125 121919.16
126 123028.99
127 122895.96
128 123646.02
129 123337.98
130 123063.80
131 122895.00
132 123472.93
133 122416.97
134 122981.07
135 121844.05
136 122710.94
137 123470.07
138 122673.99
139 122254.13
140 122761.96
141 122988.94
142 122897.15
143 122560.98
144 122451.07
145 122561.22
146 122263.19
147 122918.13
148 122743.84
149 122147.80
150 122033.12
151 122308.02
152 122394.08
153 122803.93
154 122642.04
155 122789.86
156 122648.00
157 122585.06
158 122572.90
159 122409.11
160 122047.90
161 122478.01
162 123687.03
163 123600.01
164 122863.05
165 122976.06
166 123357.06
167 123345.85
168 122405.05
169 122432.95
170 122359.99
171 122968.91
172 123214.01
173 121933.94
174 123053.79
175 122565.98
176 123276.23
177 122793.20
178 123015.17
179 123445.99
180 122249.84
181 123031.85
182 122942.21
183 123534.92
184 122575.04
185 122895.00
186 123176.10
187 122701.88
188 122984.89
189 123549.94
190 123471.98
191 123293.88
192 123034.00
193 123533.96
194 123712.06
195 122381.93
196 122596.98
197 123340.85
198 122051.00
199 123425.01
200 123079.06
201 122220.99
202 122592.93
203 122293.00
204 122407.91
205 122287.99
206 123566.15
207 123229.03
208 123230.93
209 122298.96
210 122493.98
211 122804.88
212 122746.94
213 122291.09
214 122613.91
215 122383.83
216 122688.06
217 123674.87
218 122834.92
219 123072.86
220 122704.03
221 122902.15
222 122626.07
223 122958.90
224 122095.11
225 123461.01
226 122233.87
227 123871.09
228 122457.03
229 122363.09
230 123198.99
231 123144.87
232 122422.93
233 123808.15
234 122623.92
235 122604.13
236 123362.06
237 122876.88
238 122690.92
239 123426.91
240 122346.88
241 123008.01
242 122323.04
243 122693.06
244 122904.06
245 122549.06
246 123159.89
247 123795.03
248 122682.09
249 122588.16
250 122562.89
251 123236.89
252 122454.17
253 122540.00
254 122900.01
255 122634.17
256 123237.85
257 122259.86
258 122463.94
259 122645.14
260 123231.89
261 123950.96
262 122399.09
263 122337.10
264 122727.87
265 122231.96
266 122260.09
267 122518.06
268 123025.89
269 122620.11
270 122171.88
271 122724.06
272 122164.01
273 122550.96
274 123342.99
275 122363.09
276 123708.96
277 123313.90
278 125095.13
279 123658.90
280 122617.96
281 122214.79
282 123616.93
283 122805.12
284 123055.93
285 122968.91
286 122458.22
287 122161.15
288 122210.03
289 122285.13
290 123472.21
291 123737.81
292 123054.03
293 122164.01
294 122764.11
295 123231.89
296 123674.15
297 122848.99
298 122639.18
299 123533.96
300 123205.90
301 123296.98
302 122340.92
303 122689.96
304 123170.14
305 122832.06
306 122962.95
307 122027.87
308 123170.85
309 123600.01
310 122628.93
311 123026.85
312 122140.88
313 122534.04
314 122360.94
315 123041.15
316 122698.07
317 122815.13
318 122604.85
319 122942.92
320 122535.94
321 122003.08
322 123113.87
323 122076.03
324 123340.85
325 123149.87
326 122795.10
327 122359.99
328 122497.08
329 123080.02
330 123677.97
331 122831.11
332 122332.10
333 122100.83
334 122706.89
335 122471.09
336 122867.11
337 122397.90
338 122381.93
339 122516.87
340 122751.95
341 122875.93
342 123003.96
343 122358.08
344 122487.07
345 122691.87
346 123238.09
347 122935.06
348 122937.92
349 123664.14
350 123384.95
351 122263.91
352 122148.04
353 121869.09
354 123425.96
355 123086.93
356 122361.18
357 122927.90
358 123469.83
359 122709.99
360 122705.94
361 123074.05
362 122987.03
363 124100.92
364 122715.95
365 122109.89
366 122205.97
367 123484.13
368 122649.91
369 123339.18
370 122720.96
371 123141.05
372 122751.95
373 122540.00
374 123519.90
375 123740.91
376 122201.20
377 123338.94
378 123040.20
379 122694.97
380 122919.08
381 122762.92
382 123388.05
383 123236.18
384 121912.96
385 122474.91
386 122200.97
387 122946.98
388 122341.16
389 123292.92
390 123818.87
391 122329.95
392 122967.00
393 122406.96
394 124067.07
395 122349.02
396 122898.10
397 122585.06
398 122532.13
399 122133.97
400 123346.09
401 122910.02
402 122426.99
403 123811.96
404 122280.12
405 123130.08
406 122448.92
407 122235.06
408 122293.95
409 122727.87
410 122595.07
411 122920.99
412 122705.94
413 123074.05
414 122961.04
415 122113.23
416 122843.03
417 123338.94
418 121873.14
419 122384.07
420 123386.14
421 122313.02
422 123399.97
423 122648.00
424 122941.02
425 123008.01
426 123407.84
427 122735.02
428 123089.08
429 122653.01
430 123373.99
431 122724.06
432 123615.98
433 123385.91
434 123167.99
435 123722.08
436 122447.97
437 123605.97
438 122272.97
439 123615.03
440 122014.05
441 122632.98
442 123803.85
443 121898.17
444 122488.98
445 122176.17
446 122595.07
447 123845.10
448 122430.80
449 122895.96
450 122698.07
451 123476.98
452 122697.11
453 124021.77
454 122819.19
455 122731.92
456 123301.98
457 122421.98
458 123263.12
459 123023.03
460 123255.97
461 122783.90
462 122354.98
463 123020.89
464 122869.97
465 123415.95
466 122998.00
467 122506.14
468 122478.96
469 122931.96
470 123058.08
471 122686.15
472 122845.17
473 122982.98
474 122674.94
475 122276.07
476 122478.96
477 122415.07
478 123875.14
479 123891.83
480 123379.95
481 123339.18
482 122033.83
483 123144.87
484 122585.06
485 123975.04
486 122897.15
487 122776.99
488 123256.92
489 122036.93
490 123000.86
491 122374.06
492 122679.95
493 122840.17
494 123400.93
495 122528.08
496 122823.00
497 122646.09
498 122560.98
499 122354.98
500 122615.81
501 123613.83
502 122959.85
503 122781.99
504 122948.88
505 122915.98
506 122920.99
507 122924.09
508 122897.86
509 124106.17
510 123389.01
511 122688.77
512 123234.03
513 121998.07
514 123111.96
515 122931.96
516 123113.16
517 122885.94
518 122664.93
519 122568.13
520 123008.01
521 122707.84
522 122092.01
523 122773.17
524 123575.93
525 122936.01
526 122763.16
527 123278.86
528 123019.93
529 122197.87
530 123329.16
531 123542.07
532 122557.88
533 123404.03
534 122814.89
535 122903.11
536 122107.98
537 122141.84
538 122061.01
539 123689.89
540 122285.13
541 123659.85
542 122181.18
543 123334.88
544 122409.11
545 123143.91
546 122848.99
547 123128.89
548 122255.09
549 123075.01
550 122659.21
551 124092.10
552 122205.02
553 122689.96
554 122574.09
555 123617.89
556 122383.83
557 122610.09
558 122982.98
559 123294.12
560 122288.94
561 122674.94
562 122626.07
563 122864.96
564 122488.98
565 122686.86
566 123294.12
567 122916.94
568 122591.02
569 122285.13
570 122667.07
571 122564.08
572 122124.91
573 122286.08
574 122698.07
575 123249.05
576 123002.05
577 123508.21
578 122972.97
579 122468.95
580 122815.13
581 122662.07
582 123430.97
583 123389.01
584 122899.06
585 122855.90
586 123179.91
587 123054.98
588 122604.85
589 123145.10
590 122398.85
591 122564.79
592 123918.06
593 123373.03
594 122746.94
595 123414.99
596 122608.90
597 123485.80
598 122755.05
599 123456.95
600 123102.90
601 123711.82
602 122414.11
603 122565.98
604 122390.03
605 122384.07
606 123353.00
607 122359.04
608 123666.05
609 123169.90
610 122403.86
611 122128.96
612 122506.86
613 122426.99
614 124228.95
615 123015.17
616 122948.88
617 123502.97
618 122419.83
619 123362.78
620 122803.93
621 122296.09
622 123383.05
623 123251.91
624 122581.96
625 123107.91
626 122864.01
627 122627.02
628 123524.90
629 122946.02
630 121973.99
631 122952.94
632 122141.12
633 122416.02
634 122245.79
635 122937.20
636 122796.06
637 122979.16
638 122911.21
639 122290.85
640 123265.98
641 122324.94
642 123084.07
643 120740.18
644 120861.05
645 121532.92
646 120810.99
647 121088.03
648 121528.15
649 121320.01
650 121562.00
651 120946.88
652 122529.98
653 122444.15
654 121471.17
655 121894.12
656 121383.91
657 122484.92
658 121719.12
659 120773.08
660 121640.92
661 121199.13
662 121711.02
663 121503.83
664 121732.95
665 121102.09
666 121829.99
667 121661.19
668 122423.89
669 122529.03
670 121395.83
671 122175.93
672 121159.08
673 122449.16
674 120949.98
675 121880.05
676 121029.85
677 122257.95
678 121348.14
679 121184.11
680 121235.13
681 121565.10
682 120797.87
683 121093.03
684 121644.97
685 121021.03
686 121296.88
687 121549.84
688 122482.06
689 121713.88
690 121928.93
691 121721.03
692 122140.88
693 121629.00
694 120874.88
695 120862.01
696 122288.94
697 121285.92
698 121249.91
699 121216.06
700 121382.00
701 121408.94
702 121460.91
703 121462.11
704 120962.14
705 122007.85
706 120942.83
707 121792.08
708 120882.99
709 121062.99
710 121732.00
711 121251.82
712 120837.93
713 121032.95
714 121050.12
715 121515.99
716 120971.92
717 121955.87
718 121824.03
719 121401.07
720 120774.03
721 121462.82
722 121288.06
723 122061.97
724 121613.98
725 122844.93
726 120870.11
727 122497.08
728 122067.93
729 122277.98
730 121306.18
731 121630.91
732 121067.05
733 121866.94
734 121155.02
735 121892.93
736 120906.83
737 121309.04
738 121495.96
739 121701.00
740 121450.90
741 121443.99
742 120972.87
743 121063.95
744 121089.94
745 121150.02
746 121362.92
747 121651.89
748 121893.88
749 121038.91
750 121630.19
751 121484.04
752 122179.03
753 121613.03
754 121098.04
755 120836.97
756 121001.01
757 122141.12
758 121294.02
759 121407.03
760 121669.05
761 121488.09
762 121765.14
763 121304.04
764 121062.99
765 121376.99
766 121685.03
767 121972.08
768 120889.90
769 120777.85
770 120939.02
771 121128.08
772 121149.06
773 121248.01
774 120856.05
775 120844.13
776 121357.92
777 121211.05
778 121530.06
779 122262.95
780 121842.15
781 121017.93
782 121123.08
783 122025.01
784 121382.00
785 121034.15
786 121196.99
787 121233.94
788 121168.85
789 120865.82
790 121061.09
791 121456.15
792 120889.90
793 121616.13
794 121567.01
795 121581.08
796 121414.18
797 121296.88
798 121147.87
799 121301.89
800 121613.03
801 121434.93
802 120999.10
803 121391.06
804 121675.01
805 122018.81
806 120990.99
807 121315.00
808 121438.98
809 121055.13
810 122275.83
811 122047.90
812 121416.09
813 121948.00
814 121768.00
815 121140.00
816 122029.07
817 121501.92
818 121632.10
819 121889.11
820 122565.98
821 121804.00
822 122769.83
823 121347.90
824 121263.98
825 121521.00
826 121306.90
827 121143.10
828 121532.92
829 121257.07
830 121099.95
831 120958.09
832 120878.93
833 122238.87
834 121024.13
835 121169.09
836 121016.03
837 120900.87
838 121320.01
839 121635.91
840 121474.03
841 120861.05
842 121901.99
843 121331.93
844 121607.07
845 122275.83
846 121664.05
847 121249.91
848 121551.99
849 121016.98
850 122137.07
851 121514.80
852 121840.95
853 121681.93
854 121637.11
855 121176.96
856 121773.00
857 120691.06
858 121233.94
859 120925.90
860 121686.94
861 120924.00
862 120868.92
863 121575.12
864 120968.10
865 121645.93
866 121436.12
867 121605.87
868 121671.20
869 122025.01
870 121864.08
871 120935.92
872 121217.97
873 121480.94
874 121277.09
875 120640.99
876 121570.11
877 121297.84
878 122173.07
879 120816.95
880 121176.96
881 121537.92
882 120880.13
883 121922.97
884 121808.05
885 120878.93
886 121139.05
887 120955.94
888 121038.20
889 121402.98
890 121785.16
891 121560.10
892 120871.07
893 121073.01
894 121164.08
895 121573.93
896 121445.89
897 121549.13
898 121161.94
899 121346.95
900 121384.86
901 122029.07
902 120921.13
903 122062.92
904 121367.22
905 121302.84
906 120847.94
907 121387.00
908 121418.95
909 121419.19
910 121340.99
911 121042.01
912 122308.97
913 120856.76
914 121076.11
915 122174.02
916 120982.89
917 120800.02
918 121065.86
919 122101.07
920 121121.17
921 122363.81
922 121181.96
923 121819.02
924 120961.90
925 121645.93
926 121848.82
927 121502.16
928 120764.02
929 121308.80
930 120880.84
931 120754.00
932 122096.06
933 121982.81
934 121008.87
935 121237.99
936 122236.97
937 122312.07
938 120743.04
939 121778.01
940 120970.01
941 120886.09
942 120755.91
943 121443.03
944 120948.08
945 120973.83
946 121856.93
947 121227.03
948 120743.99
949 122930.05
950 121207.00
951 121248.96
952 120743.04
953 121411.09
954 121084.93
955 120727.06
956 121795.89
957 120888.95
958 121472.12
959 121522.19
960 121450.90
961 122130.87
962 121389.15
963 122560.02
964 121150.02
965 121516.94
966 121401.07
967 122483.02
968 121464.97
969 121798.04
970 120701.07
971 121377.94
972 121331.93
973 120831.97
974 120837.93
975 121607.07
976 121846.91
977 121639.01
978 121652.13
979 121163.85
980 121566.77
981 122077.94
982 121285.92
983 121410.85
984 120951.89
985 120790.96
986 121741.06
987 121466.16
988 121041.06
989 120797.87
990 121444.94
991 121789.93
992 121351.96
993 120841.03
994 121376.99
995 120822.91
996 121918.92
997 120927.10
998 121752.98
999 121006.97
1000 120817.90
1001 120924.95
1002 121062.04
1003 121415.14
1004 120850.09
1005 121449.95
1006 120823.86
1007 121189.12
1008 121097.09
1009 120737.08
1010 121444.94
1011 121261.84
1012 121464.97
1013 120804.07
1014 121788.98
1015 122994.90
1016 121207.95
1017 121340.99
1018 122451.78
1019 121178.87
1020 121855.02
1021 121176.00
1022 121211.05
1023 121731.04
1024 121228.93
1025 121550.80
1026 121625.90
1027 120995.04
1028 120785.00
1029 120930.91
1030 122036.93
1031 121458.05
1032 122128.01
1033 120996.00
1034 121665.00
1035 120756.15
1036 120823.86
1037 122055.05
1038 121804.00
1039 121288.06
1040 121536.97
1041 121803.05
1042 121553.90
1043 121055.84
1044 121536.97
1045 121968.03
1046 121133.09
1047 121096.85
1048 121659.04
1049 121244.19
1050 122166.87
1051 122100.11
1052 121474.03
1053 121311.19
1054 121443.99
1055 121537.92
1056 121270.18
1057 121392.97
1058 121222.02
1059 122098.92
1060 120813.13
1061 121572.02
1062 121080.88
1063 121377.94
1064 121590.14
1065 121407.99
1066 121289.01
1067 122229.10
1068 121311.90
1069 121992.11
1070 121338.84
1071 121567.96
1072 121102.09
1073 121326.92
1074 120810.99
1075 121356.96
1076 121700.05
1077 122325.90
1078 121294.02
1079 120865.11
1080 121220.11
1081 122278.93
1082 121742.01
1083 121474.03
1084 122432.95
1085 121635.91
1086 122071.03
1087 121382.95
1088 123030.90
1089 121174.10
1090 122120.86
1091 121242.05
1092 121044.87
1093 120862.01
1094 121509.08
1095 121762.04
1096 121265.89
1097 121285.92
1098 121852.16
1099 120820.05
1100 121956.11
1101 121579.17
1102 122174.98
1103 121588.95
1104 121554.14
1105 121531.01
1106 121268.99
1107 121739.86
1108 121010.07
1109 120667.93
1110 121464.01
1111 121445.89
1112 121289.01
1113 120944.02
1114 121261.12
1115 121107.82
1116 121044.87
1117 120747.09
1118 121123.08
1119 121621.85
1120 121056.08
1121 121339.08
1122 121178.15
1123 121316.91
1124 121197.94
1125 121113.06
1126 120844.84
1127 122030.97
1128 121304.99
1129 122543.10
1130 121298.07
1131 121048.93
1132 121224.16
1133 121598.01
1134 121774.91
1135 121690.03
1136 122004.99
1137 121711.97
1138 122213.13
1139 121186.97
1140 121417.05
1141 121344.80
1142 121207.00
1143 120940.92
1144 120770.93
1145 121879.10
1146 121396.06
1147 121577.98
1148 121615.17
1149 121397.97
1150 121325.02
1151 121168.85
1152 121471.17
1153 120875.84
1154 121490.96
1155 121432.07
1156 120893.00
1157 120979.07
1158 121191.98
1159 122212.89
1160 121276.14
1161 121090.89
1162 121464.01
1163 120774.98
1164 120993.14
1165 121301.89
1166 121046.07
1167 121130.94
1168 121308.80
1169 120983.84
1170 121936.08
1171 121327.88
1172 121657.13
1173 122052.91
1174 121382.95
1175 120912.08
1176 121917.96
1177 121386.05
1178 120979.07
1179 121392.97
1180 121685.98
1181 121224.16
1182 122035.03
1183 121191.02
1184 121500.02
1185 122168.06
1186 121338.84
1187 121497.15
1188 121055.13
1189 121265.89
1190 121695.04
1191 121602.06
1192 121883.87
1193 121257.07
1194 121304.99
1195 121601.10
1196 120809.08
1197 121340.99
1198 121247.05
1199 121418.95
1200 120950.94
1201 121591.09
1202 121370.08
1203 121770.86
1204 121234.18
1205 121290.92
1206 121200.08
1207 121574.88
1208 121725.08
1209 120738.98
1210 121972.08
1211 121142.15
1212 122745.04
1213 121714.12
1214 120729.92
1215 121500.97
1216 121726.99
1217 121319.06
1218 122009.99
1219 122569.08
1220 121263.98
1221 121263.03
1222 121560.10
1223 121794.94
1224 121231.08
1225 121968.03
1226 120961.19
1227 121517.90
1228 121203.90
1229 121937.04
1230 120946.17
1231 121448.04
1232 121512.17
1233 120726.82
1234 121199.85
1235 121593.00
1236 120713.95
1237 121375.08
1238 120796.92
1239 121161.94
1240 121814.01
1241 121669.05
1242 120713.95
1243 121511.94
1244 121288.06
1245 121042.97
1246 121930.12
1247 121068.00
1248 121708.15
1249 121097.09
1250 120847.94
1251 121807.10
1252 120812.89
1253 120836.02
1254 121312.14
1255 121104.96
1256 121796.13
1257 121726.99
1258 121206.05
1259 121747.97
1260 120759.01
1261 121102.09
1262 121317.15
1263 120831.97
1264 121124.03
1265 121396.06
1266 121521.00
1267 121724.84
1268 121052.03
1269 121551.99
1270 121552.94
1271 121454.95
1272 120996.95
1273 121555.09
1274 121069.19
1275 121334.79
1276 121047.97
1277 121680.97
1278 121935.13
1279 120971.20
1280 121682.88
1281 121053.93
1282 121153.12
1283 122006.89
1284 121115.92
1285 121260.88
1286 120707.99
1287 120948.08
1288 121134.04
1289 121015.07
1290 121124.98
1291 121157.88
1292 121425.15
1293 121901.04
1294 120960.00
1295 120805.03
1296 121346.95
1297 121665.95
1298 120665.07
1299 120892.05
1300 120879.17
1301 121479.99
1302 121627.09
1303 120762.11
1304 121856.93
1305 120878.93
1306 120748.04
1307 121762.99
1308 122118.00
1309 121855.97
1310 121097.80
1311 120947.12
1312 122694.97
1313 121093.99
1314 120940.92
1315 122256.99
1316 121516.94
1317 120745.18
1318 121568.92
1319 121405.12
1320 121562.00
1321 121078.97
1322 121223.93
1323 121089.94
1324 120777.13
1325 121083.02
1326 121876.00
1327 120919.23
1328 122015.95
1329 121566.06
1330 120889.90
1331 121147.16
1332 120990.04
1333 121351.96
1334 121943.00
1335 121563.91
1336 121021.03
1337 120872.02
1338 120673.18
1339 122200.97
1340 121424.91
1341 121611.12
1342 121129.99
1343 121859.07
1344 120883.94
1345 121150.97
1346 121099.95
1347 122569.08
1348 121423.01
1349 121024.13
1350 120717.05
1351 120810.99
1352 121629.00
1353 121474.98
1354 120995.04
1355 121258.97
1356 120981.93
1357 120805.03
1358 121048.93
1359 122482.06
1360 121622.09
1361 121168.85
1362 121556.04
1363 120718.96
1364 121136.90
1365 121158.12
1366 122155.90
1367 121361.97
1368 121657.13
1369 121925.12
1370 121000.05
1371 120942.12
1372 121272.09
1373 121156.93
1374 121450.90
1375 120882.03
1376 121860.98
1377 121277.09
1378 121189.12
1379 120758.06
1380 121726.99
1381 121183.87
1382 120825.05
1383 121513.13
1384 121052.98
1385 121340.04
1386 122341.16
1387 121442.08
1388 121581.08
1389 120967.15
1390 121132.85
1391 121696.00
1392 121145.01
1393 121587.04
1394 121362.21
1395 121870.04
1396 121004.10
1397 120764.02
1398 121125.94
1399 121068.95
1400 121560.81
1401 121447.09
1402 122020.01
1403 120712.04
1404 121315.96
1405 121470.93
1406 121721.98
1407 120876.79
1408 121207.95
1409 121638.06
1410 121071.10
1411 121736.05
1412 121212.96
1413 121817.83
1414 121315.96
1415 121074.20
1416 120862.01
1417 121395.11
1418 120929.00
1419 120925.90
1420 121459.96
1421 120989.08
1422 120932.10
1423 121927.98
1424 120899.20
1425 121399.88
1426 121144.06
1427 121849.06
1428 120805.03
1429 121941.80
1430 120949.98
1431 121876.00
1432 121397.97
1433 121792.08
1434 121219.16
1435 121095.90
1436 120915.17
1437 120776.89
1438 120764.02
1439 121739.86
1440 121596.10
1441 121879.82
1442 120953.08
1443 121414.90
1444 121789.22
1445 121333.84
1446 121289.01
1447 121617.79
1448 121783.02
1449 121834.04
1450 121423.01
1451 120908.02
1452 120813.13
1453 120823.14
1454 121162.89
1455 121204.14
1456 121289.01
1457 120889.90
1458 121195.08
1459 121430.87
1460 122080.09
1461 122427.94
1462 122087.96
1463 121965.17
1464 120972.87
1465 120991.95
1466 120791.91
1467 121593.95
1468 121068.95
1469 120924.95
1470 120804.07
1471 122250.08
1472 121392.01
1473 121752.02
1474 121627.09
1475 122042.89
1476 120960.00
1477 121067.05
1478 121419.19
1479 121207.00
1480 121585.13
1481 121304.99
1482 121531.96
1483 120834.11
1484 120805.03
1485 121287.11
1486 121484.99
1487 122049.09
1488 121541.02
1489 121363.16
1490 120945.93
1491 121620.89
1492 122093.20
1493 121373.89
1494 120965.96
1495 122623.92
1496 121224.16
1497 121097.09
1498 121429.92
1499 120840.07
1500 121236.09
1501 120768.79
1502 120738.98
1503 122012.85
1504 122447.01
1505 120741.13
1506 121013.88
1507 120802.88
1508 121438.98
1509 121377.94
1510 121390.10
1511 120857.95
1512 121667.15
1513 120883.94
1514 121233.94
1515 121426.82
1516 121686.94
1517 120731.83
1518 120776.18
1519 121006.97
1520 120798.11
1521 121276.86
1522 120850.80
1523 122123.00
1524 121636.15
1525 120779.99
1526 121409.89
1527 121543.88
1528 121523.14
1529 121254.92
1530 121710.06
1531 121037.96
1532 120886.09
1533 121687.89
1534 120865.11
1535 120754.00
1536 121443.03
1537 121680.97
1538 120894.91
1539 120851.99
1540 121271.85
1541 121418.00
1542 122056.96
1543 121122.12
1544 122009.04
1545 121098.04
1546 121347.90
1547 121141.91
1548 121509.08
1549 120893.00
1550 122086.05
1551 122038.13
1552 121955.16
1553 121287.82
1554 120865.11
1555 121773.00
1556 121949.91
1557 121094.23
1558 121716.98
1559 121268.99
1560 121637.11
1561 122092.01
1562 121743.92
1563 121093.03
1564 122016.19
1565 121172.90
1566 121412.04
1567 120702.03
1568 121392.01
1569 121707.92
1570 121926.78
1571 121356.01
1572 121634.96
1573 121507.17
1574 120939.02
1575 121050.12
1576 121816.16
1577 121091.84
1578 121183.16
1579 121475.22
1580 121896.98
1581 121622.09
1582 121899.84
1583 121299.03
1584 121128.08
1585 121124.98
1586 120835.07
1587 121130.94
1588 121443.03
1589 121363.88
1590 121521.95
1591 122246.98
1592 121613.98
1593 121049.17
1594 121439.22
1595 122000.93
1596 121082.07
1597 121032.00
1598 120990.99
1599 120868.92
1600 121464.97
1601 121256.83
1602 120827.91
1603 121752.98
1604 121898.89
1605 120996.95
1606 122531.18
1607 121268.03
1608 121432.07
1609 120977.16
1610 121369.84
1611 121340.04
1612 121605.87
1613 121072.05
1614 121371.98
1615 122155.90
1616 121382.00
1617 121476.17
1618 121266.13
1619 122242.21
1620 121288.06
1621 121539.83
1622 121016.03
1623 120893.96
1624 120729.92
1625 121749.16
1626 122018.10
1627 121963.98
1628 121378.90
1629 121202.95
1630 120961.90
1631 121868.85
1632 120800.02
1633 120853.90
1634 121391.77
1635 121976.85
1636 121577.02
1637 121237.99
1638 120751.14
1639 120959.04
1640 122056.01
1641 121268.99
1642 121327.16
1643 120782.85
1644 121335.98
1645 121339.08
1646 121383.91
1647 122133.97
1648 120857.95
1649 121907.95
1650 121102.09
1651 121357.20
1652 121158.12
1653 120774.98
1654 121143.10
1655 121783.97
1656 121137.14
1657 121279.00
1658 122499.94
1659 121759.89
1660 121801.14
1661 121052.03
1662 121503.11
1663 121500.02
1664 121746.06
1665 121642.11
1666 120787.86
1667 121381.04
1668 121055.13
1669 121671.92
1670 121182.92
1671 121416.09
1672 121299.98
1673 120872.02
1674 122687.10
1675 120945.22
1676 121603.01
1677 121462.82
1678 120821.00
1679 121227.98
1680 122468.95
1681 120930.91
1682 121183.87
1683 121475.93
1684 122071.98
1685 121474.98
1686 121572.02
1687 121039.87
1688 121564.15
1689 120970.96
1690 121270.90
1691 121648.07
1692 121320.01
1693 121547.94
1694 121348.14
1695 121690.99
1696 121066.09
1697 120933.06
1698 120793.10
1699 121859.79
1700 121521.00
1701 121512.89
1702 121762.99
1703 121061.09
1704 121807.10
1705 120756.15
1706 121011.97
1707 121587.99
1708 120840.07
1709 121951.10
1710 121288.06
1711 121603.01
1712 121398.93
1713 121134.04
1714 120911.84
1715 120713.95
1716 121159.08
1717 122226.00
1718 121103.05
1719 121878.15
1720 121649.03
1721 121430.87
1722 120810.03
1723 121421.81
1724 121333.12
1725 120774.03
1726 121757.98
1727 120772.12
1728 121834.99
1729 121363.88
1730 122282.98
1731 121894.12
1732 121635.91
1733 121071.10
1734 121423.96
1735 120768.79
1736 121445.89
1737 121843.81
1738 122192.14
1739 120687.01
1740 121760.85
1741 121296.17
1742 120759.96
1743 121479.99
1744 120955.94
1745 120954.99
1746 121161.94
1747 120790.96
1748 121764.18
1749 121336.94
1750 121584.89
1751 122078.90
1752 121279.00
1753 121187.93
1754 121171.00
1755 121122.84
1756 120734.93
1757 121457.82
1758 121366.98
1759 121627.09
1760 121776.82
1761 121719.12
1762 121141.91
1763 121434.93
1764 120882.99
1765 121264.93
1766 121851.92
1767 121794.94
1768 121294.98
1769 122024.06
1770 122328.04
1771 122008.09
1772 120783.09
1773 120820.05
1774 121266.13
1775 120722.06
1776 120990.04
1777 121860.03
1778 121071.10
1779 120989.08
1780 120755.91
1781 121105.19
1782 121444.94
1783 121257.07
1784 121188.16
1785 121464.01
1786 121443.99
1787 121634.01
1788 121454.00
1789 121916.06
1790 120832.92
1791 122069.12
1792 121594.91
1793 121581.08
1794 121619.94
1795 121514.08
1796 121025.09
1797 121259.93
1798 121563.91
1799 120949.98
1800 122800.11
1801 120742.08
1802 121860.98
1803 121286.15
1804 120827.91
1805 122639.89
1806 120930.91
1807 121580.12
1808 121404.89
1809 120843.89
1810 120728.97
1811 120944.98
1812 121227.98
1813 121821.17
1814 121068.95
1815 121753.93
1816 121402.03
1817 120736.12
1818 121183.16
1819 122184.04
1820 120814.80
1821 121142.86
1822 121026.99
1823 121235.13
1824 121147.16
1825 121031.05
1826 121299.03
1827 120880.84
1828 120832.92
1829 121516.94
1830 121811.15
1831 121108.06
1832 120719.91
1833 121243.00
1834 121779.92
1835 120777.13
1836 121529.10
1837 120982.17
1838 121257.07
1839 122253.89
1840 120867.01
1841 121079.92
1842 122144.22
1843 122102.02
1844 121091.84
1845 121736.05
1846 120965.00
1847 121071.10
1848 121703.15
1849 122500.90
1850 121083.02
1851 121525.05
1852 121344.80
1853 121421.10
1854 120772.12
1855 121997.12
1856 120918.04
1857 121236.80
1858 121442.08
1859 121369.12
1860 120823.86
1861 122066.97
1862 121443.03
1863 121051.07
1864 120772.84
1865 121459.96
1866 121322.87
1867 120978.12
1868 121484.99
1869 121185.06
1870 122190.00
1871 121248.96
1872 121018.89
1873 121515.99
1874 122087.00
1875 121285.92
1876 120750.90
1877 121165.04
1878 122228.86
1879 121816.87
1880 121578.22
1881 121392.97
1882 121907.95
1883 121315.96
1884 122694.97
1885 121614.93
1886 121922.97
1887 121979.00
1888 122969.87
1889 121375.08
1890 121333.12
1891 121088.98
1892 121222.02
1893 121783.02
1894 121613.98
1895 121613.98
1896 121147.87
1897 121343.85
1898 120925.90
1899 121461.87
1900 121064.90
1901 120810.03
1902 121540.07
1903 121026.04
1904 121320.01
1905 121054.89
1906 121189.12
1907 121241.09
1908 120713.00
1909 121792.79
1910 121801.14
1911 121711.97
1912 121109.01
1913 121601.82
1914 121045.11
1915 121707.92
1916 120800.02
1917 121064.90
1918 121304.99
1919 121958.97
1920 120891.81
1921 121164.08
1922 121428.97
1923 121265.89
1924 121605.16
1925 122087.00
1926 122042.89
1927 121651.89
1928 121005.06
1929 121173.86
1930 121950.15
1931 120910.88
1932 122159.96
1933 122052.91
1934 121070.15
1935 121114.02
1936 121804.95
1937 121289.01
1938 120843.89
1939 121414.18
1940 120954.04
1941 121370.08
1942 121673.82
1943 121356.96
1944 121994.97
1945 121362.92
1946 121505.98
1947 120981.93
1948 121088.03
1949 121397.97
1950 121207.95
1951 120773.08
1952 120783.09
1953 121166.94
1954 121281.15
1955 121327.88
1956 120734.93
1957 122385.03
1958 120934.96
1959 122094.87
1960 121043.92
1961 121309.04
1962 120815.04
1963 121211.05
1964 121337.89
1965 120769.98
1966 120773.79
1967 120868.92
1968 121213.91
1969 121178.87
1970 121515.04
1971 121555.09
1972 121211.05
1973 120814.09
1974 120854.85
1975 121062.04
1976 120970.01
1977 121047.97
1978 121057.99
1979 121051.07
1980 121044.16
1981 121052.03
1982 121063.95
1983 120957.85
1984 121074.91
1985 121063.95
1986 121060.13
1987 121037.01
1988 121042.97
1989 121026.99
1990 120998.86
1991 121061.09
1992 121047.97
1993 121052.98
1994 121067.05
1995 121042.01
1996 121037.01
1997 121065.86
1998 121061.09
1999 121069.91
2000 121041.06
2001 121039.15
2002 121053.93
2003 121057.99
2004 121068.95
2005 121037.96
2006 121036.05
2007 121044.87
2008 121068.95
2009 121059.89
2010 121008.16
2011 121036.05
2012 121042.01
2013 121059.89
2014 121051.07
2015 121069.91
2016 121068.00
2017 121063.95
2018 121059.89
2019 121055.13
2020 121045.11
2021 121049.88
2022 121065.86
2023 121073.01
2024 121052.03
2025 121062.99
2026 121051.07
2027 121038.20
2028 121047.97
2029 121032.95
2030 121055.84
2031 121054.17
2032 121035.10
2033 121039.87
2034 121072.05
2035 121042.01
2036 121069.91
2037 121058.94
2038 121062.04
2039 121063.95
2040 121032.00
2041 121050.12
2042 121044.87
2043 121069.91
2044 121063.95
2045 121056.08
2046 121041.06
2047 121036.05
2048 121052.03
2049 121044.16
2050 120997.91
2051 121020.08
2052 121058.94
2053 120917.08
2054 121054.17
2055 121067.05
2056 121060.13
2057 121010.07
2058 121045.11
2059 121052.98
2060 121049.88
2061 121067.05
2062 120996.95
2063 120979.07
2064 121063.95
2065 121055.13
2066 121051.07
2067 121049.88
2068 121061.09
2069 121066.09
2070 120987.89
2071 121034.15
2072 121041.06
2073 121057.03
2074 121057.99
2075 121073.96
2076 121047.02
2077 121066.81
2078 121062.99
2079 121098.04
2080 121054.17
2081 121068.00
2082 120975.97
2083 121066.09
2084 121032.00
2085 121044.87
2086 121068.95
2087 121057.99
2088 121071.10
2089 121030.09
2090 121014.12
2091 121044.87
2092 121039.87
2093 121045.83
2094 121051.79
2095 121061.80
2096 121088.03
2097 121042.97
2098 121025.09
2099 121052.98
2100 121048.93
2101 121054.89
2102 121068.95
2103 120957.14
2104 121062.99
2105 121065.86
2106 121034.15
2107 121053.93
2108 121057.99
2109 121030.09
2110 120986.94
2111 121068.95
2112 121070.15
2113 120960.00
2114 121052.03
2115 120996.95
2116 121066.09
2117 121052.98
2118 121083.97
2119 121074.91
2120 121057.99
2121 121069.91
2122 121047.97
2123 121034.15
2124 121047.97
2125 121066.09
2126 121068.95
2127 121069.91
2128 121062.04
2129 121016.03
2130 121041.06
2131 121059.89
2132 121068.95
2133 121071.10
2134 121069.91
2135 121037.01
2136 121044.87
2137 121056.08
2138 121056.80
2139 120983.12
2140 121086.12
2141 121051.07
2142 121052.98
2143 121057.03
2144 121062.99
2145 121055.13
2146 121077.06
2147 121042.97
2148 121046.07
2149 121000.05
2150 120961.90
2151 121062.04
2152 121056.08
2153 121083.97
2154 121045.11
2155 121047.02
2156 121064.90
2157 121061.09
2158 121055.84
2159 121064.19
2160 121058.94
2161 121040.11
2162 121027.95
2163 121050.12
2164 121045.11
2165 121063.95
2166 121078.01
2167 121051.07
2168 121041.06
2169 121057.99
2170 120980.98
2171 121068.95
2172 121061.80
2173 121035.10
2174 121049.17
2175 121042.01
2176 121053.93
2177 121064.90
2178 121062.04
2179 121069.19
2180 121115.92
2181 121050.12
2182 121042.97
2183 121050.83
2184 120978.12
2185 121067.05
2186 121068.00
2187 121069.91
2188 121039.87
2189 121019.84
2190 121061.80
2191 121066.09
2192 121063.95
2193 121063.95
2194 121066.09
2195 121068.00
2196 121076.11
2197 121037.96
2198 121044.16
2199 121068.00
2200 121017.93
2201 121061.09
2202 121059.89
2203 121076.11
2204 121049.88
2205 121050.83
2206 121056.08
2207 121053.93
2208 121062.99
2209 121032.00
2210 120996.95
2211 121024.13
2212 121063.95
2213 121052.03
2214 121062.99
2215 121058.94
2216 120998.86
2217 121057.99
2218 121090.89
2219 121050.12
2220 121047.02
2221 121058.94
2222 121063.95
2223 121068.95
2224 120967.86
2225 121070.86
2226 121051.07
2227 121063.95
2228 121062.04
2229 121063.95
2230 121009.11
2231 121046.07
2232 121048.21
2233 121047.97
2234 121042.97
2235 121042.97
2236 121057.03
2237 121054.89
2238 121049.88
2239 121041.77
2240 121054.89
2241 121062.99
2242 121071.82
2243 121041.06
2244 121049.17
2245 121067.05
2246 121080.16
2247 121051.07
2248 121076.11
2249 121076.82
2250 121010.07
2251 121037.01
2252 121064.90
2253 121059.89
2254 121069.19
2255 121057.99
2256 121068.95
2257 121064.19
2258 121034.15
2259 120978.83
2260 121020.08
2261 121104.96
2262 121068.00
2263 121061.09
2264 120934.01
2265 121066.09
2266 121065.14
2267 121061.80
2268 121071.10
2269 121030.09
2270 120990.99
2271 121064.90
2272 121066.09
2273 121050.83
2274 121052.03
2275 121049.88
2276 121069.91
2277 121052.03
2278 121044.87
2279 121048.93
2280 121049.17
2281 121046.07
2282 121043.21
2283 121042.01
2284 121064.90
2285 121047.97
2286 121047.97
2287 121098.04
2288 121068.00
2289 121038.91
2290 121005.06
2291 121050.83
2292 121064.90
2293 121046.07
2294 121036.05
2295 121067.05
2296 121065.86
2297 121062.04
2298 121056.08
2299 121062.04
2300 121042.01
2301 121057.99
2302 121067.05
2303 121065.86
2304 120985.03
2305 121049.88
2306 121065.86
2307 121056.08
2308 121064.90
2309 121028.90
2310 120998.14
2311 121064.19
2312 121061.09
2313 121064.19
2314 121059.18
2315 121047.97
2316 121062.99
2317 121065.86
2318 121063.95
2319 121054.89
2320 121063.95
2321 120982.89
2322 121047.02
2323 121058.94
2324 121068.00
2325 121091.84
2326 121055.13
2327 121051.07
2328 121066.81
2329 121068.00
2330 120996.95
2331 121049.88
2332 121053.22
2333 121063.95
2334 121042.01
2335 121041.77
2336 121063.95
2337 121052.03
2338 121045.83
2339 121029.14
2340 121065.86
2341 121053.93
2342 121047.97
2343 121037.96
2344 121053.93
2345 121072.05
2346 121033.91
2347 121042.01
2348 121072.05
2349 121032.95
2350 120996.95
2351 121068.00
2352 121072.05
2353 120998.14
2354 121061.09
2355 121055.13
2356 121067.05
2357 121058.94
2358 121021.99
2359 121040.82
2360 121049.17
2361 121067.05
2362 121050.12
2363 121043.92
2364 121060.13
2365 121067.05
2366 121047.02
2367 121045.11
2368 121068.00
2369 121029.85
2370 120993.14
2371 121126.89
2372 121192.93
2373 121057.99
2374 121060.13
2375 121052.98
2376 121061.09
2377 121053.93
2378 121062.99
2379 121063.95
2380 121051.07
2381 121024.85
2382 121055.13
2383 121064.90
2384 120975.97
2385 121039.15
2386 121052.98
2387 121067.05
2388 121045.83
2389 121008.87
2390 121024.13
2391 121070.86
2392 121052.98
2393 121053.93
2394 120990.99
2395 121062.99
2396 121053.93
2397 121047.02
2398 121050.12
2399 121060.85
2400 121038.91
2401 121047.97
2402 121000.05
2403 121057.03
2404 121026.99
2405 121048.93
2406 121057.99
2407 121043.92
2408 121048.93
2409 121045.11
2410 120985.03
2411 121071.10
2412 121078.97
2413 121038.91
2414 121069.19
2415 121066.09
2416 121057.99
2417 121053.93
2418 121069.91
2419 121057.03
2420 121066.81
2421 121043.92
2422 121062.04
2423 121066.09
2424 120983.12
2425 121012.93
2426 121066.09
2427 121057.03
2428 121094.94
2429 121021.03
2430 120989.80
2431 121069.91
2432 121081.11
2433 120956.90
2434 121070.15
2435 121063.95
2436 121068.00
2437 121054.17
2438 121062.04
2439 121067.05
2440 121073.96
2441 121054.89
2442 121063.95
2443 121067.05
2444 121077.06
2445 121053.22
2446 121054.89
2447 121066.09
2448 121063.95
2449 121014.83
2450 121040.11
2451 121059.89
2452 121062.04
2453 121043.92
2454 121047.02
2455 121066.09
2456 121063.95
2457 121047.97
2458 121048.93
2459 121068.00
2460 121051.07
2461 121037.96
2462 121044.16
2463 121047.02
2464 121037.01
2465 120960.00
2466 121065.14
2467 121058.23
2468 121025.09
2469 121030.09
2470 121069.91
2471 121070.86
2472 121066.09
2473 121062.04
2474 121065.14
2475 121053.93
2476 121062.99
2477 121047.02
2478 121066.09
2479 120984.08
2480 121054.89
2481 121062.99
2482 121066.09
2483 121055.84
2484 121057.99
2485 121054.17
2486 121057.03
2487 121066.09
2488 121061.09
2489 121011.02
2490 121065.86
2491 121056.08
2492 121076.82
2493 121030.09
2494 121065.86
2495 121061.80
2496 121059.89
2497 121067.05
2498 121068.00
2499 121067.05
2500 121064.19
2501 121061.09
2502 121058.94
2503 121064.19
2504 121052.03
2505 121051.07
2506 121057.99
2507 121067.05
2508 121062.99
2509 121040.11
2510 121068.95
2511 121059.89
2512 121058.94
2513 121068.95
2514 121062.04
2515 121050.83
2516 121062.04
2517 121061.09
2518 121049.88
2519 121062.99
2520 121062.04
2521 121056.08
2522 121052.98
2523 121068.95
2524 121063.95
2525 121068.00
2526 121057.99
2527 121066.09
2528 121060.13
2529 121028.90
2530 121060.85
2531 121057.03
2532 121052.03
2533 121047.02
2534 121057.99
2535 121047.97
2536 121043.92
2537 121037.96
2538 121064.90
2539 121062.99
2540 121046.07
2541 121048.93
2542 120960.95
2543 121055.13
2544 120998.86
2545 120984.08
2546 121062.04
2547 120992.90
2548 121047.02
2549 121043.92
2550 121054.89
2551 121047.97
2552 121051.07
2553 121048.93
2554 121070.15
2555 121039.87
2556 121046.07
2557 121004.82
2558 121061.80
2559 121039.87
2560 121063.95
2561 121063.95
2562 121070.86
2563 121083.02
2564 121057.03
2565 121071.10
2566 121063.95
2567 121084.93
2568 121061.09
2569 121042.01
2570 121065.14
2571 121083.97
2572 121057.99
2573 120939.97
2574 121065.14
2575 121076.82
2576 121049.88
2577 121066.09
2578 121065.86
2579 121085.17
2580 121063.95
2581 121062.04
2582 121054.89
2583 121118.07
2584 121052.03
2585 121055.13
2586 121051.07
2587 121066.09
2588 121059.89
2589 121057.03
2590 121068.95
2591 121047.02
2592 121046.07
2593 121041.06
2594 121059.89
2595 121050.12
2596 121043.92
2597 121041.06
2598 121065.14
2599 121042.97
2600 121037.96
2601 121047.97
2602 121062.99
2603 121038.91
2604 121042.01
2605 121072.05
2606 121059.89
2607 121057.03
2608 121062.99
2609 121068.95
2610 121062.99
2611 121063.95
2612 121083.97
2613 121067.05
2614 121062.99
2615 121062.99
2616 121061.09
2617 121060.13
2618 121057.99
2619 121063.95
2620 121066.81
2621 121065.14
2622 121067.05
2623 121081.11
2624 120956.18
2625 121053.93
2626 120987.18
2627 121042.97
2628 121073.96
2629 121062.04
2630 120989.08
2631 121068.00
2632 121062.04
2633 121070.15
2634 121056.08
2635 121069.91
2636 121060.13
2637 121062.04
2638 121062.99
2639 121062.99
2640 121056.08
2641 121066.09
2642 121056.08
2643 121055.13
2644 121054.17
2645 121064.90
2646 121049.88
2647 121047.97
2648 121049.88
2649 121057.03
2650 120996.95
2651 121047.02
2652 121052.03
2653 121056.08
2654 121080.88
2655 121047.97
2656 121041.06
2657 120986.22
2658 121062.99
2659 121070.15
2660 121082.07
2661 121065.86
2662 121062.99
2663 121068.95
2664 121060.13
2665 121069.91
2666 121055.13
2667 121063.95
2668 120986.94
2669 121067.05
2670 121063.95
2671 121068.00
2672 121059.89
2673 120975.02
2674 121051.07
2675 121058.23
2676 121053.93
2677 121068.00
2678 121058.94
2679 121057.03
2680 121050.83
2681 121063.95
2682 121049.17
2683 121043.92
2684 121038.91
2685 121059.18
2686 121062.04
2687 120965.00
2688 121051.07
2689 121062.99
2690 121019.12
2691 121050.12
2692 121056.08
2693 121062.99
2694 121076.11
2695 121043.92
2696 121071.10
2697 121057.03
2698 121066.09
2699 121051.79
2700 121061.09
2701 121067.05
2702 121062.04
2703 121046.07
2704 121052.03
2705 120977.88
2706 121026.04
2707 121073.96
2708 121050.12
2709 121048.93
2710 121019.12
2711 121037.96
2712 121039.87
2713 121063.95
2714 121090.17
2715 121053.93
2716 121049.17
2717 121052.03
2718 121083.97
2719 121052.98
2720 121068.00
2721 121068.95
2722 121082.07
2723 121063.95
2724 121060.85
2725 121062.99
2726 121085.17
2727 121064.90
2728 121007.92
2729 121061.09
2730 121021.99
2731 121067.05
2732 121065.86
2733 121062.04
2734 121066.09
2735 121069.91
2736 121067.05
2737 121062.99
2738 121058.94
2739 121062.99
2740 121058.94
2741 121057.99
2742 121057.99
2743 121051.79
2744 121050.12
2745 121018.17
2746 120980.02
2747 121074.20
2748 121046.07
2749 121023.89
