2750
0 121215.11
1 121036.05
2 121003.15
3 121013.16
4 121026.04
5 121021.99
6 121022.94
7 121018.89
8 121026.04
9 121024.85
10 121003.87
11 121030.09
12 121024.85
13 121008.16
14 120996.95
15 121011.02
16 121022.94
17 121005.06
18 121016.03
19 120999.10
20 121032.95
21 121027.95
22 121025.80
23 120965.96
24 121021.03
25 121052.03
26 121026.04
27 121045.83
28 121015.07
29 121012.93
30 121017.93
31 121039.87
32 121006.01
33 121012.21
34 121001.96
35 121026.99
36 121006.01
37 121006.97
38 121008.87
39 121027.95
40 121018.17
41 121012.93
42 121006.97
43 120943.07
44 121002.91
45 121014.12
46 121011.02
47 120996.00
48 121025.80
49 121022.94
50 121028.18
51 121026.99
52 121025.09
53 120949.03
54 121001.96
55 121021.99
56 121023.89
57 121024.85
58 121026.04
59 120988.85
60 121029.14
61 121023.89
62 121023.89
63 120954.04
64 121021.99
65 121016.03
66 120967.86
67 121020.08
68 121009.83
69 121004.10
70 121012.93
71 121025.09
72 121004.10
73 120993.85
74 121007.92
75 121026.04
76 120998.86
77 121016.03
78 121011.97
79 120982.89
80 121009.83
81 121005.06
82 121016.98
83 120954.99
84 121014.83
85 121011.97
86 121013.88
87 121012.93
88 121009.11
89 121006.97
90 121008.16
91 121028.90
92 121006.01
93 120846.03
94 120907.07
95 121032.00
96 120903.02
97 120914.94
98 120858.91
99 120912.08
100 120931.86
101 121033.91
102 120907.07
103 120798.83
104 120886.09
105 120862.96
106 122121.81
107 122854.23
108 124174.12
109 122449.87
110 123311.04
111 123808.15
112 124550.82
113 125828.03
114 125404.83
115 124649.05
116 124859.81
117 124120.95
118 124207.02
119 124069.93
120 123818.16
121 125653.98
122 124671.94
123 125289.92
124 125311.85
125 126718.04
126 124457.12
127 124193.91
128 125745.06
129 124745.13
130 124790.19
131 124480.96
132 125345.95
133 123388.77
134 124346.97
135 124259.95
136 124588.01
137 125906.94
138 126558.07
139 123511.08
140 125144.96
141 125145.91
142 124091.15
143 123512.03
144 125088.93
145 124181.99
146 124248.03
147 124099.97
148 123476.98
149 124542.95
150 126812.93
151 124995.95
152 124691.01
153 125326.87
154 124602.08
155 124522.92
156 124595.17
157 126046.18
158 124533.89
159 123660.09
160 125204.09
161 124320.98
162 124628.07
163 124449.01
164 127548.22
165 123616.93
166 125073.91
167 123350.86
168 125895.02
169 125272.99
170 124202.97
171 124224.19
172 123308.90
173 125653.98
174 124129.06
175 123643.88
176 125080.11
177 125756.03
178 125134.94
179 127332.93
180 124248.03
181 124590.87
182 123655.08
183 125252.01
184 123778.10
185 124337.91
186 123488.90
187 124541.04
188 123589.99
189 125750.06
190 124824.05
191 124336.00
192 125802.04
193 123271.94
194 123936.89
195 123388.05
196 126211.88
197 124523.88
198 123838.19
199 123854.16
200 124915.12
201 124650.96
202 123682.98
203 124372.01
204 123748.06
205 123857.02
206 124617.10
207 124053.00
208 123746.87
209 124685.05
210 126517.77
211 124897.96
212 123744.01
213 124122.14
214 123833.89
215 123713.02
216 124574.90
217 123795.99
218 125256.06
219 124686.00
220 124439.95
221 123698.95
222 125123.02
223 125303.98
224 124719.14
225 125184.77
226 123682.98
227 125616.07
228 125180.01
229 124576.09
230 124601.13
231 124425.17
232 125252.96
233 125169.99
234 124338.15
235 122546.20
236 123440.98
237 124243.97
238 123409.99
239 124754.91
240 123363.97
241 124084.00
242 124745.85
243 123669.86
244 125377.89
245 124382.02
246 125261.07
247 124729.87
248 123531.10
249 124256.13
250 124234.91
251 124994.99
252 123874.19
253 123623.13
254 124815.94
255 124262.81
256 125417.95
257 123562.81
258 125283.96
259 123547.79
260 124344.11
261 123276.95
262 123147.01
263 123816.01
264 123896.12
265 123683.93
266 124382.02
267 123445.99
268 125195.98
269 124212.98
270 122329.00
271 124830.01
272 124699.83
273 123870.13
274 126270.06
275 123986.01
276 123754.02
277 124515.06
278 123641.97
279 124404.91
280 124325.99
281 124086.14
282 123255.97
283 124742.03
284 124815.94
285 123612.88
286 123797.18
287 124927.04
288 124933.96
289 123222.11
290 126409.05
291 125447.99
292 124835.97
293 123645.07
294 124629.97
295 124633.07
296 124248.98
297 124309.06
298 124151.95
299 124844.07
300 124547.96
301 126209.97
302 124162.91
303 124315.02
304 123545.89
305 123700.86
306 123435.97
307 123096.94
308 123998.17
309 123818.16
310 123867.03
311 125309.94
312 123470.07
313 124467.13
314 124251.84
315 125753.16
316 124454.98
317 123404.98
318 123319.86
319 124186.99
320 124290.94
321 124992.85
322 124154.09
323 123939.99
324 124597.07
325 125396.97
326 125401.97
327 123780.97
328 122840.17
329 126558.07
330 124342.92
331 123546.84
332 124203.92
333 123777.87
334 124528.88
335 126094.82
336 123542.07
337 125225.07
338 123553.99
339 125945.09
340 123170.14
341 123760.94
342 126302.00
343 123915.91
344 124196.05
345 124303.82
346 123481.99
347 123357.06
348 123624.09
349 125049.83
350 125144.96
351 126439.81
352 125638.01
353 124679.80
354 125555.99
355 124498.13
356 125458.00
357 125224.11
358 124521.02
359 123422.15
360 125769.14
361 123644.11
362 124955.89
363 124812.84
364 126443.15
365 125341.89
366 124812.13
367 123825.79
368 124927.04
369 126569.99
370 123965.02
371 126432.90
372 123635.05
373 125181.91
374 123540.16
375 124866.96
376 125660.90
377 123908.04
378 126873.02
379 123397.83
380 123548.03
381 124296.90
382 124131.92
383 125820.16
384 124804.02
385 123863.94
386 123711.82
387 123577.12
388 123465.06
389 124421.83
390 123512.03
391 123469.83
392 125275.85
393 124262.09
394 124658.11
395 124748.95
396 122898.10
397 124560.83
398 125084.16
399 124197.96
400 124069.93
401 124113.08
402 123965.98
403 125428.92
404 124465.94
405 123852.97
406 123320.10
407 124161.01
408 123791.22
409 123726.84
410 122856.86
411 123456.00
412 124466.18
413 124888.18
414 123957.16
415 123797.89
416 123756.89
417 123754.02
418 123440.03
419 124821.90
420 125480.89
421 123870.13
422 125517.85
423 123950.96
424 126116.99
425 123682.98
426 124215.84
427 123800.99
428 124449.01
429 126384.97
430 124939.92
431 124743.94
432 124751.09
433 123640.06
434 124558.93
435 125076.06
436 125564.10
437 125266.08
438 123661.99
439 124167.92
440 124778.99
441 124181.03
442 125504.02
443 124041.80
444 124619.01
445 124628.07
446 125987.05
447 125104.19
448 124364.85
449 123908.04
450 123989.11
451 124817.85
452 122921.94
453 123908.04
454 126087.19
455 123465.06
456 124387.03
457 123412.13
458 124951.12
459 124947.07
460 123929.02
461 124097.11
462 124768.97
463 123650.07
464 124614.00
465 124719.86
466 123872.04
467 124626.87
468 123718.02
469 124360.80
470 125405.07
471 123028.99
472 124545.10
473 123747.11
474 124557.02
475 124831.91
476 122857.09
477 125257.97
478 125155.93
479 123797.18
480 123696.09
481 123594.05
482 123698.95
483 124523.16
484 123682.02
485 124214.89
486 123490.10
487 125195.03
488 123389.01
489 123379.95
490 123318.20
491 124048.95
492 123949.05
493 124202.01
494 125110.86
495 124012.95
496 124174.83
497 124004.84
498 123831.03
499 126470.09
500 124306.92
501 126208.07
502 124574.90
503 125350.95
504 123737.10
505 124677.90
506 125511.88
507 124566.08
508 123734.00
509 125447.03
510 123853.92
511 123602.87
512 124378.92
513 123636.01
514 124410.87
515 125766.99
516 124315.98
517 125119.92
518 125391.96
519 124801.87
520 124891.04
521 125797.03
522 124607.09
523 123908.04
524 124028.21
525 126226.90
526 125555.04
527 126992.94
528 124471.19
529 124882.94
530 125630.14
531 124971.15
532 124686.00
533 123914.96
534 123727.08
535 123348.95
536 124071.12
537 124608.99
538 123826.03
539 124439.95
540 125284.19
541 124920.85
542 124783.99
543 125530.00
544 123723.03
545 124614.95
546 126223.80
547 127894.88
548 123605.01
549 125025.99
550 124162.20
551 124228.00
552 124262.09
553 125072.00
554 125634.91
555 124006.03
556 124044.18
557 125021.93
558 124986.89
559 123946.19
560 123975.99
561 123831.99
562 123544.22
563 124199.87
564 123364.21
565 123300.08
566 123124.12
567 122863.05
568 124488.83
569 124329.09
570 124940.16
571 124289.99
572 124804.97
573 124336.96
574 124874.11
575 124023.20
576 126240.02
577 123660.09
578 125461.10
579 122751.95
580 124268.05
581 124346.02
582 125813.01
583 125750.06
584 124948.98
585 123981.95
586 125663.04
587 124821.19
588 124611.14
589 124849.08
590 125345.95
591 123468.88
592 124072.07
593 125036.00
594 124130.01
595 123919.96
596 123982.91
597 124493.12
598 125957.97
599 126095.06
600 126016.14
601 125978.95
602 123044.01
603 126168.97
604 123916.86
605 125387.19
606 125297.07
607 124377.01
608 123496.06
609 124383.93
610 124567.99
611 124363.18
612 124134.06
613 124280.93
614 125936.99
615 124296.90
616 124021.05
617 123858.21
618 123116.97
619 124526.02
620 125293.97
621 124596.12
622 123864.89
623 125211.00
624 124255.18
625 124821.90
626 123995.07
627 124820.95
628 124806.88
629 123615.98
630 125126.84
631 124367.00
632 125399.83
633 125203.85
634 124307.87
635 124511.00
636 125220.06
637 123378.99
638 125051.98
639 126298.90
640 123988.87
641 121994.97
642 123515.13
643 121009.11
644 121613.03
645 121073.96
646 121599.91
647 121648.07
648 121588.95
649 121567.96
650 121675.01
651 122262.00
652 121270.90
653 121899.13
654 121874.09
655 122467.99
656 121705.06
657 121429.92
658 122440.10
659 121383.91
660 122277.02
661 122074.84
662 124123.10
663 122767.93
664 121848.11
665 124254.23
666 123377.08
667 121718.88
668 121757.03
669 122339.01
670 122732.16
671 122732.88
672 122034.07
673 122676.85
674 121086.12
675 121742.01
676 121027.95
677 122475.86
678 121595.86
679 121343.14
680 121275.19
681 122071.03
682 121922.97
683 122736.93
684 121074.91
685 121807.81
686 123476.98
687 121727.94
688 121529.10
689 121389.15
690 123089.08
691 121537.92
692 122884.99
693 123028.99
694 121848.11
695 123482.94
696 120925.90
697 120871.07
698 121572.97
699 122411.01
700 121323.11
701 122223.14
702 123646.02
703 121949.91
704 123004.91
705 121169.81
706 120877.98
707 122884.99
708 123531.10
709 122069.84
710 120952.84
711 122470.86
712 121405.12
713 122267.96
714 123049.97
715 122914.08
716 122772.93
717 120996.00
718 121767.04
719 122303.96
720 122344.97
721 123713.02
722 123064.04
723 122058.15
724 121986.87
725 121820.21
726 121601.10
727 122282.03
728 123945.00
729 122045.99
730 121263.03
731 121940.85
732 122666.84
733 121726.04
734 122423.17
735 122979.16
736 122158.05
737 121917.01
738 121200.80
739 120930.91
740 122565.98
741 121397.02
742 121531.96
743 122118.00
744 121299.98
745 121011.02
746 121773.96
747 121629.95
748 121510.03
749 122462.99
750 121299.03
751 122120.14
752 122587.92
753 121015.79
754 123492.96
755 121410.13
756 121665.00
757 121623.04
758 122414.83
759 121284.01
760 121963.98
761 124371.05
762 122692.11
763 121776.10
764 122441.05
765 123192.07
766 123767.14
767 122821.09
768 121139.05
769 121851.21
770 121841.91
771 121702.91
772 123039.01
773 122248.89
774 122107.03
775 123180.87
776 121435.17
777 123027.80
778 121011.02
779 121824.03
780 121802.09
781 121582.98
782 122534.99
783 122340.92
784 122193.10
785 122914.08
786 121196.99
787 121845.01
788 121694.09
789 122305.87
790 121894.12
791 121165.04
792 122029.07
793 121886.01
794 121063.95
795 121622.09
796 122376.92
797 122061.97
798 121990.92
799 121320.96
800 121890.07
801 121028.90
802 121724.13
803 121583.94
804 121487.14
805 122065.07
806 122730.97
807 122740.03
808 120938.06
809 120954.04
810 121497.15
811 121504.07
812 122411.01
813 122206.93
814 121325.97
815 122764.11
816 120953.08
817 121749.16
818 121486.19
819 121273.99
820 123046.88
821 122976.06
822 121901.99
823 122601.99
824 121703.15
825 122485.88
826 121380.09
827 124571.08
828 121224.16
829 121001.01
830 122594.83
831 123358.01
832 122556.21
833 122387.89
834 121433.02
835 122226.95
836 121469.02
837 121282.10
838 121069.91
839 121712.92
840 121840.95
841 122259.86
842 122945.07
843 122935.06
844 122905.97
845 123633.86
846 120810.99
847 121006.01
848 122459.89
849 123233.08
850 122015.95
851 121120.93
852 121742.96
853 121004.10
854 122478.96
855 122331.14
856 122966.05
857 121272.09
858 121057.99
859 121181.01
860 122643.95
861 122609.14
862 122323.99
863 122348.07
864 122266.05
865 121312.86
866 121083.02
867 121894.12
868 122419.83
869 121658.09
870 121385.10
871 122293.95
872 121398.93
873 121256.11
874 121524.10
875 123092.89
876 123646.97
877 121026.99
878 123552.08
879 122504.00
880 121557.00
881 121469.97
882 122090.10
883 121989.01
884 120919.94
885 121031.05
886 122476.82
887 122231.96
888 122333.05
889 122009.04
890 121111.87
891 121865.03
892 121564.15
893 122496.13
894 122262.00
895 122360.94
896 121337.89
897 121284.01
898 123644.11
899 121743.92
900 122514.01
901 121449.95
902 122262.95
903 122815.13
904 122016.91
905 121853.11
906 121883.87
907 121277.09
908 121101.86
909 121924.16
910 123442.89
911 122738.12
912 122349.02
913 123829.13
914 122045.04
915 124458.07
916 122788.91
917 121026.99
918 122606.99
919 121523.86
920 122238.16
921 122934.82
922 122051.95
923 122798.92
924 121870.99
925 121907.95
926 123239.04
927 121691.94
928 122976.06
929 122123.96
930 121364.83
931 122557.88
932 121813.06
933 122276.07
934 121013.16
935 121273.99
936 121093.03
937 121800.90
938 121495.01
939 122434.85
940 121418.00
941 121430.87
942 122849.94
943 121097.80
944 122659.92
945 121670.01
946 121572.97
947 122957.94
948 121356.01
949 121172.90
950 121950.15
951 122659.92
952 122550.01
953 121567.96
954 122305.87
955 123023.99
956 121964.93
957 121720.08
958 121622.09
959 121344.09
960 122209.07
961 121891.98
962 121794.94
963 121770.86
964 122532.84
965 121417.05
966 121551.04
967 123010.87
968 122143.03
969 121876.00
970 120910.88
971 122503.04
972 121523.86
973 122378.11
974 122302.06
975 122155.90
976 121469.97
977 121434.93
978 122237.92
979 122938.16
980 121438.98
981 122689.01
982 122701.17
983 122032.88
984 121075.87
985 121051.07
986 121797.08
987 120904.21
988 121634.01
989 121069.19
990 121734.86
991 120771.88
992 121575.12
993 121757.98
994 122446.06
995 121624.95
996 123284.82
997 122300.86
998 121385.10
999 121706.96
1000 123569.97
1001 122741.94
1002 121062.99
1003 120935.92
1004 121735.10
1005 121045.83
1006 121577.98
1007 121494.05
1008 121576.07
1009 123883.96
1010 122166.16
1011 123064.99
1012 123221.87
1013 123194.93
1014 121590.14
1015 121436.83
1016 122351.17
1017 122106.08
1018 122080.80
1019 122304.92
1020 121208.91
1021 122079.85
1022 122085.09
1023 121291.88
1024 122793.91
1025 121877.91
1026 121980.91
1027 121993.06
1028 123636.01
1029 121026.04
1030 121076.82
1031 122746.94
1032 122096.06
1033 121297.84
1034 122420.07
1035 121512.89
1036 121340.99
1037 123718.02
1038 121299.98
1039 122911.93
1040 121032.00
1041 121047.97
1042 122633.93
1043 121125.94
1044 121804.95
1045 121099.00
1046 123428.11
1047 122648.00
1048 121745.11
1049 122370.00
1050 121603.97
1051 121637.11
1052 122291.09
1053 121459.96
1054 121546.98
1055 121567.01
1056 121480.94
1057 121264.93
1058 123029.95
1059 122097.97
1060 121222.97
1061 121273.04
1062 122048.85
1063 123566.87
1064 121186.02
1065 121052.98
1066 121884.11
1067 122644.19
1068 121917.96
1069 121730.80
1070 121033.91
1071 120843.89
1072 122452.02
1073 121612.07
1074 121485.95
1075 122351.17
1076 121518.14
1077 121641.87
1078 121500.97
1079 123182.06
1080 121494.05
1081 122309.92
1082 122241.97
1083 122433.90
1084 121470.93
1085 121531.96
1086 123125.08
1087 122973.20
1088 122051.95
1089 123188.97
1090 122209.79
1091 121375.08
1092 122123.00
1093 121248.96
1094 121192.93
1095 122823.00
1096 122011.90
1097 121160.98
1098 122540.00
1099 121995.93
1100 122601.99
1101 122556.92
1102 120953.08
1103 121527.91
1104 121351.96
1105 123744.01
1106 121302.84
1107 122108.94
1108 121250.15
1109 123520.85
1110 122601.99
1111 121007.92
1112 121755.12
1113 121860.98
1114 121706.96
1115 120971.92
1116 120944.98
1117 121562.96
1118 122357.13
1119 122381.93
1120 123274.09
1121 122286.08
1122 121364.12
1123 121366.98
1124 121362.92
1125 121384.86
1126 121361.97
1127 122316.84
1128 121237.04
1129 124037.98
1130 122514.96
1131 122354.03
1132 122451.07
1133 122401.95
1134 123890.88
1135 122809.17
1136 122941.97
1137 121315.96
1138 121294.02
1139 122047.90
1140 120813.13
1141 120862.01
1142 121516.94
1143 121484.99
1144 122326.85
1145 121187.93
1146 121912.00
1147 121078.97
1148 121477.84
1149 121610.88
1150 121506.93
1151 122028.11
1152 121114.97
1153 122683.05
1154 120939.97
1155 120915.89
1156 122315.17
1157 122125.86
1158 122027.16
1159 124377.01
1160 123562.81
1161 121735.81
1162 122564.08
1163 122407.91
1164 122357.13
1165 122285.13
1166 121913.91
1167 121822.83
1168 121119.02
1169 122597.93
1170 121551.99
1171 123123.17
1172 122130.87
1173 120872.02
1174 121557.00
1175 122210.03
1176 121371.03
1177 121186.02
1178 120991.95
1179 121804.00
1180 122596.98
1181 121663.09
1182 122133.02
1183 121343.14
1184 121999.03
1185 121047.97
1186 121934.89
1187 122076.03
1188 121197.94
1189 122564.08
1190 121685.98
1191 122329.95
1192 123980.05
1193 122019.05
1194 121222.02
1195 121113.06
1196 122622.97
1197 123281.96
1198 122364.04
1199 121373.89
1200 121237.04
1201 121095.18
1202 121765.85
1203 121544.12
1204 122234.82
1205 123109.10
1206 123023.99
1207 121991.87
1208 121913.91
1209 122620.11
1210 121019.84
1211 121525.05
1212 121675.97
1213 123109.10
1214 121956.11
1215 122844.93
1216 122690.20
1217 123501.06
1218 122392.89
1219 122440.10
1220 121647.12
1221 122235.06
1222 122619.87
1223 122480.15
1224 122529.98
1225 123888.02
1226 122349.98
1227 122082.00
1228 121060.13
1229 122000.93
1230 121177.20
1231 122612.00
1232 122370.00
1233 121563.91
1234 122257.95
1235 122153.04
1236 122715.00
1237 123576.88
1238 122459.89
1239 122533.80
1240 121515.04
1241 122176.89
1242 122999.91
1243 121196.03
1244 122128.01
1245 122670.17
1246 121787.79
1247 121716.02
1248 122255.09
1249 121464.01
1250 121102.09
1251 121744.87
1252 121690.03
1253 122040.99
1254 121894.84
1255 121016.03
1256 121587.99
1257 122239.83
1258 122205.97
1259 121408.94
1260 122960.81
1261 121243.00
1262 122019.05
1263 122643.95
1264 120818.14
1265 121450.90
1266 122210.03
1267 123106.00
1268 122888.09
1269 122653.96
1270 121845.01
1271 122477.05
1272 122458.93
1273 122395.04
1274 121315.00
1275 121249.20
1276 121922.02
1277 121149.06
1278 122438.91
1279 122817.04
1280 121806.86
1281 121925.12
1282 122457.98
1283 121460.91
1284 121299.98
1285 121205.09
1286 121870.04
1287 121757.98
1288 121848.11
1289 120914.22
1290 122347.12
1291 122464.18
1292 121393.92
1293 123755.93
1294 122784.14
1295 120969.06
1296 120927.10
1297 121540.07
1298 122903.82
1299 121218.92
1300 121938.94
1301 123443.13
1302 120956.90
1303 123404.03
1304 121519.09
1305 122191.91
1306 122334.00
1307 121335.98
1308 121884.11
1309 121850.01
1310 120839.83
1311 121722.94
1312 123279.81
1313 121303.08
1314 122047.19
1315 121637.11
1316 121772.05
1317 121412.99
1318 122163.06
1319 122112.99
1320 122817.04
1321 120913.03
1322 120971.92
1323 123322.96
1324 121597.05
1325 123787.88
1326 122113.94
1327 121106.86
1328 122595.07
1329 121865.03
1330 121706.01
1331 121403.93
1332 121311.90
1333 121212.96
1334 121948.96
1335 121938.94
1336 120924.95
1337 120873.21
1338 122333.05
1339 122295.14
1340 121254.92
1341 122164.01
1342 122030.97
1343 122540.00
1344 123446.94
1345 121483.09
1346 123792.89
1347 123007.06
1348 121300.94
1349 121053.93
1350 120843.17
1351 121537.92
1352 121473.07
1353 121397.02
1354 121186.97
1355 122803.93
1356 121791.12
1357 123397.11
1358 120855.09
1359 121593.00
1360 121572.97
1361 122127.06
1362 123167.04
1363 122217.89
1364 121937.99
1365 122787.00
1366 121836.90
1367 121837.14
1368 122452.97
1369 121368.17
1370 121316.91
1371 121962.07
1372 120996.95
1373 121880.05
1374 122246.03
1375 122985.84
1376 122115.14
1377 122766.02
1378 121808.05
1379 120854.14
1380 121357.92
1381 122274.88
1382 122748.14
1383 121074.91
1384 121920.11
1385 124094.96
1386 120898.01
1387 120821.95
1388 121714.83
1389 122374.06
1390 122354.03
1391 123689.89
1392 121232.03
1393 121800.90
1394 122663.02
1395 120824.81
1396 122365.00
1397 121540.07
1398 121415.14
1399 121353.15
1400 122873.07
1401 123774.05
1402 123724.94
1403 121811.87
1404 121158.12
1405 121923.92
1406 122286.08
1407 121460.91
1408 122227.91
1409 122785.81
1410 121293.07
1411 122171.88
1412 121380.09
1413 121298.07
1414 123645.07
1415 122644.90
1416 121858.12
1417 123275.04
1418 121395.11
1419 122087.00
1420 123646.97
1421 121207.00
1422 122643.95
1423 121849.06
1424 121571.78
1425 122194.05
1426 121482.85
1427 123957.16
1428 122185.95
1429 122164.01
1430 123466.97
1431 121785.88
1432 120959.04
1433 121520.04
1434 121490.96
1435 123080.97
1436 121937.04
1437 121186.97
1438 122592.93
1439 121837.14
1440 121663.09
1441 123195.89
1442 121358.16
1443 122071.98
1444 122112.04
1445 122653.96
1446 121607.07
1447 122185.95
1448 120859.86
1449 121194.12
1450 120920.18
1451 121582.98
1452 121289.97
1453 123519.90
1454 120839.12
1455 120940.92
1456 121454.95
1457 124037.03
1458 121468.07
1459 121225.12
1460 121188.88
1461 123233.08
1462 121582.03
1463 122467.04
1464 121306.90
1465 122234.82
1466 121065.14
1467 121770.86
1468 122735.98
1469 121740.10
1470 122649.91
1471 122267.96
1472 121369.84
1473 122893.10
1474 122644.90
1475 121906.04
1476 121661.90
1477 122383.12
1478 123031.85
1479 122251.03
1480 123874.19
1481 121219.87
1482 121298.07
1483 122859.00
1484 122694.02
1485 123332.98
1486 122246.98
1487 120998.14
1488 121416.81
1489 122157.10
1490 122844.93
1491 122752.90
1492 120974.06
1493 120772.12
1494 122207.88
1495 122255.09
1496 122167.83
1497 121924.16
1498 122835.87
1499 121921.06
1500 122397.90
1501 121450.90
1502 122979.88
1503 121971.13
1504 122108.94
1505 121031.05
1506 121786.12
1507 123288.87
1508 121759.89
1509 121575.83
1510 122143.03
1511 122078.18
1512 121268.99
1513 123473.88
1514 120903.97
1515 120872.02
1516 122477.05
1517 122205.97
1518 121253.97
1519 121124.98
1520 122634.17
1521 121800.90
1522 120959.04
1523 121356.96
1524 122446.06
1525 122044.09
1526 121968.03
1527 122078.18
1528 122604.13
1529 121675.97
1530 123133.90
1531 121431.83
1532 122111.08
1533 121301.17
1534 122024.06
1535 121869.09
1536 120988.13
1537 122483.97
1538 121356.96
1539 122232.91
1540 122977.97
1541 122870.92
1542 121044.16
1543 120850.09
1544 120908.98
1545 123178.96
1546 121515.99
1547 122970.10
1548 121839.05
1549 122725.01
1550 121771.10
1551 121670.01
1552 121422.05
1553 122192.86
1554 123215.91
1555 121340.99
1556 121239.90
1557 120898.01
1558 121613.98
1559 120716.09
1560 122486.11
1561 121511.94
1562 122283.94
1563 121780.87
1564 121608.97
1565 122435.09
1566 122913.12
1567 121944.19
1568 120985.03
1569 120973.83
1570 121611.12
1571 122372.87
1572 122263.19
1573 122242.93
1574 121997.83
1575 121770.86
1576 122488.02
1577 121702.19
1578 121390.10
1579 122092.01
1580 121255.16
1581 121262.07
1582 121125.22
1583 122661.11
1584 122501.13
1585 123090.98
1586 122304.92
1587 121115.21
1588 121828.79
1589 121819.97
1590 121376.04
1591 123725.89
1592 122843.03
1593 122696.88
1594 122601.99
1595 121600.87
1596 122466.80
1597 122416.97
1598 123960.02
1599 122035.03
1600 122102.98
1601 121090.89
1602 121622.09
1603 121083.02
1604 120975.02
1605 120833.87
1606 121727.94
1607 121659.99
1608 123056.89
1609 122074.13
1610 122910.02
1611 121489.05
1612 122019.05
1613 121809.96
1614 121795.89
1615 121591.81
1616 121567.96
1617 121357.92
1618 122172.12
1619 121918.92
1620 123600.96
1621 120887.99
1622 122432.95
1623 121438.03
1624 121356.01
1625 122186.90
1626 121291.16
1627 121020.08
1628 122564.08
1629 121676.92
1630 122440.81
1631 122353.08
1632 123012.07
1633 121445.89
1634 121185.06
1635 122310.88
1636 123021.13
1637 121213.20
1638 122004.99
1639 122608.90
1640 121701.00
1641 121485.95
1642 122289.90
1643 122210.98
1644 121201.04
1645 121083.02
1646 121794.22
1647 121487.86
1648 122917.18
1649 121028.90
1650 121099.00
1651 122489.21
1652 123252.87
1653 121334.08
1654 122087.00
1655 123049.02
1656 122739.08
1657 122692.82
1658 122578.86
1659 122394.80
1660 121592.04
1661 121544.12
1662 122014.05
1663 121078.97
1664 120970.96
1665 121791.12
1666 120846.03
1667 121546.98
1668 121442.08
1669 121232.99
1670 122028.83
1671 120993.14
1672 123409.03
1673 121794.94
1674 121523.14
1675 122251.03
1676 122885.94
1677 124326.94
1678 123509.17
1679 121386.05
1680 122126.10
1681 124368.91
1682 121220.11
1683 121951.82
1684 120945.93
1685 122462.03
1686 122122.05
1687 121222.97
1688 121276.86
1689 122113.94
1690 121718.88
1691 121650.93
1692 121628.05
1693 121431.11
1694 121502.88
1695 122015.00
1696 121972.08
1697 121814.01
1698 120944.98
1699 121695.04
1700 122294.19
1701 122197.15
1702 121161.94
1703 122046.95
1704 122670.89
1705 123430.01
1706 122320.18
1707 122155.90
1708 121845.01
1709 123558.04
1710 121676.92
1711 123088.12
1712 121230.84
1713 121362.92
1714 122972.01
1715 121048.93
1716 122653.01
1717 121543.88
1718 122480.87
1719 121505.98
1720 122028.11
1721 121237.04
1722 121764.18
1723 121798.99
1724 121253.01
1725 121207.00
1726 121649.98
1727 121080.16
1728 120916.84
1729 122302.06
1730 122257.95
1731 123043.06
1732 121048.21
1733 123356.10
1734 120898.01
1735 121562.00
1736 121445.89
1737 121416.09
1738 122862.10
1739 121244.91
1740 121030.09
1741 122485.88
1742 121729.14
1743 121610.16
1744 122320.89
1745 123679.88
1746 121304.04
1747 121913.91
1748 121787.07
1749 121778.96
1750 122644.90
1751 121500.97
1752 122293.00
1753 121382.95
1754 121247.05
1755 120774.03
1756 121665.95
1757 121562.96
1758 123003.96
1759 121262.07
1760 122768.88
1761 121968.03
1762 121632.10
1763 122481.82
1764 123227.12
1765 121351.00
1766 121309.04
1767 122788.91
1768 121151.92
1769 121877.19
1770 120963.10
1771 122370.96
1772 122257.95
1773 122298.96
1774 122861.86
1775 121842.15
1776 121786.12
1777 120909.93
1778 124280.93
1779 120878.93
1780 122547.86
1781 122452.97
1782 122439.15
1783 121361.02
1784 121981.14
1785 121037.01
1786 122356.89
1787 121186.02
1788 122892.14
1789 123553.04
1790 121707.92
1791 122590.07
1792 122306.82
1793 123067.14
1794 121418.95
1795 122010.23
1796 120974.06
1797 121665.95
1798 121314.05
1799 122017.15
1800 122361.90
1801 122372.15
1802 121265.89
1803 122052.91
1804 121907.95
1805 122535.94
1806 121636.87
1807 121639.97
1808 121533.16
1809 121311.90
1810 122195.01
1811 121197.94
1812 121747.02
1813 120784.04
1814 123214.01
1815 122195.96
1816 121329.07
1817 121423.01
1818 122002.12
1819 121064.90
1820 120821.00
1821 120871.07
1822 121304.99
1823 123853.92
1824 121155.98
1825 121164.80
1826 121041.06
1827 120828.15
1828 120916.13
1829 121716.98
1830 122428.89
1831 121493.82
1832 122211.22
1833 121426.11
1834 123615.03
1835 121118.07
1836 121835.95
1837 121571.78
1838 121510.03
1839 121356.01
1840 122122.05
1841 122046.95
1842 121134.04
1843 122489.93
1844 123198.03
1845 121371.03
1846 121352.91
1847 123182.06
1848 122184.99
1849 121145.01
1850 121121.88
1851 121899.84
1852 120908.02
1853 121583.22
1854 122434.85
1855 122334.00
1856 121272.09
1857 122074.13
1858 121715.07
1859 121666.19
1860 120893.00
1861 121555.09
1862 121386.05
1863 121237.04
1864 121091.84
1865 121846.91
1866 121781.11
1867 121037.96
1868 121471.88
1869 121442.08
1870 121479.03
1871 121392.01
1872 122589.11
1873 123229.03
1874 121639.01
1875 122344.02
1876 121438.03
1877 122049.09
1878 121419.91
1879 122227.91
1880 121244.91
1881 121788.98
1882 121760.13
1883 120819.09
1884 121574.88
1885 120908.02
1886 121443.99
1887 123109.10
1888 122184.04
1889 120977.88
1890 122666.12
1891 121840.00
1892 121279.95
1893 121591.09
1894 124066.83
1895 122199.06
1896 122862.10
1897 122911.93
1898 120971.92
1899 120755.91
1900 122431.99
1901 123226.88
1902 122160.91
1903 121136.90
1904 121086.12
1905 121906.04
1906 122570.04
1907 120852.95
1908 121340.99
1909 121539.12
1910 123733.04
1911 121067.05
1912 121019.84
1913 121008.87
1914 121490.96
1915 121408.94
1916 121301.17
1917 122103.93
1918 123618.13
1919 122724.77
1920 121026.99
1921 120754.96
1922 121596.10
1923 121389.15
1924 121340.99
1925 122716.90
1926 121131.18
1927 121033.91
1928 121793.99
1929 121614.93
1930 122422.93
1931 124688.86
1932 121999.98
1933 122009.04
1934 120813.85
1935 121593.00
1936 122380.97
1937 122263.91
1938 121097.80
1939 122833.01
1940 121304.99
1941 121784.93
1942 120809.08
1943 121456.86
1944 122870.92
1945 122424.13
1946 121507.88
1947 121567.96
1948 122237.21
1949 122034.79
1950 121194.12
1951 121073.01
1952 123260.02
1953 121546.98
1954 122380.02
1955 121245.15
1956 121432.07
1957 123759.98
1958 121929.88
1959 121186.97
1960 120838.17
1961 121217.01
1962 121703.15
1963 123304.84
1964 123106.00
1965 121407.03
1966 121289.01
1967 121983.05
1968 121223.93
1969 121810.91
1970 120776.18
1971 121515.99
1972 122185.95
1973 122222.90
1974 122071.98
1975 122942.92
1976 122675.18
1977 121953.96
1978 121809.96
1979 121963.02
1980 121887.92
1981 120914.22
1982 122271.06
1983 121290.92
1984 121276.14
1985 121283.77
1986 121137.86
1987 120963.10
1988 120840.07
1989 121549.13
1990 121505.98
1991 122235.06
1992 121231.08
1993 121162.89
1994 121943.00
1995 121944.90
1996 122471.09
1997 121681.93
1998 122917.18
1999 122879.98
2000 121935.13
2001 121931.08
2002 121905.09
2003 121581.08
2004 121427.06
2005 122374.06
2006 121464.01
2007 121319.06
2008 121087.07
2009 120916.13
2010 121642.11
2011 121963.02
2012 121979.00
2013 120910.17
2014 122455.84
2015 122445.11
2016 122245.07
2017 121340.99
2018 121901.99
2019 121932.03
2020 121046.07
2021 122003.79
2022 122807.98
2023 122623.92
2024 120885.13
2025 121768.00
2026 121582.03
2027 121891.02
2028 121124.98
2029 123348.00
2030 121550.08
2031 121532.20
2032 121382.00
2033 121469.97
2034 121338.13
2035 121953.01
2036 120877.98
2037 120976.92
2038 123142.00
2039 122312.07
2040 123026.13
2041 122075.08
2042 121006.01
2043 121840.00
2044 121038.91
2045 121636.87
2046 121412.04
2047 122121.10
2048 122114.18
2049 121041.77
2050 122785.09
2051 121714.83
2052 121737.96
2053 123185.87
2054 123109.10
2055 121283.05
2056 123457.91
2057 121946.10
2058 122562.17
2059 122443.91
2060 121393.20
2061 122282.03
2062 122786.05
2063 121082.07
2064 120918.04
2065 122568.13
2066 122095.11
2067 121854.07
2068 122445.11
2069 121752.98
2070 121402.98
2071 121284.01
2072 122088.91
2073 121355.06
2074 121002.91
2075 120941.88
2076 120804.07
2077 123282.91
2078 121833.09
2079 122344.02
2080 121376.99
2081 121285.92
2082 122023.82
2083 122745.04
2084 122610.09
2085 121680.97
2086 122401.95
2087 123245.95
2088 121133.09
2089 121393.92
2090 121273.99
2091 121181.96
2092 122897.15
2093 122605.09
2094 121711.02
2095 122351.88
2096 123283.86
2097 122173.07
2098 123749.97
2099 121139.05
2100 122001.89
2101 120872.97
2102 121541.98
2103 121515.04
2104 121555.09
2105 124447.82
2106 121234.89
2107 122081.04
2108 121652.84
2109 121727.94
2110 122251.99
2111 122182.13
2112 121310.95
2113 121966.12
2114 121804.00
2115 120989.08
2116 121646.17
2117 122236.97
2118 122334.96
2119 123765.95
2120 121030.09
2121 120943.07
2122 122622.01
2123 122534.04
2124 122986.08
2125 124922.99
2126 122139.93
2127 121153.12
2128 122664.21
2129 120852.95
2130 122404.10
2131 121436.83
2132 121500.02
2133 122128.01
2134 122138.02
2135 122057.91
2136 122229.10
2137 121341.94
2138 121268.03
2139 122540.00
2140 122460.13
2141 121533.87
2142 122293.00
2143 121264.93
2144 121136.19
2145 120942.83
2146 121984.00
2147 121124.98
2148 122658.97
2149 121595.14
2150 122201.92
2151 121395.83
2152 123152.97
2153 122021.91
2154 121282.82
2155 121993.06
2156 121043.92
2157 121826.89
2158 122447.01
2159 121526.00
2160 122350.93
2161 122348.07
2162 121238.95
2163 121901.04
2164 123415.95
2165 121584.89
2166 121593.00
2167 121590.85
2168 123131.99
2169 122040.03
2170 122932.91
2171 120967.86
2172 122573.85
2173 122367.86
2174 122292.04
2175 122123.00
2176 121248.01
2177 121068.00
2178 122690.92
2179 121711.02
2180 122254.85
2181 121487.86
2182 121236.09
2183 121876.96
2184 121722.94
2185 122511.15
2186 121547.94
2187 121817.11
2188 122451.07
2189 122406.01
2190 121340.99
2191 121351.96
2192 121224.16
2193 121912.00
2194 120947.12
2195 121566.06
2196 121586.08
2197 122982.98
2198 121478.08
2199 122031.93
2200 121912.96
2201 120896.10
2202 121702.91
2203 122313.98
2204 121802.09
2205 122493.98
2206 122703.08
2207 120949.03
2208 120950.94
2209 122285.13
2210 122293.95
2211 121402.98
2212 122013.09
2213 122037.89
2214 120942.12
2215 121181.01
2216 121176.00
2217 122529.03
2218 122534.04
2219 122481.82
2220 122215.03
2221 123874.90
2222 121062.04
2223 121113.06
2224 121100.19
2225 122524.98
2226 121480.94
2227 122342.82
2228 121258.02
2229 121903.90
2230 121187.93
2231 122093.92
2232 121205.09
2233 124211.07
2234 121850.01
2235 120960.95
2236 122509.00
2237 122520.92
2238 121463.06
2239 123191.83
2240 121208.91
2241 121269.94
2242 121632.10
2243 121512.89
2244 122761.01
2245 121014.12
2246 120954.04
2247 120851.04
2248 122119.19
2249 120972.87
2250 122469.90
2251 122395.04
2252 122460.84
2253 121929.88
2254 123577.12
2255 121669.05
2256 121502.88
2257 121369.12
2258 122162.82
2259 121315.96
2260 123668.19
2261 120864.15
2262 121268.99
2263 121227.98
2264 121062.04
2265 121819.97
2266 122512.10
2267 121376.04
2268 123219.01
2269 122478.01
2270 123921.87
2271 122879.03
2272 121134.04
2273 122416.97
2274 122440.81
2275 123137.95
2276 123054.98
2277 121969.94
2278 123541.83
2279 120927.81
2280 121587.04
2281 122553.11
2282 122416.02
2283 122244.12
2284 122105.12
2285 121165.04
2286 122637.03
2287 121634.01
2288 121545.08
2289 123126.03
2290 121119.02
2291 121880.05
2292 121619.94
2293 122511.86
2294 122426.99
2295 121500.02
2296 122473.96
2297 121499.06
2298 122972.97
2299 122226.95
2300 121943.00
2301 122868.06
2302 121866.94
2303 120819.09
2304 121607.78
2305 120901.11
2306 123053.07
2307 122029.07
2308 123604.06
2309 121905.09
2310 120935.92
2311 121670.96
2312 121463.06
2313 122932.91
2314 122919.08
2315 122658.01
2316 121732.00
2317 120833.87
2318 121680.97
2319 121411.09
2320 121508.84
2321 122251.03
2322 121039.15
2323 122537.85
2324 121829.03
2325 121607.07
2326 122280.12
2327 122143.98
2328 121171.95
2329 121132.85
2330 122637.03
2331 120845.08
2332 122612.00
2333 121490.00
2334 122168.06
2335 123023.99
2336 121219.16
2337 121053.93
2338 122706.89
2339 122392.89
2340 123121.98
2341 122280.84
2342 122123.00
2343 121153.12
2344 122814.89
2345 123384.95
2346 120847.94
2347 121611.83
2348 122614.15
2349 121599.91
2350 121017.93
2351 123878.00
2352 123828.17
2353 121449.95
2354 121128.08
2355 121923.92
2356 121619.22
2357 121630.91
2358 123137.95
2359 121490.00
2360 121222.97
2361 121887.92
2362 121841.91
2363 121043.92
2364 121629.00
2365 121547.94
2366 121462.82
2367 122090.82
2368 121005.06
2369 120898.01
2370 121580.12
2371 121678.83
2372 121556.04
2373 121458.05
2374 121991.87
2375 120918.04
2376 122523.07
2377 122753.86
2378 121354.10
2379 123354.91
2380 120915.89
2381 121448.99
2382 121420.86
2383 122946.02
2384 122034.07
2385 121515.99
2386 121247.05
2387 120937.11
2388 121152.88
2389 122297.05
2390 123985.05
2391 122239.11
2392 123012.07
2393 121953.01
2394 122541.90
2395 120990.99
2396 122421.98
2397 121665.95
2398 122191.91
2399 122179.99
2400 121259.93
2401 121247.05
2402 122707.13
2403 121010.07
2404 121505.98
2405 122169.02
2406 122928.14
2407 123831.99
2408 121966.84
2409 121690.03
2410 122440.81
2411 123821.97
2412 122097.97
2413 120942.12
2414 120828.87
2415 122572.90
2416 122507.10
2417 122284.89
2418 122852.09
2419 121320.96
2420 122051.00
2421 120924.95
2422 121585.85
2423 122247.93
2424 124710.08
2425 122211.93
2426 121158.12
2427 121989.97
2428 122646.81
2429 122555.02
2430 121636.87
2431 121499.06
2432 121438.03
2433 122071.03
2434 121105.19
2435 121765.85
2436 122633.93
2437 122367.86
2438 122375.97
2439 123855.11
2440 122059.11
2441 121973.04
2442 121102.09
2443 120979.07
2444 122624.87
2445 121499.06
2446 123080.97
2447 122199.06
2448 121296.17
2449 123623.85
2450 122665.17
2451 121791.84
2452 122358.08
2453 122899.06
2454 123037.10
2455 122215.03
2456 121175.05
2457 122585.77
2458 121657.85
2459 121603.01
2460 121359.11
2461 121342.90
2462 121569.16
2463 123128.89
2464 121216.06
2465 122069.12
2466 121981.14
2467 121757.98
2468 121578.93
2469 122285.84
2470 122195.01
2471 121517.18
2472 122779.13
2473 121356.01
2474 121152.16
2475 120908.02
2476 122545.00
2477 121608.97
2478 123121.98
2479 123021.84
2480 121226.07
2481 122762.92
2482 122412.92
2483 122616.05
2484 122415.07
2485 122156.14
2486 122179.99
2487 121886.01
2488 121058.94
2489 121032.95
2490 122487.07
2491 122321.13
2492 123075.96
2493 122222.90
2494 123067.86
2495 121758.94
2496 120980.02
2497 121072.05
2498 121547.94
2499 122468.95
2500 121598.01
2501 123011.11
2502 121140.96
2503 120972.16
2504 121470.93
2505 122323.99
2506 121380.81
2507 121310.95
2508 121848.82
2509 122545.96
2510 122606.99
2511 121442.79
2512 123842.00
2513 122122.05
2514 122682.81
2515 121033.91
2516 121841.91
2517 121736.05
2518 121479.03
2519 121545.08
2520 122303.01
2521 121164.08
2522 122190.00
2523 121830.94
2524 120941.88
2525 122421.03
2526 123894.21
2527 122966.05
2528 121954.92
2529 122721.91
2530 120934.96
2531 120844.84
2532 121588.95
2533 121548.89
2534 121667.15
2535 121480.94
2536 122123.00
2537 121200.08
2538 121066.81
2539 121032.00
2540 122553.11
2541 121131.90
2542 120934.96
2543 121642.11
2544 121628.05
2545 121519.09
2546 121355.06
2547 122922.90
2548 121165.04
2549 120934.01
2550 122531.89
2551 121267.08
2552 122898.10
2553 120928.05
2554 120942.83
2555 121690.99
2556 121618.99
2557 122298.96
2558 124001.03
2559 122141.12
2560 121071.10
2561 121710.06
2562 123393.06
2563 121706.96
2564 122350.93
2565 121335.98
2566 121255.16
2567 121271.13
2568 121872.19
2569 122628.93
2570 122544.05
2571 122169.97
2572 122363.09
2573 121341.94
2574 122889.04
2575 123056.89
2576 121948.00
2577 121063.95
2578 121049.88
2579 121544.12
2580 121648.07
2581 122279.17
2582 121565.82
2583 121486.90
2584 121348.86
2585 124491.93
2586 121909.86
2587 123589.04
2588 121636.15
2589 123193.98
2590 121545.08
2591 121237.99
2592 121083.02
2593 122622.97
2594 120977.16
2595 121797.08
2596 122593.16
2597 123232.84
2598 123173.00
2599 121990.92
2600 121165.04
2601 121747.02
2602 122548.10
2603 122464.90
2604 123149.16
2605 122298.96
2606 123703.00
2607 121811.15
2608 121063.95
2609 121658.09
2610 121603.01
2611 122220.04
2612 123722.08
2613 123666.05
2614 122837.07
2615 121735.10
2616 122137.78
2617 123655.08
2618 122075.08
2619 121972.08
2620 123367.07
2621 121050.83
2622 121574.16
2623 121575.83
2624 122140.17
2625 121092.08
2626 124468.09
2627 122028.83
2628 123272.18
2629 121201.04
2630 122301.10
2631 122009.99
2632 121378.90
2633 121006.01
2634 120942.12
2635 120919.94
2636 121382.00
2637 122390.03
2638 121288.06
2639 122159.00
2640 122643.95
2641 121817.11
2642 120918.04
2643 121479.03
2644 122253.89
2645 121248.01
2646 125287.06
2647 122751.00
2648 120939.02
2649 121083.02
2650 121053.93
2651 122095.11
2652 122024.06
2653 121892.93
2654 122479.92
2655 121490.96
2656 122212.89
2657 123066.90
2658 121157.88
2659 121840.00
2660 122827.05
2661 121694.09
2662 122471.81
2663 121653.08
2664 121279.00
2665 123110.77
2666 121985.91
2667 122588.16
2668 121845.96
2669 122375.97
2670 123978.14
2671 121541.98
2672 121620.89
2673 122089.15
2674 121185.78
2675 120985.03
2676 122541.90
2677 121685.98
2678 121459.01
2679 121438.03
2680 121393.92
2681 123126.98
2682 121974.95
2683 122691.87
2684 121087.07
2685 121666.91
2686 122493.98
2687 121560.10
2688 121411.80
2689 121103.05
2690 121934.18
2691 121876.00
2692 122005.94
2693 121084.93
2694 122437.95
2695 121706.96
2696 121435.88
2697 123058.08
2698 122173.79
2699 121954.92
2700 121901.04
2701 121685.98
2702 120789.05
2703 123137.00
2704 121414.90
2705 123798.13
2706 121344.80
2707 122671.13
2708 120872.97
2709 121526.00
2710 123950.96
2711 122915.98
2712 121250.15
2713 121984.96
2714 122688.06
2715 123382.81
2716 121629.95
2717 121562.00
2718 123151.06
2719 121307.85
2720 121062.04
2721 122734.07
2722 120899.92
2723 121063.95
2724 123108.15
2725 122934.10
2726 121165.04
2727 121948.96
2728 121256.83
2729 123454.09
2730 122393.85
2731 122351.17
2732 121362.92
2733 122398.85
2734 121324.06
2735 121232.03
2736 121217.01
2737 122486.11
2738 121515.04
2739 121472.84
2740 121556.04
2741 121284.96
2742 121849.06
2743 120910.17
2744 122469.90
2745 122342.11
2746 122221.95
2747 121360.06
2748 123656.99
2749 121070.86
