575
0 121899.13
1 121719.12
2 121706.01
3 121759.18
4 121775.87
5 121773.00
6 121765.85
7 121769.91
8 121824.98
9 121737.00
10 121770.86
11 121769.91
12 121767.04
13 121764.90
14 121767.04
15 121761.08
16 121762.04
17 121716.98
18 121706.96
19 121721.03
20 121720.08
21 121722.94
22 121720.79
23 121732.95
24 121748.92
25 121747.02
26 121729.14
27 121719.84
28 121735.81
29 121735.10
30 121735.10
31 121719.12
32 121730.09
33 121732.00
34 121734.86
35 121593.00
36 121708.87
37 121724.84
38 121732.95
39 121719.12
40 121724.84
41 121732.95
42 121726.04
43 121721.98
44 121725.80
45 121732.95
46 121730.09
47 121685.98
48 121685.98
49 121703.15
50 121701.00
51 121646.88
52 121695.04
53 121684.79
54 121700.05
55 121711.97
56 121706.01
57 121711.02
58 121701.00
59 121688.84
60 121685.98
61 121692.18
62 121696.00
63 121696.00
64 121686.94
65 121684.07
66 121697.90
67 121708.15
68 121685.03
69 121684.07
70 121694.09
71 121692.18
72 121694.80
73 121671.92
74 121669.05
75 121672.87
76 121661.90
77 121811.15
78 121674.06
79 121670.01
80 121666.91
81 121670.96
82 121666.91
83 121670.01
84 121660.95
85 121670.01
86 121663.09
87 121668.10
88 121660.95
89 121671.92
90 121665.00
91 121813.06
92 121670.96
93 121667.86
94 121666.19
95 121659.04
96 121671.92
97 121669.05
98 121676.92
99 121671.92
100 121761.08
101 121753.93
102 121748.92
103 121761.08
104 121760.13
105 121691.94
106 121687.89
107 121675.01
108 121673.11
109 121665.00
110 121536.97
111 121804.00
112 121553.90
113 122653.96
114 122282.03
115 121791.12
116 122682.09
117 122058.87
118 121531.01
119 122288.94
120 121803.05
121 122665.88
122 122157.10
123 121670.01
124 122286.08
125 121928.22
126 122545.00
127 122174.02
128 121661.90
129 121407.03
130 121672.15
131 121537.92
132 121665.00
133 121410.85
134 121675.97
135 121672.87
136 121670.96
137 121650.93
138 121543.88
139 121537.21
140 121676.92
141 121656.89
142 121677.88
143 121416.09
144 121539.12
145 121723.89
146 121596.81
147 121602.06
148 121580.12
149 121719.84
150 121719.12
151 121590.14
152 121459.96
153 121729.14
154 121788.98
155 121546.03
156 121642.11
157 121658.09
158 121646.88
159 121909.86
160 122044.09
161 121686.94
162 121676.92
163 121674.06
164 121672.15
165 121672.87
166 121670.01
167 121664.05
168 121665.95
169 121553.90
170 121674.06
171 121658.09
172 121670.96
173 121418.00
174 121918.20
175 121518.85
176 121654.99
177 121654.99
178 121790.17
179 121913.19
180 121526.96
181 121668.82
182 122025.01
183 121536.97
184 121777.06
185 121639.97
186 121782.06
187 121519.80
188 121904.13
189 121894.84
190 122032.88
191 121663.09
192 121912.96
193 122031.21
194 121644.97
195 121988.06
196 121755.12
197 121633.05
198 122118.95
199 121641.87
200 121998.07
201 121634.01
202 121505.98
203 122380.97
204 121487.14
205 122377.87
206 121486.90
207 121606.11
208 121612.07
209 121999.98
210 122383.12
211 122256.99
212 121783.97
213 122534.04
214 121776.10
215 122527.12
216 121637.82
217 121905.09
218 122506.14
219 121907.00
220 122649.91
221 121637.11
222 121766.09
223 122518.06
224 121885.78
225 122518.06
226 122190.95
227 121824.03
228 122570.04
229 121945.14
230 122682.81
231 122318.98
232 121659.99
233 122438.91
234 122073.89
235 122813.94
236 122188.09
237 121664.05
238 122293.00
239 121940.85
240 121543.88
241 121541.98
242 121812.11
243 121565.10
244 121542.93
245 121696.00
246 121694.09
247 121690.03
248 121792.08
249 121540.07
250 121545.08
251 121814.01
252 121561.05
253 121682.88
254 121693.85
255 121865.99
256 121560.10
257 121705.06
258 121572.97
259 121572.02
260 121832.13
261 121576.07
262 121825.93
263 121556.04
264 121705.06
265 121701.96
266 121459.96
267 121727.94
268 121597.05
269 121740.10
270 121598.96
271 121737.96
272 121675.01
273 121754.88
274 121860.03
275 121739.15
276 121603.97
277 121619.22
278 121467.11
279 121589.90
280 121731.04
281 121608.97
282 121861.93
283 121733.90
284 121588.95
285 121593.00
286 121603.01
287 121726.99
288 121731.04
289 121587.99
290 121741.06
291 121537.21
292 121604.20
293 121721.98
294 122241.02
295 121602.06
296 121762.99
297 121500.02
298 121516.94
299 121641.87
300 121521.95
301 121518.85
302 121667.15
303 121540.07
304 121778.01
305 121505.98
306 121639.97
307 121505.02
308 121536.97
309 121663.81
310 121520.04
311 121665.95
312 121526.96
313 121795.89
314 121660.95
315 121545.08
316 121664.05
317 121657.13
318 121558.90
319 121669.77
320 121809.96
321 121679.07
322 121680.97
323 121681.93
324 121410.85
325 121539.83
326 121545.08
327 121684.07
328 121538.88
329 121672.87
330 121551.99
331 121665.00
332 121553.90
333 121664.05
334 121558.19
335 121552.94
336 121552.94
337 121678.83
338 121623.99
339 121766.81
340 121525.05
341 121538.16
342 121527.91
343 121659.99
344 121909.14
345 121645.93
346 121653.08
347 121593.00
348 121710.06
349 121566.06
350 121581.08
351 121700.05
352 121565.10
353 121459.01
354 121711.97
355 121569.87
356 121317.15
357 121561.05
358 121565.10
359 121589.90
360 121572.02
361 121593.00
362 121436.12
363 121469.02
364 121612.07
365 121573.21
366 121589.18
367 121578.93
368 121723.89
369 121602.06
370 121599.91
371 121596.10
372 121850.01
373 121599.91
374 121475.93
375 121731.04
376 121718.88
377 121626.85
378 121608.97
379 121625.90
380 121653.08
381 121654.99
382 121508.12
383 121630.19
384 121509.08
385 121522.90
386 121654.03
387 121587.04
388 121568.92
389 121593.00
390 121581.08
391 121469.02
392 121573.93
393 121583.94
394 121584.18
395 121459.01
396 121590.85
397 121708.87
398 121711.97
399 121440.89
400 121699.09
401 121835.95
402 121712.92
403 121459.01
404 121587.99
405 121488.81
406 121582.98
407 121560.10
408 121572.02
409 121710.06
410 121464.01
411 121443.03
412 121840.95
413 121447.09
414 121694.80
415 121708.15
416 121710.06
417 121566.06
418 121711.02
419 121708.87
420 121593.00
421 121692.90
422 121724.13
423 121721.98
424 121577.98
425 121449.95
426 121572.97
427 121575.12
428 121829.03
429 121707.92
430 121836.90
431 121577.98
432 121585.13
433 121595.14
434 121723.89
435 121587.99
436 121725.08
437 121603.01
438 121582.98
439 121705.06
440 121608.02
441 121459.01
442 121586.08
443 121603.01
444 121599.20
445 121586.08
446 121592.04
447 121601.10
448 121597.05
449 121597.05
450 121845.96
451 121583.94
452 121577.98
453 121834.04
454 121717.93
455 121617.08
456 121743.20
457 121623.04
458 121629.00
459 121484.04
460 121643.07
461 121556.04
462 121537.92
463 121497.15
464 121520.04
465 121515.04
466 121768.00
467 121504.07
468 121632.10
469 121634.96
470 121493.82
471 121495.96
472 121637.11
473 121629.00
474 121513.13
475 121418.00
476 121447.09
477 121719.12
478 121600.87
479 121595.86
480 121737.00
481 121494.05
482 121497.87
483 121742.01
484 121366.02
485 121633.05
486 121364.83
487 121634.01
488 121614.93
489 121508.12
490 121494.05
491 121761.08
492 121630.91
493 121738.91
494 121515.04
495 121654.03
496 121505.98
497 121650.93
498 121782.06
499 121659.99
500 121533.87
501 121523.86
502 121660.95
503 121535.06
504 121528.86
505 121781.83
506 121511.94
507 121523.14
508 121592.04
509 121711.97
510 121587.99
511 121576.07
512 121587.99
513 121685.03
514 121573.93
515 121581.08
516 121454.95
517 121571.06
518 121577.98
519 121585.13
520 121828.08
521 121707.92
522 121572.02
523 121574.88
524 121577.02
525 121562.96
526 121704.10
527 121576.79
528 121561.05
529 121569.16
530 121674.06
531 121571.06
532 121434.21
533 121573.93
534 121562.00
535 121386.05
536 121566.06
537 121556.04
538 121438.98
539 121567.96
540 121572.97
541 121531.01
542 121734.86
543 121541.98
544 121415.85
545 121524.10
546 121660.95
547 121531.01
548 121634.01
549 121521.00
550 121642.83
551 121519.09
552 121500.97
553 121776.82
554 121641.16
555 121496.20
556 121768.00
557 121515.04
558 121638.06
559 121373.89
560 121512.89
561 121366.02
562 121754.88
563 121503.11
564 121490.96
565 121623.99
566 121774.91
567 121536.97
568 121515.99
569 121519.09
570 121776.82
571 121536.02
572 121396.06
573 121773.96
574 121651.89
